# Analysing data contained in file(s) ['lambda_0.0000/simfile.dat', 'lambda_0.1000/simfile.dat', 'lambda_0.2000/simfile.dat', 'lambda_0.3000/simfile.dat', 'lambda_0.4000/simfile.dat', 'lambda_0.5000/simfile.dat', 'lambda_0.6000/simfile.dat', 'lambda_0.7000/simfile.dat', 'lambda_0.8000/simfile.dat', 'lambda_0.9000/simfile.dat', 'lambda_1.0000/simfile.dat']
#Overlap matrix
0.7929 0.1967 0.0103 0.0001 0.0000 0.0000 0.0000 0.0000 0.0000 0.0000 0.0000
0.1967 0.5767 0.2178 0.0087 0.0000 0.0000 0.0000 0.0000 0.0000 0.0000 0.0000
0.0103 0.2178 0.5744 0.1883 0.0090 0.0002 0.0000 0.0000 0.0000 0.0000 0.0000
0.0001 0.0087 0.1883 0.5600 0.2183 0.0237 0.0009 0.0000 0.0000 0.0000 0.0000
0.0000 0.0000 0.0090 0.2183 0.4969 0.2393 0.0347 0.0019 0.0000 0.0000 0.0000
0.0000 0.0000 0.0002 0.0237 0.2393 0.4514 0.2394 0.0431 0.0029 0.0001 0.0000
0.0000 0.0000 0.0000 0.0009 0.0347 0.2394 0.4294 0.2434 0.0487 0.0035 0.0001
0.0000 0.0000 0.0000 0.0000 0.0019 0.0431 0.2434 0.4159 0.2430 0.0494 0.0034
0.0000 0.0000 0.0000 0.0000 0.0000 0.0029 0.0487 0.2430 0.4156 0.2442 0.0455
0.0000 0.0000 0.0000 0.0000 0.0000 0.0001 0.0035 0.0494 0.2442 0.4432 0.2595
0.0000 0.0000 0.0000 0.0000 0.0000 0.0000 0.0001 0.0034 0.0455 0.2595 0.6915
#DG from neighbouring lambda in kcal/mol
0.0000 0.1000 7.7759 0.0218
0.1000 0.2000 6.6822 0.0193
0.2000 0.3000 5.1815 0.0219
0.3000 0.4000 3.6350 0.0183
0.4000 0.5000 2.7252 0.0153
0.5000 0.6000 2.1060 0.0142
0.6000 0.7000 1.6801 0.0132
0.7000 0.8000 1.4631 0.0129
0.8000 0.9000 1.6232 0.0131
0.9000 1.0000 2.8135 0.0148
#PMF from MBAR in kcal/mol
0.0000 0.0000 0.0000
0.1000 7.7759 0.0218
0.2000 14.4580 0.0333
0.3000 19.6395 0.0432
0.4000 23.2745 0.0497
0.5000 25.9997 0.0542
0.6000 28.1057 0.0578
0.7000 29.7859 0.0610
0.8000 31.2490 0.0638
0.9000 32.8722 0.0665
1.0000 35.6856 0.0695
#TI average gradients and standard deviation in kcal/mol
0.0000 82.6452 14.4263
0.1000 72.8709 11.8050
0.2000 60.4369 12.2550
0.3000 42.6609 12.2531
0.4000 30.9187 10.4974
0.5000 23.8724 9.7602
0.6000 18.5135 9.3174
0.7000 15.0807 8.8915
0.8000 14.7190 8.9200
0.9000 19.2901 9.3972
1.0000 42.1448 10.6272
#PMF from TI in kcal/mol
0.0000 0.0000
0.1000 7.7758
0.2000 14.4412
0.3000 19.5961
0.4000 23.2751
0.5000 26.0146
0.6000 28.1339
0.7000 29.8136
0.8000 31.3036
0.9000 33.0041
1.0000 36.0758
#MBAR free energy difference in kcal/mol: 
35.685637, 0.069530 
#TI free energy difference in kcal/mol: 
36.075831  
Starting /export/users/common/BioSimSpace/sire.app/bin/analyse_freenrg: number of threads equals 32
