# Analysing data contained in file(s) ['lambda_0.0000/simfile.dat', 'lambda_0.1000/simfile.dat', 'lambda_0.2000/simfile.dat', 'lambda_0.3000/simfile.dat', 'lambda_0.4000/simfile.dat', 'lambda_0.5000/simfile.dat', 'lambda_0.6000/simfile.dat', 'lambda_0.7000/simfile.dat', 'lambda_0.8000/simfile.dat', 'lambda_0.9000/simfile.dat', 'lambda_1.0000/simfile.dat']
#Overlap matrix
0.8906 0.1090 0.0004 0.0000 0.0000 0.0000 0.0000 0.0000 0.0000 0.0000 0.0000
0.1090 0.7476 0.1424 0.0010 0.0000 0.0000 0.0000 0.0000 0.0000 0.0000 0.0000
0.0004 0.1424 0.7057 0.1504 0.0011 0.0000 0.0000 0.0000 0.0000 0.0000 0.0000
0.0000 0.0010 0.1504 0.7083 0.1398 0.0005 0.0000 0.0000 0.0000 0.0000 0.0000
0.0000 0.0000 0.0011 0.1398 0.7366 0.1224 0.0002 0.0000 0.0000 0.0000 0.0000
0.0000 0.0000 0.0000 0.0005 0.1224 0.7802 0.0968 0.0000 0.0000 0.0000 0.0000
0.0000 0.0000 0.0000 0.0000 0.0002 0.0968 0.8456 0.0573 0.0000 0.0000 0.0000
0.0000 0.0000 0.0000 0.0000 0.0000 0.0000 0.0573 0.9295 0.0131 0.0000 0.0000
0.0000 0.0000 0.0000 0.0000 0.0000 0.0000 0.0000 0.0131 0.9804 0.0064 0.0000
0.0000 0.0000 0.0000 0.0000 0.0000 0.0000 0.0000 0.0000 0.0064 0.9766 0.0170
0.0000 0.0000 0.0000 0.0000 0.0000 0.0000 0.0000 0.0000 0.0000 0.0170 0.9830
#DG from neighbouring lambda in kcal/mol
0.0000 0.1000 6.8018 0.0505
0.1000 0.2000 6.1335 0.0421
0.2000 0.3000 5.8391 0.0404
0.3000 0.4000 5.4143 0.0426
0.4000 0.5000 4.3980 0.0468
0.5000 0.6000 2.6404 0.0545
0.6000 0.7000 -0.7924 0.0743
0.7000 0.8000 -8.0431 0.1626
0.8000 0.9000 -20.4044 0.2340
0.9000 1.0000 -29.9444 0.1425
#PMF from MBAR in kcal/mol
0.0000 0.0000 0.0000
0.1000 6.8018 0.0505
0.2000 12.9354 0.0708
0.3000 18.7745 0.0856
0.4000 24.1887 0.0991
0.5000 28.5867 0.1127
0.6000 31.2271 0.1279
0.7000 30.4348 0.1503
0.8000 22.3916 0.2231
0.9000 1.9872 0.3244
1.0000 -27.9571 0.3553
#TI average gradients and standard deviation in kcal/mol
0.0000 74.0448 17.8887
0.1000 64.0688 16.6975
0.2000 60.2143 15.3174
0.3000 57.0584 15.2610
0.4000 49.5916 16.2973
0.5000 36.6660 17.3300
0.6000 12.5682 19.3585
0.7000 -34.0854 23.8671
0.8000 -134.1322 31.4521
0.9000 -260.8589 28.3801
1.0000 -335.5990 27.5011
#PMF from TI in kcal/mol
0.0000 0.0000
0.1000 6.9057
0.2000 13.1198
0.3000 18.9835
0.4000 24.3160
0.5000 28.6288
0.6000 31.0906
0.7000 30.0147
0.8000 21.6038
0.9000 1.8543
1.0000 -27.9686
#MBAR free energy difference in kcal/mol: 
-27.957105, 0.355325 
#TI free energy difference in kcal/mol: 
-27.968635  
Starting /export/users/common/BioSimSpace/sire.app/bin/analyse_freenrg: number of threads equals 32
