# Analysing data contained in file(s) ['lambda_0.0000/simfile.dat', 'lambda_0.1000/simfile.dat', 'lambda_0.2000/simfile.dat', 'lambda_0.3000/simfile.dat', 'lambda_0.4000/simfile.dat', 'lambda_0.5000/simfile.dat', 'lambda_0.6000/simfile.dat', 'lambda_0.7000/simfile.dat', 'lambda_0.8000/simfile.dat', 'lambda_0.9000/simfile.dat', 'lambda_1.0000/simfile.dat']
#Overlap matrix
0.9286 0.0714 0.0000 0.0000 0.0000 0.0000 0.0000 0.0000 0.0000 0.0000 0.0000
0.0714 0.8929 0.0357 0.0000 0.0000 0.0000 0.0000 0.0000 0.0000 0.0000 0.0000
0.0000 0.0357 0.9562 0.0081 0.0000 0.0000 0.0000 0.0000 0.0000 0.0000 0.0000
0.0000 0.0000 0.0081 0.9665 0.0254 0.0000 0.0000 0.0000 0.0000 0.0000 0.0000
0.0000 0.0000 0.0000 0.0254 0.9710 0.0035 0.0001 0.0000 0.0000 0.0000 0.0000
0.0000 0.0000 0.0000 0.0000 0.0035 0.8470 0.1466 0.0028 0.0000 0.0000 0.0000
0.0000 0.0000 0.0000 0.0000 0.0001 0.1466 0.6470 0.1917 0.0146 0.0000 0.0000
0.0000 0.0000 0.0000 0.0000 0.0000 0.0028 0.1917 0.6252 0.1759 0.0043 0.0000
0.0000 0.0000 0.0000 0.0000 0.0000 0.0000 0.0146 0.1759 0.7078 0.1016 0.0000
0.0000 0.0000 0.0000 0.0000 0.0000 0.0000 0.0000 0.0043 0.1016 0.8315 0.0625
0.0000 0.0000 0.0000 0.0000 0.0000 0.0000 0.0000 0.0000 0.0000 0.0625 0.9375
#DG from neighbouring lambda in kcal/mol
0.0000 0.1000 -1.2453 0.5333
0.1000 0.2000 1.5305 0.7846
0.2000 0.3000 0.2813 1.6965
0.3000 0.4000 1.1973 0.9407
0.4000 0.5000 -1.2355 2.5731
0.5000 0.6000 3.4886 0.3333
0.6000 0.7000 5.7571 0.2578
0.7000 0.8000 5.3356 0.2738
0.8000 0.9000 3.3145 0.4199
0.9000 1.0000 -3.5012 0.5758
#PMF from MBAR in kcal/mol
0.0000 0.0000 0.0000
0.1000 -1.2453 0.5333
0.2000 0.2853 0.9732
0.3000 0.5666 1.9678
0.4000 1.7639 2.1918
0.5000 0.5283 3.3870
0.6000 4.0170 3.4095
0.7000 9.7741 3.4255
0.8000 15.1096 3.4409
0.9000 18.4242 3.4719
1.0000 14.9230 3.5260
#TI average gradients and standard deviation in kcal/mol
0.0000 -33.7562 21.1877
0.1000 14.8849 20.7922
0.2000 21.2294 19.1696
0.3000 13.9975 23.0477
0.4000 3.9266 25.6931
0.5000 11.8197 21.7811
0.6000 51.2201 14.3313
0.7000 60.2479 12.3928
0.8000 41.5918 14.1915
0.9000 -8.5619 22.4031
1.0000 -56.8160 129.6874
#PMF from TI in kcal/mol
0.0000 0.0000
0.1000 -0.9436
0.2000 0.8622
0.3000 2.6235
0.4000 3.5197
0.5000 4.3070
0.6000 7.4590
0.7000 13.0324
0.8000 18.1244
0.9000 19.7759
1.0000 16.5070
#MBAR free energy difference in kcal/mol: 
14.922987, 3.526011  #WARNING SUBSAMPLING ENERGIES RESULTED IN LESS THAN 50 SAMPLES, CONSIDER RERUN WITHOUT SUBSAMPLE OPTION
#TI free energy difference in kcal/mol: 
16.507005  
Starting /export/users/common/BioSimSpace/sire.app/bin/analyse_freenrg: number of threads equals 32
