# Analysing data contained in file(s) ['lambda_0.0000/simfile.dat', 'lambda_0.1000/simfile.dat', 'lambda_0.2000/simfile.dat', 'lambda_0.3000/simfile.dat', 'lambda_0.4000/simfile.dat', 'lambda_0.5000/simfile.dat', 'lambda_0.6000/simfile.dat', 'lambda_0.7000/simfile.dat', 'lambda_0.8000/simfile.dat', 'lambda_0.9000/simfile.dat', 'lambda_1.0000/simfile.dat']
#Overlap matrix
0.9600 0.0399 0.0000 0.0000 0.0000 0.0000 0.0000 0.0000 0.0000 0.0000 0.0000
0.0399 0.7765 0.1745 0.0089 0.0001 0.0000 0.0000 0.0000 0.0000 0.0000 0.0000
0.0000 0.1745 0.5760 0.2362 0.0133 0.0000 0.0000 0.0000 0.0000 0.0000 0.0000
0.0000 0.0089 0.2362 0.5682 0.1862 0.0005 0.0000 0.0000 0.0000 0.0000 0.0000
0.0000 0.0001 0.0133 0.1862 0.7556 0.0404 0.0008 0.0036 0.0000 0.0000 0.0000
0.0000 0.0000 0.0000 0.0005 0.0404 0.9333 0.0249 0.0009 0.0000 0.0000 0.0000
0.0000 0.0000 0.0000 0.0000 0.0008 0.0249 0.9724 0.0019 0.0000 0.0000 0.0000
0.0000 0.0000 0.0000 0.0000 0.0036 0.0009 0.0019 0.9653 0.0280 0.0002 0.0000
0.0000 0.0000 0.0000 0.0000 0.0000 0.0000 0.0000 0.0280 0.8007 0.1697 0.0016
0.0000 0.0000 0.0000 0.0000 0.0000 0.0000 0.0000 0.0002 0.1697 0.6430 0.1871
0.0000 0.0000 0.0000 0.0000 0.0000 0.0000 0.0000 0.0000 0.0016 0.1871 0.8114
#DG from neighbouring lambda in kcal/mol
0.0000 0.1000 15.8619 1.4304
0.1000 0.2000 11.6194 0.5541
0.2000 0.3000 11.1340 0.4095
0.3000 0.4000 10.7781 0.5176
0.4000 0.5000 8.3529 1.3716
0.5000 0.6000 10.4889 1.7669
0.6000 0.7000 16.7964 3.9618
0.7000 0.8000 6.1853 1.7237
0.8000 0.9000 4.6779 0.5836
0.9000 1.0000 3.4874 0.5416
#PMF from MBAR in kcal/mol
0.0000 0.0000 0.0000
0.1000 15.8619 1.4304
0.2000 27.4813 1.5905
0.3000 38.6153 1.6855
0.4000 49.3934 1.8005
0.5000 57.7463 2.3002
0.6000 68.2352 2.8819
0.7000 85.0317 4.1970
0.8000 91.2169 4.5567
0.9000 95.8948 4.6125
1.0000 99.3822 4.6624
#TI average gradients and standard deviation in kcal/mol
0.0000 115.6714 62.6173
0.1000 73.8049 13.2448
0.2000 167.2359 86.6392
0.3000 117.6432 65.7747
0.4000 76.8308 68.8514
0.5000 -40.1592 4.8813
0.6000 180.1493 22.7191
0.7000 288.3889 22.4814
0.8000 244.1793 50.9210
0.9000 89.7911 39.7817
1.0000 42.4085 1.7645
#PMF from TI in kcal/mol
0.0000 0.0000
0.1000 9.4738
0.2000 21.5259
0.3000 35.7698
0.4000 45.4935
0.5000 47.3271
0.6000 54.3266
0.7000 77.7535
0.8000 104.3819
0.9000 121.0804
1.0000 127.6904
#MBAR free energy difference in kcal/mol: 
99.382209, 4.662403  #WARNING SUBSAMPLING ENERGIES RESULTED IN LESS THAN 50 SAMPLES, CONSIDER RERUN WITHOUT SUBSAMPLE OPTION
#TI free energy difference in kcal/mol: 
127.690414  #WARNING SUBSAMPLING GRADIENTS RESULTED IN LESS THAN 50 SAMPLES, CONSIDER RERUN WITHOUT SUBSAMPLE OPTION 
Starting /export/users/common/BioSimSpace/sire.app/bin/analyse_freenrg: number of threads equals 32
