# Analysing data contained in file(s) ['lambda_0.0000/simfile.dat', 'lambda_0.1000/simfile.dat', 'lambda_0.2000/simfile.dat', 'lambda_0.3000/simfile.dat', 'lambda_0.4000/simfile.dat', 'lambda_0.5000/simfile.dat', 'lambda_0.6000/simfile.dat', 'lambda_0.7000/simfile.dat', 'lambda_0.8000/simfile.dat', 'lambda_0.9000/simfile.dat', 'lambda_1.0000/simfile.dat']
#Overlap matrix
0.9653 0.0347 0.0000 0.0000 0.0000 0.0000 0.0000 0.0000 0.0000 0.0000 0.0000
0.0347 0.9147 0.0506 0.0000 0.0000 0.0000 0.0000 0.0000 0.0000 0.0000 0.0000
0.0000 0.0506 0.8797 0.0697 0.0000 0.0000 0.0000 0.0000 0.0000 0.0000 0.0000
0.0000 0.0000 0.0697 0.8495 0.0808 0.0001 0.0000 0.0000 0.0000 0.0000 0.0000
0.0000 0.0000 0.0000 0.0808 0.8275 0.0916 0.0001 0.0000 0.0000 0.0000 0.0000
0.0000 0.0000 0.0000 0.0001 0.0916 0.8115 0.0968 0.0001 0.0000 0.0000 0.0000
0.0000 0.0000 0.0000 0.0000 0.0001 0.0968 0.8075 0.0956 0.0001 0.0000 0.0000
0.0000 0.0000 0.0000 0.0000 0.0000 0.0001 0.0956 0.7956 0.1086 0.0001 0.0000
0.0000 0.0000 0.0000 0.0000 0.0000 0.0000 0.0001 0.1086 0.7992 0.0920 0.0000
0.0000 0.0000 0.0000 0.0000 0.0000 0.0000 0.0000 0.0001 0.0920 0.8428 0.0651
0.0000 0.0000 0.0000 0.0000 0.0000 0.0000 0.0000 0.0000 0.0000 0.0651 0.9348
#DG from neighbouring lambda in kcal/mol
0.0000 0.1000 -1.3325 0.0762
0.1000 0.2000 2.5456 0.0620
0.2000 0.3000 2.8879 0.0517
0.3000 0.4000 2.1049 0.0474
0.4000 0.5000 0.8940 0.0439
0.5000 0.6000 -0.3199 0.0424
0.6000 0.7000 -1.7912 0.0427
0.7000 0.8000 -3.3593 0.0394
0.8000 0.9000 -5.0155 0.0438
0.9000 1.0000 -7.5913 0.0537
#PMF from MBAR in kcal/mol
0.0000 0.0000 0.0000
0.1000 -1.3325 0.0762
0.2000 1.2131 0.1004
0.3000 4.1011 0.1148
0.4000 6.2060 0.1259
0.5000 7.1000 0.1350
0.6000 6.7801 0.1430
0.7000 4.9889 0.1507
0.8000 1.6295 0.1571
0.9000 -3.3859 0.1644
1.0000 -10.9773 0.1742
#TI average gradients and standard deviation in kcal/mol
0.0000 -69.4992 26.5633
0.1000 19.2911 23.4660
0.2000 30.6488 21.4158
0.3000 26.6715 19.6288
0.4000 15.2091 19.3079
0.5000 2.4125 18.8479
0.6000 -10.3198 17.3082
0.7000 -26.2987 18.2445
0.8000 -40.3798 17.7605
0.9000 -61.4819 19.1358
1.0000 -92.0003 23.6067
#PMF from TI in kcal/mol
0.0000 0.0000
0.1000 -2.5104
0.2000 -0.0134
0.3000 2.8526
0.4000 4.9466
0.5000 5.8277
0.6000 5.4324
0.7000 3.6014
0.8000 0.2675
0.9000 -4.8256
1.0000 -12.4997
#MBAR free energy difference in kcal/mol: 
-10.977257, 0.174194 
#TI free energy difference in kcal/mol: 
-12.499681  
Starting /export/users/common/BioSimSpace/sire.app/bin/analyse_freenrg: number of threads equals 32
