# Analysing data contained in file(s) ['lambda_0.0000/simfile.dat', 'lambda_0.1000/simfile.dat', 'lambda_0.2000/simfile.dat', 'lambda_0.3000/simfile.dat', 'lambda_0.4000/simfile.dat', 'lambda_0.5000/simfile.dat', 'lambda_0.6000/simfile.dat', 'lambda_0.7000/simfile.dat', 'lambda_0.8000/simfile.dat', 'lambda_0.9000/simfile.dat', 'lambda_1.0000/simfile.dat']
#Overlap matrix
0.9291 0.0683 0.0025 0.0001 0.0000 0.0000 0.0000 0.0000 0.0000 0.0000 0.0000
0.0683 0.7467 0.1697 0.0148 0.0005 0.0000 0.0000 0.0000 0.0000 0.0000 0.0000
0.0025 0.1697 0.6224 0.1920 0.0133 0.0001 0.0000 0.0000 0.0000 0.0000 0.0000
0.0001 0.0148 0.1920 0.6346 0.1558 0.0026 0.0000 0.0000 0.0000 0.0000 0.0000
0.0000 0.0005 0.0133 0.1558 0.7566 0.0730 0.0007 0.0001 0.0000 0.0000 0.0000
0.0000 0.0000 0.0001 0.0026 0.0730 0.8561 0.0586 0.0043 0.0011 0.0041 0.0000
0.0000 0.0000 0.0000 0.0000 0.0007 0.0586 0.7300 0.1940 0.0100 0.0067 0.0000
0.0000 0.0000 0.0000 0.0000 0.0001 0.0043 0.1940 0.5920 0.1608 0.0487 0.0001
0.0000 0.0000 0.0000 0.0000 0.0000 0.0011 0.0100 0.1608 0.6416 0.1861 0.0003
0.0000 0.0000 0.0000 0.0000 0.0000 0.0041 0.0067 0.0487 0.1861 0.6518 0.1027
0.0000 0.0000 0.0000 0.0000 0.0000 0.0000 0.0000 0.0001 0.0003 0.1027 0.8969
#DG from neighbouring lambda in kcal/mol
0.0000 0.1000 -20.8191 0.3026
0.1000 0.2000 -14.4125 0.1595
0.2000 0.3000 -15.7233 0.1396
0.3000 0.4000 -18.7290 0.1703
0.4000 0.5000 -22.4981 0.2893
0.5000 0.6000 -25.7009 0.3088
0.6000 0.7000 -26.2091 0.1404
0.7000 0.8000 -28.2141 0.1415
0.8000 0.9000 -28.8791 0.1330
0.9000 1.0000 -34.6557 0.2413
#PMF from MBAR in kcal/mol
0.0000 0.0000 0.0000
0.1000 -20.8191 0.3026
0.2000 -35.2316 0.3594
0.3000 -50.9550 0.3978
0.4000 -69.6839 0.4439
0.5000 -92.1820 0.5411
0.6000 -117.8829 0.6332
0.7000 -144.0920 0.6531
0.8000 -172.3061 0.6724
0.9000 -201.1853 0.6814
1.0000 -235.8410 0.7331
#TI average gradients and standard deviation in kcal/mol
0.0000 -313.6127 18.6268
0.1000 -152.5608 14.3563
0.2000 -143.0935 10.0771
0.3000 -168.5217 8.2800
0.4000 -208.7105 23.0846
0.5000 -243.2438 29.4168
0.6000 -257.4618 8.7342
0.7000 -269.9171 15.4160
0.8000 -277.5535 13.0164
0.9000 -302.4838 18.0951
1.0000 -351.7698 20.3383
#PMF from TI in kcal/mol
0.0000 0.0000
0.1000 -23.3087
0.2000 -38.0914
0.3000 -53.6721
0.4000 -72.5338
0.5000 -95.1315
0.6000 -120.1668
0.7000 -146.5357
0.8000 -173.9092
0.9000 -202.9111
1.0000 -235.6238
#MBAR free energy difference in kcal/mol: 
-235.841015, 0.733113  #WARNING SUBSAMPLING ENERGIES RESULTED IN LESS THAN 50 SAMPLES, CONSIDER RERUN WITHOUT SUBSAMPLE OPTION
#TI free energy difference in kcal/mol: 
-235.623769  #WARNING SUBSAMPLING GRADIENTS RESULTED IN LESS THAN 50 SAMPLES, CONSIDER RERUN WITHOUT SUBSAMPLE OPTION 
Starting /export/users/common/BioSimSpace/sire.app/bin/analyse_freenrg: number of threads equals 32
