# Analysing data contained in file(s) ['lambda_0.0000/simfile.dat', 'lambda_0.1000/simfile.dat', 'lambda_0.2000/simfile.dat', 'lambda_0.3000/simfile.dat', 'lambda_0.4000/simfile.dat', 'lambda_0.5000/simfile.dat', 'lambda_0.6000/simfile.dat', 'lambda_0.7000/simfile.dat', 'lambda_0.8000/simfile.dat', 'lambda_0.9000/simfile.dat', 'lambda_1.0000/simfile.dat']
#Overlap matrix
0.7989 0.1953 0.0057 0.0001 0.0000 0.0000 0.0000 0.0000 0.0000 0.0000 0.0000
0.1953 0.6860 0.1066 0.0120 0.0001 0.0000 0.0000 0.0000 0.0000 0.0000 0.0000
0.0057 0.1066 0.6263 0.2568 0.0045 0.0000 0.0000 0.0000 0.0000 0.0000 0.0000
0.0001 0.0120 0.2568 0.6449 0.0852 0.0009 0.0000 0.0000 0.0000 0.0000 0.0000
0.0000 0.0001 0.0045 0.0852 0.7069 0.1909 0.0124 0.0000 0.0000 0.0000 0.0000
0.0000 0.0000 0.0000 0.0009 0.1909 0.5544 0.2531 0.0007 0.0000 0.0000 0.0000
0.0000 0.0000 0.0000 0.0000 0.0124 0.2531 0.7053 0.0279 0.0012 0.0001 0.0000
0.0000 0.0000 0.0000 0.0000 0.0000 0.0007 0.0279 0.6477 0.2751 0.0476 0.0009
0.0000 0.0000 0.0000 0.0000 0.0000 0.0000 0.0012 0.2751 0.4479 0.2584 0.0175
0.0000 0.0000 0.0000 0.0000 0.0000 0.0000 0.0001 0.0476 0.2584 0.5095 0.1844
0.0000 0.0000 0.0000 0.0000 0.0000 0.0000 0.0000 0.0009 0.0175 0.1844 0.7972
#DG from neighbouring lambda in kcal/mol
0.0000 0.1000 11.2716 0.0470
0.1000 0.2000 10.9700 0.0671
0.2000 0.3000 11.2518 0.0352
0.3000 0.4000 10.5090 0.0818
0.4000 0.5000 8.4262 0.0465
0.5000 0.6000 8.0545 0.0362
0.6000 0.7000 5.8015 0.1529
0.7000 0.8000 3.9372 0.0292
0.8000 0.9000 4.5812 0.0295
0.9000 1.0000 4.7433 0.0468
#PMF from MBAR in kcal/mol
0.0000 0.0000 0.0000
0.1000 11.2716 0.0470
0.2000 22.2416 0.0886
0.3000 33.4934 0.1003
0.4000 44.0024 0.1341
0.5000 52.4286 0.1468
0.6000 60.4832 0.1549
0.7000 66.2847 0.2208
0.8000 70.2219 0.2256
0.9000 74.8031 0.2293
1.0000 79.5464 0.2363
#TI average gradients and standard deviation in kcal/mol
0.0000 8.6586 12.3984
0.1000 153.3475 17.7740
0.2000 6.5911 10.0570
0.3000 159.2570 10.7827
0.4000 159.5700 11.2613
0.5000 157.7730 13.0693
0.6000 17.4156 9.0310
0.7000 23.3001 9.0723
0.8000 28.5017 9.0482
0.9000 157.9859 11.1963
1.0000 46.1554 10.2196
#PMF from TI in kcal/mol
0.0000 0.0000
0.1000 8.1003
0.2000 16.0972
0.3000 24.3896
0.4000 40.3310
0.5000 56.1981
0.6000 64.9576
0.7000 66.9934
0.8000 69.5834
0.9000 78.9078
1.0000 89.1149
#MBAR free energy difference in kcal/mol: 
79.546441, 0.236343 
#TI free energy difference in kcal/mol: 
89.114890  
Starting /export/users/common/BioSimSpace/sire.app/bin/analyse_freenrg: number of threads equals 32
