# Analysing data contained in file(s) ['lambda_0.0000/simfile.dat', 'lambda_0.1000/simfile.dat', 'lambda_0.2000/simfile.dat', 'lambda_0.3000/simfile.dat', 'lambda_0.4000/simfile.dat', 'lambda_0.5000/simfile.dat', 'lambda_0.6000/simfile.dat', 'lambda_0.7000/simfile.dat', 'lambda_0.8000/simfile.dat', 'lambda_0.9000/simfile.dat', 'lambda_1.0000/simfile.dat']
#Overlap matrix
0.7484 0.2308 0.0203 0.0005 0.0000 0.0000 0.0000 0.0000 0.0000 0.0000 0.0000
0.2308 0.5151 0.2309 0.0227 0.0005 0.0000 0.0000 0.0000 0.0000 0.0000 0.0000
0.0203 0.2309 0.4977 0.2268 0.0238 0.0005 0.0000 0.0000 0.0000 0.0000 0.0000
0.0005 0.0227 0.2268 0.4979 0.2309 0.0207 0.0004 0.0000 0.0000 0.0000 0.0000
0.0000 0.0005 0.0238 0.2309 0.4959 0.2269 0.0215 0.0003 0.0000 0.0000 0.0000
0.0000 0.0000 0.0005 0.0207 0.2269 0.5102 0.2246 0.0168 0.0003 0.0000 0.0000
0.0000 0.0000 0.0000 0.0004 0.0215 0.2246 0.5199 0.2156 0.0177 0.0002 0.0000
0.0000 0.0000 0.0000 0.0000 0.0003 0.0168 0.2156 0.5357 0.2195 0.0119 0.0000
0.0000 0.0000 0.0000 0.0000 0.0000 0.0003 0.0177 0.2195 0.5616 0.1962 0.0047
0.0000 0.0000 0.0000 0.0000 0.0000 0.0000 0.0002 0.0119 0.1962 0.6391 0.1526
0.0000 0.0000 0.0000 0.0000 0.0000 0.0000 0.0000 0.0000 0.0047 0.1526 0.8427
#DG from neighbouring lambda in kcal/mol
0.0000 0.1000 3.2779 0.0296
0.1000 0.2000 2.7593 0.0272
0.2000 0.3000 2.1126 0.0273
0.3000 0.4000 1.4293 0.0270
0.4000 0.5000 0.6368 0.0277
0.5000 0.6000 -0.1016 0.0283
0.6000 0.7000 -0.9044 0.0298
0.7000 0.8000 -1.4365 0.0299
0.8000 0.9000 -1.5985 0.0345
0.9000 1.0000 -0.9129 0.0437
#PMF from MBAR in kcal/mol
0.0000 0.0000 0.0000
0.1000 3.2779 0.0296
0.2000 6.0373 0.0472
0.3000 8.1498 0.0599
0.4000 9.5791 0.0701
0.5000 10.2159 0.0795
0.6000 10.1143 0.0879
0.7000 9.2099 0.0963
0.8000 7.7734 0.1039
0.9000 6.1749 0.1126
1.0000 5.2620 0.1239
#TI average gradients and standard deviation in kcal/mol
0.0000 33.5762 21.3928
0.1000 31.0611 10.5292
0.2000 25.2246 10.9086
0.3000 18.2868 10.5939
0.4000 10.4296 10.8183
0.5000 2.8091 10.4487
0.6000 -4.1171 10.4591
0.7000 -11.7670 11.1891
0.8000 -17.1312 11.1487
0.9000 -15.4527 13.5224
1.0000 1.3468 17.0373
#PMF from TI in kcal/mol
0.0000 0.0000
0.1000 3.2319
0.2000 6.0461
0.3000 8.2217
0.4000 9.6575
0.5000 10.3195
0.6000 10.2541
0.7000 9.4599
0.8000 8.0149
0.9000 6.3858
1.0000 5.6805
#MBAR free energy difference in kcal/mol: 
5.262013, 0.123867 
#TI free energy difference in kcal/mol: 
5.680451  
Starting /export/users/common/BioSimSpace/sire.app/bin/analyse_freenrg: number of threads equals 32
