# Analysing data contained in file(s) ['lambda_0.0000/simfile.dat', 'lambda_0.1000/simfile.dat', 'lambda_0.2000/simfile.dat', 'lambda_0.3000/simfile.dat', 'lambda_0.4000/simfile.dat', 'lambda_0.5000/simfile.dat', 'lambda_0.6000/simfile.dat', 'lambda_0.7000/simfile.dat', 'lambda_0.8000/simfile.dat', 'lambda_0.9000/simfile.dat', 'lambda_1.0000/simfile.dat']
#Overlap matrix
0.9999 0.0001 0.0000 0.0000 0.0000 0.0000 0.0000 0.0000 0.0000 0.0000 0.0000
0.0001 0.9915 0.0084 0.0000 0.0000 0.0000 0.0000 0.0000 0.0000 0.0000 0.0000
0.0000 0.0084 0.9212 0.0704 0.0001 0.0000 0.0000 0.0000 0.0000 0.0000 0.0000
0.0000 0.0000 0.0704 0.8175 0.1121 0.0000 0.0000 0.0000 0.0000 0.0000 0.0000
0.0000 0.0000 0.0001 0.1121 0.8586 0.0292 0.0000 0.0000 0.0000 0.0000 0.0000
0.0000 0.0000 0.0000 0.0000 0.0292 0.8878 0.0830 0.0000 0.0000 0.0000 0.0000
0.0000 0.0000 0.0000 0.0000 0.0000 0.0830 0.8753 0.0417 0.0000 0.0000 0.0000
0.0000 0.0000 0.0000 0.0000 0.0000 0.0000 0.0417 0.9099 0.0484 0.0000 0.0000
0.0000 0.0000 0.0000 0.0000 0.0000 0.0000 0.0000 0.0484 0.8867 0.0649 0.0000
0.0000 0.0000 0.0000 0.0000 0.0000 0.0000 0.0000 0.0000 0.0649 0.8745 0.0606
0.0000 0.0000 0.0000 0.0000 0.0000 0.0000 0.0000 0.0000 0.0000 0.0606 0.9394
#DG from neighbouring lambda in kcal/mol
0.0000 0.1000 43.6919 1.2051
0.1000 0.2000 24.1958 0.1499
0.2000 0.3000 16.7495 0.0483
0.3000 0.4000 13.3916 0.0363
0.4000 0.5000 9.2870 0.0785
0.5000 0.6000 4.5946 0.0438
0.6000 0.7000 -0.0084 0.0648
0.7000 0.8000 -6.1144 0.0597
0.8000 0.9000 -10.6323 0.0506
0.9000 1.0000 -14.6790 0.0526
#PMF from MBAR in kcal/mol
0.0000 0.0000 0.0000
0.1000 43.6919 1.2051
0.2000 67.8876 1.2145
0.3000 84.6371 1.2156
0.4000 98.0287 1.2163
0.5000 107.3157 1.2190
0.6000 111.9103 1.2200
0.7000 111.9020 1.2218
0.8000 105.7876 1.2234
0.9000 95.1553 1.2246
1.0000 80.4763 1.2259
#TI average gradients and standard deviation in kcal/mol
0.0000 656.6411 59.4949
0.1000 310.6683 32.9390
0.2000 193.5296 22.9039
0.3000 147.7011 17.6394
0.4000 121.4340 16.4925
0.5000 63.3694 17.9440
0.6000 27.0925 20.4868
0.7000 -32.2807 23.2880
0.8000 -85.5947 20.4049
0.9000 -125.9616 20.2285
1.0000 -166.3229 20.5360
#PMF from TI in kcal/mol
0.0000 0.0000
0.1000 48.3655
0.2000 73.5754
0.3000 90.6369
0.4000 104.0937
0.5000 113.3338
0.6000 117.8569
0.7000 117.5975
0.8000 111.7037
0.9000 101.1259
1.0000 86.5117
#MBAR free energy difference in kcal/mol: 
80.476327, 1.225928 
#TI free energy difference in kcal/mol: 
86.511693  
Starting /export/users/common/BioSimSpace/sire.app/bin/analyse_freenrg: number of threads equals 32
