# Analysing data contained in file(s) ['lambda_0.0000/simfile.dat', 'lambda_0.1000/simfile.dat', 'lambda_0.2000/simfile.dat', 'lambda_0.3000/simfile.dat', 'lambda_0.4000/simfile.dat', 'lambda_0.5000/simfile.dat', 'lambda_0.6000/simfile.dat', 'lambda_0.7000/simfile.dat', 'lambda_0.8000/simfile.dat', 'lambda_0.9000/simfile.dat', 'lambda_1.0000/simfile.dat']
#Overlap matrix
0.8363 0.1542 0.0091 0.0004 0.0000 0.0000 0.0000 0.0000 0.0000 0.0000 0.0000
0.1542 0.5819 0.2271 0.0341 0.0026 0.0001 0.0000 0.0000 0.0000 0.0000 0.0000
0.0091 0.2271 0.4617 0.2460 0.0515 0.0044 0.0002 0.0000 0.0000 0.0000 0.0000
0.0004 0.0341 0.2460 0.4163 0.2435 0.0545 0.0050 0.0002 0.0000 0.0000 0.0000
0.0000 0.0026 0.0515 0.2435 0.3976 0.2419 0.0578 0.0049 0.0001 0.0000 0.0000
0.0000 0.0001 0.0044 0.0545 0.2419 0.3971 0.2449 0.0531 0.0040 0.0001 0.0000
0.0000 0.0000 0.0002 0.0050 0.0578 0.2449 0.3987 0.2409 0.0500 0.0026 0.0000
0.0000 0.0000 0.0000 0.0002 0.0049 0.0531 0.2409 0.4152 0.2464 0.0386 0.0008
0.0000 0.0000 0.0000 0.0000 0.0001 0.0040 0.0500 0.2464 0.4443 0.2364 0.0188
0.0000 0.0000 0.0000 0.0000 0.0000 0.0001 0.0026 0.0386 0.2364 0.5152 0.2072
0.0000 0.0000 0.0000 0.0000 0.0000 0.0000 0.0000 0.0008 0.0188 0.2072 0.7732
#DG from neighbouring lambda in kcal/mol
0.0000 0.1000 -5.3719 0.0352
0.1000 0.2000 1.8748 0.0228
0.2000 0.3000 7.1639 0.0180
0.3000 0.4000 11.8334 0.0168
0.4000 0.5000 16.3115 0.0164
0.5000 0.6000 20.7696 0.0163
0.6000 0.7000 25.1641 0.0171
0.7000 0.8000 29.4901 0.0178
0.8000 0.9000 33.6077 0.0208
0.9000 1.0000 37.1930 0.0271
#PMF from MBAR in kcal/mol
0.0000 0.0000 0.0000
0.1000 -5.3719 0.0352
0.2000 -3.4971 0.0472
0.3000 3.6668 0.0540
0.4000 15.5002 0.0593
0.5000 31.8117 0.0641
0.6000 52.5813 0.0685
0.7000 77.7454 0.0729
0.8000 107.2355 0.0772
0.9000 140.8432 0.0822
1.0000 178.0361 0.0891
#TI average gradients and standard deviation in kcal/mol
0.0000 -102.2413 16.0374
0.1000 -12.0204 12.9332
0.2000 45.9334 9.3154
0.3000 95.4531 8.6716
0.4000 140.5590 8.2273
0.5000 185.4151 8.2003
0.6000 230.0380 8.2253
0.7000 273.2705 8.0189
0.8000 316.4244 9.1706
0.9000 355.6517 10.3128
1.0000 387.1051 14.9279
#PMF from TI in kcal/mol
0.0000 0.0000
0.1000 -5.7131
0.2000 -4.0174
0.3000 3.0519
0.4000 14.8525
0.5000 31.1512
0.6000 51.9239
0.7000 77.0893
0.8000 106.5740
0.9000 140.1778
1.0000 177.3157
#MBAR free energy difference in kcal/mol: 
178.036147, 0.089060 
#TI free energy difference in kcal/mol: 
177.315674  
Starting /export/users/common/BioSimSpace/sire.app/bin/analyse_freenrg: number of threads equals 32
