# Analysing data contained in file(s) ['lambda_0.0000/simfile.dat', 'lambda_0.1000/simfile.dat', 'lambda_0.2000/simfile.dat', 'lambda_0.3000/simfile.dat', 'lambda_0.4000/simfile.dat', 'lambda_0.5000/simfile.dat', 'lambda_0.6000/simfile.dat', 'lambda_0.7000/simfile.dat', 'lambda_0.8000/simfile.dat', 'lambda_0.9000/simfile.dat', 'lambda_1.0000/simfile.dat']
#Overlap matrix
0.8933 0.1060 0.0007 0.0000 0.0000 0.0000 0.0000 0.0000 0.0000 0.0000 0.0000
0.1060 0.7281 0.1634 0.0025 0.0000 0.0000 0.0000 0.0000 0.0000 0.0000 0.0000
0.0007 0.1634 0.6547 0.1775 0.0036 0.0000 0.0000 0.0000 0.0000 0.0000 0.0000
0.0000 0.0025 0.1775 0.6367 0.1783 0.0050 0.0000 0.0000 0.0000 0.0000 0.0000
0.0000 0.0000 0.0036 0.1783 0.6217 0.1902 0.0062 0.0000 0.0000 0.0000 0.0000
0.0000 0.0000 0.0000 0.0050 0.1902 0.6041 0.1939 0.0068 0.0000 0.0000 0.0000
0.0000 0.0000 0.0000 0.0000 0.0062 0.1939 0.5955 0.1962 0.0081 0.0000 0.0000
0.0000 0.0000 0.0000 0.0000 0.0000 0.0068 0.1962 0.5818 0.2069 0.0083 0.0000
0.0000 0.0000 0.0000 0.0000 0.0000 0.0000 0.0081 0.2069 0.5805 0.1985 0.0060
0.0000 0.0000 0.0000 0.0000 0.0000 0.0000 0.0000 0.0083 0.1985 0.6056 0.1876
0.0000 0.0000 0.0000 0.0000 0.0000 0.0000 0.0000 0.0000 0.0060 0.1876 0.8064
#DG from neighbouring lambda in kcal/mol
0.0000 0.1000 30.2367 0.0377
0.1000 0.2000 25.8070 0.0277
0.2000 0.3000 22.1396 0.0258
0.3000 0.4000 18.6790 0.0254
0.4000 0.5000 15.3916 0.0239
0.5000 0.6000 12.2333 0.0234
0.6000 0.7000 9.1419 0.0230
0.7000 0.8000 6.2725 0.0219
0.8000 0.9000 3.8042 0.0228
0.9000 1.0000 2.4220 0.0247
#PMF from MBAR in kcal/mol
0.0000 0.0000 0.0000
0.1000 30.2367 0.0377
0.2000 56.0437 0.0506
0.3000 78.1834 0.0598
0.4000 96.8624 0.0676
0.5000 112.2540 0.0740
0.6000 124.4872 0.0797
0.7000 133.6291 0.0848
0.8000 139.9017 0.0894
0.9000 143.7059 0.0940
1.0000 146.1279 0.0989
#TI average gradients and standard deviation in kcal/mol
0.0000 331.9429 21.7401
0.1000 277.9501 15.5565
0.2000 239.3288 14.4064
0.3000 203.8845 13.4820
0.4000 169.9295 13.1673
0.5000 137.5855 12.8848
0.6000 106.6858 12.5900
0.7000 76.3905 12.4072
0.8000 49.4311 12.3872
0.9000 28.1213 12.6913
1.0000 25.3071 14.1817
#PMF from TI in kcal/mol
0.0000 0.0000
0.1000 30.4947
0.2000 56.3586
0.3000 78.5193
0.4000 97.2100
0.5000 112.5857
0.6000 124.7993
0.7000 133.9531
0.8000 140.2442
0.9000 144.1218
1.0000 146.7932
#MBAR free energy difference in kcal/mol: 
146.127914, 0.098875 
#TI free energy difference in kcal/mol: 
146.793229  
Starting /export/users/common/BioSimSpace/sire.app/bin/analyse_freenrg: number of threads equals 32
