# Analysing data contained in file(s) ['lambda_0.0000/simfile.dat', 'lambda_0.1000/simfile.dat', 'lambda_0.2000/simfile.dat', 'lambda_0.3000/simfile.dat', 'lambda_0.4000/simfile.dat', 'lambda_0.5000/simfile.dat', 'lambda_0.6000/simfile.dat', 'lambda_0.7000/simfile.dat', 'lambda_0.8000/simfile.dat', 'lambda_0.9000/simfile.dat', 'lambda_1.0000/simfile.dat']
#Overlap matrix
0.8693 0.1269 0.0037 0.0000 0.0000 0.0000 0.0000 0.0000 0.0000 0.0000 0.0000
0.1269 0.7023 0.1649 0.0058 0.0001 0.0000 0.0000 0.0000 0.0000 0.0000 0.0000
0.0037 0.1649 0.6383 0.1830 0.0100 0.0001 0.0000 0.0000 0.0000 0.0000 0.0000
0.0000 0.0058 0.1830 0.5919 0.2075 0.0117 0.0002 0.0000 0.0000 0.0000 0.0000
0.0000 0.0001 0.0100 0.2075 0.5651 0.2028 0.0143 0.0002 0.0000 0.0000 0.0000
0.0000 0.0000 0.0001 0.0117 0.2028 0.5532 0.2172 0.0149 0.0001 0.0000 0.0000
0.0000 0.0000 0.0000 0.0002 0.0143 0.2172 0.5465 0.2113 0.0105 0.0000 0.0000
0.0000 0.0000 0.0000 0.0000 0.0002 0.0149 0.2113 0.5660 0.2013 0.0063 0.0000
0.0000 0.0000 0.0000 0.0000 0.0000 0.0001 0.0105 0.2013 0.6143 0.1716 0.0022
0.0000 0.0000 0.0000 0.0000 0.0000 0.0000 0.0000 0.0063 0.1716 0.6780 0.1441
0.0000 0.0000 0.0000 0.0000 0.0000 0.0000 0.0000 0.0000 0.0022 0.1441 0.8537
#DG from neighbouring lambda in kcal/mol
0.0000 0.1000 -5.6217 0.0388
0.1000 0.2000 2.3562 0.0316
0.2000 0.3000 7.5637 0.0285
0.3000 0.4000 12.0276 0.0252
0.4000 0.5000 16.2222 0.0252
0.5000 0.6000 20.5628 0.0235
0.6000 0.7000 24.8751 0.0244
0.7000 0.8000 28.9775 0.0263
0.8000 0.9000 33.1318 0.0308
0.9000 1.0000 37.2863 0.0359
#PMF from MBAR in kcal/mol
0.0000 0.0000 0.0000
0.1000 -5.6217 0.0388
0.2000 -3.2655 0.0543
0.3000 4.2982 0.0648
0.4000 16.3259 0.0725
0.5000 32.5481 0.0794
0.6000 53.1109 0.0852
0.7000 77.9860 0.0908
0.8000 106.9635 0.0968
0.9000 140.0953 0.1038
1.0000 177.3816 0.1120
#TI average gradients and standard deviation in kcal/mol
0.0000 2482422.7345 36464543.9442
0.1000 -11.1429 14.6574
0.2000 51.9137 13.1853
0.3000 98.1886 12.3548
0.4000 142.0517 12.5478
0.5000 183.3301 11.8480
0.6000 226.3850 11.6156
0.7000 269.0083 11.7007
0.8000 310.9958 12.6119
0.9000 352.3448 14.5649
1.0000 397.3535 17.2341
#PMF from TI in kcal/mol
0.0000 0.0000
0.1000 124120.5796
0.2000 124122.6181
0.3000 124130.1232
0.4000 124142.1352
0.5000 124158.4043
0.6000 124178.8901
0.7000 124203.6597
0.8000 124232.6599
0.9000 124265.8270
1.0000 124303.3119
#MBAR free energy difference in kcal/mol: 
177.381580, 0.111992 
#TI free energy difference in kcal/mol: 
124303.311892  
Starting /export/users/common/BioSimSpace/sire.app/bin/analyse_freenrg: number of threads equals 32
