# Analysing data contained in file(s) ['lambda_0.0000/simfile.dat', 'lambda_0.1000/simfile.dat', 'lambda_0.2000/simfile.dat', 'lambda_0.3000/simfile.dat', 'lambda_0.4000/simfile.dat', 'lambda_0.5000/simfile.dat', 'lambda_0.6000/simfile.dat', 'lambda_0.7000/simfile.dat', 'lambda_0.8000/simfile.dat', 'lambda_0.9000/simfile.dat', 'lambda_1.0000/simfile.dat']
#Overlap matrix
0.9858 0.0142 0.0000 0.0000 0.0000 0.0000 0.0000 0.0000 0.0000 0.0000 0.0000
0.0142 0.8980 0.0878 0.0001 0.0000 0.0000 0.0000 0.0000 0.0000 0.0000 0.0000
0.0000 0.0878 0.8038 0.1082 0.0002 0.0000 0.0000 0.0000 0.0000 0.0000 0.0000
0.0000 0.0001 0.1082 0.7751 0.1163 0.0003 0.0000 0.0000 0.0000 0.0000 0.0000
0.0000 0.0000 0.0002 0.1163 0.7589 0.1241 0.0005 0.0000 0.0000 0.0000 0.0000
0.0000 0.0000 0.0000 0.0003 0.1241 0.7404 0.1343 0.0008 0.0000 0.0000 0.0000
0.0000 0.0000 0.0000 0.0000 0.0005 0.1343 0.7204 0.1439 0.0009 0.0000 0.0000
0.0000 0.0000 0.0000 0.0000 0.0000 0.0008 0.1439 0.7084 0.1457 0.0011 0.0000
0.0000 0.0000 0.0000 0.0000 0.0000 0.0000 0.0009 0.1457 0.7041 0.1483 0.0009
0.0000 0.0000 0.0000 0.0000 0.0000 0.0000 0.0000 0.0011 0.1483 0.7193 0.1313
0.0000 0.0000 0.0000 0.0000 0.0000 0.0000 0.0000 0.0000 0.0009 0.1313 0.8677
#DG from neighbouring lambda in kcal/mol
0.0000 0.1000 10.5145 0.1164
0.1000 0.2000 6.7861 0.0430
0.2000 0.3000 5.7698 0.0377
0.3000 0.4000 5.1485 0.0360
0.4000 0.5000 4.6749 0.0344
0.5000 0.6000 4.3398 0.0326
0.6000 0.7000 4.2592 0.0310
0.7000 0.8000 4.3088 0.0307
0.8000 0.9000 5.1013 0.0303
0.9000 1.0000 8.6378 0.0331
#PMF from MBAR in kcal/mol
0.0000 0.0000 0.0000
0.1000 10.5145 0.1164
0.2000 17.3006 0.1256
0.3000 23.0705 0.1327
0.4000 28.2189 0.1389
0.5000 32.8938 0.1444
0.6000 37.2335 0.1493
0.7000 41.4927 0.1537
0.8000 45.8015 0.1580
0.9000 50.9029 0.1620
1.0000 59.5406 0.1665
#TI average gradients and standard deviation in kcal/mol
0.0000 181.6204 59.2168
0.1000 76.6199 21.1924
0.2000 61.4542 18.0959
0.3000 54.2866 17.5667
0.4000 49.4548 17.0045
0.5000 45.2429 16.5076
0.6000 42.5706 15.7607
0.7000 42.0266 15.7807
0.8000 45.4468 15.1453
0.9000 61.0121 15.1723
1.0000 125.3756 17.5812
#PMF from TI in kcal/mol
0.0000 0.0000
0.1000 12.9120
0.2000 19.8157
0.3000 25.6028
0.4000 30.7898
0.5000 35.5247
0.6000 39.9154
0.7000 44.1453
0.8000 48.5189
0.9000 53.8419
1.0000 63.1613
#MBAR free energy difference in kcal/mol: 
59.540645, 0.166511 
#TI free energy difference in kcal/mol: 
63.161258  
Starting /export/users/common/BioSimSpace/sire.app/bin/analyse_freenrg: number of threads equals 32
