# Analysing data contained in file(s) ['lambda_0.0000/simfile.dat', 'lambda_0.1000/simfile.dat', 'lambda_0.2000/simfile.dat', 'lambda_0.3000/simfile.dat', 'lambda_0.4000/simfile.dat', 'lambda_0.5000/simfile.dat', 'lambda_0.6000/simfile.dat', 'lambda_0.7000/simfile.dat', 'lambda_0.8000/simfile.dat', 'lambda_0.9000/simfile.dat', 'lambda_1.0000/simfile.dat']
#Overlap matrix
0.9544 0.0456 0.0000 0.0000 0.0000 0.0000 0.0000 0.0000 0.0000 0.0000 0.0000
0.0456 0.8929 0.0615 0.0000 0.0000 0.0000 0.0000 0.0000 0.0000 0.0000 0.0000
0.0000 0.0615 0.8833 0.0552 0.0000 0.0000 0.0000 0.0000 0.0000 0.0000 0.0000
0.0000 0.0000 0.0552 0.8855 0.0593 0.0000 0.0000 0.0000 0.0000 0.0000 0.0000
0.0000 0.0000 0.0000 0.0593 0.8534 0.0873 0.0000 0.0000 0.0000 0.0000 0.0000
0.0000 0.0000 0.0000 0.0000 0.0873 0.8219 0.0908 0.0000 0.0000 0.0000 0.0000
0.0000 0.0000 0.0000 0.0000 0.0000 0.0908 0.8189 0.0899 0.0003 0.0000 0.0000
0.0000 0.0000 0.0000 0.0000 0.0000 0.0000 0.0899 0.7890 0.1207 0.0002 0.0000
0.0000 0.0000 0.0000 0.0000 0.0000 0.0000 0.0003 0.1207 0.7676 0.1107 0.0007
0.0000 0.0000 0.0000 0.0000 0.0000 0.0000 0.0000 0.0002 0.1107 0.7396 0.1495
0.0000 0.0000 0.0000 0.0000 0.0000 0.0000 0.0000 0.0000 0.0007 0.1495 0.8497
#DG from neighbouring lambda in kcal/mol
0.0000 0.1000 -6.3986 0.2420
0.1000 0.2000 -2.1911 0.2047
0.2000 0.3000 -1.0105 0.2175
0.3000 0.4000 -1.1306 0.2089
0.4000 0.5000 -1.1049 0.1666
0.5000 0.6000 -0.9505 0.1626
0.6000 0.7000 -1.2197 0.1633
0.7000 0.8000 -0.7812 0.1354
0.8000 0.9000 -1.0247 0.1430
0.9000 1.0000 -0.9730 0.1169
#PMF from MBAR in kcal/mol
0.0000 0.0000 0.0000
0.1000 -6.3986 0.2420
0.2000 -8.5896 0.3261
0.3000 -9.6002 0.3994
0.4000 -10.7308 0.4572
0.5000 -11.8357 0.4926
0.6000 -12.7861 0.5243
0.7000 -14.0059 0.5544
0.8000 -14.7871 0.5757
0.9000 -15.8118 0.5980
1.0000 -16.7847 0.6140
#TI average gradients and standard deviation in kcal/mol
0.0000 -122.0078 23.4133
0.1000 -30.4057 21.0367
0.2000 -13.0485 20.6924
0.3000 -9.9199 21.0245
0.4000 -14.1290 19.1431
0.5000 -9.3171 18.0430
0.6000 -8.8067 17.9421
0.7000 -9.9831 17.1003
0.8000 -9.2938 15.9109
0.9000 -9.2054 14.6208
1.0000 -9.4909 14.6598
#PMF from TI in kcal/mol
0.0000 0.0000
0.1000 -7.6207
0.2000 -9.7934
0.3000 -10.9418
0.4000 -12.1442
0.5000 -13.3165
0.6000 -14.2227
0.7000 -15.1622
0.8000 -16.1261
0.9000 -17.0510
1.0000 -17.9858
#MBAR free energy difference in kcal/mol: 
-16.784724, 0.613963 
#TI free energy difference in kcal/mol: 
-17.985847  
Starting /export/users/common/BioSimSpace/sire.app/bin/analyse_freenrg: number of threads equals 32
