# Analysing data contained in file(s) ['lambda_0.0000/simfile.dat', 'lambda_0.1000/simfile.dat', 'lambda_0.2000/simfile.dat', 'lambda_0.3000/simfile.dat', 'lambda_0.4000/simfile.dat', 'lambda_0.5000/simfile.dat', 'lambda_0.6000/simfile.dat', 'lambda_0.7000/simfile.dat', 'lambda_0.8000/simfile.dat', 'lambda_0.9000/simfile.dat', 'lambda_1.0000/simfile.dat']
#Overlap matrix
0.8913 0.1060 0.0027 0.0000 0.0000 0.0000 0.0000 0.0000 0.0000 0.0000 0.0000
0.1060 0.7149 0.1720 0.0070 0.0001 0.0000 0.0000 0.0000 0.0000 0.0000 0.0000
0.0027 0.1720 0.6238 0.1870 0.0142 0.0003 0.0000 0.0000 0.0000 0.0000 0.0000
0.0000 0.0070 0.1870 0.5738 0.2155 0.0165 0.0002 0.0000 0.0000 0.0000 0.0000
0.0000 0.0001 0.0142 0.2155 0.5530 0.2065 0.0106 0.0001 0.0000 0.0000 0.0000
0.0000 0.0000 0.0003 0.0165 0.2065 0.5633 0.2054 0.0079 0.0001 0.0000 0.0000
0.0000 0.0000 0.0000 0.0002 0.0106 0.2054 0.6101 0.1620 0.0116 0.0002 0.0000
0.0000 0.0000 0.0000 0.0000 0.0001 0.0079 0.1620 0.6291 0.1897 0.0112 0.0001
0.0000 0.0000 0.0000 0.0000 0.0000 0.0001 0.0116 0.1897 0.5983 0.1913 0.0091
0.0000 0.0000 0.0000 0.0000 0.0000 0.0000 0.0002 0.0112 0.1913 0.5969 0.2004
0.0000 0.0000 0.0000 0.0000 0.0000 0.0000 0.0000 0.0001 0.0091 0.2004 0.7904
#DG from neighbouring lambda in kcal/mol
0.0000 0.1000 -2.3636 0.1403
0.1000 0.2000 1.6734 0.0979
0.2000 0.3000 1.9883 0.0878
0.3000 0.4000 1.7717 0.0756
0.4000 0.5000 1.4985 0.0793
0.5000 0.6000 0.9694 0.0823
0.6000 0.7000 0.2563 0.0982
0.7000 0.8000 0.3534 0.0864
0.8000 0.9000 0.4675 0.0866
0.9000 1.0000 -0.0635 0.0872
#PMF from MBAR in kcal/mol
0.0000 0.0000 0.0000
0.1000 -2.3636 0.1403
0.2000 -0.6902 0.1843
0.3000 1.2981 0.2148
0.4000 3.0698 0.2362
0.5000 4.5683 0.2570
0.6000 5.5378 0.2778
0.7000 5.7941 0.3021
0.8000 6.1475 0.3202
0.9000 6.6150 0.3379
1.0000 6.5515 0.3552
#TI average gradients and standard deviation in kcal/mol
0.0000 -76.7370 21.5094
0.1000 6.6100 14.0875
0.2000 21.1095 12.7269
0.3000 21.3997 11.6710
0.4000 16.5395 12.8208
0.5000 12.1132 12.4959
0.6000 7.3361 12.0497
0.7000 -0.3433 15.9529
0.8000 7.3222 11.8538
0.9000 0.9349 12.2509
1.0000 3.2303 13.7109
#PMF from TI in kcal/mol
0.0000 0.0000
0.1000 -3.5064
0.2000 -2.1204
0.3000 0.0051
0.4000 1.9020
0.5000 3.3347
0.6000 4.3071
0.7000 4.6568
0.8000 5.0057
0.9000 5.4186
1.0000 5.6268
#MBAR free energy difference in kcal/mol: 
6.551501, 0.355158 
#TI free energy difference in kcal/mol: 
5.626841  
Starting /export/users/common/BioSimSpace/sire.app/bin/analyse_freenrg: number of threads equals 32
