# Analysing data contained in file(s) ['lambda_0.0000/simfile.dat', 'lambda_0.1000/simfile.dat', 'lambda_0.2000/simfile.dat', 'lambda_0.3000/simfile.dat', 'lambda_0.4000/simfile.dat', 'lambda_0.5000/simfile.dat', 'lambda_0.6000/simfile.dat', 'lambda_0.7000/simfile.dat', 'lambda_0.8000/simfile.dat', 'lambda_0.9000/simfile.dat', 'lambda_1.0000/simfile.dat']
#Overlap matrix
0.9978 0.0022 0.0000 0.0000 0.0000 0.0000 0.0000 0.0000 0.0000 0.0000 0.0000
0.0022 0.9954 0.0024 0.0000 0.0000 0.0000 0.0000 0.0000 0.0000 0.0000 0.0000
0.0000 0.0024 0.9950 0.0026 0.0000 0.0000 0.0000 0.0000 0.0000 0.0000 0.0000
0.0000 0.0000 0.0026 0.9899 0.0075 0.0000 0.0000 0.0000 0.0000 0.0000 0.0000
0.0000 0.0000 0.0000 0.0075 0.9871 0.0054 0.0000 0.0000 0.0000 0.0000 0.0000
0.0000 0.0000 0.0000 0.0000 0.0054 0.9885 0.0061 0.0000 0.0000 0.0000 0.0000
0.0000 0.0000 0.0000 0.0000 0.0000 0.0061 0.9888 0.0052 0.0000 0.0000 0.0000
0.0000 0.0000 0.0000 0.0000 0.0000 0.0000 0.0052 0.9911 0.0038 0.0000 0.0000
0.0000 0.0000 0.0000 0.0000 0.0000 0.0000 0.0000 0.0038 0.9931 0.0031 0.0000
0.0000 0.0000 0.0000 0.0000 0.0000 0.0000 0.0000 0.0000 0.0031 0.9946 0.0022
0.0000 0.0000 0.0000 0.0000 0.0000 0.0000 0.0000 0.0000 0.0000 0.0022 0.9978
#DG from neighbouring lambda in kcal/mol
0.0000 0.1000 0.9083 0.5704
0.1000 0.2000 -2.7332 0.5366
0.2000 0.3000 -6.0947 0.5217
0.3000 0.4000 -11.0683 0.3053
0.4000 0.5000 -14.0817 0.3591
0.5000 0.6000 -17.5576 0.3388
0.6000 0.7000 -20.6868 0.3681
0.7000 0.8000 -23.0096 0.4324
0.8000 0.9000 -24.4409 0.4734
0.9000 1.0000 -23.0368 0.5623
#PMF from MBAR in kcal/mol
0.0000 0.0000 0.0000
0.1000 0.9083 0.5704
0.2000 -1.8248 0.7840
0.3000 -7.9195 0.9425
0.4000 -18.9879 0.9914
0.5000 -33.0695 1.0551
0.6000 -50.6271 1.1088
0.7000 -71.3138 1.1689
0.8000 -94.3235 1.2469
0.9000 -118.7644 1.3343
1.0000 -141.8012 1.4484
#TI average gradients and standard deviation in kcal/mol
0.0000 1662819489847.3743 73956248864724.9531
0.1000 -9.4288 34.6929
0.2000 -42.2521 34.0263
0.3000 -84.9232 33.5342
0.4000 -122.3899 32.1855
0.5000 -154.4001 31.9349
0.6000 -189.5346 31.6991
0.7000 -218.9407 31.9756
0.8000 -242.6100 32.7171
0.9000 -245.7896 34.4262
1.0000 -185.7994 51.1318
#PMF from TI in kcal/mol
0.0000 0.0000
0.1000 83140974491.8973
0.2000 83140974489.3132
0.3000 83140974482.9545
0.4000 83140974472.5888
0.5000 83140974458.7493
0.6000 83140974441.5526
0.7000 83140974421.1288
0.8000 83140974398.0513
0.9000 83140974373.6313
1.0000 83140974352.0518
#MBAR free energy difference in kcal/mol: 
-141.801160, 1.448384 
#TI free energy difference in kcal/mol: 
83140974352.051849  
Starting /export/users/common/BioSimSpace/sire.app/bin/analyse_freenrg: number of threads equals 32
