# Analysing data contained in file(s) ['lambda_0.0000/simfile.dat', 'lambda_0.1000/simfile.dat', 'lambda_0.2000/simfile.dat', 'lambda_0.3000/simfile.dat', 'lambda_0.4000/simfile.dat', 'lambda_0.5000/simfile.dat', 'lambda_0.6000/simfile.dat', 'lambda_0.7000/simfile.dat', 'lambda_0.8000/simfile.dat', 'lambda_0.9000/simfile.dat', 'lambda_1.0000/simfile.dat']
#Overlap matrix
0.6345 0.2858 0.0705 0.0086 0.0005 0.0000 0.0000 0.0000 0.0000 0.0000 0.0000
0.2858 0.3887 0.2460 0.0702 0.0088 0.0005 0.0000 0.0000 0.0000 0.0000 0.0000
0.0705 0.2460 0.3670 0.2392 0.0682 0.0086 0.0005 0.0000 0.0000 0.0000 0.0000
0.0086 0.0702 0.2392 0.3630 0.2421 0.0682 0.0081 0.0005 0.0000 0.0000 0.0000
0.0005 0.0088 0.0682 0.2421 0.3678 0.2369 0.0655 0.0094 0.0008 0.0000 0.0000
0.0000 0.0005 0.0086 0.0682 0.2369 0.3610 0.2371 0.0746 0.0120 0.0011 0.0000
0.0000 0.0000 0.0005 0.0081 0.0655 0.2371 0.3606 0.2409 0.0753 0.0113 0.0007
0.0000 0.0000 0.0000 0.0005 0.0094 0.0746 0.2409 0.3622 0.2417 0.0643 0.0063
0.0000 0.0000 0.0000 0.0000 0.0008 0.0120 0.0753 0.2417 0.3930 0.2389 0.0382
0.0000 0.0000 0.0000 0.0000 0.0000 0.0011 0.0113 0.0643 0.2389 0.4752 0.2091
0.0000 0.0000 0.0000 0.0000 0.0000 0.0000 0.0007 0.0063 0.0382 0.2091 0.7455
#DG from neighbouring lambda in kcal/mol
0.0000 0.1000 -1.3154 0.0287
0.1000 0.2000 -1.0435 0.0261
0.2000 0.3000 -0.8018 0.0263
0.3000 0.4000 -0.6285 0.0261
0.4000 0.5000 -0.5166 0.0269
0.5000 0.6000 -0.4431 0.0260
0.6000 0.7000 -0.2246 0.0247
0.7000 0.8000 0.2203 0.0258
0.8000 0.9000 1.1798 0.0306
0.9000 1.0000 3.6132 0.0441
#PMF from MBAR in kcal/mol
0.0000 0.0000 0.0000
0.1000 -1.3154 0.0287
0.2000 -2.3589 0.0482
0.3000 -3.1607 0.0626
0.4000 -3.7892 0.0743
0.5000 -4.3058 0.0845
0.6000 -4.7489 0.0936
0.7000 -4.9735 0.1010
0.8000 -4.7532 0.1081
0.9000 -3.5734 0.1161
1.0000 0.0398 0.1282
#TI average gradients and standard deviation in kcal/mol
0.0000 -15.2405 7.7447
0.1000 -11.8763 8.2154
0.2000 -9.4074 8.4152
0.3000 -7.0380 7.9308
0.4000 -5.7217 7.7113
0.5000 -3.5221 7.6110
0.6000 -3.8484 7.6991
0.7000 -0.5824 7.6757
0.8000 5.5515 8.6311
0.9000 20.1977 9.8843
1.0000 57.6313 14.1254
#PMF from TI in kcal/mol
0.0000 0.0000
0.1000 -1.3558
0.2000 -2.4200
0.3000 -3.2423
0.4000 -3.8803
0.5000 -4.3425
0.6000 -4.7110
0.7000 -4.9325
0.8000 -4.6841
0.9000 -3.3966
1.0000 0.4948
#MBAR free energy difference in kcal/mol: 
0.039810, 0.128162 
#TI free energy difference in kcal/mol: 
0.494826  
Starting /export/users/common/BioSimSpace/sire.app/bin/analyse_freenrg: number of threads equals 32
