# Analysing data contained in file(s) ['lambda_0.0000/simfile.dat', 'lambda_0.1000/simfile.dat', 'lambda_0.2000/simfile.dat', 'lambda_0.3000/simfile.dat', 'lambda_0.4000/simfile.dat', 'lambda_0.5000/simfile.dat', 'lambda_0.6000/simfile.dat', 'lambda_0.7000/simfile.dat', 'lambda_0.8000/simfile.dat', 'lambda_0.9000/simfile.dat', 'lambda_1.0000/simfile.dat']
#Overlap matrix
0.8675 0.1318 0.0007 0.0000 0.0000 0.0000 0.0000 0.0000 0.0000 0.0000 0.0000
0.1318 0.7278 0.1393 0.0011 0.0000 0.0000 0.0000 0.0000 0.0000 0.0000 0.0000
0.0007 0.1393 0.7081 0.1503 0.0016 0.0000 0.0000 0.0000 0.0000 0.0000 0.0000
0.0000 0.0011 0.1503 0.6879 0.1580 0.0027 0.0000 0.0000 0.0000 0.0000 0.0000
0.0000 0.0000 0.0016 0.1580 0.6573 0.1787 0.0044 0.0000 0.0000 0.0000 0.0000
0.0000 0.0000 0.0000 0.0027 0.1787 0.6243 0.1869 0.0074 0.0001 0.0000 0.0000
0.0000 0.0000 0.0000 0.0000 0.0044 0.1869 0.5989 0.1995 0.0101 0.0002 0.0000
0.0000 0.0000 0.0000 0.0000 0.0000 0.0074 0.1995 0.5688 0.2091 0.0147 0.0004
0.0000 0.0000 0.0000 0.0000 0.0000 0.0001 0.0101 0.2091 0.5392 0.2213 0.0202
0.0000 0.0000 0.0000 0.0000 0.0000 0.0000 0.0002 0.0147 0.2213 0.5295 0.2344
0.0000 0.0000 0.0000 0.0000 0.0000 0.0000 0.0000 0.0004 0.0202 0.2344 0.7450
#DG from neighbouring lambda in kcal/mol
0.0000 0.1000 12.2633 0.0319
0.1000 0.2000 11.5221 0.0305
0.2000 0.3000 10.7748 0.0288
0.3000 0.4000 9.9933 0.0276
0.4000 0.5000 9.2570 0.0249
0.5000 0.6000 8.5342 0.0236
0.6000 0.7000 7.8507 0.0219
0.7000 0.8000 7.1348 0.0205
0.8000 0.9000 6.5692 0.0188
0.9000 1.0000 6.4550 0.0189
#PMF from MBAR in kcal/mol
0.0000 0.0000 0.0000
0.1000 12.2633 0.0319
0.2000 23.7854 0.0480
0.3000 34.5601 0.0590
0.4000 44.5534 0.0677
0.5000 53.8105 0.0744
0.6000 62.3447 0.0801
0.7000 70.1954 0.0849
0.8000 77.3302 0.0890
0.9000 83.8995 0.0924
1.0000 90.3544 0.0957
#TI average gradients and standard deviation in kcal/mol
0.0000 126.0913 16.6567
0.1000 118.7884 15.6419
0.2000 111.5007 15.0113
0.3000 104.2322 14.1879
0.4000 96.4008 13.4818
0.5000 89.0395 13.1955
0.6000 81.7140 12.0118
0.7000 74.6068 11.8969
0.8000 68.4668 10.7834
0.9000 64.3062 10.5423
1.0000 66.3955 11.2141
#PMF from TI in kcal/mol
0.0000 0.0000
0.1000 12.2440
0.2000 23.7584
0.3000 34.5451
0.4000 44.5767
0.5000 53.8487
0.6000 62.3864
0.7000 70.2025
0.8000 77.3561
0.9000 83.9948
1.0000 90.5299
#MBAR free energy difference in kcal/mol: 
90.354424, 0.095689 
#TI free energy difference in kcal/mol: 
90.529877  
Starting /export/users/common/BioSimSpace/sire.app/bin/analyse_freenrg: number of threads equals 32
