# Analysing data contained in file(s) ['lambda_0.0000/simfile.dat', 'lambda_0.1000/simfile.dat', 'lambda_0.2000/simfile.dat', 'lambda_0.3000/simfile.dat', 'lambda_0.4000/simfile.dat', 'lambda_0.5000/simfile.dat', 'lambda_0.6000/simfile.dat', 'lambda_0.7000/simfile.dat', 'lambda_0.8000/simfile.dat', 'lambda_0.9000/simfile.dat', 'lambda_1.0000/simfile.dat']
#Overlap matrix
0.8623 0.1338 0.0039 0.0000 0.0000 0.0000 0.0000 0.0000 0.0000 0.0000 0.0000
0.1338 0.6410 0.2101 0.0148 0.0003 0.0000 0.0000 0.0000 0.0000 0.0000 0.0000
0.0039 0.2101 0.5318 0.2298 0.0237 0.0007 0.0000 0.0000 0.0000 0.0000 0.0000
0.0000 0.0148 0.2298 0.4932 0.2321 0.0290 0.0011 0.0000 0.0000 0.0000 0.0000
0.0000 0.0003 0.0237 0.2321 0.4731 0.2344 0.0347 0.0017 0.0000 0.0000 0.0000
0.0000 0.0000 0.0007 0.0290 0.2344 0.4521 0.2432 0.0387 0.0019 0.0000 0.0000
0.0000 0.0000 0.0000 0.0011 0.0347 0.2432 0.4414 0.2389 0.0391 0.0016 0.0000
0.0000 0.0000 0.0000 0.0000 0.0017 0.0387 0.2389 0.4422 0.2432 0.0347 0.0006
0.0000 0.0000 0.0000 0.0000 0.0000 0.0019 0.0391 0.2432 0.4574 0.2395 0.0190
0.0000 0.0000 0.0000 0.0000 0.0000 0.0000 0.0016 0.0347 0.2395 0.5176 0.2067
0.0000 0.0000 0.0000 0.0000 0.0000 0.0000 0.0000 0.0006 0.0190 0.2067 0.7737
#DG from neighbouring lambda in kcal/mol
0.0000 0.1000 12.3045 0.0345
0.1000 0.2000 8.5824 0.0232
0.2000 0.3000 5.5983 0.0199
0.3000 0.4000 2.8812 0.0187
0.4000 0.5000 0.2956 0.0178
0.5000 0.6000 -2.1443 0.0166
0.6000 0.7000 -4.4785 0.0166
0.7000 0.8000 -6.6358 0.0166
0.8000 0.9000 -8.1853 0.0181
0.9000 1.0000 -7.5961 0.0235
#PMF from MBAR in kcal/mol
0.0000 0.0000 0.0000
0.1000 12.3045 0.0345
0.2000 20.8868 0.0461
0.3000 26.4851 0.0535
0.4000 29.3663 0.0594
0.5000 29.6619 0.0644
0.6000 27.5177 0.0686
0.7000 23.0391 0.0725
0.8000 16.4034 0.0762
0.9000 8.2181 0.0801
1.0000 0.6220 0.0854
#TI average gradients and standard deviation in kcal/mol
0.0000 143.1600 15.9632
0.1000 104.1191 12.3060
0.2000 70.1064 11.1275
0.3000 38.8310 10.3039
0.4000 14.6299 8.4192
0.5000 -7.7613 9.5192
0.6000 -34.9623 7.6304
0.7000 -51.9578 8.5755
0.8000 -74.3409 10.4794
0.9000 -86.9942 10.9773
1.0000 -57.1920 14.1975
#PMF from TI in kcal/mol
0.0000 0.0000
0.1000 12.3640
0.2000 21.0752
0.3000 26.5221
0.4000 29.1951
0.5000 29.5386
0.6000 27.4024
0.7000 23.0564
0.8000 16.7414
0.9000 8.6747
1.0000 1.4654
#MBAR free energy difference in kcal/mol: 
0.622003, 0.085421 
#TI free energy difference in kcal/mol: 
1.465383  #WARNING SUBSAMPLING GRADIENTS RESULTED IN LESS THAN 50 SAMPLES, CONSIDER RERUN WITHOUT SUBSAMPLE OPTION 
Starting /export/users/common/BioSimSpace/sire.app/bin/analyse_freenrg: number of threads equals 32
