# Analysing data contained in file(s) ['lambda_0.0000/simfile.dat', 'lambda_0.1000/simfile.dat', 'lambda_0.2000/simfile.dat', 'lambda_0.3000/simfile.dat', 'lambda_0.4000/simfile.dat', 'lambda_0.5000/simfile.dat', 'lambda_0.6000/simfile.dat', 'lambda_0.7000/simfile.dat', 'lambda_0.8000/simfile.dat', 'lambda_0.9000/simfile.dat', 'lambda_1.0000/simfile.dat']
#Overlap matrix
0.8080 0.1844 0.0075 0.0001 0.0000 0.0000 0.0000 0.0000 0.0000 0.0000 0.0000
0.1844 0.5968 0.2075 0.0112 0.0001 0.0000 0.0000 0.0000 0.0000 0.0000 0.0000
0.0075 0.2075 0.5580 0.2150 0.0120 0.0001 0.0000 0.0000 0.0000 0.0000 0.0000
0.0001 0.0112 0.2150 0.5521 0.2105 0.0112 0.0001 0.0000 0.0000 0.0000 0.0000
0.0000 0.0001 0.0120 0.2105 0.5587 0.2082 0.0105 0.0001 0.0000 0.0000 0.0000
0.0000 0.0000 0.0001 0.0112 0.2082 0.5586 0.2113 0.0105 0.0001 0.0000 0.0000
0.0000 0.0000 0.0000 0.0001 0.0105 0.2113 0.5611 0.2068 0.0101 0.0001 0.0000
0.0000 0.0000 0.0000 0.0000 0.0001 0.0105 0.2068 0.5695 0.2044 0.0087 0.0000
0.0000 0.0000 0.0000 0.0000 0.0000 0.0001 0.0101 0.2044 0.5784 0.2018 0.0053
0.0000 0.0000 0.0000 0.0000 0.0000 0.0000 0.0001 0.0087 0.2018 0.6239 0.1656
0.0000 0.0000 0.0000 0.0000 0.0000 0.0000 0.0000 0.0000 0.0053 0.1656 0.8291
#DG from neighbouring lambda in kcal/mol
0.0000 0.1000 3.6085 0.0232
0.1000 0.2000 3.6857 0.0202
0.2000 0.3000 2.9176 0.0192
0.3000 0.4000 1.7711 0.0196
0.4000 0.5000 0.4244 0.0199
0.5000 0.6000 -1.0502 0.0197
0.6000 0.7000 -2.5330 0.0201
0.7000 0.8000 -4.0448 0.0204
0.8000 0.9000 -5.5545 0.0210
0.9000 1.0000 -6.9694 0.0254
#PMF from MBAR in kcal/mol
0.0000 0.0000 0.0000
0.1000 3.6085 0.0232
0.2000 7.2942 0.0349
0.3000 10.2117 0.0431
0.4000 11.9829 0.0500
0.5000 12.4073 0.0562
0.6000 11.3571 0.0618
0.7000 8.8241 0.0670
0.8000 4.7794 0.0720
0.9000 -0.7752 0.0768
1.0000 -7.7446 0.0826
#TI average gradients and standard deviation in kcal/mol
0.0000 29.4027 14.4662
0.1000 38.5443 12.6895
0.2000 34.0726 11.8839
0.3000 24.0404 11.6703
0.4000 11.4105 11.6894
0.5000 -2.7870 12.0934
0.6000 -17.5377 12.0253
0.7000 -32.9501 11.9927
0.8000 -47.9712 12.2660
0.9000 -62.4895 12.6543
1.0000 -75.8270 15.8762
#PMF from TI in kcal/mol
0.0000 0.0000
0.1000 3.3974
0.2000 7.0282
0.3000 9.9338
0.4000 11.7064
0.5000 12.1376
0.6000 11.1213
0.7000 8.5969
0.8000 4.5509
0.9000 -0.9722
1.0000 -7.8880
#MBAR free energy difference in kcal/mol: 
-7.744592, 0.082614 
#TI free energy difference in kcal/mol: 
-7.887986  
Starting /export/users/common/BioSimSpace/sire.app/bin/analyse_freenrg: number of threads equals 32
