# Analysing data contained in file(s) ['lambda_0.0000/simfile.dat', 'lambda_0.1000/simfile.dat', 'lambda_0.2000/simfile.dat', 'lambda_0.3000/simfile.dat', 'lambda_0.4000/simfile.dat', 'lambda_0.5000/simfile.dat', 'lambda_0.6000/simfile.dat', 'lambda_0.7000/simfile.dat', 'lambda_0.8000/simfile.dat', 'lambda_0.9000/simfile.dat', 'lambda_1.0000/simfile.dat']
#Overlap matrix
0.9390 0.0608 0.0002 0.0000 0.0000 0.0000 0.0000 0.0000 0.0000 0.0000 0.0000
0.0608 0.7534 0.1834 0.0023 0.0000 0.0000 0.0000 0.0000 0.0000 0.0000 0.0000
0.0002 0.1834 0.6649 0.1490 0.0025 0.0000 0.0000 0.0000 0.0000 0.0000 0.0000
0.0000 0.0023 0.1490 0.6788 0.1680 0.0019 0.0000 0.0000 0.0000 0.0000 0.0000
0.0000 0.0000 0.0025 0.1680 0.6637 0.1641 0.0017 0.0000 0.0000 0.0000 0.0000
0.0000 0.0000 0.0000 0.0019 0.1641 0.6904 0.1416 0.0019 0.0000 0.0000 0.0000
0.0000 0.0000 0.0000 0.0000 0.0017 0.1416 0.7102 0.1453 0.0012 0.0000 0.0000
0.0000 0.0000 0.0000 0.0000 0.0000 0.0019 0.1453 0.7076 0.1440 0.0012 0.0000
0.0000 0.0000 0.0000 0.0000 0.0000 0.0000 0.0012 0.1440 0.7391 0.1155 0.0002
0.0000 0.0000 0.0000 0.0000 0.0000 0.0000 0.0000 0.0012 0.1155 0.8178 0.0655
0.0000 0.0000 0.0000 0.0000 0.0000 0.0000 0.0000 0.0000 0.0002 0.0655 0.9343
#DG from neighbouring lambda in kcal/mol
0.0000 0.1000 -1.4137 0.3410
0.1000 0.2000 -1.7102 0.1652
0.2000 0.3000 -1.1621 0.1907
0.3000 0.4000 -1.0175 0.1753
0.4000 0.5000 -1.1147 0.1789
0.5000 0.6000 -1.2047 0.1986
0.6000 0.7000 -1.1347 0.1957
0.7000 0.8000 -1.1287 0.1976
0.8000 0.9000 -0.3517 0.2301
0.9000 1.0000 2.4560 0.3267
#PMF from MBAR in kcal/mol
0.0000 0.0000 0.0000
0.1000 -1.4137 0.3410
0.2000 -3.1239 0.3994
0.3000 -4.2859 0.4590
0.4000 -5.3034 0.5061
0.5000 -6.4182 0.5507
0.6000 -7.6228 0.5981
0.7000 -8.7575 0.6409
0.8000 -9.8862 0.6819
0.9000 -10.2379 0.7301
1.0000 -7.7818 0.8096
#TI average gradients and standard deviation in kcal/mol
0.0000 3577818.1994 13769886.8550
0.1000 -15.6669 24.7743
0.2000 -11.8012 14.0911
0.3000 -16.3657 14.2035
0.4000 -3.3839 15.6829
0.5000 -12.9009 11.0156
0.6000 -11.6198 14.9219
0.7000 -15.6273 13.1480
0.8000 -9.7156 12.6579
0.9000 11.8098 17.2871
1.0000 63.3661 24.0544
#PMF from TI in kcal/mol
0.0000 0.0000
0.1000 178890.1266
0.2000 178888.7532
0.3000 178887.3449
0.4000 178886.3574
0.5000 178885.5432
0.6000 178884.3171
0.7000 178882.9548
0.8000 178881.6876
0.9000 178881.7923
1.0000 178885.5511
#MBAR free energy difference in kcal/mol: 
-7.781847, 0.809569  #WARNING SUBSAMPLING ENERGIES RESULTED IN LESS THAN 50 SAMPLES, CONSIDER RERUN WITHOUT SUBSAMPLE OPTION
#TI free energy difference in kcal/mol: 
178885.551138  #WARNING SUBSAMPLING GRADIENTS RESULTED IN LESS THAN 50 SAMPLES, CONSIDER RERUN WITHOUT SUBSAMPLE OPTION 
Starting /export/users/common/BioSimSpace/sire.app/bin/analyse_freenrg: number of threads equals 32
