# Analysing data contained in file(s) ['lambda_0.0000/simfile.dat', 'lambda_0.1000/simfile.dat', 'lambda_0.2000/simfile.dat', 'lambda_0.3000/simfile.dat', 'lambda_0.4000/simfile.dat', 'lambda_0.5000/simfile.dat', 'lambda_0.6000/simfile.dat', 'lambda_0.7000/simfile.dat', 'lambda_0.8000/simfile.dat', 'lambda_0.9000/simfile.dat', 'lambda_1.0000/simfile.dat']
#Overlap matrix
0.9895 0.0105 0.0000 0.0000 0.0000 0.0000 0.0000 0.0000 0.0000 0.0000 0.0000
0.0105 0.9616 0.0279 0.0000 0.0000 0.0000 0.0000 0.0000 0.0000 0.0000 0.0000
0.0000 0.0279 0.9337 0.0384 0.0000 0.0000 0.0000 0.0000 0.0000 0.0000 0.0000
0.0000 0.0000 0.0384 0.9150 0.0466 0.0000 0.0000 0.0000 0.0000 0.0000 0.0000
0.0000 0.0000 0.0000 0.0466 0.9053 0.0482 0.0000 0.0000 0.0000 0.0000 0.0000
0.0000 0.0000 0.0000 0.0000 0.0482 0.9110 0.0409 0.0000 0.0000 0.0000 0.0000
0.0000 0.0000 0.0000 0.0000 0.0000 0.0409 0.9219 0.0372 0.0000 0.0000 0.0000
0.0000 0.0000 0.0000 0.0000 0.0000 0.0000 0.0372 0.9385 0.0243 0.0000 0.0000
0.0000 0.0000 0.0000 0.0000 0.0000 0.0000 0.0000 0.0243 0.9597 0.0160 0.0000
0.0000 0.0000 0.0000 0.0000 0.0000 0.0000 0.0000 0.0000 0.0160 0.9785 0.0055
0.0000 0.0000 0.0000 0.0000 0.0000 0.0000 0.0000 0.0000 0.0000 0.0055 0.9945
#DG from neighbouring lambda in kcal/mol
0.0000 0.1000 15.8523 0.1506
0.1000 0.2000 8.3459 0.0908
0.2000 0.3000 3.5148 0.0766
0.3000 0.4000 -0.3845 0.0689
0.4000 0.5000 -3.9198 0.0677
0.5000 0.6000 -7.5143 0.0740
0.6000 0.7000 -11.6529 0.0779
0.7000 0.8000 -16.5349 0.0978
0.8000 0.9000 -21.9202 0.1214
0.9000 1.0000 -26.1383 0.2093
#PMF from MBAR in kcal/mol
0.0000 0.0000 0.0000
0.1000 15.8523 0.1506
0.2000 24.1982 0.1772
0.3000 27.7130 0.1943
0.4000 27.3285 0.2074
0.5000 23.4087 0.2192
0.6000 15.8944 0.2324
0.7000 4.2415 0.2461
0.8000 -12.2934 0.2658
0.9000 -34.2136 0.2930
1.0000 -60.3518 0.3608
#TI average gradients and standard deviation in kcal/mol
0.0000 205.2137 31.6883
0.1000 115.2219 26.4595
0.2000 56.5899 23.2039
0.3000 14.7482 22.2880
0.4000 -21.2049 22.0638
0.5000 -57.4702 21.8100
0.6000 -96.6962 23.4814
0.7000 -140.4451 24.3606
0.8000 -193.4325 26.4817
0.9000 -244.8559 29.4058
1.0000 -268.8886 36.4006
#PMF from TI in kcal/mol
0.0000 0.0000
0.1000 16.0218
0.2000 24.6124
0.3000 28.1793
0.4000 27.8564
0.5000 23.9227
0.6000 16.2143
0.7000 4.3573
0.8000 -12.3366
0.9000 -34.2510
1.0000 -59.9382
#MBAR free energy difference in kcal/mol: 
-60.351845, 0.360785 
#TI free energy difference in kcal/mol: 
-59.938246  
Starting /export/users/common/BioSimSpace/sire.app/bin/analyse_freenrg: number of threads equals 32
