# Analysing data contained in file(s) ['lambda_0.0000/simfile.dat', 'lambda_0.1000/simfile.dat', 'lambda_0.2000/simfile.dat', 'lambda_0.3000/simfile.dat', 'lambda_0.4000/simfile.dat', 'lambda_0.5000/simfile.dat', 'lambda_0.6000/simfile.dat', 'lambda_0.7000/simfile.dat', 'lambda_0.8000/simfile.dat', 'lambda_0.9000/simfile.dat', 'lambda_1.0000/simfile.dat']
#Overlap matrix
1.0000 0.0000 0.0000 0.0000 0.0000 0.0000 0.0000 0.0000 0.0000 0.0000 0.0000
0.0000 0.9740 0.0259 0.0000 0.0000 0.0000 0.0000 0.0000 0.0000 0.0000 0.0000
0.0000 0.0259 0.8590 0.1143 0.0007 0.0000 0.0000 0.0000 0.0000 0.0000 0.0000
0.0000 0.0000 0.1143 0.7276 0.1559 0.0022 0.0000 0.0000 0.0000 0.0000 0.0000
0.0000 0.0000 0.0007 0.1559 0.6767 0.1641 0.0026 0.0000 0.0000 0.0000 0.0000
0.0000 0.0000 0.0000 0.0022 0.1641 0.6642 0.1685 0.0010 0.0000 0.0000 0.0000
0.0000 0.0000 0.0000 0.0000 0.0026 0.1685 0.7295 0.0994 0.0000 0.0000 0.0000
0.0000 0.0000 0.0000 0.0000 0.0000 0.0010 0.0994 0.8841 0.0154 0.0001 0.0000
0.0000 0.0000 0.0000 0.0000 0.0000 0.0000 0.0000 0.0154 0.8217 0.1629 0.0000
0.0000 0.0000 0.0000 0.0000 0.0000 0.0000 0.0000 0.0001 0.1629 0.8370 0.0000
0.0000 0.0000 0.0000 0.0000 0.0000 0.0000 0.0000 0.0000 0.0000 0.0000 1.0000
#DG from neighbouring lambda in kcal/mol
0.0000 0.1000 38.7448 46.6927
0.1000 0.2000 -1.2450 0.0774
0.2000 0.3000 -5.3157 0.0331
0.3000 0.4000 -6.7481 0.0266
0.4000 0.5000 -7.3600 0.0254
0.5000 0.6000 -7.2853 0.0250
0.6000 0.7000 -6.1238 0.0361
0.7000 0.8000 -7.2315 0.1014
0.8000 0.9000 -10.2851 0.0261
0.9000 1.0000 -25.1626 466.9260
#PMF from MBAR in kcal/mol
0.0000 0.0000 0.0000
0.1000 38.7448 46.6927
0.2000 37.4998 46.6927
0.3000 32.1841 46.6927
0.4000 25.4360 46.6927
0.5000 18.0759 46.6927
0.6000 10.7906 46.6927
0.7000 4.6668 46.6927
0.8000 -2.5647 46.6927
0.9000 -12.8498 46.6927
1.0000 -38.0123 420.2333
#TI average gradients and standard deviation in kcal/mol
0.0000 2415.4657 344.5755
0.1000 54.8138 38.9783
0.2000 -38.6188 20.8443
0.3000 -60.8402 14.1716
0.4000 -71.4149 12.4409
0.5000 -75.6651 16.6649
0.6000 -72.9961 14.5885
0.7000 -55.7288 18.5954
0.8000 -93.5193 14.3753
0.9000 -106.8862 19.4222
1.0000 -4256.0695 1538.6116
#PMF from TI in kcal/mol
0.0000 0.0000
0.1000 123.5140
0.2000 124.3237
0.3000 119.3508
0.4000 112.7380
0.5000 105.3840
0.6000 97.9510
0.7000 91.5147
0.8000 84.0523
0.9000 74.0320
1.0000 -144.1157
#MBAR free energy difference in kcal/mol: 
-38.012349, 420.233345 
#TI free energy difference in kcal/mol: 
-144.115748  #WARNING SUBSAMPLING GRADIENTS RESULTED IN LESS THAN 50 SAMPLES, CONSIDER RERUN WITHOUT SUBSAMPLE OPTION 
Starting /export/users/common/BioSimSpace/sire.app/bin/analyse_freenrg: number of threads equals 32
