# Analysing data contained in file(s) ['lambda_0.0000/simfile.dat', 'lambda_0.1000/simfile.dat', 'lambda_0.2000/simfile.dat', 'lambda_0.3000/simfile.dat', 'lambda_0.4000/simfile.dat', 'lambda_0.5000/simfile.dat', 'lambda_0.6000/simfile.dat', 'lambda_0.7000/simfile.dat', 'lambda_0.8000/simfile.dat', 'lambda_0.9000/simfile.dat', 'lambda_1.0000/simfile.dat']
#Overlap matrix
0.8372 0.1571 0.0057 0.0000 0.0000 0.0000 0.0000 0.0000 0.0000 0.0000 0.0000
0.1571 0.6329 0.2019 0.0081 0.0000 0.0000 0.0000 0.0000 0.0000 0.0000 0.0000
0.0057 0.2019 0.5821 0.2018 0.0085 0.0000 0.0000 0.0000 0.0000 0.0000 0.0000
0.0000 0.0081 0.2018 0.5830 0.2005 0.0066 0.0000 0.0000 0.0000 0.0000 0.0000
0.0000 0.0000 0.0085 0.2005 0.5954 0.1919 0.0038 0.0000 0.0000 0.0000 0.0000
0.0000 0.0000 0.0000 0.0066 0.1919 0.6421 0.1587 0.0007 0.0000 0.0000 0.0000
0.0000 0.0000 0.0000 0.0000 0.0038 0.1587 0.7211 0.1163 0.0002 0.0000 0.0000
0.0000 0.0000 0.0000 0.0000 0.0000 0.0007 0.1163 0.7766 0.1063 0.0002 0.0000
0.0000 0.0000 0.0000 0.0000 0.0000 0.0000 0.0002 0.1063 0.7660 0.1268 0.0007
0.0000 0.0000 0.0000 0.0000 0.0000 0.0000 0.0000 0.0002 0.1268 0.7357 0.1372
0.0000 0.0000 0.0000 0.0000 0.0000 0.0000 0.0000 0.0000 0.0007 0.1372 0.8621
#DG from neighbouring lambda in kcal/mol
0.0000 0.1000 1.0795 0.0287
0.1000 0.2000 5.8870 0.0229
0.2000 0.3000 7.6998 0.0227
0.3000 0.4000 8.9115 0.0229
0.4000 0.5000 9.9216 0.0242
0.5000 0.6000 10.6370 0.0286
0.6000 0.7000 10.3642 0.0360
0.7000 0.8000 9.4358 0.0382
0.8000 0.9000 8.6323 0.0340
0.9000 1.0000 8.7297 0.0323
#PMF from MBAR in kcal/mol
0.0000 0.0000 0.0000
0.1000 1.0795 0.0287
0.2000 6.9665 0.0410
0.3000 14.6663 0.0502
0.4000 23.5778 0.0581
0.5000 33.4994 0.0656
0.6000 44.1364 0.0740
0.7000 54.5006 0.0846
0.8000 63.9364 0.0949
0.9000 72.5687 0.1027
1.0000 81.2984 0.1094
#TI average gradients and standard deviation in kcal/mol
0.0000 -34.3829 19.4664
0.1000 43.2149 12.9096
0.2000 69.5905 12.5203
0.3000 83.7815 12.2651
0.4000 94.4802 12.4708
0.5000 103.8326 13.7064
0.6000 107.0964 16.0131
0.7000 99.2468 17.6677
0.8000 89.2056 17.8011
0.9000 86.6020 15.6612
1.0000 88.3586 16.5672
#PMF from TI in kcal/mol
0.0000 0.0000
0.1000 0.4416
0.2000 6.0819
0.3000 13.7505
0.4000 22.6636
0.5000 32.5792
0.6000 43.1257
0.7000 53.4428
0.8000 62.8654
0.9000 71.6558
1.0000 80.4038
#MBAR free energy difference in kcal/mol: 
81.298435, 0.109423 
#TI free energy difference in kcal/mol: 
80.403845  
Starting /export/users/common/BioSimSpace/sire.app/bin/analyse_freenrg: number of threads equals 32
