# Analysing data contained in file(s) ['lambda_0.0000/simfile.dat', 'lambda_0.1000/simfile.dat', 'lambda_0.2000/simfile.dat', 'lambda_0.3000/simfile.dat', 'lambda_0.4000/simfile.dat', 'lambda_0.5000/simfile.dat', 'lambda_0.6000/simfile.dat', 'lambda_0.7000/simfile.dat', 'lambda_0.8000/simfile.dat', 'lambda_0.9000/simfile.dat', 'lambda_1.0000/simfile.dat']
#Overlap matrix
0.8554 0.1421 0.0025 0.0000 0.0000 0.0000 0.0000 0.0000 0.0000 0.0000 0.0000
0.1421 0.6800 0.1742 0.0037 0.0000 0.0000 0.0000 0.0000 0.0000 0.0000 0.0000
0.0025 0.1742 0.6396 0.1794 0.0043 0.0000 0.0000 0.0000 0.0000 0.0000 0.0000
0.0000 0.0037 0.1794 0.6355 0.1779 0.0035 0.0000 0.0000 0.0000 0.0000 0.0000
0.0000 0.0000 0.0043 0.1779 0.6396 0.1744 0.0037 0.0000 0.0000 0.0000 0.0000
0.0000 0.0000 0.0000 0.0035 0.1744 0.6388 0.1789 0.0043 0.0000 0.0000 0.0000
0.0000 0.0000 0.0000 0.0000 0.0037 0.1789 0.6318 0.1821 0.0035 0.0000 0.0000
0.0000 0.0000 0.0000 0.0000 0.0000 0.0043 0.1821 0.6315 0.1795 0.0025 0.0000
0.0000 0.0000 0.0000 0.0000 0.0000 0.0000 0.0035 0.1795 0.6584 0.1570 0.0015
0.0000 0.0000 0.0000 0.0000 0.0000 0.0000 0.0000 0.0025 0.1570 0.6975 0.1430
0.0000 0.0000 0.0000 0.0000 0.0000 0.0000 0.0000 0.0000 0.0015 0.1430 0.8555
#DG from neighbouring lambda in kcal/mol
0.0000 0.1000 2.8606 0.0454
0.1000 0.2000 3.3909 0.0385
0.2000 0.3000 3.4547 0.0374
0.3000 0.4000 3.3631 0.0377
0.4000 0.5000 3.0699 0.0383
0.5000 0.6000 2.8293 0.0375
0.6000 0.7000 2.7547 0.0370
0.7000 0.8000 2.7389 0.0377
0.8000 0.9000 2.8781 0.0420
0.9000 1.0000 3.3883 0.0454
#PMF from MBAR in kcal/mol
0.0000 0.0000 0.0000
0.1000 2.8606 0.0454
0.2000 6.2514 0.0656
0.3000 9.7061 0.0803
0.4000 13.0692 0.0927
0.5000 16.1391 0.1040
0.6000 18.9684 0.1139
0.7000 21.7231 0.1228
0.8000 24.4621 0.1313
0.9000 27.3402 0.1406
1.0000 30.7285 0.1504
#TI average gradients and standard deviation in kcal/mol
0.0000 20.3090 15.6056
0.1000 32.7131 14.9670
0.2000 35.3272 13.8562
0.3000 33.3613 13.9396
0.4000 32.0490 13.8498
0.5000 29.4909 13.4805
0.6000 29.2511 13.4025
0.7000 27.1509 14.1592
0.8000 27.2320 14.0424
0.9000 30.7375 14.7312
1.0000 -311.9959 4185.3775
#PMF from TI in kcal/mol
0.0000 0.0000
0.1000 2.6511
0.2000 6.0531
0.3000 9.4876
0.4000 12.7581
0.5000 15.8351
0.6000 18.7722
0.7000 21.5923
0.8000 24.3114
0.9000 27.2099
1.0000 13.1470
#MBAR free energy difference in kcal/mol: 
30.728522, 0.150420 
#TI free energy difference in kcal/mol: 
13.146962  
Starting /export/users/common/BioSimSpace/sire.app/bin/analyse_freenrg: number of threads equals 32
