# Analysing data contained in file(s) ['lambda_0.0000/simfile.dat', 'lambda_0.1000/simfile.dat', 'lambda_0.2000/simfile.dat', 'lambda_0.3000/simfile.dat', 'lambda_0.4000/simfile.dat', 'lambda_0.5000/simfile.dat', 'lambda_0.6000/simfile.dat', 'lambda_0.7000/simfile.dat', 'lambda_0.8000/simfile.dat', 'lambda_0.9000/simfile.dat', 'lambda_1.0000/simfile.dat']
#Overlap matrix
0.7456 0.2373 0.0168 0.0002 0.0000 0.0000 0.0000 0.0000 0.0000 0.0000 0.0000
0.2373 0.5262 0.2197 0.0165 0.0002 0.0000 0.0000 0.0000 0.0000 0.0000 0.0000
0.0168 0.2197 0.5233 0.2226 0.0174 0.0002 0.0000 0.0000 0.0000 0.0000 0.0000
0.0002 0.0165 0.2226 0.5246 0.2207 0.0152 0.0001 0.0000 0.0000 0.0000 0.0000
0.0000 0.0002 0.0174 0.2207 0.5331 0.2157 0.0128 0.0001 0.0000 0.0000 0.0000
0.0000 0.0000 0.0002 0.0152 0.2157 0.5471 0.2107 0.0110 0.0001 0.0000 0.0000
0.0000 0.0000 0.0000 0.0001 0.0128 0.2107 0.5543 0.2115 0.0104 0.0000 0.0000
0.0000 0.0000 0.0000 0.0000 0.0001 0.0110 0.2115 0.5648 0.2051 0.0075 0.0000
0.0000 0.0000 0.0000 0.0000 0.0000 0.0001 0.0104 0.2051 0.5982 0.1863 0.0000
0.0000 0.0000 0.0000 0.0000 0.0000 0.0000 0.0000 0.0075 0.1863 0.8026 0.0037
0.0000 0.0000 0.0000 0.0000 0.0000 0.0000 0.0000 0.0000 0.0000 0.0037 0.9963
#DG from neighbouring lambda in kcal/mol
0.0000 0.1000 -0.6183 0.0203
0.1000 0.2000 -0.4134 0.0205
0.2000 0.3000 -0.4201 0.0202
0.3000 0.4000 -0.4629 0.0204
0.4000 0.5000 -0.6206 0.0212
0.5000 0.6000 -0.9041 0.0219
0.6000 0.7000 -1.3056 0.0221
0.7000 0.8000 -1.7603 0.0230
0.8000 0.9000 -2.4192 0.0259
0.9000 1.0000 -7.4826 0.2392
#PMF from MBAR in kcal/mol
0.0000 0.0000 0.0000
0.1000 -0.6183 0.0203
0.2000 -1.0317 0.0338
0.3000 -1.4518 0.0432
0.4000 -1.9148 0.0509
0.5000 -2.5354 0.0580
0.6000 -3.4395 0.0646
0.7000 -4.7450 0.0707
0.8000 -6.5053 0.0766
0.9000 -8.9245 0.0830
1.0000 -16.4071 0.2541
#TI average gradients and standard deviation in kcal/mol
0.0000 -9.8366 10.1328
0.1000 -4.3145 11.5286
0.2000 -2.9196 11.5879
0.3000 -5.1566 10.8461
0.4000 -2.8091 10.7066
0.5000 -8.4922 9.8772
0.6000 -9.9905 11.5919
0.7000 -14.7757 12.8370
0.8000 -18.6862 12.2189
0.9000 -28.9125 15.5894
1.0000 -2396.2748 1439.5519
#PMF from TI in kcal/mol
0.0000 0.0000
0.1000 -0.7076
0.2000 -1.0693
0.3000 -1.4731
0.4000 -1.8714
0.5000 -2.4364
0.6000 -3.3606
0.7000 -4.5989
0.8000 -6.2720
0.9000 -8.6519
1.0000 -129.9113
#MBAR free energy difference in kcal/mol: 
-16.407096, 0.254053 
#TI free energy difference in kcal/mol: 
-129.911260  
Starting /export/users/common/BioSimSpace/sire.app/bin/analyse_freenrg: number of threads equals 32
