# Analysing data contained in file(s) ['lambda_0.0000/simfile.dat', 'lambda_0.1000/simfile.dat', 'lambda_0.2000/simfile.dat', 'lambda_0.3000/simfile.dat', 'lambda_0.4000/simfile.dat', 'lambda_0.5000/simfile.dat', 'lambda_0.6000/simfile.dat', 'lambda_0.7000/simfile.dat', 'lambda_0.8000/simfile.dat', 'lambda_0.9000/simfile.dat', 'lambda_1.0000/simfile.dat']
#Overlap matrix
1.0000 0.0000 0.0000 0.0000 0.0000 0.0000 0.0000 0.0000 0.0000 0.0000 0.0000
0.0000 0.9278 0.0722 0.0000 0.0000 0.0000 0.0000 0.0000 0.0000 0.0000 0.0000
0.0000 0.0722 0.8001 0.1263 0.0015 0.0000 0.0000 0.0000 0.0000 0.0000 0.0000
0.0000 0.0000 0.1263 0.7055 0.1681 0.0002 0.0000 0.0000 0.0000 0.0000 0.0000
0.0000 0.0000 0.0015 0.1681 0.7022 0.1278 0.0005 0.0000 0.0000 0.0000 0.0000
0.0000 0.0000 0.0000 0.0002 0.1278 0.7573 0.1144 0.0003 0.0000 0.0000 0.0000
0.0000 0.0000 0.0000 0.0000 0.0005 0.1144 0.7574 0.1276 0.0001 0.0000 0.0000
0.0000 0.0000 0.0000 0.0000 0.0000 0.0003 0.1276 0.8076 0.0646 0.0000 0.0000
0.0000 0.0000 0.0000 0.0000 0.0000 0.0000 0.0001 0.0646 0.9133 0.0221 0.0000
0.0000 0.0000 0.0000 0.0000 0.0000 0.0000 0.0000 0.0000 0.0221 0.9634 0.0145
0.0000 0.0000 0.0000 0.0000 0.0000 0.0000 0.0000 0.0000 0.0000 0.0145 0.9855
#DG from neighbouring lambda in kcal/mol
0.0000 0.1000 34.5269 0.6210
0.1000 0.2000 10.5834 0.4026
0.2000 0.3000 5.6930 0.2823
0.3000 0.4000 4.1593 0.2306
0.4000 0.5000 1.3568 0.2812
0.5000 0.6000 -1.0628 0.3021
0.6000 0.7000 -3.9503 0.2820
0.7000 0.8000 -7.5870 0.4290
0.8000 0.9000 -13.8545 0.7693
0.9000 1.0000 -24.1460 0.9554
#PMF from MBAR in kcal/mol
0.0000 0.0000 0.0000
0.1000 34.5269 0.6210
0.2000 45.1102 0.4839
0.3000 50.8032 0.4139
0.4000 54.9626 0.3726
0.5000 56.3194 0.3435
0.6000 55.2566 0.3432
0.7000 51.3063 0.3728
0.8000 43.7193 0.4726
0.9000 29.8648 0.7713
1.0000 5.7188 1.1606
#TI average gradients and standard deviation in kcal/mol
0.0000 1870.4851 508.2554
0.1000 129.2751 28.7762
0.2000 77.1056 17.2659
0.3000 46.0314 17.8178
0.4000 27.0838 14.1032
0.5000 11.0291 16.2268
0.6000 -22.0721 17.1890
0.7000 -58.2092 20.2527
0.8000 -107.6596 18.9764
0.9000 -189.6543 23.9739
1.0000 -358.1171 33.1872
#PMF from TI in kcal/mol
0.0000 0.0000
0.1000 99.9880
0.2000 110.3070
0.3000 116.4639
0.4000 120.1197
0.5000 122.0253
0.6000 121.4731
0.7000 117.4591
0.8000 109.1657
0.9000 94.3000
1.0000 66.9114
#MBAR free energy difference in kcal/mol: 
5.718840, 1.160569  #WARNING SUBSAMPLING ENERGIES RESULTED IN LESS THAN 50 SAMPLES, CONSIDER RERUN WITHOUT SUBSAMPLE OPTION
#TI free energy difference in kcal/mol: 
66.911382  
Starting /export/users/common/BioSimSpace/sire.app/bin/analyse_freenrg: number of threads equals 32
