# Analysing data contained in file(s) ['lambda_0.0000/simfile.dat', 'lambda_0.1000/simfile.dat', 'lambda_0.2000/simfile.dat', 'lambda_0.3000/simfile.dat', 'lambda_0.4000/simfile.dat', 'lambda_0.5000/simfile.dat', 'lambda_0.6000/simfile.dat', 'lambda_0.7000/simfile.dat', 'lambda_0.8000/simfile.dat', 'lambda_0.9000/simfile.dat', 'lambda_1.0000/simfile.dat']
#Overlap matrix
0.9212 0.0784 0.0004 0.0000 0.0000 0.0000 0.0000 0.0000 0.0000 0.0000 0.0000
0.0784 0.7757 0.1429 0.0029 0.0000 0.0000 0.0000 0.0000 0.0000 0.0000 0.0000
0.0004 0.1429 0.6486 0.2010 0.0071 0.0000 0.0000 0.0000 0.0000 0.0000 0.0000
0.0000 0.0029 0.2010 0.6071 0.1827 0.0062 0.0001 0.0000 0.0000 0.0000 0.0000
0.0000 0.0000 0.0071 0.1827 0.6017 0.1974 0.0109 0.0001 0.0000 0.0000 0.0000
0.0000 0.0000 0.0000 0.0062 0.1974 0.5947 0.1945 0.0071 0.0000 0.0000 0.0000
0.0000 0.0000 0.0000 0.0001 0.0109 0.1945 0.5811 0.2051 0.0084 0.0000 0.0000
0.0000 0.0000 0.0000 0.0000 0.0001 0.0071 0.2051 0.5842 0.1982 0.0053 0.0000
0.0000 0.0000 0.0000 0.0000 0.0000 0.0000 0.0084 0.1982 0.6002 0.1889 0.0043
0.0000 0.0000 0.0000 0.0000 0.0000 0.0000 0.0000 0.0053 0.1889 0.6204 0.1854
0.0000 0.0000 0.0000 0.0000 0.0000 0.0000 0.0000 0.0000 0.0043 0.1854 0.8103
#DG from neighbouring lambda in kcal/mol
0.0000 0.1000 5.5718 0.1504
0.1000 0.2000 6.6440 0.1012
0.2000 0.3000 6.0254 0.0762
0.3000 0.4000 5.3756 0.0811
0.4000 0.5000 4.4926 0.0752
0.5000 0.6000 3.9514 0.0759
0.6000 0.7000 3.1745 0.0734
0.7000 0.8000 2.4684 0.0760
0.8000 0.9000 1.4948 0.0803
0.9000 1.0000 0.4471 0.0832
#PMF from MBAR in kcal/mol
0.0000 0.0000 0.0000
0.1000 5.5718 0.1504
0.2000 12.2158 0.1922
0.3000 18.2413 0.2158
0.4000 23.6169 0.2380
0.5000 28.1094 0.2567
0.6000 32.0609 0.2737
0.7000 35.2354 0.2896
0.8000 37.7038 0.3052
0.9000 39.1985 0.3214
1.0000 39.6457 0.3376
#TI average gradients and standard deviation in kcal/mol
0.0000 29.5807 21.0007
0.1000 69.6881 16.4105
0.2000 62.8043 13.6025
0.3000 57.6973 13.0006
0.4000 49.9413 12.9223
0.5000 42.3276 12.8843
0.6000 34.9748 12.5107
0.7000 27.7494 12.5466
0.8000 20.0109 12.9559
0.9000 10.9068 13.5778
1.0000 3.3174 13.4735
#PMF from TI in kcal/mol
0.0000 0.0000
0.1000 4.9634
0.2000 11.5881
0.3000 17.6131
0.4000 22.9951
0.5000 27.6085
0.6000 31.4736
0.7000 34.6098
0.8000 36.9979
0.9000 38.5437
1.0000 39.2549
#MBAR free energy difference in kcal/mol: 
39.645659, 0.337629 
#TI free energy difference in kcal/mol: 
39.254945  
Starting /export/users/common/BioSimSpace/sire.app/bin/analyse_freenrg: number of threads equals 32
