# Analysing data contained in file(s) ['lambda_0.0000/simfile.dat', 'lambda_0.1000/simfile.dat', 'lambda_0.2000/simfile.dat', 'lambda_0.3000/simfile.dat', 'lambda_0.4000/simfile.dat', 'lambda_0.5000/simfile.dat', 'lambda_0.6000/simfile.dat', 'lambda_0.7000/simfile.dat', 'lambda_0.8000/simfile.dat', 'lambda_0.9000/simfile.dat', 'lambda_1.0000/simfile.dat']
#Overlap matrix
0.8916 0.1034 0.0050 0.0000 0.0000 0.0000 0.0000 0.0000 0.0000 0.0000 0.0000
0.1034 0.7363 0.1598 0.0005 0.0000 0.0000 0.0000 0.0000 0.0000 0.0000 0.0000
0.0050 0.1598 0.6562 0.1786 0.0005 0.0000 0.0000 0.0000 0.0000 0.0000 0.0000
0.0000 0.0005 0.1786 0.6621 0.1546 0.0041 0.0000 0.0000 0.0000 0.0000 0.0000
0.0000 0.0000 0.0005 0.1546 0.7006 0.1425 0.0018 0.0000 0.0000 0.0000 0.0000
0.0000 0.0000 0.0000 0.0041 0.1425 0.6463 0.2036 0.0035 0.0000 0.0000 0.0000
0.0000 0.0000 0.0000 0.0000 0.0018 0.2036 0.6075 0.1845 0.0026 0.0000 0.0000
0.0000 0.0000 0.0000 0.0000 0.0000 0.0035 0.1845 0.6928 0.1141 0.0051 0.0000
0.0000 0.0000 0.0000 0.0000 0.0000 0.0000 0.0026 0.1141 0.7454 0.1378 0.0001
0.0000 0.0000 0.0000 0.0000 0.0000 0.0000 0.0000 0.0051 0.1378 0.8435 0.0135
0.0000 0.0000 0.0000 0.0000 0.0000 0.0000 0.0000 0.0000 0.0001 0.0135 0.9865
#DG from neighbouring lambda in kcal/mol
0.0000 0.1000 3.0127 0.7174
0.1000 0.2000 3.6411 0.5372
0.2000 0.3000 3.0229 0.5036
0.3000 0.4000 1.9464 0.5519
0.4000 0.5000 2.0894 0.5806
0.5000 0.6000 1.9709 0.4454
0.6000 0.7000 1.8487 0.4807
0.7000 0.8000 1.7383 0.6650
0.8000 0.9000 3.2005 0.5962
0.9000 1.0000 8.3987 2.2593
#PMF from MBAR in kcal/mol
0.0000 0.0000 0.0000
0.1000 3.0127 0.7174
0.2000 6.6538 0.9517
0.3000 9.6766 1.1398
0.4000 11.6230 1.3205
0.5000 13.7125 1.4826
0.6000 15.6833 1.5907
0.7000 17.5320 1.7004
0.8000 19.2703 1.8602
0.9000 22.4709 1.9790
1.0000 30.8695 3.0260
#TI average gradients and standard deviation in kcal/mol
0.0000 47.9167 17.7439
0.1000 33.9576 18.1007
0.2000 10.0962 23.1906
0.3000 18.9217 13.3771
0.4000 20.2280 16.3336
0.5000 20.7535 11.6973
0.6000 18.3620 7.0895
0.7000 22.7663 13.4454
0.8000 12.6727 19.3573
0.9000 33.4869 13.2032
1.0000 106.8696 5.8623
#PMF from TI in kcal/mol
0.0000 0.0000
0.1000 4.0937
0.2000 6.2964
0.3000 7.7473
0.4000 9.7048
0.5000 11.7538
0.6000 13.7096
0.7000 15.7660
0.8000 17.5380
0.9000 19.8460
1.0000 26.8638
#MBAR free energy difference in kcal/mol: 
30.869534, 3.026007  #WARNING SUBSAMPLING ENERGIES RESULTED IN LESS THAN 50 SAMPLES, CONSIDER RERUN WITHOUT SUBSAMPLE OPTION
#TI free energy difference in kcal/mol: 
26.863791  #WARNING SUBSAMPLING GRADIENTS RESULTED IN LESS THAN 50 SAMPLES, CONSIDER RERUN WITHOUT SUBSAMPLE OPTION 
Starting /export/users/common/BioSimSpace/sire.app/bin/analyse_freenrg: number of threads equals 32
