# Analysing data contained in file(s) ['lambda_0.0000/simfile.dat', 'lambda_0.1000/simfile.dat', 'lambda_0.2000/simfile.dat', 'lambda_0.3000/simfile.dat', 'lambda_0.4000/simfile.dat', 'lambda_0.5000/simfile.dat', 'lambda_0.6000/simfile.dat', 'lambda_0.7000/simfile.dat', 'lambda_0.8000/simfile.dat', 'lambda_0.9000/simfile.dat', 'lambda_1.0000/simfile.dat']
#Overlap matrix
0.9003 0.0995 0.0001 0.0000 0.0000 0.0000 0.0000 0.0000 0.0000 0.0000 0.0000
0.0995 0.7967 0.1036 0.0002 0.0000 0.0000 0.0000 0.0000 0.0000 0.0000 0.0000
0.0001 0.1036 0.7784 0.1176 0.0003 0.0000 0.0000 0.0000 0.0000 0.0000 0.0000
0.0000 0.0002 0.1176 0.7625 0.1194 0.0004 0.0000 0.0000 0.0000 0.0000 0.0000
0.0000 0.0000 0.0003 0.1194 0.7589 0.1209 0.0005 0.0000 0.0000 0.0000 0.0000
0.0000 0.0000 0.0000 0.0004 0.1209 0.7517 0.1264 0.0006 0.0000 0.0000 0.0000
0.0000 0.0000 0.0000 0.0000 0.0005 0.1264 0.7331 0.1393 0.0008 0.0000 0.0000
0.0000 0.0000 0.0000 0.0000 0.0000 0.0006 0.1393 0.7205 0.1388 0.0008 0.0000
0.0000 0.0000 0.0000 0.0000 0.0000 0.0000 0.0008 0.1388 0.7174 0.1419 0.0012
0.0000 0.0000 0.0000 0.0000 0.0000 0.0000 0.0000 0.0008 0.1419 0.7090 0.1483
0.0000 0.0000 0.0000 0.0000 0.0000 0.0000 0.0000 0.0000 0.0012 0.1483 0.8505
#DG from neighbouring lambda in kcal/mol
0.0000 0.1000 -0.2144 0.0417
0.1000 0.2000 -0.3990 0.0406
0.2000 0.3000 -0.6413 0.0374
0.3000 0.4000 -0.9448 0.0370
0.4000 0.5000 -1.3240 0.0367
0.5000 0.6000 -1.6372 0.0356
0.6000 0.7000 -1.9440 0.0333
0.7000 0.8000 -2.2405 0.0333
0.8000 0.9000 -2.6313 0.0327
0.9000 1.0000 -2.9242 0.0319
#PMF from MBAR in kcal/mol
0.0000 0.0000 0.0000
0.1000 -0.2144 0.0417
0.2000 -0.6135 0.0618
0.3000 -1.2548 0.0751
0.4000 -2.1996 0.0862
0.5000 -3.5236 0.0959
0.6000 -5.1608 0.1043
0.7000 -7.1048 0.1114
0.8000 -9.3453 0.1181
0.9000 -11.9766 0.1242
1.0000 -14.9008 0.1298
#TI average gradients and standard deviation in kcal/mol
0.0000 -2.8878 18.3517
0.1000 -2.4020 17.5618
0.2000 -4.9384 17.1309
0.3000 -7.7958 16.8264
0.4000 -11.2516 16.8591
0.5000 -14.4697 16.3342
0.6000 -18.0474 15.8761
0.7000 -21.0415 15.7683
0.8000 -24.6298 15.6351
0.9000 -28.1048 15.0661
1.0000 -30.4839 15.2409
#PMF from TI in kcal/mol
0.0000 0.0000
0.1000 -0.2645
0.2000 -0.6315
0.3000 -1.2682
0.4000 -2.2206
0.5000 -3.5067
0.6000 -5.1325
0.7000 -7.0870
0.8000 -9.3705
0.9000 -12.0073
1.0000 -14.9367
#MBAR free energy difference in kcal/mol: 
-14.900808, 0.129796 
#TI free energy difference in kcal/mol: 
-14.936693  
Starting /export/users/common/BioSimSpace/sire.app/bin/analyse_freenrg: number of threads equals 32
