# Analysing data contained in file(s) ['lambda_0.0000/simfile.dat', 'lambda_0.1000/simfile.dat', 'lambda_0.2000/simfile.dat', 'lambda_0.3000/simfile.dat', 'lambda_0.4000/simfile.dat', 'lambda_0.5000/simfile.dat', 'lambda_0.6000/simfile.dat', 'lambda_0.7000/simfile.dat', 'lambda_0.8000/simfile.dat', 'lambda_0.9000/simfile.dat', 'lambda_1.0000/simfile.dat']
#Overlap matrix
0.9861 0.0139 0.0000 0.0000 0.0000 0.0000 0.0000 0.0000 0.0000 0.0000 0.0000
0.0139 0.9794 0.0067 0.0000 0.0000 0.0000 0.0000 0.0000 0.0000 0.0000 0.0000
0.0000 0.0067 0.9788 0.0145 0.0000 0.0000 0.0000 0.0000 0.0000 0.0000 0.0000
0.0000 0.0000 0.0145 0.9340 0.0515 0.0000 0.0000 0.0000 0.0000 0.0000 0.0000
0.0000 0.0000 0.0000 0.0515 0.8529 0.0955 0.0001 0.0000 0.0000 0.0000 0.0000
0.0000 0.0000 0.0000 0.0000 0.0955 0.7891 0.1150 0.0004 0.0000 0.0000 0.0000
0.0000 0.0000 0.0000 0.0000 0.0001 0.1150 0.7555 0.1286 0.0008 0.0000 0.0000
0.0000 0.0000 0.0000 0.0000 0.0000 0.0004 0.1286 0.7298 0.1404 0.0008 0.0000
0.0000 0.0000 0.0000 0.0000 0.0000 0.0000 0.0008 0.1404 0.7249 0.1336 0.0004
0.0000 0.0000 0.0000 0.0000 0.0000 0.0000 0.0000 0.0008 0.1336 0.7609 0.1047
0.0000 0.0000 0.0000 0.0000 0.0000 0.0000 0.0000 0.0000 0.0004 0.1047 0.8950
#DG from neighbouring lambda in kcal/mol
0.0000 0.1000 24.7519 0.1210
0.1000 0.2000 15.2142 0.1761
0.2000 0.3000 4.5479 0.1182
0.3000 0.4000 -1.4936 0.0604
0.4000 0.5000 -4.2413 0.0421
0.5000 0.6000 -5.5724 0.0373
0.6000 0.7000 -6.1240 0.0345
0.7000 0.8000 -6.0610 0.0325
0.8000 0.9000 -5.7227 0.0337
0.9000 1.0000 -5.3344 0.0397
#PMF from MBAR in kcal/mol
0.0000 0.0000 0.0000
0.1000 24.7519 0.1210
0.2000 39.9660 0.2146
0.3000 44.5139 0.2459
0.4000 43.0204 0.2540
0.5000 38.7791 0.2583
0.6000 33.2067 0.2617
0.7000 27.0827 0.2648
0.8000 21.0218 0.2675
0.9000 15.2991 0.2704
1.0000 9.9647 0.2740
#TI average gradients and standard deviation in kcal/mol
0.0000 286.2699 28.2996
0.1000 209.0574 28.4203
0.2000 94.9732 30.7652
0.3000 6.9856 23.9240
0.4000 -33.1595 19.5891
0.5000 -51.2412 17.4802
0.6000 -59.5431 16.2150
0.7000 -61.6784 15.4379
0.8000 -59.6342 15.4499
0.9000 -55.2934 16.4256
1.0000 -50.2985 18.1793
#PMF from TI in kcal/mol
0.0000 0.0000
0.1000 24.7664
0.2000 39.9679
0.3000 45.0658
0.4000 43.7571
0.5000 39.5371
0.6000 33.9979
0.7000 27.9368
0.8000 21.8712
0.9000 16.1248
1.0000 10.8452
#MBAR free energy difference in kcal/mol: 
9.964719, 0.274013 
#TI free energy difference in kcal/mol: 
10.845215  
Starting /export/users/common/BioSimSpace/sire.app/bin/analyse_freenrg: number of threads equals 32
