# Analysing data contained in file(s) ['lambda_0.0000/simfile.dat', 'lambda_0.1000/simfile.dat', 'lambda_0.2000/simfile.dat', 'lambda_0.3000/simfile.dat', 'lambda_0.4000/simfile.dat', 'lambda_0.5000/simfile.dat', 'lambda_0.6000/simfile.dat', 'lambda_0.7000/simfile.dat', 'lambda_0.8000/simfile.dat', 'lambda_0.9000/simfile.dat', 'lambda_1.0000/simfile.dat']
#Overlap matrix
0.8288 0.1627 0.0083 0.0002 0.0000 0.0000 0.0000 0.0000 0.0000 0.0000 0.0000
0.1627 0.5782 0.2311 0.0270 0.0010 0.0000 0.0000 0.0000 0.0000 0.0000 0.0000
0.0083 0.2311 0.4865 0.2397 0.0329 0.0014 0.0000 0.0000 0.0000 0.0000 0.0000
0.0002 0.0270 0.2397 0.4591 0.2362 0.0360 0.0017 0.0000 0.0000 0.0000 0.0000
0.0000 0.0010 0.0329 0.2362 0.4488 0.2402 0.0390 0.0019 0.0000 0.0000 0.0000
0.0000 0.0000 0.0014 0.0360 0.2402 0.4418 0.2408 0.0379 0.0019 0.0000 0.0000
0.0000 0.0000 0.0000 0.0017 0.0390 0.2408 0.4382 0.2387 0.0395 0.0020 0.0000
0.0000 0.0000 0.0000 0.0000 0.0019 0.0379 0.2387 0.4425 0.2389 0.0384 0.0018
0.0000 0.0000 0.0000 0.0000 0.0000 0.0019 0.0395 0.2389 0.4458 0.2403 0.0336
0.0000 0.0000 0.0000 0.0000 0.0000 0.0000 0.0020 0.0384 0.2403 0.4705 0.2489
0.0000 0.0000 0.0000 0.0000 0.0000 0.0000 0.0000 0.0018 0.0336 0.2489 0.7157
#DG from neighbouring lambda in kcal/mol
0.0000 0.1000 5.3037 0.0312
0.1000 0.2000 4.3012 0.0212
0.2000 0.3000 3.9270 0.0187
0.3000 0.4000 3.6721 0.0183
0.4000 0.5000 3.4873 0.0176
0.5000 0.6000 3.3917 0.0174
0.6000 0.7000 3.3255 0.0175
0.7000 0.8000 3.3698 0.0175
0.8000 0.9000 3.5505 0.0179
0.9000 1.0000 3.8861 0.0199
#PMF from MBAR in kcal/mol
0.0000 0.0000 0.0000
0.1000 5.3037 0.0312
0.2000 9.6049 0.0428
0.3000 13.5320 0.0501
0.4000 17.2040 0.0563
0.5000 20.6913 0.0616
0.6000 24.0830 0.0663
0.7000 27.4086 0.0708
0.8000 30.7783 0.0750
0.9000 34.3288 0.0790
1.0000 38.2149 0.0834
#TI average gradients and standard deviation in kcal/mol
0.0000 61.5603 15.1985
0.1000 45.5463 11.7188
0.2000 40.9460 10.2772
0.3000 37.9822 9.6230
0.4000 35.7535 9.4705
0.5000 34.6452 9.2321
0.6000 33.2180 9.4533
0.7000 33.2740 9.2909
0.8000 34.1273 9.5068
0.9000 36.6542 10.1819
1.0000 41.6503 10.9741
#PMF from TI in kcal/mol
0.0000 0.0000
0.1000 5.3553
0.2000 9.6799
0.3000 13.6264
0.4000 17.3131
0.5000 20.8331
0.6000 24.2262
0.7000 27.5508
0.8000 30.9209
0.9000 34.4600
1.0000 38.3752
#MBAR free energy difference in kcal/mol: 
38.214937, 0.083420 
#TI free energy difference in kcal/mol: 
38.375185  
Starting /export/users/common/BioSimSpace/sire.app/bin/analyse_freenrg: number of threads equals 32
