# Analysing data contained in file(s) ['lambda_0.0000/simfile.dat', 'lambda_0.1000/simfile.dat', 'lambda_0.2000/simfile.dat', 'lambda_0.3000/simfile.dat', 'lambda_0.4000/simfile.dat', 'lambda_0.5000/simfile.dat', 'lambda_0.6000/simfile.dat', 'lambda_0.7000/simfile.dat', 'lambda_0.8000/simfile.dat', 'lambda_0.9000/simfile.dat', 'lambda_1.0000/simfile.dat']
#Overlap matrix
0.7187 0.2463 0.0334 0.0016 0.0000 0.0000 0.0000 0.0000 0.0000 0.0000 0.0000
0.2463 0.4665 0.2452 0.0401 0.0019 0.0000 0.0000 0.0000 0.0000 0.0000 0.0000
0.0334 0.2452 0.4397 0.2415 0.0385 0.0016 0.0000 0.0000 0.0000 0.0000 0.0000
0.0016 0.0401 0.2415 0.4404 0.2398 0.0352 0.0014 0.0000 0.0000 0.0000 0.0000
0.0000 0.0019 0.0385 0.2398 0.4487 0.2367 0.0333 0.0011 0.0000 0.0000 0.0000
0.0000 0.0000 0.0016 0.0352 0.2367 0.4569 0.2387 0.0300 0.0008 0.0000 0.0000
0.0000 0.0000 0.0000 0.0014 0.0333 0.2387 0.4693 0.2313 0.0256 0.0005 0.0000
0.0000 0.0000 0.0000 0.0000 0.0011 0.0300 0.2313 0.4848 0.2332 0.0196 0.0001
0.0000 0.0000 0.0000 0.0000 0.0000 0.0008 0.0256 0.2332 0.5106 0.2235 0.0063
0.0000 0.0000 0.0000 0.0000 0.0000 0.0000 0.0005 0.0196 0.2235 0.6104 0.1461
0.0000 0.0000 0.0000 0.0000 0.0000 0.0000 0.0000 0.0001 0.0063 0.1461 0.8476
#DG from neighbouring lambda in kcal/mol
0.0000 0.1000 -5.5967 0.0170
0.1000 0.2000 -2.3862 0.0147
0.2000 0.3000 -0.6330 0.0146
0.3000 0.4000 0.7278 0.0150
0.4000 0.5000 1.9366 0.0155
0.5000 0.6000 3.0710 0.0157
0.6000 0.7000 4.1281 0.0166
0.7000 0.8000 5.0707 0.0171
0.8000 0.9000 5.8263 0.0191
0.9000 1.0000 5.8240 0.0287
#PMF from MBAR in kcal/mol
0.0000 0.0000 0.0000
0.1000 -5.5967 0.0170
0.2000 -7.9829 0.0269
0.3000 -8.6159 0.0340
0.4000 -7.8881 0.0400
0.5000 -5.9515 0.0454
0.6000 -2.8805 0.0504
0.7000 1.2475 0.0552
0.8000 6.3182 0.0599
0.9000 12.1445 0.0649
1.0000 17.9684 0.0731
#TI average gradients and standard deviation in kcal/mol
0.0000 -85.5142 11.2702
0.1000 -35.2476 10.0610
0.2000 -13.8058 9.4350
0.3000 1.0587 9.6233
0.4000 13.7135 10.1052
0.5000 25.3471 9.8744
0.6000 35.7908 9.9735
0.7000 45.9515 9.9053
0.8000 54.2728 10.7769
0.9000 61.4355 11.5507
1.0000 51.0827 16.9514
#PMF from TI in kcal/mol
0.0000 0.0000
0.1000 -6.0381
0.2000 -8.4908
0.3000 -9.1281
0.4000 -8.3895
0.5000 -6.4365
0.6000 -3.3796
0.7000 0.7075
0.8000 5.7187
0.9000 11.5042
1.0000 17.1301
#MBAR free energy difference in kcal/mol: 
17.968444, 0.073100 
#TI free energy difference in kcal/mol: 
17.130080  
Starting /export/users/common/BioSimSpace/sire.app/bin/analyse_freenrg: number of threads equals 32
