# Analysing data contained in file(s) ['lambda_0.0000/simfile.dat', 'lambda_0.1000/simfile.dat', 'lambda_0.2000/simfile.dat', 'lambda_0.3000/simfile.dat', 'lambda_0.4000/simfile.dat', 'lambda_0.5000/simfile.dat', 'lambda_0.6000/simfile.dat', 'lambda_0.7000/simfile.dat', 'lambda_0.8000/simfile.dat', 'lambda_0.9000/simfile.dat', 'lambda_1.0000/simfile.dat']
#Overlap matrix
0.7174 0.2489 0.0323 0.0014 0.0000 0.0000 0.0000 0.0000 0.0000 0.0000 0.0000
0.2489 0.4718 0.2410 0.0366 0.0018 0.0000 0.0000 0.0000 0.0000 0.0000 0.0000
0.0323 0.2410 0.4453 0.2400 0.0393 0.0021 0.0000 0.0000 0.0000 0.0000 0.0000
0.0014 0.0366 0.2400 0.4389 0.2393 0.0413 0.0025 0.0001 0.0000 0.0000 0.0000
0.0000 0.0018 0.0393 0.2393 0.4313 0.2405 0.0447 0.0030 0.0001 0.0000 0.0000
0.0000 0.0000 0.0021 0.0413 0.2405 0.4213 0.2426 0.0488 0.0033 0.0001 0.0000
0.0000 0.0000 0.0000 0.0025 0.0447 0.2426 0.4176 0.2423 0.0474 0.0029 0.0000
0.0000 0.0000 0.0000 0.0001 0.0030 0.0488 0.2423 0.4175 0.2429 0.0437 0.0016
0.0000 0.0000 0.0000 0.0000 0.0001 0.0033 0.0474 0.2429 0.4387 0.2400 0.0278
0.0000 0.0000 0.0000 0.0000 0.0000 0.0001 0.0029 0.0437 0.2400 0.4866 0.2267
0.0000 0.0000 0.0000 0.0000 0.0000 0.0000 0.0000 0.0016 0.0278 0.2267 0.7438
#DG from neighbouring lambda in kcal/mol
0.0000 0.1000 0.6158 0.0234
0.1000 0.2000 0.4722 0.0211
0.2000 0.3000 0.2229 0.0205
0.3000 0.4000 -0.0935 0.0202
0.4000 0.5000 -0.4440 0.0196
0.5000 0.6000 -0.7885 0.0189
0.6000 0.7000 -1.0926 0.0188
0.7000 0.8000 -1.3324 0.0191
0.8000 0.9000 -1.3497 0.0209
0.9000 1.0000 -0.9931 0.0259
#PMF from MBAR in kcal/mol
0.0000 0.0000 0.0000
0.1000 0.6158 0.0234
0.2000 1.0880 0.0375
0.3000 1.3109 0.0475
0.4000 1.2173 0.0555
0.5000 0.7733 0.0623
0.6000 -0.0152 0.0681
0.7000 -1.1078 0.0733
0.8000 -2.4402 0.0783
0.9000 -3.7899 0.0834
1.0000 -4.7830 0.0899
#TI average gradients and standard deviation in kcal/mol
0.0000 5.4880 10.4957
0.1000 5.8549 10.0365
0.2000 3.7026 9.3780
0.3000 0.4994 9.1406
0.4000 -2.9093 9.2167
0.5000 -6.3032 9.0446
0.6000 -9.3897 8.8142
0.7000 -12.1739 8.7302
0.8000 -13.8729 9.0265
0.9000 -12.7548 9.9823
1.0000 -5.2063 12.2946
#PMF from TI in kcal/mol
0.0000 0.0000
0.1000 0.5671
0.2000 1.0450
0.3000 1.2551
0.4000 1.1346
0.5000 0.6740
0.6000 -0.1106
0.7000 -1.1888
0.8000 -2.4912
0.9000 -3.8226
1.0000 -4.7206
#MBAR free energy difference in kcal/mol: 
-4.783049, 0.089904 
#TI free energy difference in kcal/mol: 
-4.720605  
Starting /export/users/common/BioSimSpace/sire.app/bin/analyse_freenrg: number of threads equals 32
