# Analysing data contained in file(s) ['lambda_0.0000/simfile.dat', 'lambda_0.1000/simfile.dat', 'lambda_0.2000/simfile.dat', 'lambda_0.3000/simfile.dat', 'lambda_0.4000/simfile.dat', 'lambda_0.5000/simfile.dat', 'lambda_0.6000/simfile.dat', 'lambda_0.7000/simfile.dat', 'lambda_0.8000/simfile.dat', 'lambda_0.9000/simfile.dat', 'lambda_1.0000/simfile.dat']
#Overlap matrix
0.9647 0.0353 0.0000 0.0000 0.0000 0.0000 0.0000 0.0000 0.0000 0.0000 0.0000
0.0353 0.9245 0.0402 0.0000 0.0000 0.0000 0.0000 0.0000 0.0000 0.0000 0.0000
0.0000 0.0402 0.9072 0.0526 0.0000 0.0000 0.0000 0.0000 0.0000 0.0000 0.0000
0.0000 0.0000 0.0526 0.8842 0.0631 0.0000 0.0000 0.0000 0.0000 0.0000 0.0000
0.0000 0.0000 0.0000 0.0631 0.8682 0.0686 0.0000 0.0000 0.0000 0.0000 0.0000
0.0000 0.0000 0.0000 0.0000 0.0686 0.8565 0.0748 0.0000 0.0000 0.0000 0.0000
0.0000 0.0000 0.0000 0.0000 0.0000 0.0748 0.8420 0.0832 0.0001 0.0000 0.0000
0.0000 0.0000 0.0000 0.0000 0.0000 0.0000 0.0832 0.8213 0.0954 0.0001 0.0000
0.0000 0.0000 0.0000 0.0000 0.0000 0.0000 0.0001 0.0954 0.8029 0.1016 0.0001
0.0000 0.0000 0.0000 0.0000 0.0000 0.0000 0.0000 0.0001 0.1016 0.8270 0.0713
0.0000 0.0000 0.0000 0.0000 0.0000 0.0000 0.0000 0.0000 0.0001 0.0713 0.9286
#DG from neighbouring lambda in kcal/mol
0.0000 0.1000 -0.9931 0.0790
0.1000 0.2000 -0.4384 0.0737
0.2000 0.3000 -0.1492 0.0635
0.3000 0.4000 -0.0426 0.0573
0.4000 0.5000 -0.3085 0.0546
0.5000 0.6000 -0.4121 0.0519
0.6000 0.7000 -0.6038 0.0487
0.7000 0.8000 -0.7332 0.0448
0.8000 0.9000 -0.9724 0.0431
0.9000 1.0000 -1.8156 0.0534
#PMF from MBAR in kcal/mol
0.0000 0.0000 0.0000
0.1000 -0.9931 0.0790
0.2000 -1.4314 0.1102
0.3000 -1.5806 0.1290
0.4000 -1.6232 0.1428
0.5000 -1.9317 0.1544
0.6000 -2.3438 0.1644
0.7000 -2.9476 0.1728
0.8000 -3.6808 0.1798
0.9000 -4.6532 0.1862
1.0000 -6.4687 0.1949
#TI average gradients and standard deviation in kcal/mol
0.0000 -12.0157 24.1571
0.1000 -5.5680 22.5405
0.2000 -2.4761 21.8052
0.3000 -1.4602 20.9723
0.4000 -2.2258 20.6393
0.5000 -3.5200 19.3275
0.6000 -4.2431 18.6375
0.7000 -6.0215 17.8604
0.8000 -8.2273 17.4531
0.9000 -11.4311 17.4893
1.0000 -31.3021 22.6770
#PMF from TI in kcal/mol
0.0000 0.0000
0.1000 -0.8792
0.2000 -1.2814
0.3000 -1.4782
0.4000 -1.6625
0.5000 -1.9498
0.6000 -2.3380
0.7000 -2.8512
0.8000 -3.5636
0.9000 -4.5465
1.0000 -6.6832
#MBAR free energy difference in kcal/mol: 
-6.468746, 0.194887 
#TI free energy difference in kcal/mol: 
-6.683207  
Starting /export/users/common/BioSimSpace/sire.app/bin/analyse_freenrg: number of threads equals 32
