# Analysing data contained in file(s) ['lambda_0.0000/simfile.dat', 'lambda_0.1000/simfile.dat', 'lambda_0.2000/simfile.dat', 'lambda_0.3000/simfile.dat', 'lambda_0.4000/simfile.dat', 'lambda_0.5000/simfile.dat', 'lambda_0.6000/simfile.dat', 'lambda_0.7000/simfile.dat', 'lambda_0.8000/simfile.dat', 'lambda_0.9000/simfile.dat', 'lambda_1.0000/simfile.dat']
#Overlap matrix
0.9411 0.0589 0.0000 0.0000 0.0000 0.0000 0.0000 0.0000 0.0000 0.0000 0.0000
0.0589 0.8707 0.0703 0.0000 0.0000 0.0000 0.0000 0.0000 0.0000 0.0000 0.0000
0.0000 0.0703 0.8487 0.0809 0.0001 0.0000 0.0000 0.0000 0.0000 0.0000 0.0000
0.0000 0.0000 0.0809 0.8217 0.0972 0.0001 0.0000 0.0000 0.0000 0.0000 0.0000
0.0000 0.0000 0.0001 0.0972 0.8005 0.1020 0.0002 0.0000 0.0000 0.0000 0.0000
0.0000 0.0000 0.0000 0.0001 0.1020 0.7819 0.1154 0.0006 0.0000 0.0000 0.0000
0.0000 0.0000 0.0000 0.0000 0.0002 0.1154 0.7425 0.1408 0.0010 0.0000 0.0000
0.0000 0.0000 0.0000 0.0000 0.0000 0.0006 0.1408 0.7087 0.1481 0.0018 0.0000
0.0000 0.0000 0.0000 0.0000 0.0000 0.0000 0.0010 0.1481 0.6801 0.1673 0.0035
0.0000 0.0000 0.0000 0.0000 0.0000 0.0000 0.0000 0.0018 0.1673 0.6548 0.1760
0.0000 0.0000 0.0000 0.0000 0.0000 0.0000 0.0000 0.0000 0.0035 0.1760 0.8205
#DG from neighbouring lambda in kcal/mol
0.0000 0.1000 -2.2504 0.0742
0.1000 0.2000 -1.0507 0.0670
0.2000 0.3000 -0.6158 0.0617
0.3000 0.4000 -0.4340 0.0551
0.4000 0.5000 -0.3036 0.0534
0.5000 0.6000 -0.3448 0.0493
0.6000 0.7000 -0.2657 0.0430
0.7000 0.8000 -0.2344 0.0412
0.8000 0.9000 -0.2546 0.0373
0.9000 1.0000 -0.2998 0.0362
#PMF from MBAR in kcal/mol
0.0000 0.0000 0.0000
0.1000 -2.2504 0.0742
0.2000 -3.3012 0.1035
0.3000 -3.9170 0.1235
0.4000 -4.3510 0.1379
0.5000 -4.6547 0.1503
0.6000 -4.9994 0.1605
0.7000 -5.2651 0.1683
0.8000 -5.4995 0.1752
0.9000 -5.7541 0.1811
1.0000 -6.0539 0.1864
#TI average gradients and standard deviation in kcal/mol
0.0000 -34.9342 21.0727
0.1000 -15.7084 20.2599
0.2000 -8.2990 19.1905
0.3000 -4.7925 18.3759
0.4000 -3.0713 17.5499
0.5000 -3.2997 16.6990
0.6000 -2.9757 15.7842
0.7000 -2.4843 14.9091
0.8000 -2.6345 13.9526
0.9000 -2.4298 13.1119
1.0000 -4.0243 12.7768
#PMF from TI in kcal/mol
0.0000 0.0000
0.1000 -2.5321
0.2000 -3.7325
0.3000 -4.3871
0.4000 -4.7803
0.5000 -5.0988
0.6000 -5.4126
0.7000 -5.6856
0.8000 -5.9415
0.9000 -6.1948
1.0000 -6.5175
#MBAR free energy difference in kcal/mol: 
-6.053930, 0.186422 
#TI free energy difference in kcal/mol: 
-6.517457  
Starting /export/users/common/BioSimSpace/sire.app/bin/analyse_freenrg: number of threads equals 32
