# Analysing data contained in file(s) ['lambda_0.0000/simfile.dat', 'lambda_0.1000/simfile.dat', 'lambda_0.2000/simfile.dat', 'lambda_0.3000/simfile.dat', 'lambda_0.4000/simfile.dat', 'lambda_0.5000/simfile.dat', 'lambda_0.6000/simfile.dat', 'lambda_0.7000/simfile.dat', 'lambda_0.8000/simfile.dat', 'lambda_0.9000/simfile.dat', 'lambda_1.0000/simfile.dat']
#Overlap matrix
0.9861 0.0139 0.0000 0.0000 0.0000 0.0000 0.0000 0.0000 0.0000 0.0000 0.0000
0.0139 0.9690 0.0171 0.0000 0.0000 0.0000 0.0000 0.0000 0.0000 0.0000 0.0000
0.0000 0.0171 0.9609 0.0220 0.0000 0.0000 0.0000 0.0000 0.0000 0.0000 0.0000
0.0000 0.0000 0.0220 0.9440 0.0339 0.0000 0.0000 0.0000 0.0000 0.0000 0.0000
0.0000 0.0000 0.0000 0.0339 0.9255 0.0406 0.0000 0.0000 0.0000 0.0000 0.0000
0.0000 0.0000 0.0000 0.0000 0.0406 0.9094 0.0500 0.0000 0.0000 0.0000 0.0000
0.0000 0.0000 0.0000 0.0000 0.0000 0.0500 0.8804 0.0696 0.0000 0.0000 0.0000
0.0000 0.0000 0.0000 0.0000 0.0000 0.0000 0.0696 0.8447 0.0856 0.0001 0.0000
0.0000 0.0000 0.0000 0.0000 0.0000 0.0000 0.0000 0.0856 0.8048 0.1090 0.0005
0.0000 0.0000 0.0000 0.0000 0.0000 0.0000 0.0000 0.0001 0.1090 0.7496 0.1413
0.0000 0.0000 0.0000 0.0000 0.0000 0.0000 0.0000 0.0000 0.0005 0.1413 0.8582
#DG from neighbouring lambda in kcal/mol
0.0000 0.1000 3.9537 0.1212
0.1000 0.2000 7.3046 0.1089
0.2000 0.3000 7.2012 0.0954
0.3000 0.4000 6.2526 0.0759
0.4000 0.5000 5.2724 0.0689
0.5000 0.6000 4.2849 0.0614
0.6000 0.7000 3.3590 0.0509
0.7000 0.8000 2.4862 0.0450
0.8000 0.9000 1.4685 0.0386
0.9000 1.0000 0.3930 0.0325
#PMF from MBAR in kcal/mol
0.0000 0.0000 0.0000
0.1000 3.9537 0.1212
0.2000 11.2583 0.1642
0.3000 18.4595 0.1910
0.4000 24.7121 0.2066
0.5000 29.9846 0.2187
0.6000 34.2695 0.2281
0.7000 37.6284 0.2346
0.8000 40.1146 0.2398
0.9000 41.5831 0.2437
1.0000 41.9761 0.2467
#TI average gradients and standard deviation in kcal/mol
0.0000 -9.8824 28.3666
0.1000 67.7584 25.9442
0.2000 73.8446 24.4799
0.3000 67.1583 23.2369
0.4000 58.0644 22.4952
0.5000 48.4707 21.2784
0.6000 38.4362 19.7306
0.7000 29.7088 18.2966
0.8000 19.6974 16.9135
0.9000 9.7546 15.6080
1.0000 0.1469 14.0998
#PMF from TI in kcal/mol
0.0000 0.0000
0.1000 2.8938
0.2000 9.9739
0.3000 17.0241
0.4000 23.2852
0.5000 28.6120
0.6000 32.9573
0.7000 36.3646
0.8000 38.8349
0.9000 40.3075
1.0000 40.8026
#MBAR free energy difference in kcal/mol: 
41.976062, 0.246694 
#TI free energy difference in kcal/mol: 
40.802559  
Starting /export/users/common/BioSimSpace/sire.app/bin/analyse_freenrg: number of threads equals 32
