# Analysing data contained in file(s) ['lambda_0.0000/simfile.dat', 'lambda_0.1000/simfile.dat', 'lambda_0.2000/simfile.dat', 'lambda_0.3000/simfile.dat', 'lambda_0.4000/simfile.dat', 'lambda_0.5000/simfile.dat', 'lambda_0.6000/simfile.dat', 'lambda_0.7000/simfile.dat', 'lambda_0.8000/simfile.dat', 'lambda_0.9000/simfile.dat', 'lambda_1.0000/simfile.dat']
#Overlap matrix
0.9578 0.0422 0.0000 0.0000 0.0000 0.0000 0.0000 0.0000 0.0000 0.0000 0.0000
0.0422 0.8865 0.0712 0.0000 0.0000 0.0000 0.0000 0.0000 0.0000 0.0000 0.0000
0.0000 0.0712 0.8486 0.0801 0.0000 0.0000 0.0000 0.0000 0.0000 0.0000 0.0000
0.0000 0.0000 0.0801 0.8316 0.0882 0.0000 0.0000 0.0000 0.0000 0.0000 0.0000
0.0000 0.0000 0.0000 0.0882 0.8206 0.0912 0.0001 0.0000 0.0000 0.0000 0.0000
0.0000 0.0000 0.0000 0.0000 0.0912 0.8166 0.0921 0.0001 0.0000 0.0000 0.0000
0.0000 0.0000 0.0000 0.0000 0.0001 0.0921 0.8140 0.0938 0.0000 0.0000 0.0000
0.0000 0.0000 0.0000 0.0000 0.0000 0.0001 0.0938 0.8347 0.0715 0.0000 0.0000
0.0000 0.0000 0.0000 0.0000 0.0000 0.0000 0.0000 0.0715 0.8859 0.0426 0.0000
0.0000 0.0000 0.0000 0.0000 0.0000 0.0000 0.0000 0.0000 0.0426 0.9523 0.0052
0.0000 0.0000 0.0000 0.0000 0.0000 0.0000 0.0000 0.0000 0.0000 0.0052 0.9948
#DG from neighbouring lambda in kcal/mol
0.0000 0.1000 6.8501 0.0645
0.1000 0.2000 4.8338 0.0480
0.2000 0.3000 3.1102 0.0448
0.3000 0.4000 1.4620 0.0423
0.4000 0.5000 -0.2837 0.0414
0.5000 0.6000 -1.9777 0.0412
0.6000 0.7000 -3.1869 0.0407
0.7000 0.8000 -3.6537 0.0479
0.8000 0.9000 -1.2348 0.0642
0.9000 1.0000 8.9438 0.1915
#PMF from MBAR in kcal/mol
0.0000 0.0000 0.0000
0.1000 6.8501 0.0645
0.2000 11.6839 0.0827
0.3000 14.7941 0.0961
0.4000 16.2561 0.1068
0.5000 15.9724 0.1162
0.6000 13.9947 0.1248
0.7000 10.8078 0.1327
0.8000 7.1542 0.1424
0.9000 5.9194 0.1574
1.0000 14.8632 0.2487
#TI average gradients and standard deviation in kcal/mol
0.0000 166.6646 3249.5541
0.1000 56.8292 20.9764
0.2000 40.3576 19.6510
0.3000 22.9884 19.1680
0.4000 5.6119 19.0829
0.5000 -11.2702 18.9087
0.6000 -26.5257 18.4785
0.7000 -35.4497 19.3009
0.8000 -33.1688 20.8093
0.9000 21.6353 27.3274
1.0000 185.4432 40.4843
#PMF from TI in kcal/mol
0.0000 0.0000
0.1000 11.1747
0.2000 16.0340
0.3000 19.2013
0.4000 20.6313
0.5000 20.3484
0.6000 18.4586
0.7000 15.3599
0.8000 11.9289
0.9000 11.3523
1.0000 21.7062
#MBAR free energy difference in kcal/mol: 
14.863231, 0.248711 
#TI free energy difference in kcal/mol: 
21.706190  
Starting /export/users/common/BioSimSpace/sire.app/bin/analyse_freenrg: number of threads equals 32
