# Analysing data contained in file(s) ['lambda_0.0000/simfile.dat', 'lambda_0.1000/simfile.dat', 'lambda_0.2000/simfile.dat', 'lambda_0.3000/simfile.dat', 'lambda_0.4000/simfile.dat', 'lambda_0.5000/simfile.dat', 'lambda_0.6000/simfile.dat', 'lambda_0.7000/simfile.dat', 'lambda_0.8000/simfile.dat', 'lambda_0.9000/simfile.dat', 'lambda_1.0000/simfile.dat']
#Overlap matrix
1.0000 0.0000 0.0000 0.0000 0.0000 0.0000 0.0000 0.0000 0.0000 0.0000 0.0000
0.0000 0.9644 0.0356 0.0000 0.0000 0.0000 0.0000 0.0000 0.0000 0.0000 0.0000
0.0000 0.0356 0.9166 0.0478 0.0000 0.0000 0.0000 0.0000 0.0000 0.0000 0.0000
0.0000 0.0000 0.0478 0.8998 0.0524 0.0000 0.0000 0.0000 0.0000 0.0000 0.0000
0.0000 0.0000 0.0000 0.0524 0.8931 0.0545 0.0000 0.0000 0.0000 0.0000 0.0000
0.0000 0.0000 0.0000 0.0000 0.0545 0.8893 0.0561 0.0000 0.0000 0.0000 0.0000
0.0000 0.0000 0.0000 0.0000 0.0000 0.0561 0.8970 0.0469 0.0000 0.0000 0.0000
0.0000 0.0000 0.0000 0.0000 0.0000 0.0000 0.0469 0.9035 0.0496 0.0000 0.0000
0.0000 0.0000 0.0000 0.0000 0.0000 0.0000 0.0000 0.0496 0.9126 0.0378 0.0000
0.0000 0.0000 0.0000 0.0000 0.0000 0.0000 0.0000 0.0000 0.0378 0.9595 0.0027
0.0000 0.0000 0.0000 0.0000 0.0000 0.0000 0.0000 0.0000 0.0000 0.0027 0.9973
#DG from neighbouring lambda in kcal/mol
0.0000 0.1000 11.0008 55.5063
0.1000 0.2000 2.0320 0.1186
0.2000 0.3000 0.0331 0.1010
0.3000 0.4000 -2.1266 0.0960
0.4000 0.5000 -4.3955 0.0939
0.5000 0.6000 -6.8837 0.0923
0.6000 0.7000 -9.0051 0.1021
0.7000 0.8000 -11.2628 0.0989
0.8000 0.9000 -13.9251 0.1149
0.9000 1.0000 -19.6326 0.4469
#PMF from MBAR in kcal/mol
0.0000 0.0000 0.0000
0.1000 11.0008 55.5063
0.2000 13.0328 55.5065
0.3000 13.0660 55.5066
0.4000 10.9394 55.5066
0.5000 6.5438 55.5067
0.6000 -0.3398 55.5068
0.7000 -9.3450 55.5069
0.8000 -20.6078 55.5070
0.9000 -34.5329 55.5072
1.0000 -54.1655 55.5090
#TI average gradients and standard deviation in kcal/mol
0.0000 1228.8411 646.4561
0.1000 29.5478 23.4462
0.2000 9.5113 21.2683
0.3000 -17.0720 23.7878
0.4000 -32.2246 24.9395
0.5000 -60.5421 17.2926
0.6000 -77.9426 22.2871
0.7000 -104.6370 19.3070
0.8000 -125.6782 19.2564
0.9000 -157.0160 29.4737
1.0000 -312.1990 93.1047
#PMF from TI in kcal/mol
0.0000 0.0000
0.1000 62.9194
0.2000 64.8724
0.3000 64.4944
0.4000 62.0295
0.5000 57.3912
0.6000 50.4670
0.7000 41.3380
0.8000 29.8222
0.9000 15.6875
1.0000 -7.7733
#MBAR free energy difference in kcal/mol: 
-54.165491, 55.508964 
#TI free energy difference in kcal/mol: 
-7.773254  #WARNING SUBSAMPLING GRADIENTS RESULTED IN LESS THAN 50 SAMPLES, CONSIDER RERUN WITHOUT SUBSAMPLE OPTION 
Starting /export/users/common/BioSimSpace/sire.app/bin/analyse_freenrg: number of threads equals 32
