# Analysing data contained in file(s) ['lambda_0.0000/simfile.dat', 'lambda_0.1000/simfile.dat', 'lambda_0.2000/simfile.dat', 'lambda_0.3000/simfile.dat', 'lambda_0.4000/simfile.dat', 'lambda_0.5000/simfile.dat', 'lambda_0.6000/simfile.dat', 'lambda_0.7000/simfile.dat', 'lambda_0.8000/simfile.dat', 'lambda_0.9000/simfile.dat', 'lambda_1.0000/simfile.dat']
#Overlap matrix
0.9488 0.0510 0.0002 0.0000 0.0000 0.0000 0.0000 0.0000 0.0000 0.0000 0.0000
0.0510 0.8296 0.1188 0.0006 0.0000 0.0000 0.0000 0.0000 0.0000 0.0000 0.0000
0.0002 0.1188 0.7068 0.1720 0.0022 0.0000 0.0000 0.0000 0.0000 0.0000 0.0000
0.0000 0.0006 0.1720 0.7582 0.0690 0.0002 0.0000 0.0000 0.0000 0.0000 0.0000
0.0000 0.0000 0.0022 0.0690 0.8152 0.1124 0.0012 0.0000 0.0000 0.0000 0.0000
0.0000 0.0000 0.0000 0.0002 0.1124 0.7541 0.1297 0.0036 0.0000 0.0000 0.0000
0.0000 0.0000 0.0000 0.0000 0.0012 0.1297 0.6648 0.2036 0.0007 0.0000 0.0000
0.0000 0.0000 0.0000 0.0000 0.0000 0.0036 0.2036 0.6822 0.1102 0.0004 0.0000
0.0000 0.0000 0.0000 0.0000 0.0000 0.0000 0.0007 0.1102 0.7814 0.1076 0.0001
0.0000 0.0000 0.0000 0.0000 0.0000 0.0000 0.0000 0.0004 0.1076 0.7492 0.1427
0.0000 0.0000 0.0000 0.0000 0.0000 0.0000 0.0000 0.0000 0.0001 0.1427 0.8572
#DG from neighbouring lambda in kcal/mol
0.0000 0.1000 0.2843 0.6238
0.1000 0.2000 0.2157 0.3758
0.2000 0.3000 -0.1154 0.2876
0.3000 0.4000 0.0168 0.5161
0.4000 0.5000 -1.1337 0.3882
0.5000 0.6000 -0.7400 0.3476
0.6000 0.7000 0.2633 0.2499
0.7000 0.8000 -0.0528 0.3939
0.8000 0.9000 -0.4032 0.4012
0.9000 1.0000 -1.0089 0.3334
#PMF from MBAR in kcal/mol
0.0000 0.0000 0.0000
0.1000 0.2843 0.6238
0.2000 0.4999 0.7572
0.3000 0.3845 0.8362
0.4000 0.4013 1.0011
0.5000 -0.7324 1.0936
0.6000 -1.4724 1.1652
0.7000 -1.2090 1.2078
0.8000 -1.2618 1.2873
0.9000 -1.6650 1.3642
1.0000 -2.6739 1.4200
#TI average gradients and standard deviation in kcal/mol
0.0000 -7.5386 20.6276
0.1000 1.1252 12.6260
0.2000 2.0725 16.3077
0.3000 -2.4307 19.1843
0.4000 -7.3132 16.4301
0.5000 -17.8444 12.9516
0.6000 -2.6302 11.8996
0.7000 -1.4168 16.4407
0.8000 -8.4199 18.9419
0.9000 -5.7115 14.1670
1.0000 -28.8860 175.7262
#PMF from TI in kcal/mol
0.0000 0.0000
0.1000 -0.3207
0.2000 -0.1608
0.3000 -0.1787
0.4000 -0.6659
0.5000 -1.9238
0.6000 -2.9475
0.7000 -3.1498
0.8000 -3.6417
0.9000 -4.3482
1.0000 -6.0781
#MBAR free energy difference in kcal/mol: 
-2.673859, 1.419967  #WARNING SUBSAMPLING ENERGIES RESULTED IN LESS THAN 50 SAMPLES, CONSIDER RERUN WITHOUT SUBSAMPLE OPTION
#TI free energy difference in kcal/mol: 
-6.078121  #WARNING SUBSAMPLING GRADIENTS RESULTED IN LESS THAN 50 SAMPLES, CONSIDER RERUN WITHOUT SUBSAMPLE OPTION 
Starting /export/users/common/BioSimSpace/sire.app/bin/analyse_freenrg: number of threads equals 32
