# Analysing data contained in file(s) ['lambda_0.0000/simfile.dat', 'lambda_0.1000/simfile.dat', 'lambda_0.2000/simfile.dat', 'lambda_0.3000/simfile.dat', 'lambda_0.4000/simfile.dat', 'lambda_0.5000/simfile.dat', 'lambda_0.6000/simfile.dat', 'lambda_0.7000/simfile.dat', 'lambda_0.8000/simfile.dat', 'lambda_0.9000/simfile.dat', 'lambda_1.0000/simfile.dat']
#Overlap matrix
0.8794 0.1201 0.0005 0.0000 0.0000 0.0000 0.0000 0.0000 0.0000 0.0000 0.0000
0.1201 0.7531 0.1262 0.0006 0.0000 0.0000 0.0000 0.0000 0.0000 0.0000 0.0000
0.0005 0.1262 0.7371 0.1356 0.0007 0.0000 0.0000 0.0000 0.0000 0.0000 0.0000
0.0000 0.0006 0.1356 0.7273 0.1358 0.0007 0.0000 0.0000 0.0000 0.0000 0.0000
0.0000 0.0000 0.0007 0.1358 0.7278 0.1348 0.0009 0.0000 0.0000 0.0000 0.0000
0.0000 0.0000 0.0000 0.0007 0.1348 0.7211 0.1427 0.0008 0.0000 0.0000 0.0000
0.0000 0.0000 0.0000 0.0000 0.0009 0.1427 0.7194 0.1361 0.0009 0.0000 0.0000
0.0000 0.0000 0.0000 0.0000 0.0000 0.0008 0.1361 0.7229 0.1395 0.0007 0.0000
0.0000 0.0000 0.0000 0.0000 0.0000 0.0000 0.0009 0.1395 0.7238 0.1355 0.0004
0.0000 0.0000 0.0000 0.0000 0.0000 0.0000 0.0000 0.0007 0.1355 0.7649 0.0989
0.0000 0.0000 0.0000 0.0000 0.0000 0.0000 0.0000 0.0000 0.0004 0.0989 0.9008
#DG from neighbouring lambda in kcal/mol
0.0000 0.1000 -3.9759 0.0344
0.1000 0.2000 -2.8832 0.0332
0.2000 0.3000 -2.6208 0.0315
0.3000 0.4000 -2.6408 0.0315
0.4000 0.5000 -2.8411 0.0316
0.5000 0.6000 -2.9516 0.0304
0.6000 0.7000 -3.2690 0.0314
0.7000 0.8000 -3.5256 0.0309
0.8000 0.9000 -3.7059 0.0316
0.9000 1.0000 -3.4913 0.0389
#PMF from MBAR in kcal/mol
0.0000 0.0000 0.0000
0.1000 -3.9759 0.0344
0.2000 -6.8590 0.0514
0.3000 -9.4798 0.0633
0.4000 -12.1206 0.0732
0.5000 -14.9617 0.0819
0.6000 -17.9133 0.0894
0.7000 -21.1824 0.0967
0.8000 -24.7080 0.1032
0.9000 -28.4139 0.1096
1.0000 -31.9053 0.1179
#TI average gradients and standard deviation in kcal/mol
0.0000 -51.4698 17.9330
0.1000 -32.4143 16.1079
0.2000 -26.7968 15.7009
0.3000 -25.8980 15.8115
0.4000 -27.0168 15.8890
0.5000 -28.7216 15.8594
0.6000 -31.2891 15.7265
0.7000 -34.4365 15.4883
0.8000 -36.5512 15.6822
0.9000 -36.4952 16.7626
1.0000 -33.9754 26.2458
#PMF from TI in kcal/mol
0.0000 0.0000
0.1000 -4.1942
0.2000 -7.1548
0.3000 -9.7895
0.4000 -12.4353
0.5000 -15.2222
0.6000 -18.2227
0.7000 -21.5090
0.8000 -25.0584
0.9000 -28.7107
1.0000 -32.2342
#MBAR free energy difference in kcal/mol: 
-31.905270, 0.117890 
#TI free energy difference in kcal/mol: 
-32.234230  
Starting /export/users/common/BioSimSpace/sire.app/bin/analyse_freenrg: number of threads equals 32
