# Analysing data contained in file(s) ['lambda_0.0000/simfile.dat', 'lambda_0.1000/simfile.dat', 'lambda_0.2000/simfile.dat', 'lambda_0.3000/simfile.dat', 'lambda_0.4000/simfile.dat', 'lambda_0.5000/simfile.dat', 'lambda_0.6000/simfile.dat', 'lambda_0.7000/simfile.dat', 'lambda_0.8000/simfile.dat', 'lambda_0.9000/simfile.dat', 'lambda_1.0000/simfile.dat']
#Overlap matrix
0.9984 0.0016 0.0000 0.0000 0.0000 0.0000 0.0000 0.0000 0.0000 0.0000 0.0000
0.0016 0.9866 0.0118 0.0000 0.0000 0.0000 0.0000 0.0000 0.0000 0.0000 0.0000
0.0000 0.0118 0.9813 0.0070 0.0000 0.0000 0.0000 0.0000 0.0000 0.0000 0.0000
0.0000 0.0000 0.0070 0.9576 0.0354 0.0000 0.0000 0.0000 0.0000 0.0000 0.0000
0.0000 0.0000 0.0000 0.0354 0.8669 0.0974 0.0003 0.0000 0.0000 0.0000 0.0000
0.0000 0.0000 0.0000 0.0000 0.0974 0.7794 0.1230 0.0002 0.0000 0.0000 0.0000
0.0000 0.0000 0.0000 0.0000 0.0003 0.1230 0.7891 0.0876 0.0000 0.0000 0.0000
0.0000 0.0000 0.0000 0.0000 0.0000 0.0002 0.0876 0.8886 0.0236 0.0000 0.0000
0.0000 0.0000 0.0000 0.0000 0.0000 0.0000 0.0000 0.0236 0.9623 0.0141 0.0000
0.0000 0.0000 0.0000 0.0000 0.0000 0.0000 0.0000 0.0000 0.0141 0.9619 0.0240
0.0000 0.0000 0.0000 0.0000 0.0000 0.0000 0.0000 0.0000 0.0000 0.0240 0.9760
#DG from neighbouring lambda in kcal/mol
0.0000 0.1000 40.0648 0.4157
0.1000 0.2000 29.2405 0.1513
0.2000 0.3000 17.9358 0.1978
0.3000 0.4000 3.7634 0.0851
0.4000 0.5000 -1.7071 0.0477
0.5000 0.6000 -5.0609 0.0410
0.6000 0.7000 -8.5256 0.0509
0.7000 0.8000 -16.3271 0.1055
0.8000 0.9000 -27.2455 0.1379
0.9000 1.0000 -36.8702 0.1046
#PMF from MBAR in kcal/mol
0.0000 0.0000 0.0000
0.1000 40.0648 0.4157
0.2000 69.3053 0.4430
0.3000 87.2412 0.4857
0.4000 91.0046 0.4936
0.5000 89.2974 0.4965
0.6000 84.2365 0.4987
0.7000 75.7109 0.5019
0.8000 59.3838 0.5134
0.9000 32.1383 0.5321
1.0000 -4.7319 0.5428
#TI average gradients and standard deviation in kcal/mol
0.0000 455.7990 40.2718
0.1000 346.9185 31.7403
0.2000 241.8637 26.9226
0.3000 91.1390 35.0506
0.4000 4.2120 19.6625
0.5000 -35.1822 17.0787
0.6000 -66.3458 17.2996
0.7000 -112.1929 23.9737
0.8000 -212.4063 26.6284
0.9000 -324.3456 24.7773
1.0000 -413.9259 27.1197
#PMF from TI in kcal/mol
0.0000 0.0000
0.1000 40.1359
0.2000 69.5750
0.3000 86.2251
0.4000 90.9927
0.5000 89.4442
0.6000 84.3677
0.7000 75.4408
0.8000 59.2108
0.9000 32.3733
1.0000 -4.5403
#MBAR free energy difference in kcal/mol: 
-4.731920, 0.542789 
#TI free energy difference in kcal/mol: 
-4.540324  
Starting /export/users/common/BioSimSpace/sire.app/bin/analyse_freenrg: number of threads equals 32
