# Analysing data contained in file(s) ['lambda_0.0000/simfile.dat', 'lambda_0.1000/simfile.dat', 'lambda_0.2000/simfile.dat', 'lambda_0.3000/simfile.dat', 'lambda_0.4000/simfile.dat', 'lambda_0.5000/simfile.dat', 'lambda_0.6000/simfile.dat', 'lambda_0.7000/simfile.dat', 'lambda_0.8000/simfile.dat', 'lambda_0.9000/simfile.dat', 'lambda_1.0000/simfile.dat']
#Overlap matrix
0.9398 0.0601 0.0001 0.0000 0.0000 0.0000 0.0000 0.0000 0.0000 0.0000 0.0000
0.0601 0.8322 0.1072 0.0004 0.0000 0.0000 0.0000 0.0000 0.0000 0.0000 0.0000
0.0001 0.1072 0.7571 0.1349 0.0007 0.0000 0.0000 0.0000 0.0000 0.0000 0.0000
0.0000 0.0004 0.1349 0.7277 0.1361 0.0009 0.0000 0.0000 0.0000 0.0000 0.0000
0.0000 0.0000 0.0007 0.1361 0.7232 0.1393 0.0006 0.0000 0.0000 0.0000 0.0000
0.0000 0.0000 0.0000 0.0009 0.1393 0.7305 0.1286 0.0007 0.0000 0.0000 0.0000
0.0000 0.0000 0.0000 0.0000 0.0006 0.1286 0.7313 0.1388 0.0007 0.0000 0.0000
0.0000 0.0000 0.0000 0.0000 0.0000 0.0007 0.1388 0.7291 0.1310 0.0004 0.0000
0.0000 0.0000 0.0000 0.0000 0.0000 0.0000 0.0007 0.1310 0.7495 0.1188 0.0001
0.0000 0.0000 0.0000 0.0000 0.0000 0.0000 0.0000 0.0004 0.1188 0.8155 0.0653
0.0000 0.0000 0.0000 0.0000 0.0000 0.0000 0.0000 0.0000 0.0001 0.0653 0.9346
#DG from neighbouring lambda in kcal/mol
0.0000 0.1000 -8.3926 0.0542
0.1000 0.2000 -5.4554 0.0382
0.2000 0.3000 -5.0251 0.0328
0.3000 0.4000 -5.5249 0.0325
0.4000 0.5000 -6.3423 0.0320
0.5000 0.6000 -7.4778 0.0338
0.6000 0.7000 -8.5763 0.0321
0.7000 0.8000 -9.6423 0.0335
0.8000 0.9000 -10.6036 0.0358
0.9000 1.0000 -11.2669 0.0517
#PMF from MBAR in kcal/mol
0.0000 0.0000 0.0000
0.1000 -8.3926 0.0542
0.2000 -13.8480 0.0693
0.3000 -18.8732 0.0791
0.4000 -24.3980 0.0878
0.5000 -30.7404 0.0955
0.6000 -38.2182 0.1032
0.7000 -46.7945 0.1098
0.8000 -56.4368 0.1165
0.9000 -67.0404 0.1235
1.0000 -78.3073 0.1353
#TI average gradients and standard deviation in kcal/mol
0.0000 -119.4478 24.3953
0.1000 -63.0865 19.0172
0.2000 -50.3198 16.7061
0.3000 -51.3422 15.6483
0.4000 -59.2555 15.5368
0.5000 -68.7455 16.1673
0.6000 -80.3418 15.7423
0.7000 -91.1508 15.9138
0.8000 -101.9057 16.3769
0.9000 -109.9296 17.5341
1.0000 -115.3159 25.1600
#PMF from TI in kcal/mol
0.0000 0.0000
0.1000 -9.1267
0.2000 -14.7970
0.3000 -19.8801
0.4000 -25.4100
0.5000 -31.8101
0.6000 -39.2644
0.7000 -47.8391
0.8000 -57.4919
0.9000 -68.0837
1.0000 -79.3459
#MBAR free energy difference in kcal/mol: 
-78.307300, 0.135318 
#TI free energy difference in kcal/mol: 
-79.345929  
Starting /export/users/common/BioSimSpace/sire.app/bin/analyse_freenrg: number of threads equals 32
