# Analysing data contained in file(s) ['lambda_0.0000/simfile.dat', 'lambda_0.1000/simfile.dat', 'lambda_0.2000/simfile.dat', 'lambda_0.3000/simfile.dat', 'lambda_0.4000/simfile.dat', 'lambda_0.5000/simfile.dat', 'lambda_0.6000/simfile.dat', 'lambda_0.7000/simfile.dat', 'lambda_0.8000/simfile.dat', 'lambda_0.9000/simfile.dat', 'lambda_1.0000/simfile.dat']
#Overlap matrix
0.1963 0.1230 0.0994 0.0921 0.0879 0.0838 0.0792 0.0736 0.0663 0.0564 0.0422
0.1230 0.1185 0.1101 0.1043 0.0993 0.0941 0.0884 0.0816 0.0731 0.0618 0.0459
0.0994 0.1101 0.1107 0.1075 0.1032 0.0983 0.0927 0.0860 0.0774 0.0657 0.0491
0.0921 0.1043 0.1075 0.1060 0.1032 0.0995 0.0949 0.0890 0.0811 0.0697 0.0528
0.0879 0.0993 0.1032 0.1032 0.1018 0.0996 0.0964 0.0917 0.0849 0.0744 0.0577
0.0838 0.0941 0.0983 0.0995 0.0996 0.0989 0.0973 0.0944 0.0893 0.0803 0.0645
0.0792 0.0884 0.0927 0.0949 0.0964 0.0973 0.0976 0.0969 0.0943 0.0880 0.0743
0.0736 0.0816 0.0860 0.0890 0.0917 0.0944 0.0969 0.0990 0.1001 0.0984 0.0892
0.0663 0.0731 0.0774 0.0811 0.0849 0.0893 0.0943 0.1001 0.1066 0.1127 0.1140
0.0564 0.0618 0.0657 0.0697 0.0744 0.0803 0.0880 0.0984 0.1127 0.1330 0.1596
0.0422 0.0459 0.0491 0.0528 0.0577 0.0645 0.0743 0.0892 0.1140 0.1596 0.2507
#DG from neighbouring lambda in kcal/mol
0.0000 0.1000 -0.1496 0.0043
0.1000 0.2000 3.2406 0.0015
0.2000 0.3000 2.9857 0.0007
0.3000 0.4000 2.1766 0.0006
0.4000 0.5000 1.3426 0.0007
0.5000 0.6000 0.5447 0.0007
0.6000 0.7000 -0.2291 0.0009
0.7000 0.8000 -0.9953 0.0013
0.8000 0.9000 -1.7712 0.0021
0.9000 1.0000 -2.5843 0.0044
#PMF from MBAR in kcal/mol
0.0000 0.0000 0.0000
0.1000 -0.1496 0.0043
0.2000 3.0909 0.0054
0.3000 6.0766 0.0057
0.4000 8.2532 0.0058
0.5000 9.5958 0.0060
0.6000 10.1405 0.0062
0.7000 9.9114 0.0065
0.8000 8.9161 0.0071
0.9000 7.1449 0.0082
1.0000 4.5606 0.0109
#TI average gradients and standard deviation in kcal/mol
0.0000 -55.1446 7.2052
0.1000 27.5933 3.0244
0.2000 32.9143 1.1837
0.3000 26.0819 0.8181
0.4000 17.5867 0.7687
0.5000 9.3855 0.7831
0.6000 1.5656 0.9713
0.7000 -6.1960 1.3332
0.8000 -13.7121 1.6251
0.9000 -21.5294 2.3469
1.0000 -29.7809 3.0287
#PMF from TI in kcal/mol
0.0000 0.0000
0.1000 -1.3776
0.2000 1.6478
0.3000 4.5976
0.4000 6.7811
0.5000 8.1297
0.6000 8.6772
0.7000 8.4457
0.8000 7.4503
0.9000 5.6882
1.0000 3.1227
#MBAR free energy difference in kcal/mol: 
4.560559, 0.010857 
#TI free energy difference in kcal/mol: 
3.122705  
Starting /export/users/common/BioSimSpace/sire.app/bin/analyse_freenrg: number of threads equals 32
