# Analysing data contained in file(s) ['lambda_0.0000/simfile.dat', 'lambda_0.1000/simfile.dat', 'lambda_0.2000/simfile.dat', 'lambda_0.3000/simfile.dat', 'lambda_0.4000/simfile.dat', 'lambda_0.5000/simfile.dat', 'lambda_0.6000/simfile.dat', 'lambda_0.7000/simfile.dat', 'lambda_0.8000/simfile.dat', 'lambda_0.9000/simfile.dat', 'lambda_1.0000/simfile.dat']
#Overlap matrix
0.8909 0.1090 0.0002 0.0000 0.0000 0.0000 0.0000 0.0000 0.0000 0.0000 0.0000
0.1090 0.7752 0.1140 0.0019 0.0000 0.0000 0.0000 0.0000 0.0000 0.0000 0.0000
0.0002 0.1140 0.6644 0.2061 0.0150 0.0003 0.0000 0.0000 0.0000 0.0000 0.0000
0.0000 0.0019 0.2061 0.5411 0.2283 0.0220 0.0006 0.0000 0.0000 0.0000 0.0000
0.0000 0.0000 0.0150 0.2283 0.5040 0.2264 0.0254 0.0008 0.0000 0.0000 0.0000
0.0000 0.0000 0.0003 0.0220 0.2264 0.4963 0.2270 0.0270 0.0009 0.0000 0.0000
0.0000 0.0000 0.0000 0.0006 0.0254 0.2270 0.4874 0.2306 0.0281 0.0008 0.0000
0.0000 0.0000 0.0000 0.0000 0.0008 0.0270 0.2306 0.4852 0.2319 0.0241 0.0002
0.0000 0.0000 0.0000 0.0000 0.0000 0.0009 0.0281 0.2319 0.5018 0.2276 0.0096
0.0000 0.0000 0.0000 0.0000 0.0000 0.0000 0.0008 0.0241 0.2276 0.5821 0.1653
0.0000 0.0000 0.0000 0.0000 0.0000 0.0000 0.0000 0.0002 0.0096 0.1653 0.8248
#DG from neighbouring lambda in kcal/mol
0.0000 0.1000 0.7157 0.0420
0.1000 0.2000 -2.3093 0.0404
0.2000 0.3000 -3.9144 0.0248
0.3000 0.4000 -4.1903 0.0211
0.4000 0.5000 -4.2173 0.0204
0.5000 0.6000 -4.2169 0.0200
0.6000 0.7000 -4.2227 0.0195
0.7000 0.8000 -4.0863 0.0196
0.8000 0.9000 -3.3289 0.0214
0.9000 1.0000 -0.3002 0.0303
#PMF from MBAR in kcal/mol
0.0000 0.0000 0.0000
0.1000 0.7157 0.0420
0.2000 -1.5936 0.0624
0.3000 -5.5080 0.0704
0.4000 -9.6983 0.0760
0.5000 -13.9157 0.0808
0.6000 -18.1326 0.0852
0.7000 -22.3553 0.0893
0.8000 -26.4416 0.0932
0.9000 -29.7704 0.0973
1.0000 -30.0706 0.1039
#TI average gradients and standard deviation in kcal/mol
0.0000 19.9920 16.3506
0.1000 -6.8849 17.6367
0.2000 -35.1169 13.9530
0.3000 -40.6460 11.0999
0.4000 -42.7217 11.0564
0.5000 -42.5153 10.5819
0.6000 -42.7456 10.6965
0.7000 -42.3147 10.0487
0.8000 -38.6663 10.7059
0.9000 -25.0456 11.4943
1.0000 30.1576 15.6375
#PMF from TI in kcal/mol
0.0000 0.0000
0.1000 0.6554
0.2000 -1.4447
0.3000 -5.2329
0.4000 -9.4013
0.5000 -13.6631
0.6000 -17.9262
0.7000 -22.1792
0.8000 -26.2282
0.9000 -29.4138
1.0000 -29.1582
#MBAR free energy difference in kcal/mol: 
-30.070621, 0.103860 
#TI free energy difference in kcal/mol: 
-29.158214  
Starting /export/users/common/BioSimSpace/sire.app/bin/analyse_freenrg: number of threads equals 32
