# Analysing data contained in file(s) ['lambda_0.0000/simfile.dat', 'lambda_0.1000/simfile.dat', 'lambda_0.2000/simfile.dat', 'lambda_0.3000/simfile.dat', 'lambda_0.4000/simfile.dat', 'lambda_0.5000/simfile.dat', 'lambda_0.6000/simfile.dat', 'lambda_0.7000/simfile.dat', 'lambda_0.8000/simfile.dat', 'lambda_0.9000/simfile.dat', 'lambda_1.0000/simfile.dat']
#Overlap matrix
0.7400 0.2400 0.0197 0.0004 0.0000 0.0000 0.0000 0.0000 0.0000 0.0000 0.0000
0.2400 0.5140 0.2235 0.0220 0.0006 0.0000 0.0000 0.0000 0.0000 0.0000 0.0000
0.0197 0.2235 0.4982 0.2320 0.0258 0.0007 0.0000 0.0000 0.0000 0.0000 0.0000
0.0004 0.0220 0.2320 0.4871 0.2311 0.0265 0.0009 0.0000 0.0000 0.0000 0.0000
0.0000 0.0006 0.0258 0.2311 0.4822 0.2304 0.0289 0.0010 0.0000 0.0000 0.0000
0.0000 0.0000 0.0007 0.0265 0.2304 0.4785 0.2331 0.0296 0.0012 0.0000 0.0000
0.0000 0.0000 0.0000 0.0009 0.0289 0.2331 0.4751 0.2307 0.0302 0.0012 0.0000
0.0000 0.0000 0.0000 0.0000 0.0010 0.0296 0.2307 0.4797 0.2312 0.0270 0.0007
0.0000 0.0000 0.0000 0.0000 0.0000 0.0012 0.0302 0.2312 0.4978 0.2218 0.0179
0.0000 0.0000 0.0000 0.0000 0.0000 0.0000 0.0012 0.0270 0.2218 0.5438 0.2062
0.0000 0.0000 0.0000 0.0000 0.0000 0.0000 0.0000 0.0007 0.0179 0.2062 0.7752
#DG from neighbouring lambda in kcal/mol
0.0000 0.1000 -3.9012 0.0178
0.1000 0.2000 -3.4320 0.0175
0.2000 0.3000 -2.9948 0.0165
0.3000 0.4000 -2.5346 0.0163
0.4000 0.5000 -2.1200 0.0161
0.5000 0.6000 -1.7320 0.0158
0.6000 0.7000 -1.3592 0.0158
0.7000 0.8000 -0.8962 0.0160
0.8000 0.9000 -0.2077 0.0174
0.9000 1.0000 1.1164 0.0204
#PMF from MBAR in kcal/mol
0.0000 0.0000 0.0000
0.1000 -3.9012 0.0178
0.2000 -7.3332 0.0293
0.3000 -10.3280 0.0370
0.4000 -12.8626 0.0431
0.5000 -14.9826 0.0485
0.6000 -16.7146 0.0531
0.7000 -18.0738 0.0573
0.8000 -18.9700 0.0613
0.9000 -19.1777 0.0654
1.0000 -18.0613 0.0702
#TI average gradients and standard deviation in kcal/mol
0.0000 -44.0974 10.9635
0.1000 -36.5577 10.7757
0.2000 -32.2019 10.2898
0.3000 -27.6986 10.1151
0.4000 -23.1465 10.0800
0.5000 -19.2036 10.0604
0.6000 -15.5979 9.8702
0.7000 -11.5507 9.8887
0.8000 -6.1354 10.4960
0.9000 2.5660 11.5246
1.0000 22.4167 13.1282
#PMF from TI in kcal/mol
0.0000 0.0000
0.1000 -4.0328
0.2000 -7.4707
0.3000 -10.4658
0.4000 -13.0080
0.5000 -15.1255
0.6000 -16.8656
0.7000 -18.2230
0.8000 -19.1073
0.9000 -19.2858
1.0000 -18.0367
#MBAR free energy difference in kcal/mol: 
-18.061337, 0.070218 
#TI free energy difference in kcal/mol: 
-18.036674  
Starting /export/users/common/BioSimSpace/sire.app/bin/analyse_freenrg: number of threads equals 32
