# Analysing data contained in file(s) ['lambda_0.0000/simfile.dat', 'lambda_0.1000/simfile.dat', 'lambda_0.2000/simfile.dat', 'lambda_0.3000/simfile.dat', 'lambda_0.4000/simfile.dat', 'lambda_0.5000/simfile.dat', 'lambda_0.6000/simfile.dat', 'lambda_0.7000/simfile.dat', 'lambda_0.8000/simfile.dat', 'lambda_0.9000/simfile.dat', 'lambda_1.0000/simfile.dat']
#Overlap matrix
0.9955 0.0045 0.0000 0.0000 0.0000 0.0000 0.0000 0.0000 0.0000 0.0000 0.0000
0.0045 0.9900 0.0056 0.0000 0.0000 0.0000 0.0000 0.0000 0.0000 0.0000 0.0000
0.0000 0.0056 0.9532 0.0412 0.0000 0.0000 0.0000 0.0000 0.0000 0.0000 0.0000
0.0000 0.0000 0.0412 0.9417 0.0171 0.0000 0.0000 0.0000 0.0000 0.0000 0.0000
0.0000 0.0000 0.0000 0.0171 0.9786 0.0043 0.0000 0.0000 0.0000 0.0000 0.0000
0.0000 0.0000 0.0000 0.0000 0.0043 0.9896 0.0061 0.0000 0.0000 0.0000 0.0000
0.0000 0.0000 0.0000 0.0000 0.0000 0.0061 0.9657 0.0282 0.0000 0.0000 0.0000
0.0000 0.0000 0.0000 0.0000 0.0000 0.0000 0.0282 0.9035 0.0682 0.0001 0.0000
0.0000 0.0000 0.0000 0.0000 0.0000 0.0000 0.0000 0.0682 0.8312 0.1006 0.0000
0.0000 0.0000 0.0000 0.0000 0.0000 0.0000 0.0000 0.0001 0.1006 0.8821 0.0172
0.0000 0.0000 0.0000 0.0000 0.0000 0.0000 0.0000 0.0000 0.0000 0.0172 0.9828
#DG from neighbouring lambda in kcal/mol
0.0000 0.1000 1.2043 1.2424
0.1000 0.2000 9.0094 1.1120
0.2000 0.3000 12.6348 0.3940
0.3000 0.4000 13.5476 0.6271
0.4000 0.5000 14.6580 1.2658
0.5000 0.6000 16.5377 1.0642
0.6000 0.7000 19.9284 0.4827
0.7000 0.8000 24.4232 0.2968
0.8000 0.9000 27.7780 0.2351
0.9000 1.0000 28.0918 0.6247
#PMF from MBAR in kcal/mol
0.0000 0.0000 0.0000
0.1000 1.2043 1.2424
0.2000 10.2137 1.6716
0.3000 22.8485 1.7214
0.4000 36.3961 1.8359
0.5000 51.0541 2.2331
0.6000 67.5918 2.4765
0.7000 87.5201 2.5259
0.8000 111.9434 2.5460
0.9000 139.7214 2.5595
1.0000 167.8132 2.6373
#TI average gradients and standard deviation in kcal/mol
0.0000 -38.9593 36.1429
0.1000 66.7601 23.1160
0.2000 111.3283 31.9074
0.3000 145.1572 26.4552
0.4000 151.5762 26.5286
0.5000 150.1180 33.2358
0.6000 171.2205 27.3505
0.7000 220.8433 22.8607
0.8000 262.1840 21.4712
0.9000 292.2294 18.4258
1.0000 278.3512 22.8988
#PMF from TI in kcal/mol
0.0000 0.0000
0.1000 1.3900
0.2000 10.2945
0.3000 23.1187
0.4000 37.9554
0.5000 53.0401
0.6000 69.1070
0.7000 88.7102
0.8000 112.8616
0.9000 140.5823
1.0000 169.1113
#MBAR free energy difference in kcal/mol: 
167.813155, 2.637280 
#TI free energy difference in kcal/mol: 
169.111295  
Starting /export/users/common/BioSimSpace/sire.app/bin/analyse_freenrg: number of threads equals 32
