# Analysing data contained in file(s) ['lambda_0.0000/simfile.dat', 'lambda_0.1000/simfile.dat', 'lambda_0.2000/simfile.dat', 'lambda_0.3000/simfile.dat', 'lambda_0.4000/simfile.dat', 'lambda_0.5000/simfile.dat', 'lambda_0.6000/simfile.dat', 'lambda_0.7000/simfile.dat', 'lambda_0.8000/simfile.dat', 'lambda_0.9000/simfile.dat', 'lambda_1.0000/simfile.dat']
#Overlap matrix
0.6454 0.2885 0.0607 0.0051 0.0002 0.0000 0.0000 0.0000 0.0000 0.0000 0.0000
0.2885 0.4123 0.2424 0.0520 0.0047 0.0002 0.0000 0.0000 0.0000 0.0000 0.0000
0.0607 0.2424 0.3987 0.2377 0.0548 0.0054 0.0003 0.0000 0.0000 0.0000 0.0000
0.0051 0.0520 0.2377 0.3975 0.2410 0.0595 0.0067 0.0003 0.0000 0.0000 0.0000
0.0002 0.0047 0.0548 0.2410 0.3836 0.2428 0.0655 0.0072 0.0003 0.0000 0.0000
0.0000 0.0002 0.0054 0.0595 0.2428 0.3798 0.2434 0.0625 0.0062 0.0002 0.0000
0.0000 0.0000 0.0003 0.0067 0.0655 0.2434 0.3790 0.2413 0.0584 0.0053 0.0002
0.0000 0.0000 0.0000 0.0003 0.0072 0.0625 0.2413 0.3882 0.2396 0.0552 0.0057
0.0000 0.0000 0.0000 0.0000 0.0003 0.0062 0.0584 0.2396 0.3907 0.2407 0.0642
0.0000 0.0000 0.0000 0.0000 0.0000 0.0002 0.0053 0.0552 0.2407 0.4074 0.2912
0.0000 0.0000 0.0000 0.0000 0.0000 0.0000 0.0002 0.0057 0.0642 0.2912 0.6387
#DG from neighbouring lambda in kcal/mol
0.0000 0.1000 -0.1230 0.0129
0.1000 0.2000 1.1839 0.0129
0.2000 0.3000 2.2730 0.0132
0.3000 0.4000 3.2594 0.0126
0.4000 0.5000 4.2104 0.0120
0.5000 0.6000 5.1176 0.0118
0.6000 0.7000 5.8948 0.0123
0.7000 0.8000 6.4993 0.0127
0.8000 0.9000 6.9387 0.0127
0.9000 1.0000 7.3906 0.0126
#PMF from MBAR in kcal/mol
0.0000 0.0000 0.0000
0.1000 -0.1230 0.0129
0.2000 1.0609 0.0224
0.3000 3.3339 0.0295
0.4000 6.5933 0.0350
0.5000 10.8037 0.0394
0.6000 15.9213 0.0432
0.7000 21.8160 0.0469
0.8000 28.3154 0.0505
0.9000 35.2540 0.0538
1.0000 42.6447 0.0569
#TI average gradients and standard deviation in kcal/mol
0.0000 -8.4041 8.0108
0.1000 5.4792 8.1825
0.2000 17.1314 8.4333
0.3000 28.1120 8.5830
0.4000 37.4584 7.8479
0.5000 46.8250 8.0874
0.6000 54.9884 7.8409
0.7000 62.5226 8.0985
0.8000 67.8717 8.2809
0.9000 71.2350 8.0263
1.0000 76.8966 7.7396
#PMF from TI in kcal/mol
0.0000 0.0000
0.1000 -0.1462
0.2000 0.9843
0.3000 3.2465
0.4000 6.5250
0.5000 10.7392
0.6000 15.8298
0.7000 21.7054
0.8000 28.2251
0.9000 35.1804
1.0000 42.5870
#MBAR free energy difference in kcal/mol: 
42.644694, 0.056904 
#TI free energy difference in kcal/mol: 
42.587005  
Starting /export/users/common/BioSimSpace/sire.app/bin/analyse_freenrg: number of threads equals 32
