# Analysing data contained in file(s) ['lambda_0.0000/simfile.dat', 'lambda_0.1000/simfile.dat', 'lambda_0.2000/simfile.dat', 'lambda_0.3000/simfile.dat', 'lambda_0.4000/simfile.dat', 'lambda_0.5000/simfile.dat', 'lambda_0.6000/simfile.dat', 'lambda_0.7000/simfile.dat', 'lambda_0.8000/simfile.dat', 'lambda_0.9000/simfile.dat', 'lambda_1.0000/simfile.dat']
#Overlap matrix
0.8966 0.1030 0.0004 0.0000 0.0000 0.0000 0.0000 0.0000 0.0000 0.0000 0.0000
0.1030 0.7750 0.1211 0.0008 0.0000 0.0000 0.0000 0.0000 0.0000 0.0000 0.0000
0.0004 0.1211 0.7316 0.1462 0.0007 0.0000 0.0000 0.0000 0.0000 0.0000 0.0000
0.0000 0.0008 0.1462 0.7198 0.1321 0.0012 0.0000 0.0000 0.0000 0.0000 0.0000
0.0000 0.0000 0.0007 0.1321 0.7009 0.1647 0.0016 0.0000 0.0000 0.0000 0.0000
0.0000 0.0000 0.0000 0.0012 0.1647 0.6879 0.1447 0.0015 0.0000 0.0000 0.0000
0.0000 0.0000 0.0000 0.0000 0.0016 0.1447 0.6875 0.1642 0.0021 0.0000 0.0000
0.0000 0.0000 0.0000 0.0000 0.0000 0.0015 0.1642 0.6650 0.1678 0.0015 0.0000
0.0000 0.0000 0.0000 0.0000 0.0000 0.0000 0.0021 0.1678 0.6710 0.1575 0.0016
0.0000 0.0000 0.0000 0.0000 0.0000 0.0000 0.0000 0.0015 0.1575 0.6895 0.1515
0.0000 0.0000 0.0000 0.0000 0.0000 0.0000 0.0000 0.0000 0.0016 0.1515 0.8469
#DG from neighbouring lambda in kcal/mol
0.0000 0.1000 1.3391 0.0843
0.1000 0.2000 2.3626 0.0756
0.2000 0.3000 2.4916 0.0664
0.3000 0.4000 2.1372 0.0711
0.4000 0.5000 1.9754 0.0606
0.5000 0.6000 2.0133 0.0664
0.6000 0.7000 2.0998 0.0606
0.7000 0.8000 2.5263 0.0596
0.8000 0.9000 3.0000 0.0626
0.9000 1.0000 4.0670 0.0648
#PMF from MBAR in kcal/mol
0.0000 0.0000 0.0000
0.1000 1.3391 0.0843
0.2000 3.7017 0.1209
0.3000 6.1933 0.1442
0.4000 8.3305 0.1662
0.5000 10.3059 0.1818
0.6000 12.3192 0.1980
0.7000 14.4189 0.2112
0.8000 16.9452 0.2234
0.9000 19.9452 0.2357
1.0000 24.0122 0.2480
#TI average gradients and standard deviation in kcal/mol
0.0000 2.5067 19.8807
0.1000 21.6512 16.8695
0.2000 24.5462 15.9769
0.3000 22.6205 15.5267
0.4000 19.9207 15.1578
0.5000 20.4064 15.1798
0.6000 20.8925 14.7364
0.7000 22.6970 14.4181
0.8000 26.8885 15.0140
0.9000 34.2863 14.9869
1.0000 50.7235 15.4163
#PMF from TI in kcal/mol
0.0000 0.0000
0.1000 1.2079
0.2000 3.5178
0.3000 5.8761
0.4000 8.0032
0.5000 10.0195
0.6000 12.0845
0.7000 14.2639
0.8000 16.7432
0.9000 19.8019
1.0000 24.0524
#MBAR free energy difference in kcal/mol: 
24.012157, 0.247959 
#TI free energy difference in kcal/mol: 
24.052438  
Starting /export/users/common/BioSimSpace/sire.app/bin/analyse_freenrg: number of threads equals 32
