# Analysing data contained in file(s) ['lambda_0.0000/simfile.dat', 'lambda_0.1000/simfile.dat', 'lambda_0.2000/simfile.dat', 'lambda_0.3000/simfile.dat', 'lambda_0.4000/simfile.dat', 'lambda_0.5000/simfile.dat', 'lambda_0.6000/simfile.dat', 'lambda_0.7000/simfile.dat', 'lambda_0.8000/simfile.dat', 'lambda_0.9000/simfile.dat', 'lambda_1.0000/simfile.dat']
#Overlap matrix
0.9992 0.0008 0.0000 0.0000 0.0000 0.0000 0.0000 0.0000 0.0000 0.0000 0.0000
0.0008 0.9928 0.0064 0.0000 0.0000 0.0000 0.0000 0.0000 0.0000 0.0000 0.0000
0.0000 0.0064 0.9668 0.0268 0.0000 0.0000 0.0000 0.0000 0.0000 0.0000 0.0000
0.0000 0.0000 0.0268 0.9205 0.0527 0.0000 0.0000 0.0000 0.0000 0.0000 0.0000
0.0000 0.0000 0.0000 0.0527 0.8807 0.0666 0.0000 0.0000 0.0000 0.0000 0.0000
0.0000 0.0000 0.0000 0.0000 0.0666 0.8641 0.0692 0.0000 0.0000 0.0000 0.0000
0.0000 0.0000 0.0000 0.0000 0.0000 0.0692 0.8739 0.0568 0.0000 0.0000 0.0000
0.0000 0.0000 0.0000 0.0000 0.0000 0.0000 0.0568 0.9398 0.0034 0.0000 0.0000
0.0000 0.0000 0.0000 0.0000 0.0000 0.0000 0.0000 0.0034 0.9126 0.0840 0.0001
0.0000 0.0000 0.0000 0.0000 0.0000 0.0000 0.0000 0.0000 0.0840 0.8170 0.0990
0.0000 0.0000 0.0000 0.0000 0.0000 0.0000 0.0000 0.0000 0.0001 0.0990 0.9009
#DG from neighbouring lambda in kcal/mol
0.0000 0.1000 46.3367 0.4529
0.1000 0.2000 28.5330 0.1608
0.2000 0.3000 17.7285 0.0771
0.3000 0.4000 10.4348 0.0535
0.4000 0.5000 4.9970 0.0468
0.5000 0.6000 0.1215 0.0457
0.6000 0.7000 -5.2487 0.0512
0.7000 0.8000 -14.5657 0.2223
0.8000 0.9000 -26.7131 0.0408
0.9000 1.0000 -30.5964 0.0369
#PMF from MBAR in kcal/mol
0.0000 0.0000 0.0000
0.1000 46.3367 0.4529
0.2000 74.8697 0.4809
0.3000 92.5982 0.4874
0.4000 103.0330 0.4907
0.5000 108.0300 0.4932
0.6000 108.1515 0.4957
0.7000 102.9028 0.4987
0.8000 88.3371 0.5463
0.9000 61.6241 0.5481
1.0000 31.0276 0.5496
#TI average gradients and standard deviation in kcal/mol
0.0000 581.7871 40.6260
0.1000 360.2493 33.5727
0.2000 222.5594 26.9359
0.3000 137.1372 22.5043
0.4000 75.5378 20.2881
0.5000 24.6949 19.2785
0.6000 -24.0459 20.1484
0.7000 -82.4629 22.1786
0.8000 -239.8128 25.8035
0.9000 -286.3605 16.9808
1.0000 -326.5770 18.2017
#PMF from TI in kcal/mol
0.0000 0.0000
0.1000 47.1018
0.2000 76.2423
0.3000 94.2271
0.4000 104.8608
0.5000 109.8725
0.6000 109.9049
0.7000 104.5795
0.8000 88.4657
0.9000 62.1570
1.0000 31.5102
#MBAR free energy difference in kcal/mol: 
31.027620, 0.549643 
#TI free energy difference in kcal/mol: 
31.510154  
Starting /export/users/common/BioSimSpace/sire.app/bin/analyse_freenrg: number of threads equals 32
