# Analysing data contained in file(s) ['lambda_0.0000/simfile.dat', 'lambda_0.1000/simfile.dat', 'lambda_0.2000/simfile.dat', 'lambda_0.3000/simfile.dat', 'lambda_0.4000/simfile.dat', 'lambda_0.5000/simfile.dat', 'lambda_0.6000/simfile.dat', 'lambda_0.7000/simfile.dat', 'lambda_0.8000/simfile.dat', 'lambda_0.9000/simfile.dat', 'lambda_1.0000/simfile.dat']
#Overlap matrix
0.8595 0.1395 0.0009 0.0000 0.0000 0.0000 0.0000 0.0000 0.0000 0.0000 0.0000
0.1395 0.7129 0.1463 0.0012 0.0000 0.0000 0.0000 0.0000 0.0000 0.0000 0.0000
0.0009 0.1463 0.6961 0.1546 0.0020 0.0000 0.0000 0.0000 0.0000 0.0000 0.0000
0.0000 0.0012 0.1546 0.6827 0.1590 0.0024 0.0000 0.0000 0.0000 0.0000 0.0000
0.0000 0.0000 0.0020 0.1590 0.6632 0.1722 0.0035 0.0000 0.0000 0.0000 0.0000
0.0000 0.0000 0.0000 0.0024 0.1722 0.6451 0.1762 0.0040 0.0000 0.0000 0.0000
0.0000 0.0000 0.0000 0.0000 0.0035 0.1762 0.6339 0.1803 0.0061 0.0000 0.0000
0.0000 0.0000 0.0000 0.0000 0.0000 0.0040 0.1803 0.6066 0.2013 0.0076 0.0000
0.0000 0.0000 0.0000 0.0000 0.0000 0.0000 0.0061 0.2013 0.5863 0.1965 0.0097
0.0000 0.0000 0.0000 0.0000 0.0000 0.0000 0.0000 0.0076 0.1965 0.5750 0.2208
0.0000 0.0000 0.0000 0.0000 0.0000 0.0000 0.0000 0.0000 0.0097 0.2208 0.7695
#DG from neighbouring lambda in kcal/mol
0.0000 0.1000 4.1256 0.0359
0.1000 0.2000 3.5244 0.0346
0.2000 0.3000 2.9341 0.0331
0.3000 0.4000 2.4726 0.0322
0.4000 0.5000 1.9545 0.0302
0.5000 0.6000 1.4854 0.0295
0.6000 0.7000 0.9172 0.0287
0.7000 0.8000 0.4374 0.0259
0.8000 0.9000 -0.0872 0.0261
0.9000 1.0000 -0.6443 0.0243
#PMF from MBAR in kcal/mol
0.0000 0.0000 0.0000
0.1000 4.1256 0.0359
0.2000 7.6499 0.0545
0.3000 10.5841 0.0674
0.4000 13.0567 0.0778
0.5000 15.0111 0.0862
0.6000 16.4965 0.0935
0.7000 17.4137 0.1001
0.8000 17.8512 0.1054
0.9000 17.7639 0.1105
1.0000 17.1196 0.1150
#TI average gradients and standard deviation in kcal/mol
0.0000 44.3238 15.4761
0.1000 37.8771 14.9045
0.2000 32.3438 14.7807
0.3000 27.0752 14.2089
0.4000 22.1157 13.7756
0.5000 17.2071 13.2760
0.6000 11.9011 12.9676
0.7000 6.7181 12.4974
0.8000 1.7841 12.1288
0.9000 -4.0214 11.9809
1.0000 -9.0138 11.3065
#PMF from TI in kcal/mol
0.0000 0.0000
0.1000 4.1100
0.2000 7.6211
0.3000 10.5920
0.4000 13.0516
0.5000 15.0177
0.6000 16.4731
0.7000 17.4041
0.8000 17.8292
0.9000 17.7174
1.0000 17.0656
#MBAR free energy difference in kcal/mol: 
17.119602, 0.114961 
#TI free energy difference in kcal/mol: 
17.065593  
Starting /export/users/common/BioSimSpace/sire.app/bin/analyse_freenrg: number of threads equals 32
