# Analysing data contained in file(s) ['lambda_0.0000/simfile.dat', 'lambda_0.1000/simfile.dat', 'lambda_0.2000/simfile.dat', 'lambda_0.3000/simfile.dat', 'lambda_0.4000/simfile.dat', 'lambda_0.5000/simfile.dat', 'lambda_0.6000/simfile.dat', 'lambda_0.7000/simfile.dat', 'lambda_0.8000/simfile.dat', 'lambda_0.9000/simfile.dat', 'lambda_1.0000/simfile.dat']
#Overlap matrix
0.9079 0.0915 0.0006 0.0000 0.0000 0.0000 0.0000 0.0000 0.0000 0.0000 0.0000
0.0915 0.7356 0.1694 0.0035 0.0000 0.0000 0.0000 0.0000 0.0000 0.0000 0.0000
0.0006 0.1694 0.6395 0.1845 0.0059 0.0000 0.0000 0.0000 0.0000 0.0000 0.0000
0.0000 0.0035 0.1845 0.6078 0.1971 0.0071 0.0000 0.0000 0.0000 0.0000 0.0000
0.0000 0.0000 0.0059 0.1971 0.5965 0.1936 0.0068 0.0000 0.0000 0.0000 0.0000
0.0000 0.0000 0.0000 0.0071 0.1936 0.6013 0.1920 0.0060 0.0000 0.0000 0.0000
0.0000 0.0000 0.0000 0.0000 0.0068 0.1920 0.6000 0.1944 0.0067 0.0000 0.0000
0.0000 0.0000 0.0000 0.0000 0.0000 0.0060 0.1944 0.5982 0.1934 0.0080 0.0000
0.0000 0.0000 0.0000 0.0000 0.0000 0.0000 0.0067 0.1934 0.6322 0.1672 0.0006
0.0000 0.0000 0.0000 0.0000 0.0000 0.0000 0.0000 0.0080 0.1672 0.8046 0.0202
0.0000 0.0000 0.0000 0.0000 0.0000 0.0000 0.0000 0.0000 0.0006 0.0202 0.9792
#DG from neighbouring lambda in kcal/mol
0.0000 0.1000 7.1160 0.0425
0.1000 0.2000 4.1971 0.0277
0.2000 0.3000 2.2990 0.0254
0.3000 0.4000 0.7327 0.0238
0.4000 0.5000 -0.7120 0.0240
0.5000 0.6000 -2.2119 0.0243
0.6000 0.7000 -3.8858 0.0241
0.7000 0.8000 -5.2984 0.0240
0.8000 0.9000 -3.4812 0.0275
0.9000 1.0000 12.7107 0.0971
#PMF from MBAR in kcal/mol
0.0000 0.0000 0.0000
0.1000 7.1160 0.0425
0.2000 11.3131 0.0545
0.3000 13.6121 0.0631
0.4000 14.3447 0.0700
0.5000 13.6328 0.0763
0.6000 11.4209 0.0821
0.7000 7.5351 0.0876
0.8000 2.2367 0.0927
0.9000 -1.2444 0.0984
1.0000 11.4663 0.1394
#TI average gradients and standard deviation in kcal/mol
0.0000 96.2430 20.1056
0.1000 53.8424 15.7542
0.2000 31.9440 14.2203
0.3000 14.0952 13.1033
0.4000 1.9361 13.2216
0.5000 -15.2688 11.9907
0.6000 -31.3481 12.6762
0.7000 -47.5617 13.1684
0.8000 -55.1987 12.8028
0.9000 8.2032 19.8542
1.0000 306.0291 37.3168
#PMF from TI in kcal/mol
0.0000 0.0000
0.1000 7.5043
0.2000 11.7936
0.3000 14.0955
0.4000 14.8971
0.5000 14.2305
0.6000 11.8996
0.7000 7.9541
0.8000 2.8161
0.9000 0.4663
1.0000 16.1780
#MBAR free energy difference in kcal/mol: 
11.466278, 0.139436 
#TI free energy difference in kcal/mol: 
16.177962  
Starting /export/users/common/BioSimSpace/sire.app/bin/analyse_freenrg: number of threads equals 32
