# Analysing data contained in file(s) ['lambda_0.0000/simfile.dat', 'lambda_0.1000/simfile.dat', 'lambda_0.2000/simfile.dat', 'lambda_0.3000/simfile.dat', 'lambda_0.4000/simfile.dat', 'lambda_0.5000/simfile.dat', 'lambda_0.6000/simfile.dat', 'lambda_0.7000/simfile.dat', 'lambda_0.8000/simfile.dat', 'lambda_0.9000/simfile.dat', 'lambda_1.0000/simfile.dat']
#Overlap matrix
0.9447 0.0552 0.0000 0.0000 0.0000 0.0000 0.0000 0.0000 0.0000 0.0000 0.0000
0.0552 0.9214 0.0233 0.0000 0.0000 0.0000 0.0000 0.0000 0.0000 0.0000 0.0000
0.0000 0.0233 0.9134 0.0632 0.0001 0.0000 0.0000 0.0000 0.0000 0.0000 0.0000
0.0000 0.0000 0.0632 0.8717 0.0651 0.0000 0.0000 0.0000 0.0000 0.0000 0.0000
0.0000 0.0000 0.0001 0.0651 0.8838 0.0509 0.0000 0.0000 0.0000 0.0000 0.0000
0.0000 0.0000 0.0000 0.0000 0.0509 0.8611 0.0878 0.0001 0.0000 0.0000 0.0000
0.0000 0.0000 0.0000 0.0000 0.0000 0.0878 0.7822 0.1299 0.0000 0.0000 0.0000
0.0000 0.0000 0.0000 0.0000 0.0000 0.0001 0.1299 0.7895 0.0802 0.0002 0.0000
0.0000 0.0000 0.0000 0.0000 0.0000 0.0000 0.0000 0.0802 0.8108 0.1083 0.0006
0.0000 0.0000 0.0000 0.0000 0.0000 0.0000 0.0000 0.0002 0.1083 0.7457 0.1458
0.0000 0.0000 0.0000 0.0000 0.0000 0.0000 0.0000 0.0000 0.0006 0.1458 0.8536
#DG from neighbouring lambda in kcal/mol
0.0000 0.1000 -14.5281 0.6393
0.1000 0.2000 -9.8029 1.0181
0.2000 0.3000 -8.2825 0.5919
0.3000 0.4000 -5.5110 0.5819
0.4000 0.5000 -7.0021 0.6687
0.5000 0.6000 -5.7739 0.4877
0.6000 0.7000 -4.2889 0.3800
0.7000 0.8000 -4.4325 0.5146
0.8000 0.9000 -3.7169 0.4264
0.9000 1.0000 -2.6471 0.3501
#PMF from MBAR in kcal/mol
0.0000 0.0000 0.0000
0.1000 -14.5281 0.6393
0.2000 -24.3310 1.2230
0.3000 -32.6135 1.3772
0.4000 -38.1245 1.5115
0.5000 -45.1266 1.6681
0.6000 -50.9006 1.7523
0.7000 -55.1895 1.8070
0.8000 -59.6220 1.8923
0.9000 -63.3389 1.9525
1.0000 -65.9859 1.9959
#TI average gradients and standard deviation in kcal/mol
0.0000 -167.2457 22.9826
0.1000 -109.7672 22.1282
0.2000 -89.8359 22.2302
0.3000 -77.8643 20.4173
0.4000 -68.8330 19.3391
0.5000 -61.4618 18.9553
0.6000 -53.1599 18.3911
0.7000 -45.7576 17.4747
0.8000 -38.1209 17.5317
0.9000 -30.1617 15.7207
1.0000 -24.8182 14.8882
#PMF from TI in kcal/mol
0.0000 0.0000
0.1000 -13.8506
0.2000 -23.8308
0.3000 -32.2158
0.4000 -39.5507
0.5000 -46.0654
0.6000 -51.7965
0.7000 -56.7424
0.8000 -60.9363
0.9000 -64.3504
1.0000 -67.0994
#MBAR free energy difference in kcal/mol: 
-65.985949, 1.995875  #WARNING SUBSAMPLING ENERGIES RESULTED IN LESS THAN 50 SAMPLES, CONSIDER RERUN WITHOUT SUBSAMPLE OPTION
#TI free energy difference in kcal/mol: 
-67.099422  
Starting /export/users/common/BioSimSpace/sire.app/bin/analyse_freenrg: number of threads equals 32
