# Analysing data contained in file(s) ['lambda_0.0000/simfile.dat', 'lambda_0.1000/simfile.dat', 'lambda_0.2000/simfile.dat', 'lambda_0.3000/simfile.dat', 'lambda_0.4000/simfile.dat', 'lambda_0.5000/simfile.dat', 'lambda_0.6000/simfile.dat', 'lambda_0.7000/simfile.dat', 'lambda_0.8000/simfile.dat', 'lambda_0.9000/simfile.dat', 'lambda_1.0000/simfile.dat']
#Overlap matrix
0.9860 0.0140 0.0000 0.0000 0.0000 0.0000 0.0000 0.0000 0.0000 0.0000 0.0000
0.0140 0.9733 0.0127 0.0000 0.0000 0.0000 0.0000 0.0000 0.0000 0.0000 0.0000
0.0000 0.0127 0.9716 0.0157 0.0000 0.0000 0.0000 0.0000 0.0000 0.0000 0.0000
0.0000 0.0000 0.0157 0.9699 0.0144 0.0000 0.0000 0.0000 0.0000 0.0000 0.0000
0.0000 0.0000 0.0000 0.0144 0.9675 0.0181 0.0000 0.0000 0.0000 0.0000 0.0000
0.0000 0.0000 0.0000 0.0000 0.0181 0.9627 0.0193 0.0000 0.0000 0.0000 0.0000
0.0000 0.0000 0.0000 0.0000 0.0000 0.0193 0.9576 0.0232 0.0000 0.0000 0.0000
0.0000 0.0000 0.0000 0.0000 0.0000 0.0000 0.0232 0.9529 0.0239 0.0000 0.0000
0.0000 0.0000 0.0000 0.0000 0.0000 0.0000 0.0000 0.0239 0.9548 0.0213 0.0000
0.0000 0.0000 0.0000 0.0000 0.0000 0.0000 0.0000 0.0000 0.0213 0.9631 0.0157
0.0000 0.0000 0.0000 0.0000 0.0000 0.0000 0.0000 0.0000 0.0000 0.0157 0.9843
#DG from neighbouring lambda in kcal/mol
0.0000 0.1000 -0.6567 0.2136
0.1000 0.2000 -1.1473 0.2249
0.2000 0.3000 -1.3624 0.2013
0.3000 0.4000 -1.4217 0.2109
0.4000 0.5000 -1.5412 0.1873
0.5000 0.6000 -1.2073 0.1813
0.6000 0.7000 -1.3021 0.1646
0.7000 0.8000 -0.8258 0.1619
0.8000 0.9000 -0.1126 0.1721
0.9000 1.0000 1.8639 0.2018
#PMF from MBAR in kcal/mol
0.0000 0.0000 0.0000
0.1000 -0.6567 0.2136
0.2000 -1.8040 0.3123
0.3000 -3.1664 0.3733
0.4000 -4.5880 0.4303
0.5000 -6.1293 0.4707
0.6000 -7.3365 0.5057
0.7000 -8.6386 0.5330
0.8000 -9.4644 0.5582
0.9000 -9.5769 0.5853
1.0000 -7.7131 0.6201
#TI average gradients and standard deviation in kcal/mol
0.0000 186644287532.0442 12492077842190.8926
0.1000 -8.1866 28.5401
0.2000 -12.6553 27.6351
0.3000 -15.1213 26.6477
0.4000 -14.2650 26.4490
0.5000 -15.0013 26.3093
0.6000 -12.8763 26.1973
0.7000 -10.2832 25.8952
0.8000 -5.1477 26.7844
0.9000 4.7065 26.0841
1.0000 33.4091 27.3895
#PMF from TI in kcal/mol
0.0000 0.0000
0.1000 9332214376.1929
0.2000 9332214375.1508
0.3000 9332214373.7620
0.4000 9332214372.2926
0.5000 9332214370.8293
0.6000 9332214369.4354
0.7000 9332214368.2775
0.8000 9332214367.5059
0.9000 9332214367.4839
1.0000 9332214369.3897
#MBAR free energy difference in kcal/mol: 
-7.713084, 0.620148 
#TI free energy difference in kcal/mol: 
9332214369.389650  
Starting /export/users/common/BioSimSpace/sire.app/bin/analyse_freenrg: number of threads equals 32
