# Analysing data contained in file(s) ['lambda_0.0000/simfile.dat', 'lambda_0.1000/simfile.dat', 'lambda_0.2000/simfile.dat', 'lambda_0.3000/simfile.dat', 'lambda_0.4000/simfile.dat', 'lambda_0.5000/simfile.dat', 'lambda_0.6000/simfile.dat', 'lambda_0.7000/simfile.dat', 'lambda_0.8000/simfile.dat', 'lambda_0.9000/simfile.dat', 'lambda_1.0000/simfile.dat']
#Overlap matrix
0.9374 0.0625 0.0000 0.0000 0.0000 0.0000 0.0000 0.0000 0.0000 0.0000 0.0000
0.0625 0.8887 0.0488 0.0000 0.0000 0.0000 0.0000 0.0000 0.0000 0.0000 0.0000
0.0000 0.0488 0.9112 0.0400 0.0000 0.0000 0.0000 0.0000 0.0000 0.0000 0.0000
0.0000 0.0000 0.0400 0.9380 0.0220 0.0000 0.0000 0.0000 0.0000 0.0000 0.0000
0.0000 0.0000 0.0000 0.0220 0.9588 0.0190 0.0001 0.0001 0.0000 0.0000 0.0000
0.0000 0.0000 0.0000 0.0000 0.0190 0.8803 0.0935 0.0069 0.0003 0.0000 0.0000
0.0000 0.0000 0.0000 0.0000 0.0001 0.0935 0.6663 0.2241 0.0160 0.0000 0.0000
0.0000 0.0000 0.0000 0.0000 0.0001 0.0069 0.2241 0.5461 0.2226 0.0001 0.0000
0.0000 0.0000 0.0000 0.0000 0.0000 0.0003 0.0160 0.2226 0.7398 0.0211 0.0001
0.0000 0.0000 0.0000 0.0000 0.0000 0.0000 0.0000 0.0001 0.0211 0.8247 0.1540
0.0000 0.0000 0.0000 0.0000 0.0000 0.0000 0.0000 0.0000 0.0001 0.1540 0.8458
#DG from neighbouring lambda in kcal/mol
0.0000 0.1000 -2.9736 0.0548
0.1000 0.2000 -0.5716 0.0629
0.2000 0.3000 -0.2760 0.0702
0.3000 0.4000 -0.7358 0.0965
0.4000 0.5000 -0.6456 0.1039
0.5000 0.6000 2.7331 0.0412
0.6000 0.7000 5.5310 0.0211
0.7000 0.8000 5.1231 0.0217
0.8000 0.9000 0.5483 0.0980
0.9000 1.0000 -3.6837 0.0310
#PMF from MBAR in kcal/mol
0.0000 0.0000 0.0000
0.1000 -2.9736 0.0548
0.2000 -3.5452 0.0859
0.3000 -3.8212 0.1129
0.4000 -4.5570 0.1499
0.5000 -5.2026 0.1835
0.6000 -2.4696 0.1892
0.7000 3.0614 0.1911
0.8000 8.1846 0.1932
0.9000 8.7329 0.2175
1.0000 5.0492 0.2207
#TI average gradients and standard deviation in kcal/mol
0.0000 -60.7906 16.7554
0.1000 -9.8282 20.3863
0.2000 -2.4530 20.9027
0.3000 -4.2120 23.3509
0.4000 -11.3380 26.3645
0.5000 3.8368 22.7088
0.6000 46.9221 12.7713
0.7000 57.4373 12.0445
0.8000 43.0622 13.8642
0.9000 -24.8833 12.5762
1.0000 -50.0272 15.8807
#PMF from TI in kcal/mol
0.0000 0.0000
0.1000 -3.5309
0.2000 -4.1450
0.3000 -4.4782
0.4000 -5.2558
0.5000 -5.6308
0.6000 -3.0929
0.7000 2.1251
0.8000 7.1501
0.9000 8.0590
1.0000 4.3135
#MBAR free energy difference in kcal/mol: 
5.049172, 0.220683 
#TI free energy difference in kcal/mol: 
4.313502  
Starting /export/users/common/BioSimSpace/sire.app/bin/analyse_freenrg: number of threads equals 32
