# Analysing data contained in file(s) ['lambda_0.0000/simfile.dat', 'lambda_0.1000/simfile.dat', 'lambda_0.2000/simfile.dat', 'lambda_0.3000/simfile.dat', 'lambda_0.4000/simfile.dat', 'lambda_0.5000/simfile.dat', 'lambda_0.6000/simfile.dat', 'lambda_0.7000/simfile.dat', 'lambda_0.8000/simfile.dat', 'lambda_0.9000/simfile.dat', 'lambda_1.0000/simfile.dat']
#Overlap matrix
1.0000 0.0000 0.0000 0.0000 0.0000 0.0000 0.0000 0.0000 0.0000 0.0000 0.0000
0.0000 0.8381 0.1602 0.0017 0.0000 0.0000 0.0000 0.0000 0.0000 0.0000 0.0000
0.0000 0.1602 0.6917 0.1458 0.0023 0.0000 0.0000 0.0000 0.0000 0.0000 0.0000
0.0000 0.0017 0.1458 0.6844 0.1664 0.0016 0.0000 0.0000 0.0000 0.0000 0.0000
0.0000 0.0000 0.0023 0.1664 0.6829 0.1470 0.0013 0.0000 0.0000 0.0000 0.0000
0.0000 0.0000 0.0000 0.0016 0.1470 0.7106 0.1397 0.0010 0.0000 0.0000 0.0000
0.0000 0.0000 0.0000 0.0000 0.0013 0.1397 0.7199 0.1386 0.0005 0.0000 0.0000
0.0000 0.0000 0.0000 0.0000 0.0000 0.0010 0.1386 0.7491 0.1112 0.0001 0.0000
0.0000 0.0000 0.0000 0.0000 0.0000 0.0000 0.0005 0.1112 0.8295 0.0589 0.0000
0.0000 0.0000 0.0000 0.0000 0.0000 0.0000 0.0000 0.0001 0.0589 0.9410 0.0000
0.0000 0.0000 0.0000 0.0000 0.0000 0.0000 0.0000 0.0000 0.0000 0.0000 1.0000
#DG from neighbouring lambda in kcal/mol
0.0000 0.1000 18.2638 69.0421
0.1000 0.2000 9.2588 0.0839
0.2000 0.3000 9.4506 0.0887
0.3000 0.4000 9.4949 0.0808
0.4000 0.5000 9.3228 0.0887
0.5000 0.6000 9.0884 0.0921
0.6000 0.7000 8.7748 0.0930
0.7000 0.8000 8.0602 0.1082
0.8000 0.9000 6.2319 0.1587
0.9000 1.0000 -88.3495 6.9076
#PMF from MBAR in kcal/mol
0.0000 0.0000 0.0000
0.1000 18.2638 69.0421
0.2000 27.5226 69.0422
0.3000 36.9732 69.0423
0.4000 46.4681 69.0424
0.5000 55.7909 69.0424
0.6000 64.8793 69.0425
0.7000 73.6541 69.0426
0.8000 81.7144 69.0427
0.9000 87.9462 69.0429
1.0000 -0.4032 62.1381
#TI average gradients and standard deviation in kcal/mol
0.0000 1507.1076 2288.9207
0.1000 90.0550 11.5183
0.2000 87.3928 17.5055
0.3000 91.4436 10.5874
0.4000 93.1456 17.9319
0.5000 95.8165 15.5098
0.6000 87.0228 9.9258
0.7000 81.4605 10.4268
0.8000 78.7414 10.6278
0.9000 36.8341 23.6576
1.0000 -4821.9026 837.2605
#PMF from TI in kcal/mol
0.0000 0.0000
0.1000 79.8581
0.2000 88.7305
0.3000 97.6723
0.4000 106.9018
0.5000 116.3499
0.6000 125.4919
0.7000 133.9160
0.8000 141.9261
0.9000 147.7049
1.0000 -91.5485
#MBAR free energy difference in kcal/mol: 
-0.403250, 62.138117 
#TI free energy difference in kcal/mol: 
-91.548509  #WARNING SUBSAMPLING GRADIENTS RESULTED IN LESS THAN 50 SAMPLES, CONSIDER RERUN WITHOUT SUBSAMPLE OPTION 
Starting /export/users/common/BioSimSpace/sire.app/bin/analyse_freenrg: number of threads equals 32
