# Analysing data contained in file(s) ['lambda_0.0000/simfile.dat', 'lambda_0.1000/simfile.dat', 'lambda_0.2000/simfile.dat', 'lambda_0.3000/simfile.dat', 'lambda_0.4000/simfile.dat', 'lambda_0.5000/simfile.dat', 'lambda_0.6000/simfile.dat', 'lambda_0.7000/simfile.dat', 'lambda_0.8000/simfile.dat', 'lambda_0.9000/simfile.dat', 'lambda_1.0000/simfile.dat']
#Overlap matrix
0.6252 0.3027 0.0673 0.0047 0.0001 0.0000 0.0000 0.0000 0.0000 0.0000 0.0000
0.3027 0.4045 0.2433 0.0475 0.0020 0.0000 0.0000 0.0000 0.0000 0.0000 0.0000
0.0673 0.2433 0.4153 0.2415 0.0321 0.0005 0.0000 0.0000 0.0000 0.0000 0.0000
0.0047 0.0475 0.2415 0.4594 0.2308 0.0160 0.0000 0.0000 0.0000 0.0000 0.0000
0.0001 0.0020 0.0321 0.2308 0.5248 0.2061 0.0041 0.0000 0.0000 0.0000 0.0000
0.0000 0.0000 0.0005 0.0160 0.2061 0.6243 0.1529 0.0002 0.0000 0.0000 0.0000
0.0000 0.0000 0.0000 0.0000 0.0041 0.1529 0.7774 0.0656 0.0000 0.0000 0.0000
0.0000 0.0000 0.0000 0.0000 0.0000 0.0002 0.0656 0.9319 0.0023 0.0000 0.0000
0.0000 0.0000 0.0000 0.0000 0.0000 0.0000 0.0000 0.0023 0.9365 0.0612 0.0000
0.0000 0.0000 0.0000 0.0000 0.0000 0.0000 0.0000 0.0000 0.0612 0.8668 0.0721
0.0000 0.0000 0.0000 0.0000 0.0000 0.0000 0.0000 0.0000 0.0000 0.0721 0.9279
#DG from neighbouring lambda in kcal/mol
0.0000 0.1000 4.6989 0.0115
0.1000 0.2000 5.6344 0.0125
0.2000 0.3000 6.3117 0.0141
0.3000 0.4000 6.6977 0.0166
0.4000 0.5000 6.5986 0.0204
0.5000 0.6000 5.5947 0.0273
0.6000 0.7000 2.6417 0.0475
0.7000 0.8000 -8.6779 0.2693
0.8000 0.9000 -17.6142 0.0495
0.9000 1.0000 -21.9662 0.0450
#PMF from MBAR in kcal/mol
0.0000 0.0000 0.0000
0.1000 4.6989 0.0115
0.2000 10.3333 0.0210
0.3000 16.6449 0.0289
0.4000 23.3427 0.0365
0.5000 29.9413 0.0448
0.6000 35.5360 0.0553
0.7000 38.1777 0.0751
0.8000 29.4998 0.2802
0.9000 11.8856 0.2851
1.0000 -10.0806 0.2892
#TI average gradients and standard deviation in kcal/mol
0.0000 41.2991 7.4050
0.1000 52.2868 8.0185
0.2000 60.2310 8.5445
0.3000 65.6078 9.6076
0.4000 67.3178 10.9835
0.5000 63.0087 13.1092
0.6000 46.4028 16.6200
0.7000 -2.8479 25.2195
0.8000 -151.2830 21.3786
0.9000 -199.3515 20.0718
1.0000 -236.5510 19.2344
#PMF from TI in kcal/mol
0.0000 0.0000
0.1000 4.6793
0.2000 10.3052
0.3000 16.5971
0.4000 23.2434
0.5000 29.7597
0.6000 35.2303
0.7000 37.4081
0.8000 29.7015
0.9000 12.1698
1.0000 -9.6253
#MBAR free energy difference in kcal/mol: 
-10.080624, 0.289246 
#TI free energy difference in kcal/mol: 
-9.625332  
Starting /export/users/common/BioSimSpace/sire.app/bin/analyse_freenrg: number of threads equals 32
