# Analysing data contained in file(s) ['lambda_0.0000/simfile.dat', 'lambda_0.1000/simfile.dat', 'lambda_0.2000/simfile.dat', 'lambda_0.3000/simfile.dat', 'lambda_0.4000/simfile.dat', 'lambda_0.5000/simfile.dat', 'lambda_0.6000/simfile.dat', 'lambda_0.7000/simfile.dat', 'lambda_0.8000/simfile.dat', 'lambda_0.9000/simfile.dat', 'lambda_1.0000/simfile.dat']
#Overlap matrix
0.6848 0.2684 0.0437 0.0030 0.0001 0.0000 0.0000 0.0000 0.0000 0.0000 0.0000
0.2684 0.4369 0.2411 0.0491 0.0042 0.0002 0.0000 0.0000 0.0000 0.0000 0.0000
0.0437 0.2411 0.4111 0.2425 0.0553 0.0059 0.0003 0.0000 0.0000 0.0000 0.0000
0.0030 0.0491 0.2425 0.3977 0.2386 0.0608 0.0077 0.0006 0.0000 0.0000 0.0000
0.0001 0.0042 0.0553 0.2386 0.3866 0.2408 0.0645 0.0089 0.0008 0.0000 0.0000
0.0000 0.0002 0.0059 0.0608 0.2408 0.3854 0.2314 0.0641 0.0103 0.0011 0.0000
0.0000 0.0000 0.0003 0.0077 0.0645 0.2314 0.3854 0.2289 0.0689 0.0120 0.0008
0.0000 0.0000 0.0000 0.0006 0.0089 0.0641 0.2289 0.3844 0.2416 0.0655 0.0060
0.0000 0.0000 0.0000 0.0000 0.0008 0.0103 0.0689 0.2416 0.4218 0.2280 0.0287
0.0000 0.0000 0.0000 0.0000 0.0000 0.0011 0.0120 0.0655 0.2280 0.5211 0.1722
0.0000 0.0000 0.0000 0.0000 0.0000 0.0000 0.0008 0.0060 0.0287 0.1722 0.7923
#DG from neighbouring lambda in kcal/mol
0.0000 0.1000 -0.1510 0.0225
0.1000 0.2000 -0.1490 0.0209
0.2000 0.3000 -0.1324 0.0196
0.3000 0.4000 -0.1031 0.0190
0.4000 0.5000 -0.0634 0.0180
0.5000 0.6000 -0.0654 0.0183
0.6000 0.7000 -0.1378 0.0181
0.7000 0.8000 -0.1628 0.0174
0.8000 0.9000 0.3974 0.0216
0.9000 1.0000 3.3604 0.0344
#PMF from MBAR in kcal/mol
0.0000 0.0000 0.0000
0.1000 -0.1510 0.0225
0.2000 -0.3000 0.0373
0.3000 -0.4323 0.0472
0.4000 -0.5355 0.0549
0.5000 -0.5989 0.0612
0.6000 -0.6643 0.0667
0.7000 -0.8021 0.0717
0.8000 -0.9648 0.0761
0.9000 -0.5674 0.0811
1.0000 2.7930 0.0904
#TI average gradients and standard deviation in kcal/mol
0.0000 -2.1929 9.4860
0.1000 -1.1877 9.0443
0.2000 -0.9653 8.9846
0.3000 -0.8526 8.7004
0.4000 -0.8986 8.7806
0.5000 -0.5492 8.1496
0.6000 -1.0181 8.0565
0.7000 -2.3303 7.8718
0.8000 -0.5527 8.6180
0.9000 10.5482 11.0191
1.0000 68.9759 16.3080
#PMF from TI in kcal/mol
0.0000 0.0000
0.1000 -0.1690
0.2000 -0.2767
0.3000 -0.3676
0.4000 -0.4551
0.5000 -0.5275
0.6000 -0.6059
0.7000 -0.7733
0.8000 -0.9175
0.9000 -0.4177
1.0000 3.5585
#MBAR free energy difference in kcal/mol: 
2.792986, 0.090404 
#TI free energy difference in kcal/mol: 
3.558521  
Starting /export/users/common/BioSimSpace/sire.app/bin/analyse_freenrg: number of threads equals 32
