# Analysing data contained in file(s) ['lambda_0.0000/simfile.dat', 'lambda_0.1000/simfile.dat', 'lambda_0.2000/simfile.dat', 'lambda_0.3000/simfile.dat', 'lambda_0.4000/simfile.dat', 'lambda_0.5000/simfile.dat', 'lambda_0.6000/simfile.dat', 'lambda_0.7000/simfile.dat', 'lambda_0.8000/simfile.dat', 'lambda_0.9000/simfile.dat', 'lambda_1.0000/simfile.dat']
#Overlap matrix
0.8715 0.1264 0.0021 0.0000 0.0000 0.0000 0.0000 0.0000 0.0000 0.0000 0.0000
0.1264 0.6759 0.1901 0.0076 0.0000 0.0000 0.0000 0.0000 0.0000 0.0000 0.0000
0.0021 0.1901 0.5903 0.2085 0.0089 0.0000 0.0000 0.0000 0.0000 0.0000 0.0000
0.0000 0.0076 0.2085 0.5792 0.2000 0.0047 0.0000 0.0000 0.0000 0.0000 0.0000
0.0000 0.0000 0.0089 0.2000 0.6229 0.1654 0.0028 0.0000 0.0000 0.0000 0.0000
0.0000 0.0000 0.0000 0.0047 0.1654 0.6414 0.1832 0.0052 0.0000 0.0000 0.0000
0.0000 0.0000 0.0000 0.0000 0.0028 0.1832 0.6200 0.1915 0.0025 0.0000 0.0000
0.0000 0.0000 0.0000 0.0000 0.0000 0.0052 0.1915 0.6773 0.1260 0.0000 0.0000
0.0000 0.0000 0.0000 0.0000 0.0000 0.0000 0.0025 0.1260 0.8519 0.0196 0.0000
0.0000 0.0000 0.0000 0.0000 0.0000 0.0000 0.0000 0.0000 0.0196 0.9804 0.0000
0.0000 0.0000 0.0000 0.0000 0.0000 0.0000 0.0000 0.0000 0.0000 0.0000 1.0000
#DG from neighbouring lambda in kcal/mol
0.0000 0.1000 15.7977 0.0317
0.1000 0.2000 11.1413 0.0229
0.2000 0.3000 7.2270 0.0207
0.3000 0.4000 3.3758 0.0217
0.4000 0.5000 -0.9297 0.0257
0.5000 0.6000 -5.5580 0.0237
0.6000 0.7000 -9.6087 0.0230
0.7000 0.8000 -13.2453 0.0318
0.8000 0.9000 -18.1186 0.0923
0.9000 1.0000 -51.7105 0.0953
#PMF from MBAR in kcal/mol
0.0000 0.0000 0.0000
0.1000 15.7977 0.0317
0.2000 26.9391 0.0430
0.3000 34.1661 0.0507
0.4000 37.5418 0.0577
0.5000 36.6121 0.0655
0.6000 31.0541 0.0719
0.7000 21.4454 0.0775
0.8000 8.2001 0.0856
0.9000 -9.9185 0.1273
1.0000 -61.6290 0.0519
#TI average gradients and standard deviation in kcal/mol
0.0000 186.3925 19.4741
0.1000 132.4817 14.0252
0.2000 91.3241 12.4685
0.3000 53.0304 12.2675
0.4000 13.8759 13.0508
0.5000 -33.6594 14.2723
0.6000 -76.6395 13.1549
0.7000 -114.8262 14.2293
0.8000 -151.2925 19.9248
0.9000 -232.5294 36.5745
1.0000 -7471.9741 333.8863
#PMF from TI in kcal/mol
0.0000 0.0000
0.1000 15.9437
0.2000 27.1340
0.3000 34.3517
0.4000 37.6970
0.5000 36.7079
0.6000 31.1929
0.7000 21.6196
0.8000 8.3137
0.9000 -10.8774
1.0000 -396.1026
#MBAR free energy difference in kcal/mol: 
-61.629004, 0.051862 
#TI free energy difference in kcal/mol: 
-396.102567  
Starting /export/users/common/BioSimSpace/sire.app/bin/analyse_freenrg: number of threads equals 32
