# Analysing data contained in file(s) ['lambda_0.0000/simfile.dat', 'lambda_0.1000/simfile.dat', 'lambda_0.2000/simfile.dat', 'lambda_0.3000/simfile.dat', 'lambda_0.4000/simfile.dat', 'lambda_0.5000/simfile.dat', 'lambda_0.6000/simfile.dat', 'lambda_0.7000/simfile.dat', 'lambda_0.8000/simfile.dat', 'lambda_0.9000/simfile.dat', 'lambda_1.0000/simfile.dat']
#Overlap matrix
0.8709 0.1290 0.0001 0.0000 0.0000 0.0000 0.0000 0.0000 0.0000 0.0000 0.0000
0.1290 0.7173 0.1537 0.0000 0.0000 0.0000 0.0000 0.0000 0.0000 0.0000 0.0000
0.0001 0.1537 0.8462 0.0001 0.0000 0.0000 0.0000 0.0000 0.0000 0.0000 0.0000
0.0000 0.0000 0.0001 0.9357 0.0642 0.0000 0.0000 0.0000 0.0000 0.0000 0.0000
0.0000 0.0000 0.0000 0.0642 0.7836 0.1480 0.0041 0.0000 0.0000 0.0000 0.0000
0.0000 0.0000 0.0000 0.0000 0.1480 0.6894 0.1596 0.0030 0.0000 0.0000 0.0000
0.0000 0.0000 0.0000 0.0000 0.0041 0.1596 0.6596 0.1755 0.0012 0.0000 0.0000
0.0000 0.0000 0.0000 0.0000 0.0000 0.0030 0.1755 0.6924 0.1291 0.0000 0.0000
0.0000 0.0000 0.0000 0.0000 0.0000 0.0000 0.0012 0.1291 0.7744 0.0937 0.0016
0.0000 0.0000 0.0000 0.0000 0.0000 0.0000 0.0000 0.0000 0.0937 0.8106 0.0957
0.0000 0.0000 0.0000 0.0000 0.0000 0.0000 0.0000 0.0000 0.0016 0.0957 0.9027
#DG from neighbouring lambda in kcal/mol
0.0000 0.1000 0.3585 0.6391
0.1000 0.2000 -0.3624 0.5657
0.2000 0.3000 -2.0377 31.7293
0.3000 0.4000 0.8877 0.9822
0.4000 0.5000 9.1589 0.5704
0.5000 0.6000 12.0031 0.5334
0.6000 0.7000 12.1524 0.5036
0.7000 0.8000 11.9206 0.6351
0.8000 0.9000 4.1412 0.7774
0.9000 1.0000 5.0236 0.7672
#PMF from MBAR in kcal/mol
0.0000 0.0000 0.0000
0.1000 0.3585 0.6391
0.2000 -0.0039 0.9326
0.3000 -2.0415 31.7428
0.4000 -1.1538 31.7603
0.5000 8.0051 31.7676
0.6000 20.0082 31.7740
0.7000 32.1606 31.7800
0.8000 44.0812 31.7884
0.9000 48.2224 31.8002
1.0000 53.2460 31.8113
#TI average gradients and standard deviation in kcal/mol
0.0000 7.6128 66.7785
0.1000 51.2683 29.3781
0.2000 43.5271 18.6831
0.3000 22.1626 36.1072
0.4000 -24.0835 6.0950
0.5000 254.6678 3.2990
0.6000 146.5392 4.7201
0.7000 153.9859 20.1396
0.8000 119.1060 52.5032
0.9000 42.4771 17.6887
1.0000 63.7497 13.0991
#PMF from TI in kcal/mol
0.0000 0.0000
0.1000 2.9441
0.2000 7.6838
0.3000 10.9683
0.4000 10.8723
0.5000 22.4015
0.6000 42.4618
0.7000 57.4881
0.8000 71.1427
0.9000 79.2218
1.0000 84.5332
#MBAR free energy difference in kcal/mol: 
53.246004, 31.811291  #WARNING SUBSAMPLING ENERGIES RESULTED IN LESS THAN 50 SAMPLES, CONSIDER RERUN WITHOUT SUBSAMPLE OPTION
#TI free energy difference in kcal/mol: 
84.533182  #WARNING SUBSAMPLING GRADIENTS RESULTED IN LESS THAN 50 SAMPLES, CONSIDER RERUN WITHOUT SUBSAMPLE OPTION 
Starting /export/users/common/BioSimSpace/sire.app/bin/analyse_freenrg: number of threads equals 32
