# Analysing data contained in file(s) ['lambda_0.0000/simfile.dat', 'lambda_0.1000/simfile.dat', 'lambda_0.2000/simfile.dat', 'lambda_0.3000/simfile.dat', 'lambda_0.4000/simfile.dat', 'lambda_0.5000/simfile.dat', 'lambda_0.6000/simfile.dat', 'lambda_0.7000/simfile.dat', 'lambda_0.8000/simfile.dat', 'lambda_0.9000/simfile.dat', 'lambda_1.0000/simfile.dat']
#Overlap matrix
0.7403 0.2354 0.0238 0.0005 0.0000 0.0000 0.0000 0.0000 0.0000 0.0000 0.0000
0.2354 0.5139 0.2283 0.0221 0.0003 0.0000 0.0000 0.0000 0.0000 0.0000 0.0000
0.0238 0.2283 0.5169 0.2168 0.0138 0.0003 0.0000 0.0000 0.0000 0.0000 0.0000
0.0005 0.0221 0.2168 0.5039 0.2312 0.0253 0.0002 0.0000 0.0000 0.0000 0.0000
0.0000 0.0003 0.0138 0.2312 0.5249 0.2203 0.0095 0.0000 0.0000 0.0000 0.0000
0.0000 0.0000 0.0003 0.0253 0.2203 0.6104 0.1368 0.0067 0.0002 0.0000 0.0000
0.0000 0.0000 0.0000 0.0002 0.0095 0.1368 0.5492 0.2806 0.0233 0.0005 0.0000
0.0000 0.0000 0.0000 0.0000 0.0000 0.0067 0.2806 0.4750 0.2125 0.0248 0.0004
0.0000 0.0000 0.0000 0.0000 0.0000 0.0002 0.0233 0.2125 0.5119 0.2358 0.0164
0.0000 0.0000 0.0000 0.0000 0.0000 0.0000 0.0005 0.0248 0.2358 0.4980 0.2409
0.0000 0.0000 0.0000 0.0000 0.0000 0.0000 0.0000 0.0004 0.0164 0.2409 0.7423
#DG from neighbouring lambda in kcal/mol
0.0000 0.1000 -2.1373 0.2045
0.1000 0.2000 0.7972 0.1940
0.2000 0.3000 1.1525 0.2098
0.3000 0.4000 0.7938 0.1964
0.4000 0.5000 0.6964 0.2087
0.5000 0.6000 -0.1221 0.3176
0.6000 0.7000 -1.0780 0.1659
0.7000 0.8000 -1.1582 0.2047
0.8000 0.9000 -1.3010 0.1912
0.9000 1.0000 -1.5199 0.2052
#PMF from MBAR in kcal/mol
0.0000 0.0000 0.0000
0.1000 -2.1373 0.2045
0.2000 -1.3402 0.3294
0.3000 -0.1877 0.4280
0.4000 0.6061 0.5073
0.5000 1.3025 0.5738
0.6000 1.1804 0.6813
0.7000 0.1024 0.7279
0.8000 -1.0558 0.7768
0.9000 -2.3568 0.8181
1.0000 -3.8767 0.8638
#TI average gradients and standard deviation in kcal/mol
0.0000 -62.7195 10.7969
0.1000 0.6159 10.7100
0.2000 10.7712 10.5806
0.3000 11.7802 10.7472
0.4000 9.5672 10.9223
0.5000 5.6012 11.6452
0.6000 -6.5338 11.3784
0.7000 -10.4867 11.3483
0.8000 -10.4532 11.0278
0.9000 -15.5670 11.1125
1.0000 -11.2901 12.2846
#PMF from TI in kcal/mol
0.0000 0.0000
0.1000 -3.1052
0.2000 -2.5358
0.3000 -1.4083
0.4000 -0.3409
0.5000 0.4175
0.6000 0.3709
0.7000 -0.4801
0.8000 -1.5271
0.9000 -2.8281
1.0000 -4.1710
#MBAR free energy difference in kcal/mol: 
-3.876696, 0.863774  #WARNING SUBSAMPLING ENERGIES RESULTED IN LESS THAN 50 SAMPLES, CONSIDER RERUN WITHOUT SUBSAMPLE OPTION
#TI free energy difference in kcal/mol: 
-4.170996  
Starting /export/users/common/BioSimSpace/sire.app/bin/analyse_freenrg: number of threads equals 32
