# Analysing data contained in file(s) ['lambda_0.0000/simfile.dat', 'lambda_0.1000/simfile.dat', 'lambda_0.2000/simfile.dat', 'lambda_0.3000/simfile.dat', 'lambda_0.4000/simfile.dat', 'lambda_0.5000/simfile.dat', 'lambda_0.6000/simfile.dat', 'lambda_0.7000/simfile.dat', 'lambda_0.8000/simfile.dat', 'lambda_0.9000/simfile.dat', 'lambda_1.0000/simfile.dat']
#Overlap matrix
0.9820 0.0180 0.0000 0.0000 0.0000 0.0000 0.0000 0.0000 0.0000 0.0000 0.0000
0.0180 0.8876 0.0944 0.0000 0.0000 0.0000 0.0000 0.0000 0.0000 0.0000 0.0000
0.0000 0.0944 0.9038 0.0018 0.0000 0.0000 0.0000 0.0000 0.0000 0.0000 0.0000
0.0000 0.0000 0.0018 0.9322 0.0661 0.0000 0.0000 0.0000 0.0000 0.0000 0.0000
0.0000 0.0000 0.0000 0.0661 0.8399 0.0940 0.0000 0.0000 0.0000 0.0000 0.0000
0.0000 0.0000 0.0000 0.0000 0.0940 0.8376 0.0684 0.0000 0.0000 0.0000 0.0000
0.0000 0.0000 0.0000 0.0000 0.0000 0.0684 0.8787 0.0527 0.0001 0.0000 0.0000
0.0000 0.0000 0.0000 0.0000 0.0000 0.0000 0.0527 0.7815 0.1655 0.0003 0.0000
0.0000 0.0000 0.0000 0.0000 0.0000 0.0000 0.0001 0.1655 0.7941 0.0400 0.0002
0.0000 0.0000 0.0000 0.0000 0.0000 0.0000 0.0000 0.0003 0.0400 0.7652 0.1945
0.0000 0.0000 0.0000 0.0000 0.0000 0.0000 0.0000 0.0000 0.0002 0.1945 0.8053
#DG from neighbouring lambda in kcal/mol
0.0000 0.1000 4.0046 1.4539
0.1000 0.2000 6.0692 0.5825
0.2000 0.3000 5.1466 4.6984
0.3000 0.4000 3.0266 0.7203
0.4000 0.5000 1.8834 0.5841
0.5000 0.6000 2.0491 0.7054
0.6000 0.7000 1.2764 0.8174
0.7000 0.8000 1.1374 0.3987
0.8000 0.9000 0.5060 0.9467
0.9000 1.0000 -0.6373 0.3519
#PMF from MBAR in kcal/mol
0.0000 0.0000 0.0000
0.1000 4.0046 1.4539
0.2000 10.0738 1.5912
0.3000 15.2204 4.9685
0.4000 18.2470 5.0282
0.5000 20.1304 5.0698
0.6000 22.1795 5.1264
0.7000 23.4559 5.1987
0.8000 24.5933 5.2214
0.9000 25.0993 5.3136
1.0000 24.4621 5.3325
#TI average gradients and standard deviation in kcal/mol
0.0000 25.8771 28.8676
0.1000 47.3440 26.4110
0.2000 47.1932 23.7298
0.3000 39.1540 23.4993
0.4000 32.9813 21.7871
0.5000 25.9611 20.6272
0.6000 17.5963 19.5308
0.7000 12.3946 18.7039
0.8000 6.4962 17.4204
0.9000 0.3618 16.7479
1.0000 -1.7089 15.5582
#PMF from TI in kcal/mol
0.0000 0.0000
0.1000 3.6611
0.2000 8.3879
0.3000 12.7053
0.4000 16.3120
0.5000 19.2592
0.6000 21.4370
0.7000 22.9366
0.8000 23.8811
0.9000 24.2240
1.0000 24.1567
#MBAR free energy difference in kcal/mol: 
24.462084, 5.332506  #WARNING SUBSAMPLING ENERGIES RESULTED IN LESS THAN 50 SAMPLES, CONSIDER RERUN WITHOUT SUBSAMPLE OPTION
#TI free energy difference in kcal/mol: 
24.156666  
Starting /export/users/common/BioSimSpace/sire.app/bin/analyse_freenrg: number of threads equals 32
