# Analysing data contained in file(s) ['lambda_0.0000/simfile.dat', 'lambda_0.1000/simfile.dat', 'lambda_0.2000/simfile.dat', 'lambda_0.3000/simfile.dat', 'lambda_0.4000/simfile.dat', 'lambda_0.5000/simfile.dat', 'lambda_0.6000/simfile.dat', 'lambda_0.7000/simfile.dat', 'lambda_0.8000/simfile.dat', 'lambda_0.9000/simfile.dat', 'lambda_1.0000/simfile.dat']
#Overlap matrix
0.8789 0.1191 0.0020 0.0000 0.0000 0.0000 0.0000 0.0000 0.0000 0.0000 0.0000
0.1191 0.6646 0.2042 0.0119 0.0001 0.0000 0.0000 0.0000 0.0000 0.0000 0.0000
0.0020 0.2042 0.5560 0.2207 0.0168 0.0003 0.0000 0.0000 0.0000 0.0000 0.0000
0.0000 0.0119 0.2207 0.5253 0.2234 0.0184 0.0003 0.0000 0.0000 0.0000 0.0000
0.0000 0.0001 0.0168 0.2234 0.5143 0.2256 0.0195 0.0003 0.0000 0.0000 0.0000
0.0000 0.0000 0.0003 0.0184 0.2256 0.5110 0.2276 0.0170 0.0002 0.0000 0.0000
0.0000 0.0000 0.0000 0.0003 0.0195 0.2276 0.5183 0.2186 0.0156 0.0001 0.0000
0.0000 0.0000 0.0000 0.0000 0.0003 0.0170 0.2186 0.5325 0.2187 0.0128 0.0000
0.0000 0.0000 0.0000 0.0000 0.0000 0.0002 0.0156 0.2187 0.5546 0.2091 0.0018
0.0000 0.0000 0.0000 0.0000 0.0000 0.0000 0.0001 0.0128 0.2091 0.6820 0.0960
0.0000 0.0000 0.0000 0.0000 0.0000 0.0000 0.0000 0.0000 0.0018 0.0960 0.9023
#DG from neighbouring lambda in kcal/mol
0.0000 0.1000 2.1807 0.0355
0.1000 0.2000 3.7708 0.0228
0.2000 0.3000 4.0995 0.0202
0.3000 0.4000 3.9791 0.0195
0.4000 0.5000 3.7533 0.0192
0.5000 0.6000 3.5462 0.0191
0.6000 0.7000 3.2746 0.0201
0.7000 0.8000 2.9684 0.0204
0.8000 0.9000 2.5512 0.0223
0.9000 1.0000 0.8601 0.0407
#PMF from MBAR in kcal/mol
0.0000 0.0000 0.0000
0.1000 2.1807 0.0355
0.2000 5.9515 0.0464
0.3000 10.0511 0.0536
0.4000 14.0302 0.0596
0.5000 17.7835 0.0649
0.6000 21.3297 0.0698
0.7000 24.6043 0.0747
0.8000 27.5727 0.0793
0.9000 30.1239 0.0843
1.0000 30.9840 0.0955
#TI average gradients and standard deviation in kcal/mol
0.0000 0.2937 17.1930
0.1000 33.5029 14.3124
0.2000 40.5452 11.4650
0.3000 40.8652 10.9697
0.4000 38.9165 10.9334
0.5000 36.4543 10.8969
0.6000 33.9721 11.1604
0.7000 31.4627 11.2189
0.8000 28.0955 11.5679
0.9000 21.2466 13.6671
1.0000 -10.8282 20.1417
#PMF from TI in kcal/mol
0.0000 0.0000
0.1000 1.6898
0.2000 5.3922
0.3000 9.4628
0.4000 13.4518
0.5000 17.2204
0.6000 20.7417
0.7000 24.0134
0.8000 26.9913
0.9000 29.4584
1.0000 29.9794
#MBAR free energy difference in kcal/mol: 
30.983993, 0.095542 
#TI free energy difference in kcal/mol: 
29.979359  
Starting /export/users/common/BioSimSpace/sire.app/bin/analyse_freenrg: number of threads equals 32
