# Analysing data contained in file(s) ['lambda_0.0000/simfile.dat', 'lambda_0.1000/simfile.dat', 'lambda_0.2000/simfile.dat', 'lambda_0.3000/simfile.dat', 'lambda_0.4000/simfile.dat', 'lambda_0.5000/simfile.dat', 'lambda_0.6000/simfile.dat', 'lambda_0.7000/simfile.dat', 'lambda_0.8000/simfile.dat', 'lambda_0.9000/simfile.dat', 'lambda_1.0000/simfile.dat']
#Overlap matrix
0.9123 0.0877 0.0000 0.0000 0.0000 0.0000 0.0000 0.0000 0.0000 0.0000 0.0000
0.0877 0.8376 0.0747 0.0000 0.0000 0.0000 0.0000 0.0000 0.0000 0.0000 0.0000
0.0000 0.0747 0.8631 0.0622 0.0000 0.0000 0.0000 0.0000 0.0000 0.0000 0.0000
0.0000 0.0000 0.0622 0.8805 0.0573 0.0000 0.0000 0.0000 0.0000 0.0000 0.0000
0.0000 0.0000 0.0000 0.0573 0.8972 0.0455 0.0000 0.0000 0.0000 0.0000 0.0000
0.0000 0.0000 0.0000 0.0000 0.0455 0.9170 0.0375 0.0000 0.0000 0.0000 0.0000
0.0000 0.0000 0.0000 0.0000 0.0000 0.0375 0.9335 0.0290 0.0000 0.0000 0.0000
0.0000 0.0000 0.0000 0.0000 0.0000 0.0000 0.0290 0.9421 0.0289 0.0000 0.0000
0.0000 0.0000 0.0000 0.0000 0.0000 0.0000 0.0000 0.0289 0.9489 0.0222 0.0000
0.0000 0.0000 0.0000 0.0000 0.0000 0.0000 0.0000 0.0000 0.0222 0.9650 0.0127
0.0000 0.0000 0.0000 0.0000 0.0000 0.0000 0.0000 0.0000 0.0000 0.0127 0.9873
#DG from neighbouring lambda in kcal/mol
0.0000 0.1000 -0.8368 0.0449
0.1000 0.2000 -1.3670 0.0494
0.2000 0.3000 -1.9286 0.0549
0.3000 0.4000 -2.6570 0.0576
0.4000 0.5000 -3.5301 0.0654
0.5000 0.6000 -4.7274 0.0728
0.6000 0.7000 -6.2148 0.0835
0.7000 0.8000 -7.5053 0.0836
0.8000 0.9000 -7.5560 0.0961
0.9000 1.0000 -4.8412 0.1281
#PMF from MBAR in kcal/mol
0.0000 0.0000 0.0000
0.1000 -0.8368 0.0449
0.2000 -2.2038 0.0699
0.3000 -4.1324 0.0913
0.4000 -6.7894 0.1099
0.5000 -10.3195 0.1296
0.6000 -15.0468 0.1501
0.7000 -21.2616 0.1730
0.8000 -28.7670 0.1932
0.9000 -36.3229 0.2168
1.0000 -41.1642 0.2527
#TI average gradients and standard deviation in kcal/mol
0.0000 -9.9141 17.9554
0.1000 -10.6120 19.1629
0.2000 -16.2549 20.2002
0.3000 -22.1258 20.9118
0.4000 -30.4030 21.7815
0.5000 -41.2928 22.4363
0.6000 -54.8280 23.6078
0.7000 -70.1170 24.2626
0.8000 -77.6920 25.2326
0.9000 -70.2786 26.9271
1.0000 -17.1978 31.9523
#PMF from TI in kcal/mol
0.0000 0.0000
0.1000 -1.0263
0.2000 -2.3696
0.3000 -4.2887
0.4000 -6.9151
0.5000 -10.4999
0.6000 -15.3059
0.7000 -21.5532
0.8000 -28.9436
0.9000 -36.3422
1.0000 -40.7160
#MBAR free energy difference in kcal/mol: 
-41.164160, 0.252675 
#TI free energy difference in kcal/mol: 
-40.715995  
Starting /export/users/common/BioSimSpace/sire.app/bin/analyse_freenrg: number of threads equals 32
