# Analysing data contained in file(s) ['lambda_0.0000/simfile.dat', 'lambda_0.1000/simfile.dat', 'lambda_0.2000/simfile.dat', 'lambda_0.3000/simfile.dat', 'lambda_0.4000/simfile.dat', 'lambda_0.5000/simfile.dat', 'lambda_0.6000/simfile.dat', 'lambda_0.7000/simfile.dat', 'lambda_0.8000/simfile.dat', 'lambda_0.9000/simfile.dat', 'lambda_1.0000/simfile.dat']
#Overlap matrix
0.6926 0.2464 0.0516 0.0083 0.0011 0.0001 0.0000 0.0000 0.0000 0.0000 0.0000
0.2464 0.4037 0.2381 0.0853 0.0218 0.0041 0.0006 0.0001 0.0000 0.0000 0.0000
0.0516 0.2381 0.3311 0.2334 0.1054 0.0325 0.0069 0.0010 0.0001 0.0000 0.0000
0.0083 0.0853 0.2334 0.2940 0.2229 0.1110 0.0366 0.0076 0.0009 0.0001 0.0000
0.0011 0.0218 0.1054 0.2229 0.2753 0.2183 0.1122 0.0357 0.0066 0.0006 0.0000
0.0001 0.0041 0.0325 0.1110 0.2183 0.2717 0.2177 0.1087 0.0315 0.0043 0.0001
0.0000 0.0006 0.0069 0.0366 0.1122 0.2177 0.2757 0.2212 0.1044 0.0236 0.0011
0.0000 0.0001 0.0010 0.0076 0.0357 0.1087 0.2212 0.2921 0.2332 0.0923 0.0081
0.0000 0.0000 0.0001 0.0009 0.0066 0.0315 0.1044 0.2332 0.3288 0.2472 0.0473
0.0000 0.0000 0.0000 0.0001 0.0006 0.0043 0.0236 0.0923 0.2472 0.4096 0.2224
0.0000 0.0000 0.0000 0.0000 0.0000 0.0001 0.0011 0.0081 0.0473 0.2224 0.7209
#DG from neighbouring lambda in kcal/mol
0.0000 0.1000 -4.4910 0.0165
0.1000 0.2000 -1.4206 0.0119
0.2000 0.3000 0.0284 0.0091
0.3000 0.4000 1.1233 0.0080
0.4000 0.5000 2.1392 0.0076
0.5000 0.6000 3.1346 0.0077
0.6000 0.7000 4.0929 0.0082
0.7000 0.8000 4.9842 0.0090
0.8000 0.9000 5.7128 0.0112
0.9000 1.0000 5.8737 0.0184
#PMF from MBAR in kcal/mol
0.0000 0.0000 0.0000
0.1000 -4.4910 0.0165
0.2000 -5.9116 0.0247
0.3000 -5.8833 0.0291
0.4000 -4.7599 0.0323
0.5000 -2.6207 0.0349
0.6000 0.5138 0.0374
0.7000 4.6068 0.0398
0.8000 9.5909 0.0424
0.9000 15.3038 0.0456
1.0000 21.1774 0.0514
#TI average gradients and standard deviation in kcal/mol
0.0000 -74.4399 12.1930
0.1000 -25.2397 8.8750
0.2000 -5.5625 7.0621
0.3000 5.6572 6.1942
0.4000 16.1543 5.7444
0.5000 26.5927 5.7273
0.6000 36.2469 5.3682
0.7000 45.6221 6.3484
0.8000 54.1858 6.9421
0.9000 60.2882 7.8685
1.0000 54.8138 14.9091
#PMF from TI in kcal/mol
0.0000 0.0000
0.1000 -4.9840
0.2000 -6.5241
0.3000 -6.5194
0.4000 -5.4288
0.5000 -3.2914
0.6000 -0.1494
0.7000 3.9440
0.8000 8.9344
0.9000 14.6581
1.0000 20.4132
#MBAR free energy difference in kcal/mol: 
21.177426, 0.051397 
#TI free energy difference in kcal/mol: 
20.413204  
Starting /export/users/common/BioSimSpace/sire.app/bin/analyse_freenrg: number of threads equals 32
