# Analysing data contained in file(s) ['lambda_0.0000/simfile.dat', 'lambda_0.1000/simfile.dat', 'lambda_0.2000/simfile.dat', 'lambda_0.3000/simfile.dat', 'lambda_0.4000/simfile.dat', 'lambda_0.5000/simfile.dat', 'lambda_0.6000/simfile.dat', 'lambda_0.7000/simfile.dat', 'lambda_0.8000/simfile.dat', 'lambda_0.9000/simfile.dat', 'lambda_1.0000/simfile.dat']
#Overlap matrix
0.7111 0.2489 0.0379 0.0020 0.0000 0.0000 0.0000 0.0000 0.0000 0.0000 0.0000
0.2489 0.4573 0.2475 0.0437 0.0025 0.0000 0.0000 0.0000 0.0000 0.0000 0.0000
0.0379 0.2475 0.4251 0.2429 0.0441 0.0024 0.0000 0.0000 0.0000 0.0000 0.0000
0.0020 0.0437 0.2429 0.4282 0.2401 0.0409 0.0021 0.0000 0.0000 0.0000 0.0000
0.0000 0.0025 0.0441 0.2401 0.4311 0.2402 0.0402 0.0017 0.0000 0.0000 0.0000
0.0000 0.0000 0.0024 0.0409 0.2402 0.4403 0.2400 0.0350 0.0012 0.0000 0.0000
0.0000 0.0000 0.0000 0.0021 0.0402 0.2400 0.4511 0.2363 0.0297 0.0007 0.0000
0.0000 0.0000 0.0000 0.0000 0.0017 0.0350 0.2363 0.4694 0.2349 0.0225 0.0001
0.0000 0.0000 0.0000 0.0000 0.0000 0.0012 0.0297 0.2349 0.4998 0.2267 0.0077
0.0000 0.0000 0.0000 0.0000 0.0000 0.0000 0.0007 0.0225 0.2267 0.5928 0.1573
0.0000 0.0000 0.0000 0.0000 0.0000 0.0000 0.0000 0.0001 0.0077 0.1573 0.8348
#DG from neighbouring lambda in kcal/mol
0.0000 0.1000 2.2720 0.0189
0.1000 0.2000 3.1509 0.0162
0.2000 0.3000 2.4279 0.0160
0.3000 0.4000 1.3387 0.0164
0.4000 0.5000 0.1414 0.0166
0.5000 0.6000 -1.0630 0.0170
0.6000 0.7000 -2.3488 0.0180
0.7000 0.8000 -3.7367 0.0190
0.8000 0.9000 -5.3064 0.0212
0.9000 1.0000 -7.5826 0.0310
#PMF from MBAR in kcal/mol
0.0000 0.0000 0.0000
0.1000 2.2720 0.0189
0.2000 5.4229 0.0299
0.3000 7.8508 0.0378
0.4000 9.1896 0.0444
0.5000 9.3310 0.0503
0.6000 8.2680 0.0557
0.7000 5.9191 0.0610
0.8000 2.1825 0.0663
0.9000 -3.1240 0.0719
1.0000 -10.7065 0.0808
#TI average gradients and standard deviation in kcal/mol
0.0000 4.4832 11.3312
0.1000 31.7243 9.5285
0.2000 28.8687 9.2127
0.3000 19.1377 9.1546
0.4000 7.6027 9.3569
0.5000 -4.5900 9.5087
0.6000 -17.1197 9.7338
0.7000 -30.4055 10.1554
0.8000 -44.9719 10.7314
0.9000 -62.1550 11.8340
1.0000 -93.9208 17.7525
#PMF from TI in kcal/mol
0.0000 0.0000
0.1000 1.8104
0.2000 4.8400
0.3000 7.2403
0.4000 8.5774
0.5000 8.7280
0.6000 7.6425
0.7000 5.2662
0.8000 1.4974
0.9000 -3.8590
1.0000 -11.6628
#MBAR free energy difference in kcal/mol: 
-10.706535, 0.080771 
#TI free energy difference in kcal/mol: 
-11.662750  
Starting /export/users/common/BioSimSpace/sire.app/bin/analyse_freenrg: number of threads equals 32
