# Analysing data contained in file(s) ['lambda_0.0000/simfile.dat', 'lambda_0.1000/simfile.dat', 'lambda_0.2000/simfile.dat', 'lambda_0.3000/simfile.dat', 'lambda_0.4000/simfile.dat', 'lambda_0.5000/simfile.dat', 'lambda_0.6000/simfile.dat', 'lambda_0.7000/simfile.dat', 'lambda_0.8000/simfile.dat', 'lambda_0.9000/simfile.dat', 'lambda_1.0000/simfile.dat']
#Overlap matrix
0.8797 0.1184 0.0019 0.0000 0.0000 0.0000 0.0000 0.0000 0.0000 0.0000 0.0000
0.1184 0.7049 0.1710 0.0057 0.0000 0.0000 0.0000 0.0000 0.0000 0.0000 0.0000
0.0019 0.1710 0.6374 0.1843 0.0053 0.0000 0.0000 0.0000 0.0000 0.0000 0.0000
0.0000 0.0057 0.1843 0.6183 0.1845 0.0071 0.0000 0.0000 0.0000 0.0000 0.0000
0.0000 0.0000 0.0053 0.1845 0.6130 0.1911 0.0061 0.0000 0.0000 0.0000 0.0000
0.0000 0.0000 0.0000 0.0071 0.1911 0.6132 0.1805 0.0080 0.0001 0.0000 0.0000
0.0000 0.0000 0.0000 0.0000 0.0061 0.1805 0.6070 0.1985 0.0079 0.0000 0.0000
0.0000 0.0000 0.0000 0.0000 0.0000 0.0080 0.1985 0.5933 0.1941 0.0061 0.0000
0.0000 0.0000 0.0000 0.0000 0.0000 0.0001 0.0079 0.1941 0.6200 0.1749 0.0031
0.0000 0.0000 0.0000 0.0000 0.0000 0.0000 0.0000 0.0061 0.1749 0.6698 0.1491
0.0000 0.0000 0.0000 0.0000 0.0000 0.0000 0.0000 0.0000 0.0031 0.1491 0.8478
#DG from neighbouring lambda in kcal/mol
0.0000 0.1000 -2.2968 0.0638
0.1000 0.2000 -0.0238 0.0482
0.2000 0.3000 0.5125 0.0449
0.3000 0.4000 0.3802 0.0446
0.4000 0.5000 0.2475 0.0433
0.5000 0.6000 0.0340 0.0450
0.6000 0.7000 0.1286 0.0415
0.7000 0.8000 0.2916 0.0426
0.8000 0.9000 0.4829 0.0470
0.9000 1.0000 0.8732 0.0543
#PMF from MBAR in kcal/mol
0.0000 0.0000 0.0000
0.1000 -2.2968 0.0638
0.2000 -2.3206 0.0869
0.3000 -1.8081 0.1032
0.4000 -1.4278 0.1173
0.5000 -1.1803 0.1292
0.6000 -1.1464 0.1407
0.7000 -1.0178 0.1502
0.8000 -0.7261 0.1595
0.9000 -0.2432 0.1696
1.0000 0.6300 0.1812
#TI average gradients and standard deviation in kcal/mol
0.0000 -53.3340 19.7984
0.1000 -5.9151 15.1469
0.2000 2.6041 13.7753
0.3000 4.4191 13.1981
0.4000 3.1907 12.6869
0.5000 1.6317 13.1250
0.6000 0.5117 13.5488
0.7000 1.9302 12.8660
0.8000 3.5343 13.0967
0.9000 6.1301 14.1487
1.0000 -66807969.1306 1661186559.3930
#PMF from TI in kcal/mol
0.0000 0.0000
0.1000 -2.9625
0.2000 -3.1280
0.3000 -2.7768
0.4000 -2.3964
0.5000 -2.1552
0.6000 -2.0481
0.7000 -1.9260
0.8000 -1.6527
0.9000 -1.1695
1.0000 -3340399.3195
#MBAR free energy difference in kcal/mol: 
0.630022, 0.181223 
#TI free energy difference in kcal/mol: 
-3340399.319544  
Starting /export/users/common/BioSimSpace/sire.app/bin/analyse_freenrg: number of threads equals 32
