# Analysing data contained in file(s) ['lambda_0.0000/simfile.dat', 'lambda_0.1000/simfile.dat', 'lambda_0.2000/simfile.dat', 'lambda_0.3000/simfile.dat', 'lambda_0.4000/simfile.dat', 'lambda_0.5000/simfile.dat', 'lambda_0.6000/simfile.dat', 'lambda_0.7000/simfile.dat', 'lambda_0.8000/simfile.dat', 'lambda_0.9000/simfile.dat', 'lambda_1.0000/simfile.dat']
#Overlap matrix
0.9155 0.0844 0.0000 0.0000 0.0000 0.0000 0.0000 0.0000 0.0000 0.0000 0.0000
0.0844 0.8396 0.0759 0.0000 0.0000 0.0000 0.0000 0.0000 0.0000 0.0000 0.0000
0.0000 0.0759 0.8524 0.0716 0.0000 0.0000 0.0000 0.0000 0.0000 0.0000 0.0000
0.0000 0.0000 0.0716 0.8811 0.0473 0.0000 0.0000 0.0000 0.0000 0.0000 0.0000
0.0000 0.0000 0.0000 0.0473 0.8955 0.0572 0.0000 0.0000 0.0000 0.0000 0.0000
0.0000 0.0000 0.0000 0.0000 0.0572 0.8915 0.0512 0.0000 0.0000 0.0000 0.0000
0.0000 0.0000 0.0000 0.0000 0.0000 0.0512 0.9145 0.0342 0.0000 0.0000 0.0000
0.0000 0.0000 0.0000 0.0000 0.0000 0.0000 0.0342 0.9387 0.0270 0.0000 0.0000
0.0000 0.0000 0.0000 0.0000 0.0000 0.0000 0.0000 0.0270 0.9480 0.0249 0.0000
0.0000 0.0000 0.0000 0.0000 0.0000 0.0000 0.0000 0.0000 0.0249 0.9393 0.0357
0.0000 0.0000 0.0000 0.0000 0.0000 0.0000 0.0000 0.0000 0.0000 0.0357 0.9643
#DG from neighbouring lambda in kcal/mol
0.0000 0.1000 4.3128 0.1640
0.1000 0.2000 3.3830 0.1747
0.2000 0.3000 2.6492 0.1808
0.3000 0.4000 1.8030 0.2288
0.4000 0.5000 0.7935 0.2057
0.5000 0.6000 0.3838 0.2188
0.6000 0.7000 -0.4521 0.2727
0.7000 0.8000 -1.2162 0.3093
0.8000 0.9000 -1.4716 0.3227
0.9000 1.0000 -1.6614 0.2666
#PMF from MBAR in kcal/mol
0.0000 0.0000 0.0000
0.1000 4.3128 0.1640
0.2000 7.6958 0.2507
0.3000 10.3450 0.3178
0.4000 12.1480 0.3984
0.5000 12.9416 0.4545
0.6000 13.3254 0.5098
0.7000 12.8733 0.5829
0.8000 11.6571 0.6640
0.9000 10.1855 0.7419
1.0000 8.5241 0.7918
#TI average gradients and standard deviation in kcal/mol
0.0000 44.5129 18.2178
0.1000 37.2689 18.4068
0.2000 29.4462 19.7390
0.3000 21.9005 20.3689
0.4000 14.2712 21.5240
0.5000 7.4928 22.2137
0.6000 -1.3382 23.3405
0.7000 -7.9589 23.5005
0.8000 -15.2556 24.3448
0.9000 -18.6723 25.5974
1.0000 -2.3261 27.8607
#PMF from TI in kcal/mol
0.0000 0.0000
0.1000 4.0891
0.2000 7.4248
0.3000 9.9922
0.4000 11.8008
0.5000 12.8890
0.6000 13.1967
0.7000 12.7318
0.8000 11.5711
0.9000 9.8747
1.0000 8.8248
#MBAR free energy difference in kcal/mol: 
8.524112, 0.791843 
#TI free energy difference in kcal/mol: 
8.824796  
Starting /export/users/common/BioSimSpace/sire.app/bin/analyse_freenrg: number of threads equals 32
