# Analysing data contained in file(s) ['lambda_0.0000/simfile.dat', 'lambda_0.1000/simfile.dat', 'lambda_0.2000/simfile.dat', 'lambda_0.3000/simfile.dat', 'lambda_0.4000/simfile.dat', 'lambda_0.5000/simfile.dat', 'lambda_0.6000/simfile.dat', 'lambda_0.7000/simfile.dat', 'lambda_0.8000/simfile.dat', 'lambda_0.9000/simfile.dat', 'lambda_1.0000/simfile.dat']
#Overlap matrix
0.9332 0.0668 0.0000 0.0000 0.0000 0.0000 0.0000 0.0000 0.0000 0.0000 0.0000
0.0668 0.8611 0.0721 0.0000 0.0000 0.0000 0.0000 0.0000 0.0000 0.0000 0.0000
0.0000 0.0721 0.8482 0.0796 0.0000 0.0000 0.0000 0.0000 0.0000 0.0000 0.0000
0.0000 0.0000 0.0796 0.8316 0.0887 0.0001 0.0000 0.0000 0.0000 0.0000 0.0000
0.0000 0.0000 0.0000 0.0887 0.8155 0.0956 0.0001 0.0000 0.0000 0.0000 0.0000
0.0000 0.0000 0.0000 0.0001 0.0956 0.7950 0.1091 0.0003 0.0000 0.0000 0.0000
0.0000 0.0000 0.0000 0.0000 0.0001 0.1091 0.7673 0.1229 0.0005 0.0000 0.0000
0.0000 0.0000 0.0000 0.0000 0.0000 0.0003 0.1229 0.7433 0.1326 0.0009 0.0000
0.0000 0.0000 0.0000 0.0000 0.0000 0.0000 0.0005 0.1326 0.7192 0.1460 0.0017
0.0000 0.0000 0.0000 0.0000 0.0000 0.0000 0.0000 0.0009 0.1460 0.6875 0.1656
0.0000 0.0000 0.0000 0.0000 0.0000 0.0000 0.0000 0.0000 0.0017 0.1656 0.8327
#DG from neighbouring lambda in kcal/mol
0.0000 0.1000 -0.1989 0.0398
0.1000 0.2000 -0.2264 0.0380
0.2000 0.3000 -0.2968 0.0359
0.3000 0.4000 -0.2520 0.0336
0.4000 0.5000 -0.2619 0.0321
0.5000 0.6000 -0.2708 0.0295
0.6000 0.7000 -0.2869 0.0272
0.7000 0.8000 -0.2401 0.0258
0.8000 0.9000 -0.2463 0.0240
0.9000 1.0000 -0.2446 0.0220
#PMF from MBAR in kcal/mol
0.0000 0.0000 0.0000
0.1000 -0.1989 0.0398
0.2000 -0.4253 0.0572
0.3000 -0.7221 0.0693
0.4000 -0.9742 0.0786
0.5000 -1.2360 0.0863
0.6000 -1.5068 0.0925
0.7000 -1.7937 0.0977
0.8000 -2.0338 0.1022
0.9000 -2.2801 0.1061
1.0000 -2.5247 0.1094
#TI average gradients and standard deviation in kcal/mol
0.0000 -1.1632 20.5064
0.1000 -2.0332 19.6855
0.2000 -2.4575 19.1195
0.3000 -2.8038 18.2434
0.4000 -1.9547 17.3947
0.5000 -2.8663 16.8885
0.6000 -2.4377 16.3127
0.7000 -2.5202 15.1686
0.8000 -2.5229 14.7574
0.9000 -2.6381 14.0191
1.0000 -2.4111 13.2279
#PMF from TI in kcal/mol
0.0000 0.0000
0.1000 -0.1598
0.2000 -0.3844
0.3000 -0.6474
0.4000 -0.8853
0.5000 -1.1264
0.6000 -1.3916
0.7000 -1.6395
0.8000 -1.8917
0.9000 -2.1497
1.0000 -2.4022
#MBAR free energy difference in kcal/mol: 
-2.524728, 0.109367 
#TI free energy difference in kcal/mol: 
-2.402165  
Starting /export/users/common/BioSimSpace/sire.app/bin/analyse_freenrg: number of threads equals 32
