# Analysing data contained in file(s) ['lambda_0.0000/simfile.dat', 'lambda_0.1000/simfile.dat', 'lambda_0.2000/simfile.dat', 'lambda_0.3000/simfile.dat', 'lambda_0.4000/simfile.dat', 'lambda_0.5000/simfile.dat', 'lambda_0.6000/simfile.dat', 'lambda_0.7000/simfile.dat', 'lambda_0.8000/simfile.dat', 'lambda_0.9000/simfile.dat', 'lambda_1.0000/simfile.dat']
#Overlap matrix
0.7727 0.2151 0.0120 0.0001 0.0000 0.0000 0.0000 0.0000 0.0000 0.0000 0.0000
0.2151 0.5574 0.2140 0.0133 0.0002 0.0000 0.0000 0.0000 0.0000 0.0000 0.0000
0.0120 0.2140 0.5420 0.2170 0.0148 0.0002 0.0000 0.0000 0.0000 0.0000 0.0000
0.0001 0.0133 0.2170 0.5339 0.2193 0.0162 0.0002 0.0000 0.0000 0.0000 0.0000
0.0000 0.0002 0.0148 0.2193 0.5284 0.2200 0.0170 0.0003 0.0000 0.0000 0.0000
0.0000 0.0000 0.0002 0.0162 0.2200 0.5232 0.2218 0.0183 0.0003 0.0000 0.0000
0.0000 0.0000 0.0000 0.0002 0.0170 0.2218 0.5176 0.2253 0.0178 0.0003 0.0000
0.0000 0.0000 0.0000 0.0000 0.0003 0.0183 0.2253 0.5124 0.2256 0.0180 0.0002
0.0000 0.0000 0.0000 0.0000 0.0000 0.0003 0.0178 0.2256 0.5278 0.2180 0.0106
0.0000 0.0000 0.0000 0.0000 0.0000 0.0000 0.0003 0.0180 0.2180 0.5679 0.1959
0.0000 0.0000 0.0000 0.0000 0.0000 0.0000 0.0000 0.0002 0.0106 0.1959 0.7934
#DG from neighbouring lambda in kcal/mol
0.0000 0.1000 4.7046 0.0201
0.1000 0.2000 4.0011 0.0192
0.2000 0.3000 3.3177 0.0188
0.3000 0.4000 2.6525 0.0184
0.4000 0.5000 1.9940 0.0182
0.5000 0.6000 1.3272 0.0179
0.6000 0.7000 0.6878 0.0176
0.7000 0.8000 0.0873 0.0176
0.8000 0.9000 -0.2666 0.0187
0.9000 1.0000 -0.1893 0.0219
#PMF from MBAR in kcal/mol
0.0000 0.0000 0.0000
0.1000 4.7046 0.0201
0.2000 8.7057 0.0322
0.3000 12.0234 0.0406
0.4000 14.6759 0.0474
0.5000 16.6699 0.0532
0.6000 17.9971 0.0583
0.7000 18.6849 0.0629
0.8000 18.7722 0.0672
0.9000 18.5056 0.0715
1.0000 18.3163 0.0765
#TI average gradients and standard deviation in kcal/mol
0.0000 50.2294 12.1930
0.1000 43.5742 11.8627
0.2000 36.2790 11.7831
0.3000 29.7823 11.4525
0.4000 23.0983 11.2321
0.5000 16.3532 11.2293
0.6000 9.9637 10.9135
0.7000 3.7260 10.9648
0.8000 -1.3989 10.7901
0.9000 -3.6982 11.7898
1.0000 1.4615 13.6685
#PMF from TI in kcal/mol
0.0000 0.0000
0.1000 4.6902
0.2000 8.6828
0.3000 11.9859
0.4000 14.6299
0.5000 16.6025
0.6000 17.9184
0.7000 18.6028
0.8000 18.7192
0.9000 18.4643
1.0000 18.3525
#MBAR free energy difference in kcal/mol: 
18.316279, 0.076531 
#TI free energy difference in kcal/mol: 
18.352509  
Starting /export/users/common/BioSimSpace/sire.app/bin/analyse_freenrg: number of threads equals 32
