# Analysing data contained in file(s) ['lambda_0.0000/simfile.dat', 'lambda_0.1000/simfile.dat', 'lambda_0.2000/simfile.dat', 'lambda_0.3000/simfile.dat', 'lambda_0.4000/simfile.dat', 'lambda_0.5000/simfile.dat', 'lambda_0.6000/simfile.dat', 'lambda_0.7000/simfile.dat', 'lambda_0.8000/simfile.dat', 'lambda_0.9000/simfile.dat', 'lambda_1.0000/simfile.dat']
#Overlap matrix
0.9119 0.0830 0.0051 0.0000 0.0000 0.0000 0.0000 0.0000 0.0000 0.0000 0.0000
0.0830 0.8826 0.0340 0.0004 0.0000 0.0000 0.0000 0.0000 0.0000 0.0000 0.0000
0.0051 0.0340 0.7450 0.2067 0.0081 0.0010 0.0000 0.0000 0.0000 0.0000 0.0000
0.0000 0.0004 0.2067 0.5869 0.1533 0.0528 0.0000 0.0000 0.0000 0.0000 0.0000
0.0000 0.0000 0.0081 0.1533 0.6443 0.1941 0.0002 0.0000 0.0000 0.0000 0.0000
0.0000 0.0000 0.0010 0.0528 0.1941 0.7354 0.0167 0.0000 0.0000 0.0000 0.0000
0.0000 0.0000 0.0000 0.0000 0.0002 0.0167 0.8291 0.1535 0.0005 0.0000 0.0000
0.0000 0.0000 0.0000 0.0000 0.0000 0.0000 0.1535 0.7451 0.1014 0.0000 0.0000
0.0000 0.0000 0.0000 0.0000 0.0000 0.0000 0.0005 0.1014 0.8844 0.0138 0.0000
0.0000 0.0000 0.0000 0.0000 0.0000 0.0000 0.0000 0.0000 0.0138 0.9862 0.0000
0.0000 0.0000 0.0000 0.0000 0.0000 0.0000 0.0000 0.0000 0.0000 0.0000 1.0000
#DG from neighbouring lambda in kcal/mol
0.0000 0.1000 7.3829 0.0424
0.1000 0.2000 9.5665 0.0669
0.2000 0.3000 7.2663 0.0224
0.3000 0.4000 6.6557 0.0236
0.4000 0.5000 8.1860 0.0208
0.5000 0.6000 5.4345 0.1043
0.6000 0.7000 1.4352 0.0293
0.7000 0.8000 -0.8934 0.0386
0.8000 0.9000 -6.9291 0.1161
0.9000 1.0000 -91.3309 0.1321
#PMF from MBAR in kcal/mol
0.0000 0.0000 0.0000
0.1000 7.3829 0.0424
0.2000 16.9494 0.0781
0.3000 24.2157 0.0835
0.4000 30.8715 0.0885
0.5000 39.0575 0.0908
0.6000 44.4920 0.1396
0.7000 45.9272 0.1439
0.8000 45.0338 0.1502
0.9000 38.1047 0.1909
1.0000 -53.2261 0.0851
#TI average gradients and standard deviation in kcal/mol
0.0000 72.3873 17.0354
0.1000 103.6708 21.7936
0.2000 76.3441 13.3077
0.3000 69.5984 10.9705
0.4000 63.9822 12.3218
0.5000 163.8241 27.0294
0.6000 21.7742 13.4134
0.7000 3.9598 16.1242
0.8000 -28.4782 19.8323
0.9000 -144.6025 39.0338
1.0000 -4236.9469 1198.8529
#PMF from TI in kcal/mol
0.0000 0.0000
0.1000 8.8029
0.2000 17.8037
0.3000 25.1008
0.4000 31.7798
0.5000 43.1701
0.6000 52.4500
0.7000 53.7367
0.8000 52.5108
0.9000 43.8568
1.0000 -175.2207
#MBAR free energy difference in kcal/mol: 
-53.226108, 0.085068 
#TI free energy difference in kcal/mol: 
-175.220694  
Starting /export/users/common/BioSimSpace/sire.app/bin/analyse_freenrg: number of threads equals 32
