# Analysing data contained in file(s) ['lambda_0.0000/simfile.dat', 'lambda_0.1000/simfile.dat', 'lambda_0.2000/simfile.dat', 'lambda_0.3000/simfile.dat', 'lambda_0.4000/simfile.dat', 'lambda_0.5000/simfile.dat', 'lambda_0.6000/simfile.dat', 'lambda_0.7000/simfile.dat', 'lambda_0.8000/simfile.dat', 'lambda_0.9000/simfile.dat', 'lambda_1.0000/simfile.dat']
#Overlap matrix
0.8499 0.1488 0.0013 0.0000 0.0000 0.0000 0.0000 0.0000 0.0000 0.0000 0.0000
0.1488 0.7020 0.1476 0.0016 0.0000 0.0000 0.0000 0.0000 0.0000 0.0000 0.0000
0.0013 0.1476 0.6908 0.1588 0.0015 0.0000 0.0000 0.0000 0.0000 0.0000 0.0000
0.0000 0.0016 0.1588 0.6843 0.1534 0.0020 0.0000 0.0000 0.0000 0.0000 0.0000
0.0000 0.0000 0.0015 0.1534 0.6865 0.1569 0.0017 0.0000 0.0000 0.0000 0.0000
0.0000 0.0000 0.0000 0.0020 0.1569 0.6927 0.1469 0.0016 0.0000 0.0000 0.0000
0.0000 0.0000 0.0000 0.0000 0.0017 0.1469 0.7169 0.1338 0.0008 0.0000 0.0000
0.0000 0.0000 0.0000 0.0000 0.0000 0.0016 0.1338 0.7535 0.1109 0.0004 0.0000
0.0000 0.0000 0.0000 0.0000 0.0000 0.0000 0.0008 0.1109 0.8026 0.0857 0.0000
0.0000 0.0000 0.0000 0.0000 0.0000 0.0000 0.0000 0.0004 0.0857 0.8776 0.0364
0.0000 0.0000 0.0000 0.0000 0.0000 0.0000 0.0000 0.0000 0.0000 0.0364 0.9636
#DG from neighbouring lambda in kcal/mol
0.0000 0.1000 1.8103 0.0318
0.1000 0.2000 1.2252 0.0317
0.2000 0.3000 0.6560 0.0301
0.3000 0.4000 0.0174 0.0308
0.4000 0.5000 -0.4917 0.0303
0.5000 0.6000 -1.0645 0.0318
0.6000 0.7000 -1.4622 0.0340
0.7000 0.8000 -1.6941 0.0387
0.8000 0.9000 -0.8272 0.0456
0.9000 1.0000 4.9848 0.0743
#PMF from MBAR in kcal/mol
0.0000 0.0000 0.0000
0.1000 1.8103 0.0318
0.2000 3.0355 0.0493
0.3000 3.6916 0.0611
0.4000 3.7090 0.0714
0.5000 3.2173 0.0801
0.6000 2.1527 0.0885
0.7000 0.6905 0.0969
0.8000 -1.0036 0.1063
0.9000 -1.8308 0.1175
1.0000 3.1540 0.1405
#TI average gradients and standard deviation in kcal/mol
0.0000 16.3035 15.4678
0.1000 15.3859 15.4498
0.2000 9.0269 15.0848
0.3000 3.1901 14.9974
0.4000 -3.0286 14.8898
0.5000 -8.4058 14.7881
0.6000 -13.3161 15.4046
0.7000 -15.9223 16.9142
0.8000 -16.2085 17.7218
0.9000 6.3233 20.4145
1.0000 117.9612 29.3404
#PMF from TI in kcal/mol
0.0000 0.0000
0.1000 1.5845
0.2000 2.8051
0.3000 3.4160
0.4000 3.4240
0.5000 2.8523
0.6000 1.7662
0.7000 0.3043
0.8000 -1.3022
0.9000 -1.7965
1.0000 4.4177
#MBAR free energy difference in kcal/mol: 
3.153995, 0.140520 
#TI free energy difference in kcal/mol: 
4.417736  
Starting /export/users/common/BioSimSpace/sire.app/bin/analyse_freenrg: number of threads equals 32
