# Analysing data contained in file(s) ['lambda_0.0000/simfile.dat', 'lambda_0.1000/simfile.dat', 'lambda_0.2000/simfile.dat', 'lambda_0.3000/simfile.dat', 'lambda_0.4000/simfile.dat', 'lambda_0.5000/simfile.dat', 'lambda_0.6000/simfile.dat', 'lambda_0.7000/simfile.dat', 'lambda_0.8000/simfile.dat', 'lambda_0.9000/simfile.dat', 'lambda_1.0000/simfile.dat']
#Overlap matrix
0.8460 0.1519 0.0020 0.0000 0.0000 0.0000 0.0000 0.0000 0.0000 0.0000 0.0000
0.1519 0.6756 0.1687 0.0038 0.0000 0.0000 0.0000 0.0000 0.0000 0.0000 0.0000
0.0020 0.1687 0.6384 0.1859 0.0050 0.0000 0.0000 0.0000 0.0000 0.0000 0.0000
0.0000 0.0038 0.1859 0.6278 0.1779 0.0046 0.0000 0.0000 0.0000 0.0000 0.0000
0.0000 0.0000 0.0050 0.1779 0.6237 0.1889 0.0045 0.0000 0.0000 0.0000 0.0000
0.0000 0.0000 0.0000 0.0046 0.1889 0.6232 0.1786 0.0047 0.0000 0.0000 0.0000
0.0000 0.0000 0.0000 0.0000 0.0045 0.1786 0.6282 0.1840 0.0047 0.0000 0.0000
0.0000 0.0000 0.0000 0.0000 0.0000 0.0047 0.1840 0.6316 0.1762 0.0035 0.0000
0.0000 0.0000 0.0000 0.0000 0.0000 0.0000 0.0047 0.1762 0.6456 0.1716 0.0020
0.0000 0.0000 0.0000 0.0000 0.0000 0.0000 0.0000 0.0035 0.1716 0.6874 0.1375
0.0000 0.0000 0.0000 0.0000 0.0000 0.0000 0.0000 0.0000 0.0020 0.1375 0.8605
#DG from neighbouring lambda in kcal/mol
0.0000 0.1000 -4.1651 0.0440
0.1000 0.2000 -3.7026 0.0401
0.2000 0.3000 -3.4506 0.0367
0.3000 0.4000 -3.4118 0.0379
0.4000 0.5000 -3.6117 0.0362
0.5000 0.6000 -3.9068 0.0378
0.6000 0.7000 -4.1849 0.0370
0.7000 0.8000 -4.3704 0.0384
0.8000 0.9000 -4.2736 0.0396
0.9000 1.0000 -3.3377 0.0471
#PMF from MBAR in kcal/mol
0.0000 0.0000 0.0000
0.1000 -4.1651 0.0440
0.2000 -7.8678 0.0658
0.3000 -11.3183 0.0803
0.4000 -14.7301 0.0929
0.5000 -18.3418 0.1034
0.6000 -22.2486 0.1135
0.7000 -26.4335 0.1224
0.8000 -30.8039 0.1312
0.9000 -35.0775 0.1398
1.0000 -38.4152 0.1502
#TI average gradients and standard deviation in kcal/mol
0.0000 136929692.5674 2684092677.0126
0.1000 -38.5040 14.6843
0.2000 -34.8680 14.1352
0.3000 -34.0691 13.1707
0.4000 -35.6034 13.8806
0.5000 -37.6214 13.4905
0.6000 -40.5893 13.9992
0.7000 -42.3500 13.4954
0.8000 -43.2172 14.0515
0.9000 -39.7208 14.6891
1.0000 -21.2851 17.0391
#PMF from TI in kcal/mol
0.0000 0.0000
0.1000 6846482.7032
0.2000 6846479.0346
0.3000 6846475.5877
0.4000 6846472.1041
0.5000 6846468.4429
0.6000 6846464.5323
0.7000 6846460.3854
0.8000 6846456.1070
0.9000 6846451.9601
1.0000 6846448.9098
#MBAR free energy difference in kcal/mol: 
-38.415162, 0.150223 
#TI free energy difference in kcal/mol: 
6846448.909804  
Starting /export/users/common/BioSimSpace/sire.app/bin/analyse_freenrg: number of threads equals 32
