# Analysing data contained in file(s) ['lambda_0.0000/simfile.dat', 'lambda_0.1000/simfile.dat', 'lambda_0.2000/simfile.dat', 'lambda_0.3000/simfile.dat', 'lambda_0.4000/simfile.dat', 'lambda_0.5000/simfile.dat', 'lambda_0.6000/simfile.dat', 'lambda_0.7000/simfile.dat', 'lambda_0.8000/simfile.dat', 'lambda_0.9000/simfile.dat', 'lambda_1.0000/simfile.dat']
#Overlap matrix
0.7045 0.2595 0.0343 0.0017 0.0000 0.0000 0.0000 0.0000 0.0000 0.0000 0.0000
0.2595 0.4579 0.2385 0.0417 0.0023 0.0000 0.0000 0.0000 0.0000 0.0000 0.0000
0.0343 0.2385 0.4402 0.2434 0.0411 0.0025 0.0001 0.0000 0.0000 0.0000 0.0000
0.0017 0.0417 0.2434 0.4276 0.2376 0.0448 0.0030 0.0001 0.0000 0.0000 0.0000
0.0000 0.0023 0.0411 0.2376 0.4248 0.2434 0.0476 0.0032 0.0001 0.0000 0.0000
0.0000 0.0000 0.0025 0.0448 0.2434 0.4166 0.2417 0.0481 0.0028 0.0000 0.0000
0.0000 0.0000 0.0001 0.0030 0.0476 0.2417 0.4183 0.2452 0.0426 0.0016 0.0000
0.0000 0.0000 0.0000 0.0001 0.0032 0.0481 0.2452 0.4320 0.2402 0.0309 0.0003
0.0000 0.0000 0.0000 0.0000 0.0001 0.0028 0.0426 0.2402 0.4761 0.2297 0.0085
0.0000 0.0000 0.0000 0.0000 0.0000 0.0000 0.0016 0.0309 0.2297 0.5824 0.1553
0.0000 0.0000 0.0000 0.0000 0.0000 0.0000 0.0000 0.0003 0.0085 0.1553 0.8359
#DG from neighbouring lambda in kcal/mol
0.0000 0.1000 -0.5793 0.0203
0.1000 0.2000 -0.9370 0.0190
0.2000 0.3000 -1.1822 0.0180
0.3000 0.4000 -1.4522 0.0182
0.4000 0.5000 -1.6961 0.0174
0.5000 0.6000 -1.9081 0.0173
0.6000 0.7000 -2.0860 0.0174
0.7000 0.8000 -2.1967 0.0190
0.8000 0.9000 -2.0487 0.0224
0.9000 1.0000 -1.6153 0.0344
#PMF from MBAR in kcal/mol
0.0000 0.0000 0.0000
0.1000 -0.5793 0.0203
0.2000 -1.5162 0.0335
0.3000 -2.6984 0.0423
0.4000 -4.1506 0.0497
0.5000 -5.8467 0.0557
0.6000 -7.7548 0.0610
0.7000 -9.8408 0.0659
0.8000 -12.0376 0.0711
0.9000 -14.0863 0.0770
1.0000 -15.7017 0.0871
#TI average gradients and standard deviation in kcal/mol
0.0000 -4.9695 10.0283
0.1000 -8.2226 9.5444
0.2000 -11.2411 9.2271
0.3000 -12.4779 8.9466
0.4000 -16.3219 8.8445
0.5000 -17.9828 8.5601
0.6000 -20.1247 8.8123
0.7000 -21.3315 9.1265
0.8000 -21.8978 9.4931
0.9000 -19.2467 11.7552
1.0000 -12.3350 16.6980
#PMF from TI in kcal/mol
0.0000 0.0000
0.1000 -0.6596
0.2000 -1.6328
0.3000 -2.8187
0.4000 -4.2587
0.5000 -5.9740
0.6000 -7.8794
0.7000 -9.9522
0.8000 -12.1136
0.9000 -14.1709
1.0000 -15.7499
#MBAR free energy difference in kcal/mol: 
-15.701651, 0.087060 
#TI free energy difference in kcal/mol: 
-15.749939  
Starting /export/users/common/BioSimSpace/sire.app/bin/analyse_freenrg: number of threads equals 32
