# Analysing data contained in file(s) ['lambda_0.0000/simfile.dat', 'lambda_0.1000/simfile.dat', 'lambda_0.2000/simfile.dat', 'lambda_0.3000/simfile.dat', 'lambda_0.4000/simfile.dat', 'lambda_0.5000/simfile.dat', 'lambda_0.6000/simfile.dat', 'lambda_0.7000/simfile.dat', 'lambda_0.8000/simfile.dat', 'lambda_0.9000/simfile.dat', 'lambda_1.0000/simfile.dat']
#Overlap matrix
0.9881 0.0119 0.0000 0.0000 0.0000 0.0000 0.0000 0.0000 0.0000 0.0000 0.0000
0.0119 0.9685 0.0196 0.0000 0.0000 0.0000 0.0000 0.0000 0.0000 0.0000 0.0000
0.0000 0.0196 0.9609 0.0195 0.0000 0.0000 0.0000 0.0000 0.0000 0.0000 0.0000
0.0000 0.0000 0.0195 0.9513 0.0292 0.0000 0.0000 0.0000 0.0000 0.0000 0.0000
0.0000 0.0000 0.0000 0.0292 0.9405 0.0303 0.0000 0.0000 0.0000 0.0000 0.0000
0.0000 0.0000 0.0000 0.0000 0.0303 0.9327 0.0370 0.0000 0.0000 0.0000 0.0000
0.0000 0.0000 0.0000 0.0000 0.0000 0.0370 0.9214 0.0416 0.0000 0.0000 0.0000
0.0000 0.0000 0.0000 0.0000 0.0000 0.0000 0.0416 0.9059 0.0525 0.0000 0.0000
0.0000 0.0000 0.0000 0.0000 0.0000 0.0000 0.0000 0.0525 0.8840 0.0635 0.0000
0.0000 0.0000 0.0000 0.0000 0.0000 0.0000 0.0000 0.0000 0.0635 0.8637 0.0729
0.0000 0.0000 0.0000 0.0000 0.0000 0.0000 0.0000 0.0000 0.0000 0.0729 0.9271
#DG from neighbouring lambda in kcal/mol
0.0000 0.1000 -6.3329 0.1430
0.1000 0.2000 -4.3476 0.1104
0.2000 0.3000 -3.2539 0.1109
0.3000 0.4000 -2.5309 0.0895
0.4000 0.5000 -2.0075 0.0879
0.5000 0.6000 -1.2405 0.0789
0.6000 0.7000 -0.5613 0.0741
0.7000 0.8000 -0.0508 0.0651
0.8000 0.9000 0.6939 0.0585
0.9000 1.0000 1.2683 0.0540
#PMF from MBAR in kcal/mol
0.0000 0.0000 0.0000
0.1000 -6.3329 0.1430
0.2000 -10.6805 0.1821
0.3000 -13.9344 0.2143
0.4000 -16.4653 0.2333
0.5000 -18.4729 0.2503
0.6000 -19.7134 0.2634
0.7000 -20.2747 0.2746
0.8000 -20.3255 0.2831
0.9000 -19.6316 0.2899
1.0000 -18.3633 0.2957
#TI average gradients and standard deviation in kcal/mol
0.0000 -85.0601 28.7799
0.1000 -49.6551 27.0005
0.2000 -35.9437 25.3664
0.3000 -28.1867 24.5088
0.4000 -21.9502 24.0294
0.5000 -16.4551 23.1782
0.6000 -8.8940 21.9711
0.7000 -3.7362 21.3483
0.8000 3.2159 20.1842
0.9000 9.7380 19.7064
1.0000 20.9784 19.2219
#PMF from TI in kcal/mol
0.0000 0.0000
0.1000 -6.7358
0.2000 -11.0157
0.3000 -14.2222
0.4000 -16.7291
0.5000 -18.6493
0.6000 -19.9168
0.7000 -20.5483
0.8000 -20.5743
0.9000 -19.9266
1.0000 -18.3908
#MBAR free energy difference in kcal/mol: 
-18.363314, 0.295726 
#TI free energy difference in kcal/mol: 
-18.390786  
Starting /export/users/common/BioSimSpace/sire.app/bin/analyse_freenrg: number of threads equals 32
