# Analysing data contained in file(s) ['lambda_0.0000/simfile.dat', 'lambda_0.1000/simfile.dat', 'lambda_0.2000/simfile.dat', 'lambda_0.3000/simfile.dat', 'lambda_0.4000/simfile.dat', 'lambda_0.5000/simfile.dat', 'lambda_0.6000/simfile.dat', 'lambda_0.7000/simfile.dat', 'lambda_0.8000/simfile.dat', 'lambda_0.9000/simfile.dat', 'lambda_1.0000/simfile.dat']
#Overlap matrix
1.0000 0.0000 0.0000 0.0000 0.0000 0.0000 0.0000 0.0000 0.0000 0.0000 0.0000
0.0000 0.9189 0.0811 0.0000 0.0000 0.0000 0.0000 0.0000 0.0000 0.0000 0.0000
0.0000 0.0811 0.8498 0.0690 0.0001 0.0000 0.0000 0.0000 0.0000 0.0000 0.0000
0.0000 0.0000 0.0690 0.8125 0.1180 0.0005 0.0000 0.0000 0.0000 0.0000 0.0000
0.0000 0.0000 0.0001 0.1180 0.7432 0.1375 0.0013 0.0000 0.0000 0.0000 0.0000
0.0000 0.0000 0.0000 0.0005 0.1375 0.7063 0.1540 0.0017 0.0000 0.0000 0.0000
0.0000 0.0000 0.0000 0.0000 0.0013 0.1540 0.6822 0.1609 0.0017 0.0000 0.0000
0.0000 0.0000 0.0000 0.0000 0.0000 0.0017 0.1609 0.6797 0.1569 0.0010 0.0000
0.0000 0.0000 0.0000 0.0000 0.0000 0.0000 0.0017 0.1569 0.7170 0.1245 0.0000
0.0000 0.0000 0.0000 0.0000 0.0000 0.0000 0.0000 0.0010 0.1245 0.8746 0.0000
0.0000 0.0000 0.0000 0.0000 0.0000 0.0000 0.0000 0.0000 0.0000 0.0000 1.0000
#DG from neighbouring lambda in kcal/mol
0.0000 0.1000 31.4090 4.9954
0.1000 0.2000 4.7031 0.0416
0.2000 0.3000 1.1451 0.0457
0.3000 0.4000 -1.5233 0.0328
0.4000 0.5000 -3.0195 0.0295
0.5000 0.6000 -3.9738 0.0271
0.6000 0.7000 -4.7519 0.0262
0.7000 0.8000 -5.5206 0.0268
0.8000 0.9000 -6.6231 0.0316
0.9000 1.0000 -21.9971 49.9494
#PMF from MBAR in kcal/mol
0.0000 0.0000 0.0000
0.1000 31.4090 4.9954
0.2000 36.1121 4.9953
0.3000 37.2572 4.9951
0.4000 35.7339 4.9951
0.5000 32.7145 4.9950
0.6000 28.7406 4.9950
0.7000 23.9888 4.9950
0.8000 18.4681 4.9951
0.9000 11.8450 4.9952
1.0000 -10.1520 44.9545
#TI average gradients and standard deviation in kcal/mol
0.0000 2002.8890 93.5120
0.1000 45.9341 42.1669
0.2000 32.2990 25.4480
0.3000 -3.1870 16.7220
0.4000 -24.4658 14.5477
0.5000 -36.2394 15.0090
0.6000 -43.2696 12.8689
0.7000 -50.5359 16.4146
0.8000 -61.7142 16.7933
0.9000 -70.9019 17.3891
1.0000 -2495.4389 1331.1705
#PMF from TI in kcal/mol
0.0000 0.0000
0.1000 102.4412
0.2000 106.3528
0.3000 107.8084
0.4000 106.4258
0.5000 103.3905
0.6000 99.4151
0.7000 94.7248
0.8000 89.1123
0.9000 82.4815
1.0000 -45.8356
#MBAR free energy difference in kcal/mol: 
-10.152037, 44.954500 
#TI free energy difference in kcal/mol: 
-45.835560  
Starting /export/users/common/BioSimSpace/sire.app/bin/analyse_freenrg: number of threads equals 32
