# Analysing data contained in file(s) ['lambda_0.0000/simfile.dat', 'lambda_0.1000/simfile.dat', 'lambda_0.2000/simfile.dat', 'lambda_0.3000/simfile.dat', 'lambda_0.4000/simfile.dat', 'lambda_0.5000/simfile.dat', 'lambda_0.6000/simfile.dat', 'lambda_0.7000/simfile.dat', 'lambda_0.8000/simfile.dat', 'lambda_0.9000/simfile.dat', 'lambda_1.0000/simfile.dat']
#Overlap matrix
0.9193 0.0806 0.0001 0.0000 0.0000 0.0000 0.0000 0.0000 0.0000 0.0000 0.0000
0.0806 0.8365 0.0828 0.0001 0.0000 0.0000 0.0000 0.0000 0.0000 0.0000 0.0000
0.0001 0.0828 0.8037 0.1131 0.0003 0.0000 0.0000 0.0000 0.0000 0.0000 0.0000
0.0000 0.0001 0.1131 0.7861 0.1005 0.0002 0.0000 0.0000 0.0000 0.0000 0.0000
0.0000 0.0000 0.0003 0.1005 0.7940 0.1051 0.0001 0.0000 0.0000 0.0000 0.0000
0.0000 0.0000 0.0000 0.0002 0.1051 0.7837 0.1105 0.0005 0.0000 0.0000 0.0000
0.0000 0.0000 0.0000 0.0000 0.0001 0.1105 0.7653 0.1234 0.0008 0.0000 0.0000
0.0000 0.0000 0.0000 0.0000 0.0000 0.0005 0.1234 0.7527 0.1233 0.0003 0.0000
0.0000 0.0000 0.0000 0.0000 0.0000 0.0000 0.0008 0.1233 0.7521 0.1237 0.0001
0.0000 0.0000 0.0000 0.0000 0.0000 0.0000 0.0000 0.0003 0.1237 0.7944 0.0816
0.0000 0.0000 0.0000 0.0000 0.0000 0.0000 0.0000 0.0000 0.0001 0.0816 0.9183
#DG from neighbouring lambda in kcal/mol
0.0000 0.1000 -7.0541 0.2026
0.1000 0.2000 -0.1558 0.1992
0.2000 0.3000 2.7767 0.1640
0.3000 0.4000 5.4563 0.1767
0.4000 0.5000 7.4374 0.1719
0.5000 0.6000 8.7990 0.1663
0.6000 0.7000 10.8227 0.1543
0.7000 0.8000 12.8492 0.1545
0.8000 0.9000 13.9674 0.1546
0.9000 1.0000 14.5436 0.2010
#PMF from MBAR in kcal/mol
0.0000 0.0000 0.0000
0.1000 -7.0541 0.2026
0.2000 -7.2099 0.2975
0.3000 -4.4332 0.3511
0.4000 1.0231 0.4027
0.5000 8.4605 0.4467
0.6000 17.2595 0.4848
0.7000 28.0822 0.5162
0.8000 40.9314 0.5457
0.9000 54.8987 0.5740
1.0000 69.4423 0.6146
#TI average gradients and standard deviation in kcal/mol
0.0000 -135.6515 23.1190
0.1000 -21.7842 14.7964
0.2000 10.8299 19.7852
0.3000 38.4950 15.7381
0.4000 61.1932 16.0630
0.5000 75.5540 17.8080
0.6000 102.6722 14.4063
0.7000 115.8617 12.6597
0.8000 127.3964 10.5839
0.9000 145.0072 15.5608
1.0000 145.0332 22.5078
#PMF from TI in kcal/mol
0.0000 0.0000
0.1000 -7.8718
0.2000 -8.4195
0.3000 -5.9532
0.4000 -0.9688
0.5000 5.8685
0.6000 14.7798
0.7000 25.7065
0.8000 37.8694
0.9000 51.4896
1.0000 65.9916
#MBAR free energy difference in kcal/mol: 
69.442343, 0.614567 
#TI free energy difference in kcal/mol: 
65.991627  #WARNING SUBSAMPLING GRADIENTS RESULTED IN LESS THAN 50 SAMPLES, CONSIDER RERUN WITHOUT SUBSAMPLE OPTION 
Starting /export/users/common/BioSimSpace/sire.app/bin/analyse_freenrg: number of threads equals 32
