# Analysing data contained in file(s) ['lambda_0.0000/simfile.dat', 'lambda_0.1000/simfile.dat', 'lambda_0.2000/simfile.dat', 'lambda_0.3000/simfile.dat', 'lambda_0.4000/simfile.dat', 'lambda_0.5000/simfile.dat', 'lambda_0.6000/simfile.dat', 'lambda_0.7000/simfile.dat', 'lambda_0.8000/simfile.dat', 'lambda_0.9000/simfile.dat', 'lambda_1.0000/simfile.dat']
#Overlap matrix
0.9299 0.0700 0.0001 0.0000 0.0000 0.0000 0.0000 0.0000 0.0000 0.0000 0.0000
0.0700 0.8151 0.1145 0.0003 0.0000 0.0000 0.0000 0.0000 0.0000 0.0000 0.0000
0.0001 0.1145 0.7667 0.1183 0.0004 0.0000 0.0000 0.0000 0.0000 0.0000 0.0000
0.0000 0.0003 0.1183 0.7530 0.1278 0.0006 0.0000 0.0000 0.0000 0.0000 0.0000
0.0000 0.0000 0.0004 0.1278 0.7312 0.1399 0.0007 0.0000 0.0000 0.0000 0.0000
0.0000 0.0000 0.0000 0.0006 0.1399 0.7306 0.1282 0.0007 0.0000 0.0000 0.0000
0.0000 0.0000 0.0000 0.0000 0.0007 0.1282 0.7368 0.1336 0.0008 0.0000 0.0000
0.0000 0.0000 0.0000 0.0000 0.0000 0.0007 0.1336 0.7266 0.1383 0.0007 0.0000
0.0000 0.0000 0.0000 0.0000 0.0000 0.0000 0.0008 0.1383 0.7305 0.1300 0.0004
0.0000 0.0000 0.0000 0.0000 0.0000 0.0000 0.0000 0.0007 0.1300 0.7624 0.1068
0.0000 0.0000 0.0000 0.0000 0.0000 0.0000 0.0000 0.0000 0.0004 0.1068 0.8928
#DG from neighbouring lambda in kcal/mol
0.0000 0.1000 37.3513 0.0485
0.1000 0.2000 32.0059 0.0358
0.2000 0.3000 27.5819 0.0350
0.3000 0.4000 23.3055 0.0332
0.4000 0.5000 19.2473 0.0312
0.5000 0.6000 15.2971 0.0331
0.6000 0.7000 11.4548 0.0322
0.7000 0.8000 7.8653 0.0314
0.8000 0.9000 4.9965 0.0328
0.9000 1.0000 4.0885 0.0375
#PMF from MBAR in kcal/mol
0.0000 0.0000 0.0000
0.1000 37.3513 0.0485
0.2000 69.3573 0.0633
0.3000 96.9392 0.0749
0.4000 120.2447 0.0842
0.5000 139.4919 0.0918
0.6000 154.7891 0.0995
0.7000 166.2438 0.1063
0.8000 174.1091 0.1125
0.9000 179.1056 0.1187
1.0000 183.1941 0.1260
#TI average gradients and standard deviation in kcal/mol
0.0000 407.9196 24.4014
0.1000 343.3714 18.0464
0.2000 296.9494 17.0569
0.3000 253.9472 16.4351
0.4000 212.8899 16.1682
0.5000 172.8454 15.8323
0.6000 133.7252 15.7622
0.7000 95.8174 15.7377
0.8000 62.1560 15.8527
0.9000 39.7509 16.9236
1.0000 50.1071 19.6474
#PMF from TI in kcal/mol
0.0000 0.0000
0.1000 37.5645
0.2000 69.5806
0.3000 97.1254
0.4000 120.4673
0.5000 139.7540
0.6000 155.0826
0.7000 166.5597
0.8000 174.4584
0.9000 179.5537
1.0000 184.0466
#MBAR free energy difference in kcal/mol: 
183.194054, 0.126007 
#TI free energy difference in kcal/mol: 
184.046623  
Starting /export/users/common/BioSimSpace/sire.app/bin/analyse_freenrg: number of threads equals 32
