# Analysing data contained in file(s) ['lambda_0.0000/simfile.dat', 'lambda_0.1000/simfile.dat', 'lambda_0.2000/simfile.dat', 'lambda_0.3000/simfile.dat', 'lambda_0.4000/simfile.dat', 'lambda_0.5000/simfile.dat', 'lambda_0.6000/simfile.dat', 'lambda_0.7000/simfile.dat', 'lambda_0.8000/simfile.dat', 'lambda_0.9000/simfile.dat', 'lambda_1.0000/simfile.dat']
#Overlap matrix
0.8618 0.1374 0.0008 0.0000 0.0000 0.0000 0.0000 0.0000 0.0000 0.0000 0.0000
0.1374 0.7188 0.1428 0.0010 0.0000 0.0000 0.0000 0.0000 0.0000 0.0000 0.0000
0.0008 0.1428 0.7115 0.1439 0.0010 0.0000 0.0000 0.0000 0.0000 0.0000 0.0000
0.0000 0.0010 0.1439 0.7054 0.1484 0.0014 0.0000 0.0000 0.0000 0.0000 0.0000
0.0000 0.0000 0.0010 0.1484 0.6900 0.1593 0.0014 0.0000 0.0000 0.0000 0.0000
0.0000 0.0000 0.0000 0.0014 0.1593 0.6823 0.1560 0.0010 0.0000 0.0000 0.0000
0.0000 0.0000 0.0000 0.0000 0.0014 0.1560 0.7144 0.1276 0.0006 0.0000 0.0000
0.0000 0.0000 0.0000 0.0000 0.0000 0.0010 0.1276 0.7330 0.1378 0.0006 0.0000
0.0000 0.0000 0.0000 0.0000 0.0000 0.0000 0.0006 0.1378 0.7276 0.1336 0.0004
0.0000 0.0000 0.0000 0.0000 0.0000 0.0000 0.0000 0.0006 0.1336 0.7618 0.1040
0.0000 0.0000 0.0000 0.0000 0.0000 0.0000 0.0000 0.0000 0.0004 0.1040 0.8956
#DG from neighbouring lambda in kcal/mol
0.0000 0.1000 1.4377 0.0678
0.1000 0.2000 2.3333 0.0657
0.2000 0.3000 2.9533 0.0653
0.3000 0.4000 3.3147 0.0638
0.4000 0.5000 3.7356 0.0605
0.5000 0.6000 3.9974 0.0615
0.6000 0.7000 3.9216 0.0710
0.7000 0.8000 3.5010 0.0675
0.8000 0.9000 3.2466 0.0690
0.9000 1.0000 3.2674 0.0816
#PMF from MBAR in kcal/mol
0.0000 0.0000 0.0000
0.1000 1.4377 0.0678
0.2000 3.7710 0.1029
0.3000 6.7243 0.1286
0.4000 10.0389 0.1492
0.5000 13.7745 0.1661
0.6000 17.7718 0.1817
0.7000 21.6934 0.1994
0.8000 25.1944 0.2145
0.9000 28.4411 0.2290
1.0000 31.7085 0.2466
#TI average gradients and standard deviation in kcal/mol
0.0000 8.2412 17.0623
0.1000 19.8930 15.7684
0.2000 25.6521 15.9700
0.3000 31.3897 14.9124
0.4000 35.4031 15.1198
0.5000 38.6007 15.2607
0.6000 40.5380 15.9400
0.7000 37.5168 15.9898
0.8000 32.2070 15.5484
0.9000 32.0127 15.5939
1.0000 32.6043 18.6523
#PMF from TI in kcal/mol
0.0000 0.0000
0.1000 1.4067
0.2000 3.6840
0.3000 6.5361
0.4000 9.8757
0.5000 13.5759
0.6000 17.5328
0.7000 21.4356
0.8000 24.9218
0.9000 28.1327
1.0000 31.3636
#MBAR free energy difference in kcal/mol: 
31.708468, 0.246615 
#TI free energy difference in kcal/mol: 
31.363590  
Starting /export/users/common/BioSimSpace/sire.app/bin/analyse_freenrg: number of threads equals 32
