# Analysing data contained in file(s) ['lambda_0.0000/simfile.dat', 'lambda_0.1000/simfile.dat', 'lambda_0.2000/simfile.dat', 'lambda_0.3000/simfile.dat', 'lambda_0.4000/simfile.dat', 'lambda_0.5000/simfile.dat', 'lambda_0.6000/simfile.dat', 'lambda_0.7000/simfile.dat', 'lambda_0.8000/simfile.dat', 'lambda_0.9000/simfile.dat', 'lambda_1.0000/simfile.dat']
#Overlap matrix
0.8442 0.1530 0.0028 0.0000 0.0000 0.0000 0.0000 0.0000 0.0000 0.0000 0.0000
0.1530 0.6540 0.1864 0.0066 0.0000 0.0000 0.0000 0.0000 0.0000 0.0000 0.0000
0.0028 0.1864 0.6074 0.1962 0.0071 0.0000 0.0000 0.0000 0.0000 0.0000 0.0000
0.0000 0.0066 0.1962 0.5880 0.2010 0.0082 0.0000 0.0000 0.0000 0.0000 0.0000
0.0000 0.0000 0.0071 0.2010 0.5853 0.1986 0.0079 0.0000 0.0000 0.0000 0.0000
0.0000 0.0000 0.0000 0.0082 0.1986 0.5843 0.2015 0.0073 0.0000 0.0000 0.0000
0.0000 0.0000 0.0000 0.0000 0.0079 0.2015 0.5909 0.1930 0.0067 0.0000 0.0000
0.0000 0.0000 0.0000 0.0000 0.0000 0.0073 0.1930 0.6010 0.1933 0.0054 0.0000
0.0000 0.0000 0.0000 0.0000 0.0000 0.0000 0.0067 0.1933 0.6124 0.1846 0.0030
0.0000 0.0000 0.0000 0.0000 0.0000 0.0000 0.0000 0.0054 0.1846 0.6564 0.1536
0.0000 0.0000 0.0000 0.0000 0.0000 0.0000 0.0000 0.0000 0.0030 0.1536 0.8434
#DG from neighbouring lambda in kcal/mol
0.0000 0.1000 -12.3889 0.0268
0.1000 0.2000 -9.8355 0.0225
0.2000 0.3000 -8.1127 0.0212
0.3000 0.4000 -6.7995 0.0207
0.4000 0.5000 -5.5370 0.0209
0.5000 0.6000 -4.3174 0.0207
0.6000 0.7000 -3.1292 0.0215
0.7000 0.8000 -1.9422 0.0216
0.8000 0.9000 -0.7825 0.0228
0.9000 1.0000 0.2322 0.0267
#PMF from MBAR in kcal/mol
0.0000 0.0000 0.0000
0.1000 -12.3889 0.0268
0.2000 -22.2244 0.0390
0.3000 -30.3372 0.0474
0.4000 -37.1367 0.0543
0.5000 -42.6736 0.0605
0.6000 -46.9911 0.0660
0.7000 -50.1203 0.0714
0.8000 -52.0625 0.0764
0.9000 -52.8450 0.0815
1.0000 -52.6127 0.0874
#TI average gradients and standard deviation in kcal/mol
0.0000 -142.8975 16.0189
0.1000 -109.0387 14.0239
0.2000 -88.8557 12.7579
0.3000 -73.9670 12.7998
0.4000 -61.5713 12.6752
0.5000 -49.0990 12.5594
0.6000 -36.8692 12.4053
0.7000 -25.9529 12.7541
0.8000 -13.5373 13.2041
0.9000 -2.0192 13.8971
1.0000 6.4575 17.0319
#PMF from TI in kcal/mol
0.0000 0.0000
0.1000 -12.5968
0.2000 -22.4915
0.3000 -30.6327
0.4000 -37.4096
0.5000 -42.9431
0.6000 -47.2415
0.7000 -50.3826
0.8000 -52.3571
0.9000 -53.1349
1.0000 -52.9130
#MBAR free energy difference in kcal/mol: 
-52.612742, 0.087446 
#TI free energy difference in kcal/mol: 
-52.913034  
Starting /export/users/common/BioSimSpace/sire.app/bin/analyse_freenrg: number of threads equals 32
