# Analysing data contained in file(s) ['lambda_0.0000/simfile.dat', 'lambda_0.1000/simfile.dat', 'lambda_0.2000/simfile.dat', 'lambda_0.3000/simfile.dat', 'lambda_0.4000/simfile.dat', 'lambda_0.5000/simfile.dat', 'lambda_0.6000/simfile.dat', 'lambda_0.7000/simfile.dat', 'lambda_0.8000/simfile.dat', 'lambda_0.9000/simfile.dat', 'lambda_1.0000/simfile.dat']
#Overlap matrix
0.9709 0.0291 0.0000 0.0000 0.0000 0.0000 0.0000 0.0000 0.0000 0.0000 0.0000
0.0291 0.8915 0.0793 0.0000 0.0000 0.0000 0.0000 0.0000 0.0000 0.0000 0.0000
0.0000 0.0793 0.8674 0.0533 0.0000 0.0000 0.0000 0.0000 0.0000 0.0000 0.0000
0.0000 0.0000 0.0533 0.8652 0.0815 0.0001 0.0000 0.0000 0.0000 0.0000 0.0000
0.0000 0.0000 0.0000 0.0815 0.8319 0.0865 0.0000 0.0000 0.0000 0.0000 0.0000
0.0000 0.0000 0.0000 0.0001 0.0865 0.8182 0.0951 0.0002 0.0000 0.0000 0.0000
0.0000 0.0000 0.0000 0.0000 0.0000 0.0951 0.8001 0.1045 0.0002 0.0000 0.0000
0.0000 0.0000 0.0000 0.0000 0.0000 0.0002 0.1045 0.7796 0.1154 0.0003 0.0000
0.0000 0.0000 0.0000 0.0000 0.0000 0.0000 0.0002 0.1154 0.7627 0.1209 0.0007
0.0000 0.0000 0.0000 0.0000 0.0000 0.0000 0.0000 0.0003 0.1209 0.7432 0.1356
0.0000 0.0000 0.0000 0.0000 0.0000 0.0000 0.0000 0.0000 0.0007 0.1356 0.8637
#DG from neighbouring lambda in kcal/mol
0.0000 0.1000 1.6586 0.3358
0.1000 0.2000 5.4210 0.1922
0.2000 0.3000 5.6716 0.2416
0.3000 0.4000 5.0072 0.1891
0.4000 0.5000 4.2712 0.1824
0.5000 0.6000 3.2172 0.1720
0.6000 0.7000 2.7999 0.1620
0.7000 0.8000 2.0948 0.1520
0.8000 0.9000 1.3772 0.1470
0.9000 1.0000 0.9849 0.1364
#PMF from MBAR in kcal/mol
0.0000 0.0000 0.0000
0.1000 1.6586 0.3358
0.2000 7.0797 0.3958
0.3000 12.7513 0.4711
0.4000 17.7585 0.5144
0.5000 22.0297 0.5521
0.6000 25.2468 0.5842
0.7000 28.0468 0.6119
0.8000 30.1416 0.6359
0.9000 31.5187 0.6579
1.0000 32.5036 0.6768
#TI average gradients and standard deviation in kcal/mol
0.0000 -22.5117 24.6537
0.1000 48.7729 20.8456
0.2000 59.4003 19.9013
0.3000 52.5053 18.8281
0.4000 46.4507 18.5634
0.5000 37.9339 18.4239
0.6000 30.7697 17.0970
0.7000 22.7714 17.3629
0.8000 15.8155 16.5413
0.9000 10.2141 16.3510
1.0000 7.7587 16.3405
#PMF from TI in kcal/mol
0.0000 0.0000
0.1000 1.3131
0.2000 6.7217
0.3000 12.3170
0.4000 17.2648
0.5000 21.4840
0.6000 24.9192
0.7000 27.5963
0.8000 29.5256
0.9000 30.8271
1.0000 31.7257
#MBAR free energy difference in kcal/mol: 
32.503606, 0.676773 
#TI free energy difference in kcal/mol: 
31.725726  
Starting /export/users/common/BioSimSpace/sire.app/bin/analyse_freenrg: number of threads equals 32
