# Analysing data contained in file(s) ['lambda_0.0000/simfile.dat', 'lambda_0.1000/simfile.dat', 'lambda_0.2000/simfile.dat', 'lambda_0.3000/simfile.dat', 'lambda_0.4000/simfile.dat', 'lambda_0.5000/simfile.dat', 'lambda_0.6000/simfile.dat', 'lambda_0.7000/simfile.dat', 'lambda_0.8000/simfile.dat', 'lambda_0.9000/simfile.dat', 'lambda_1.0000/simfile.dat']
#Overlap matrix
0.6506 0.2649 0.0711 0.0121 0.0013 0.0001 0.0000 0.0000 0.0000 0.0000 0.0000
0.2649 0.3746 0.2443 0.0929 0.0205 0.0025 0.0002 0.0000 0.0000 0.0000 0.0000
0.0711 0.2443 0.3266 0.2362 0.0967 0.0221 0.0028 0.0002 0.0000 0.0000 0.0000
0.0121 0.0929 0.2362 0.3103 0.2295 0.0950 0.0213 0.0025 0.0001 0.0000 0.0000
0.0013 0.0205 0.0967 0.2295 0.3078 0.2300 0.0927 0.0194 0.0020 0.0001 0.0000
0.0001 0.0025 0.0221 0.0950 0.2300 0.3117 0.2308 0.0898 0.0168 0.0012 0.0000
0.0000 0.0002 0.0028 0.0213 0.0927 0.2308 0.3199 0.2356 0.0846 0.0118 0.0002
0.0000 0.0000 0.0002 0.0025 0.0194 0.0898 0.2356 0.3360 0.2417 0.0715 0.0032
0.0000 0.0000 0.0000 0.0001 0.0020 0.0168 0.0846 0.2417 0.3711 0.2534 0.0302
0.0000 0.0000 0.0000 0.0000 0.0001 0.0012 0.0118 0.0715 0.2534 0.4614 0.2006
0.0000 0.0000 0.0000 0.0000 0.0000 0.0000 0.0002 0.0032 0.0302 0.2006 0.7658
#DG from neighbouring lambda in kcal/mol
0.0000 0.1000 0.7893 0.0132
0.1000 0.2000 3.9609 0.0098
0.2000 0.3000 4.6851 0.0087
0.3000 0.4000 4.8311 0.0087
0.4000 0.5000 4.8433 0.0088
0.5000 0.6000 4.8278 0.0090
0.6000 0.7000 4.7963 0.0094
0.7000 0.8000 4.7218 0.0102
0.8000 0.9000 4.5046 0.0123
0.9000 1.0000 3.6583 0.0201
#PMF from MBAR in kcal/mol
0.0000 0.0000 0.0000
0.1000 0.7893 0.0132
0.2000 4.7502 0.0203
0.3000 9.4352 0.0250
0.4000 14.2663 0.0287
0.5000 19.1096 0.0321
0.6000 23.9374 0.0353
0.7000 28.7337 0.0383
0.8000 33.4555 0.0414
0.9000 37.9601 0.0451
1.0000 41.6184 0.0516
#TI average gradients and standard deviation in kcal/mol
0.0000 -28.2120 11.1925
0.1000 30.9501 7.3292
0.2000 44.9223 6.6601
0.3000 47.9899 6.4719
0.4000 48.6223 6.5151
0.5000 48.3170 6.6027
0.6000 48.1398 6.8656
0.7000 47.7774 7.0397
0.8000 46.3534 7.5018
0.9000 42.8818 9.2371
1.0000 27.3359 14.7998
#PMF from TI in kcal/mol
0.0000 0.0000
0.1000 0.1369
0.2000 3.9305
0.3000 8.5761
0.4000 13.4067
0.5000 18.2537
0.6000 23.0765
0.7000 27.8724
0.8000 32.5789
0.9000 37.0407
1.0000 40.5516
#MBAR free energy difference in kcal/mol: 
41.618390, 0.051553 
#TI free energy difference in kcal/mol: 
40.551588  
Starting /export/users/common/BioSimSpace/sire.app/bin/analyse_freenrg: number of threads equals 32
