# Analysing data contained in file(s) ['lambda_0.0000/simfile.dat', 'lambda_0.1000/simfile.dat', 'lambda_0.2000/simfile.dat', 'lambda_0.3000/simfile.dat', 'lambda_0.4000/simfile.dat', 'lambda_0.5000/simfile.dat', 'lambda_0.6000/simfile.dat', 'lambda_0.7000/simfile.dat', 'lambda_0.8000/simfile.dat', 'lambda_0.9000/simfile.dat', 'lambda_1.0000/simfile.dat']
#Overlap matrix
0.8966 0.1031 0.0003 0.0000 0.0000 0.0000 0.0000 0.0000 0.0000 0.0000 0.0000
0.1031 0.7761 0.1205 0.0003 0.0000 0.0000 0.0000 0.0000 0.0000 0.0000 0.0000
0.0003 0.1205 0.7553 0.1233 0.0006 0.0000 0.0000 0.0000 0.0000 0.0000 0.0000
0.0000 0.0003 0.1233 0.7511 0.1248 0.0005 0.0000 0.0000 0.0000 0.0000 0.0000
0.0000 0.0000 0.0006 0.1248 0.7485 0.1255 0.0006 0.0000 0.0000 0.0000 0.0000
0.0000 0.0000 0.0000 0.0005 0.1255 0.7404 0.1331 0.0004 0.0000 0.0000 0.0000
0.0000 0.0000 0.0000 0.0000 0.0006 0.1331 0.7554 0.1104 0.0004 0.0000 0.0000
0.0000 0.0000 0.0000 0.0000 0.0000 0.0004 0.1104 0.7622 0.1264 0.0005 0.0000
0.0000 0.0000 0.0000 0.0000 0.0000 0.0000 0.0004 0.1264 0.7659 0.1071 0.0002
0.0000 0.0000 0.0000 0.0000 0.0000 0.0000 0.0000 0.0005 0.1071 0.8165 0.0760
0.0000 0.0000 0.0000 0.0000 0.0000 0.0000 0.0000 0.0000 0.0002 0.0760 0.9239
#DG from neighbouring lambda in kcal/mol
0.0000 0.1000 33.2564 0.0505
0.1000 0.2000 28.1160 0.0456
0.2000 0.3000 22.9423 0.0448
0.3000 0.4000 18.0795 0.0444
0.4000 0.5000 12.9482 0.0442
0.5000 0.6000 7.8054 0.0425
0.6000 0.7000 2.4194 0.0481
0.7000 0.8000 -3.0621 0.0441
0.8000 0.9000 -8.0428 0.0492
0.9000 1.0000 -12.5145 0.0608
#PMF from MBAR in kcal/mol
0.0000 0.0000 0.0000
0.1000 33.2564 0.0505
0.2000 61.3724 0.0726
0.3000 84.3147 0.0890
0.4000 102.3943 0.1026
0.5000 115.3425 0.1146
0.6000 123.1479 0.1248
0.7000 125.5673 0.1362
0.8000 122.5052 0.1454
0.9000 114.4624 0.1555
1.0000 101.9480 0.1689
#TI average gradients and standard deviation in kcal/mol
0.0000 358.6302 15.9361
0.1000 306.3251 14.2876
0.2000 253.1185 17.0776
0.3000 202.8334 14.8375
0.4000 156.2870 17.4235
0.5000 102.1992 14.8178
0.6000 51.8845 14.4854
0.7000 -5.3708 17.3153
0.8000 -55.3071 16.8968
0.9000 -100.6414 17.6563
1.0000 -147.0175 20.6553
#PMF from TI in kcal/mol
0.0000 0.0000
0.1000 33.2478
0.2000 61.2199
0.3000 84.0175
0.4000 101.9736
0.5000 114.8979
0.6000 122.6020
0.7000 124.9277
0.8000 121.8938
0.9000 114.0964
1.0000 101.7135
#MBAR free energy difference in kcal/mol: 
101.947952, 0.168930 
#TI free energy difference in kcal/mol: 
101.713461  
Starting /export/users/common/BioSimSpace/sire.app/bin/analyse_freenrg: number of threads equals 32
