# Analysing data contained in file(s) ['lambda_0.0000/simfile.dat', 'lambda_0.1000/simfile.dat', 'lambda_0.2000/simfile.dat', 'lambda_0.3000/simfile.dat', 'lambda_0.4000/simfile.dat', 'lambda_0.5000/simfile.dat', 'lambda_0.6000/simfile.dat', 'lambda_0.7000/simfile.dat', 'lambda_0.8000/simfile.dat', 'lambda_0.9000/simfile.dat', 'lambda_1.0000/simfile.dat']
#Overlap matrix
0.9730 0.0270 0.0000 0.0000 0.0000 0.0000 0.0000 0.0000 0.0000 0.0000 0.0000
0.0270 0.9069 0.0661 0.0000 0.0000 0.0000 0.0000 0.0000 0.0000 0.0000 0.0000
0.0000 0.0661 0.8591 0.0748 0.0000 0.0000 0.0000 0.0000 0.0000 0.0000 0.0000
0.0000 0.0000 0.0748 0.8458 0.0794 0.0000 0.0000 0.0000 0.0000 0.0000 0.0000
0.0000 0.0000 0.0000 0.0794 0.8362 0.0844 0.0000 0.0000 0.0000 0.0000 0.0000
0.0000 0.0000 0.0000 0.0000 0.0844 0.8374 0.0781 0.0000 0.0000 0.0000 0.0000
0.0000 0.0000 0.0000 0.0000 0.0000 0.0781 0.8340 0.0878 0.0001 0.0000 0.0000
0.0000 0.0000 0.0000 0.0000 0.0000 0.0000 0.0878 0.8284 0.0838 0.0000 0.0000
0.0000 0.0000 0.0000 0.0000 0.0000 0.0000 0.0001 0.0838 0.8410 0.0751 0.0000
0.0000 0.0000 0.0000 0.0000 0.0000 0.0000 0.0000 0.0000 0.0751 0.8805 0.0443
0.0000 0.0000 0.0000 0.0000 0.0000 0.0000 0.0000 0.0000 0.0000 0.0443 0.9556
#DG from neighbouring lambda in kcal/mol
0.0000 0.1000 14.9773 0.1836
0.1000 0.2000 12.6842 0.1125
0.2000 0.3000 10.7365 0.1046
0.3000 0.4000 8.7412 0.1010
0.4000 0.5000 7.0429 0.0973
0.5000 0.6000 5.2342 0.1019
0.6000 0.7000 3.7725 0.0950
0.7000 0.8000 2.8630 0.0978
0.8000 0.9000 2.7069 0.1043
0.9000 1.0000 4.1531 0.1407
#PMF from MBAR in kcal/mol
0.0000 0.0000 0.0000
0.1000 14.9773 0.1836
0.2000 27.6616 0.2197
0.3000 38.3981 0.2473
0.4000 47.1392 0.2707
0.5000 54.1821 0.2910
0.6000 59.4164 0.3114
0.7000 63.1889 0.3285
0.8000 66.0519 0.3455
0.9000 68.7588 0.3636
1.0000 72.9119 0.3923
#TI average gradients and standard deviation in kcal/mol
0.0000 1547.7858 44309.7163
0.1000 135.6778 21.6101
0.2000 118.2659 20.0263
0.3000 97.3923 20.0692
0.4000 79.5052 19.6225
0.5000 61.2816 19.3126
0.6000 44.5175 19.1038
0.7000 31.7846 18.8211
0.8000 26.1788 20.3548
0.9000 30.0372 20.7686
1.0000 63.4644 23.4065
#PMF from TI in kcal/mol
0.0000 0.0000
0.1000 84.1732
0.2000 96.8704
0.3000 107.6533
0.4000 116.4981
0.5000 123.5375
0.6000 128.8274
0.7000 132.6425
0.8000 135.5407
0.9000 138.3515
1.0000 143.0266
#MBAR free energy difference in kcal/mol: 
72.911925, 0.392290 
#TI free energy difference in kcal/mol: 
143.026585  
Starting /export/users/common/BioSimSpace/sire.app/bin/analyse_freenrg: number of threads equals 32
