# Analysing data contained in file(s) ['lambda_0.0000/simfile.dat', 'lambda_0.1000/simfile.dat', 'lambda_0.2000/simfile.dat', 'lambda_0.3000/simfile.dat', 'lambda_0.4000/simfile.dat', 'lambda_0.5000/simfile.dat', 'lambda_0.6000/simfile.dat', 'lambda_0.7000/simfile.dat', 'lambda_0.8000/simfile.dat', 'lambda_0.9000/simfile.dat', 'lambda_1.0000/simfile.dat']
#Overlap matrix
0.8164 0.1769 0.0066 0.0001 0.0000 0.0000 0.0000 0.0000 0.0000 0.0000 0.0000
0.1769 0.6152 0.1985 0.0093 0.0001 0.0000 0.0000 0.0000 0.0000 0.0000 0.0000
0.0066 0.1985 0.5821 0.2036 0.0091 0.0001 0.0000 0.0000 0.0000 0.0000 0.0000
0.0001 0.0093 0.2036 0.5711 0.2066 0.0093 0.0001 0.0000 0.0000 0.0000 0.0000
0.0000 0.0001 0.0091 0.2066 0.5706 0.2042 0.0094 0.0001 0.0000 0.0000 0.0000
0.0000 0.0000 0.0001 0.0093 0.2042 0.5723 0.2053 0.0088 0.0000 0.0000 0.0000
0.0000 0.0000 0.0000 0.0001 0.0094 0.2053 0.5774 0.2007 0.0071 0.0000 0.0000
0.0000 0.0000 0.0000 0.0000 0.0001 0.0088 0.2007 0.5899 0.1957 0.0049 0.0000
0.0000 0.0000 0.0000 0.0000 0.0000 0.0000 0.0071 0.1957 0.6261 0.1694 0.0016
0.0000 0.0000 0.0000 0.0000 0.0000 0.0000 0.0000 0.0049 0.1694 0.7057 0.1199
0.0000 0.0000 0.0000 0.0000 0.0000 0.0000 0.0000 0.0000 0.0016 0.1199 0.8785
#DG from neighbouring lambda in kcal/mol
0.0000 0.1000 1.2737 0.0272
0.1000 0.2000 0.7911 0.0240
0.2000 0.3000 0.3154 0.0233
0.3000 0.4000 -0.3480 0.0230
0.4000 0.5000 -1.0582 0.0232
0.5000 0.6000 -1.7529 0.0231
0.6000 0.7000 -2.4436 0.0238
0.7000 0.8000 -3.0818 0.0246
0.8000 0.9000 -3.4640 0.0282
0.9000 1.0000 -3.4708 0.0366
#PMF from MBAR in kcal/mol
0.0000 0.0000 0.0000
0.1000 1.2737 0.0272
0.2000 2.0648 0.0409
0.3000 2.3802 0.0506
0.4000 2.0322 0.0587
0.5000 0.9741 0.0658
0.6000 -0.7788 0.0722
0.7000 -3.2224 0.0783
0.8000 -6.3042 0.0843
0.9000 -9.7682 0.0909
1.0000 -13.2390 0.1000
#TI average gradients and standard deviation in kcal/mol
0.0000 888041564629.8497 21089751747332.9102
0.1000 10.4469 13.2622
0.2000 5.7904 11.6981
0.3000 -0.2249 12.2508
0.4000 -7.0649 12.0926
0.5000 -13.6103 12.2632
0.6000 -21.1457 12.1677
0.7000 -28.1939 12.6202
0.8000 -33.5382 12.6569
0.9000 -36.5963 14.7917
1.0000 -32.4366 18.6416
#PMF from TI in kcal/mol
0.0000 0.0000
0.1000 44402078232.0148
0.2000 44402078232.8267
0.3000 44402078233.1050
0.4000 44402078232.7405
0.5000 44402078231.7067
0.6000 44402078229.9689
0.7000 44402078227.5019
0.8000 44402078224.4153
0.9000 44402078220.9086
1.0000 44402078217.4570
#MBAR free energy difference in kcal/mol: 
-13.238953, 0.100042 
#TI free energy difference in kcal/mol: 
44402078217.456955  
Starting /export/users/common/BioSimSpace/sire.app/bin/analyse_freenrg: number of threads equals 32
