# Analysing data contained in file(s) ['lambda_0.0000/simfile.dat', 'lambda_0.1000/simfile.dat', 'lambda_0.2000/simfile.dat', 'lambda_0.3000/simfile.dat', 'lambda_0.4000/simfile.dat', 'lambda_0.5000/simfile.dat', 'lambda_0.6000/simfile.dat', 'lambda_0.7000/simfile.dat', 'lambda_0.8000/simfile.dat', 'lambda_0.9000/simfile.dat', 'lambda_1.0000/simfile.dat']
#Overlap matrix
0.8893 0.1100 0.0006 0.0000 0.0000 0.0000 0.0000 0.0000 0.0000 0.0000 0.0000
0.1100 0.7460 0.1424 0.0015 0.0000 0.0000 0.0000 0.0000 0.0000 0.0000 0.0000
0.0006 0.1424 0.6983 0.1568 0.0019 0.0000 0.0000 0.0000 0.0000 0.0000 0.0000
0.0000 0.0015 0.1568 0.6773 0.1627 0.0017 0.0000 0.0000 0.0000 0.0000 0.0000
0.0000 0.0000 0.0019 0.1627 0.6742 0.1592 0.0021 0.0000 0.0000 0.0000 0.0000
0.0000 0.0000 0.0000 0.0017 0.1592 0.6760 0.1614 0.0017 0.0000 0.0000 0.0000
0.0000 0.0000 0.0000 0.0000 0.0021 0.1614 0.6793 0.1557 0.0015 0.0000 0.0000
0.0000 0.0000 0.0000 0.0000 0.0000 0.0017 0.1557 0.6882 0.1535 0.0010 0.0000
0.0000 0.0000 0.0000 0.0000 0.0000 0.0000 0.0015 0.1535 0.7223 0.1226 0.0001
0.0000 0.0000 0.0000 0.0000 0.0000 0.0000 0.0000 0.0010 0.1226 0.8212 0.0552
0.0000 0.0000 0.0000 0.0000 0.0000 0.0000 0.0000 0.0000 0.0001 0.0552 0.9446
#DG from neighbouring lambda in kcal/mol
0.0000 0.1000 -7.8880 0.0381
0.1000 0.2000 -6.6267 0.0319
0.2000 0.3000 -5.9726 0.0296
0.3000 0.4000 -5.7652 0.0288
0.4000 0.5000 -5.8648 0.0292
0.5000 0.6000 -5.9264 0.0289
0.6000 0.7000 -6.1074 0.0298
0.7000 0.8000 -6.0462 0.0302
0.8000 0.9000 -5.0747 0.0355
0.9000 1.0000 -2.2994 0.0576
#PMF from MBAR in kcal/mol
0.0000 0.0000 0.0000
0.1000 -7.8880 0.0381
0.2000 -14.5148 0.0535
0.3000 -20.4874 0.0643
0.4000 -26.2525 0.0731
0.5000 -32.1173 0.0812
0.6000 -38.0438 0.0883
0.7000 -44.1512 0.0953
0.8000 -50.1973 0.1019
0.9000 -55.2720 0.1097
1.0000 -57.5714 0.1255
#TI average gradients and standard deviation in kcal/mol
0.0000 -46.7312 2596.0266
0.1000 -71.0864 16.2665
0.2000 -61.9430 15.2535
0.3000 -58.6767 14.8580
0.4000 -58.0978 14.8299
0.5000 -58.8584 14.3751
0.6000 -60.6424 14.8315
0.7000 -61.2311 14.9327
0.8000 -57.3522 15.5995
0.9000 -40.8246 18.6067
1.0000 1.9009 27.5178
#PMF from TI in kcal/mol
0.0000 0.0000
0.1000 -5.8909
0.2000 -12.5424
0.3000 -18.5733
0.4000 -24.4121
0.5000 -30.2599
0.6000 -36.2349
0.7000 -42.3286
0.8000 -48.2577
0.9000 -53.1666
1.0000 -55.1128
#MBAR free energy difference in kcal/mol: 
-57.571434, 0.125516 
#TI free energy difference in kcal/mol: 
-55.112765  
Starting /export/users/common/BioSimSpace/sire.app/bin/analyse_freenrg: number of threads equals 32
