# Analysing data contained in file(s) ['lambda_0.0000/simfile.dat', 'lambda_0.1000/simfile.dat', 'lambda_0.2000/simfile.dat', 'lambda_0.3000/simfile.dat', 'lambda_0.4000/simfile.dat', 'lambda_0.5000/simfile.dat', 'lambda_0.6000/simfile.dat', 'lambda_0.7000/simfile.dat', 'lambda_0.8000/simfile.dat', 'lambda_0.9000/simfile.dat', 'lambda_1.0000/simfile.dat']
#Overlap matrix
0.8745 0.1230 0.0025 0.0000 0.0000 0.0000 0.0000 0.0000 0.0000 0.0000 0.0000
0.1230 0.6917 0.1793 0.0060 0.0000 0.0000 0.0000 0.0000 0.0000 0.0000 0.0000
0.0025 0.1793 0.6176 0.1943 0.0062 0.0000 0.0000 0.0000 0.0000 0.0000 0.0000
0.0000 0.0060 0.1943 0.6069 0.1878 0.0049 0.0000 0.0000 0.0000 0.0000 0.0000
0.0000 0.0000 0.0062 0.1878 0.6174 0.1837 0.0049 0.0000 0.0000 0.0000 0.0000
0.0000 0.0000 0.0000 0.0049 0.1837 0.6200 0.1864 0.0049 0.0000 0.0000 0.0000
0.0000 0.0000 0.0000 0.0000 0.0049 0.1864 0.6135 0.1902 0.0050 0.0000 0.0000
0.0000 0.0000 0.0000 0.0000 0.0000 0.0049 0.1902 0.6187 0.1813 0.0048 0.0000
0.0000 0.0000 0.0000 0.0000 0.0000 0.0000 0.0050 0.1813 0.6202 0.1881 0.0053
0.0000 0.0000 0.0000 0.0000 0.0000 0.0000 0.0000 0.0048 0.1881 0.6169 0.1901
0.0000 0.0000 0.0000 0.0000 0.0000 0.0000 0.0000 0.0000 0.0053 0.1901 0.8046
#DG from neighbouring lambda in kcal/mol
0.0000 0.1000 -6.5317 0.0344
0.1000 0.2000 -2.3598 0.0257
0.2000 0.3000 -0.9112 0.0238
0.3000 0.4000 -0.3534 0.0245
0.4000 0.5000 -0.1112 0.0251
0.5000 0.6000 0.1324 0.0248
0.6000 0.7000 0.4193 0.0244
0.7000 0.8000 0.7414 0.0253
0.8000 0.9000 1.0502 0.0246
0.9000 1.0000 1.4315 0.0249
#PMF from MBAR in kcal/mol
0.0000 0.0000 0.0000
0.1000 -6.5317 0.0344
0.2000 -8.8915 0.0469
0.3000 -9.8027 0.0556
0.4000 -10.1561 0.0635
0.5000 -10.2674 0.0708
0.6000 -10.1350 0.0773
0.7000 -9.7158 0.0832
0.8000 -8.9743 0.0889
0.9000 -7.9241 0.0941
1.0000 -6.4926 0.0991
#TI average gradients and standard deviation in kcal/mol
0.0000 -105.1823 19.0962
0.1000 -36.4967 14.4807
0.2000 -13.8291 12.9337
0.3000 -5.6384 12.4601
0.4000 -2.3946 12.9822
0.5000 0.3887 12.9490
0.6000 2.8088 12.9909
0.7000 6.0713 13.2625
0.8000 8.8115 13.0338
0.9000 12.5267 13.1179
1.0000 16.0936 13.3186
#PMF from TI in kcal/mol
0.0000 0.0000
0.1000 -7.0840
0.2000 -9.6002
0.3000 -10.5736
0.4000 -10.9753
0.5000 -11.0756
0.6000 -10.9157
0.7000 -10.4717
0.8000 -9.7275
0.9000 -8.6606
1.0000 -7.2296
#MBAR free energy difference in kcal/mol: 
-6.492637, 0.099081 
#TI free energy difference in kcal/mol: 
-7.229625  
Starting /export/users/common/BioSimSpace/sire.app/bin/analyse_freenrg: number of threads equals 32
