# Analysing data contained in file(s) ['lambda_0.0000/simfile.dat', 'lambda_0.1000/simfile.dat', 'lambda_0.2000/simfile.dat', 'lambda_0.3000/simfile.dat', 'lambda_0.4000/simfile.dat', 'lambda_0.5000/simfile.dat', 'lambda_0.6000/simfile.dat', 'lambda_0.7000/simfile.dat', 'lambda_0.8000/simfile.dat', 'lambda_0.9000/simfile.dat', 'lambda_1.0000/simfile.dat']
#Overlap matrix
0.8033 0.1910 0.0057 0.0000 0.0000 0.0000 0.0000 0.0000 0.0000 0.0000 0.0000
0.1910 0.6080 0.1938 0.0072 0.0000 0.0000 0.0000 0.0000 0.0000 0.0000 0.0000
0.0057 0.1938 0.5898 0.2021 0.0086 0.0001 0.0000 0.0000 0.0000 0.0000 0.0000
0.0000 0.0072 0.2021 0.5776 0.2036 0.0094 0.0001 0.0000 0.0000 0.0000 0.0000
0.0000 0.0000 0.0086 0.2036 0.5734 0.2048 0.0095 0.0001 0.0000 0.0000 0.0000
0.0000 0.0000 0.0001 0.0094 0.2048 0.5672 0.2077 0.0108 0.0001 0.0000 0.0000
0.0000 0.0000 0.0000 0.0001 0.0095 0.2077 0.5629 0.2088 0.0109 0.0001 0.0000
0.0000 0.0000 0.0000 0.0000 0.0001 0.0108 0.2088 0.5606 0.2082 0.0114 0.0001
0.0000 0.0000 0.0000 0.0000 0.0000 0.0001 0.0109 0.2082 0.5606 0.2095 0.0106
0.0000 0.0000 0.0000 0.0000 0.0000 0.0000 0.0001 0.0114 0.2095 0.5660 0.2130
0.0000 0.0000 0.0000 0.0000 0.0000 0.0000 0.0000 0.0001 0.0106 0.2130 0.7763
#DG from neighbouring lambda in kcal/mol
0.0000 0.1000 2.8257 0.0238
0.1000 0.2000 -1.1739 0.0228
0.2000 0.3000 -5.5273 0.0218
0.3000 0.4000 -9.8979 0.0215
0.4000 0.5000 -14.2814 0.0213
0.5000 0.6000 -18.7071 0.0209
0.6000 0.7000 -23.1111 0.0207
0.7000 0.8000 -27.5769 0.0207
0.8000 0.9000 -32.0994 0.0207
0.9000 1.0000 -36.7575 0.0213
#PMF from MBAR in kcal/mol
0.0000 0.0000 0.0000
0.1000 2.8257 0.0238
0.2000 1.6519 0.0374
0.3000 -3.8755 0.0467
0.4000 -13.7734 0.0543
0.5000 -28.0548 0.0608
0.6000 -46.7619 0.0666
0.7000 -69.8729 0.0718
0.8000 -97.4498 0.0767
0.9000 -129.5492 0.0812
1.0000 -166.3066 0.0857
#TI average gradients and standard deviation in kcal/mol
0.0000 44.6642 13.6973
0.1000 9.3592 12.7050
0.2000 -33.1324 12.5053
0.3000 -77.0541 12.1844
0.4000 -120.6841 12.3163
0.5000 -164.8246 11.9982
0.6000 -208.9290 11.9445
0.7000 -253.2431 11.9551
0.8000 -298.5196 12.1453
0.9000 -344.1241 12.1198
1.0000 -390.3406 12.3801
#PMF from TI in kcal/mol
0.0000 0.0000
0.1000 2.7012
0.2000 1.5125
0.3000 -3.9968
0.4000 -13.8837
0.5000 -28.1592
0.6000 -46.8468
0.7000 -69.9554
0.8000 -97.5436
0.9000 -129.6758
1.0000 -166.3990
#MBAR free energy difference in kcal/mol: 
-166.306647, 0.085685 
#TI free energy difference in kcal/mol: 
-166.398999  
Starting /export/users/common/BioSimSpace/sire.app/bin/analyse_freenrg: number of threads equals 32
