# Analysing data contained in file(s) ['lambda_0.0000/simfile.dat', 'lambda_0.1000/simfile.dat', 'lambda_0.2000/simfile.dat', 'lambda_0.3000/simfile.dat', 'lambda_0.4000/simfile.dat', 'lambda_0.5000/simfile.dat', 'lambda_0.6000/simfile.dat', 'lambda_0.7000/simfile.dat', 'lambda_0.8000/simfile.dat', 'lambda_0.9000/simfile.dat', 'lambda_1.0000/simfile.dat']
#Overlap matrix
0.9150 0.0843 0.0007 0.0000 0.0000 0.0000 0.0000 0.0000 0.0000 0.0000 0.0000
0.0843 0.7784 0.1349 0.0024 0.0000 0.0000 0.0000 0.0000 0.0000 0.0000 0.0000
0.0007 0.1349 0.6871 0.1737 0.0035 0.0000 0.0000 0.0000 0.0000 0.0000 0.0000
0.0000 0.0024 0.1737 0.6551 0.1659 0.0029 0.0000 0.0000 0.0000 0.0000 0.0000
0.0000 0.0000 0.0035 0.1659 0.6651 0.1634 0.0021 0.0000 0.0000 0.0000 0.0000
0.0000 0.0000 0.0000 0.0029 0.1634 0.6817 0.1508 0.0012 0.0000 0.0000 0.0000
0.0000 0.0000 0.0000 0.0000 0.0021 0.1508 0.6986 0.1473 0.0011 0.0000 0.0000
0.0000 0.0000 0.0000 0.0000 0.0000 0.0012 0.1473 0.7152 0.1352 0.0011 0.0000
0.0000 0.0000 0.0000 0.0000 0.0000 0.0000 0.0011 0.1352 0.7242 0.1388 0.0006
0.0000 0.0000 0.0000 0.0000 0.0000 0.0000 0.0000 0.0011 0.1388 0.7214 0.1387
0.0000 0.0000 0.0000 0.0000 0.0000 0.0000 0.0000 0.0000 0.0006 0.1387 0.8606
#DG from neighbouring lambda in kcal/mol
0.0000 0.1000 -1.5709 0.0748
0.1000 0.2000 1.6926 0.0549
0.2000 0.3000 2.1447 0.0452
0.3000 0.4000 2.0466 0.0467
0.4000 0.5000 1.8683 0.0475
0.5000 0.6000 1.6343 0.0507
0.6000 0.7000 1.3035 0.0518
0.7000 0.8000 1.2001 0.0550
0.8000 0.9000 1.2054 0.0542
0.9000 1.0000 1.0808 0.0545
#PMF from MBAR in kcal/mol
0.0000 0.0000 0.0000
0.1000 -1.5709 0.0748
0.2000 0.1217 0.0984
0.3000 2.2663 0.1130
0.4000 4.3129 0.1264
0.5000 6.1812 0.1388
0.6000 7.8155 0.1513
0.7000 9.1190 0.1633
0.8000 10.3191 0.1754
0.9000 11.5245 0.1865
1.0000 12.6053 0.1971
#TI average gradients and standard deviation in kcal/mol
0.0000 -56.3325 22.1476
0.1000 9.9162 17.3234
0.2000 21.5221 15.4440
0.3000 22.2481 14.2790
0.4000 19.5663 14.8979
0.5000 18.1901 14.1984
0.6000 15.5575 14.3939
0.7000 13.1959 16.3313
0.8000 13.2224 15.1626
0.9000 12.2804 16.6159
1.0000 17.2815 17.2108
#PMF from TI in kcal/mol
0.0000 0.0000
0.1000 -2.3208
0.2000 -0.7489
0.3000 1.4396
0.4000 3.5303
0.5000 5.4181
0.6000 7.1055
0.7000 8.5432
0.8000 9.8641
0.9000 11.1393
1.0000 12.6174
#MBAR free energy difference in kcal/mol: 
12.605304, 0.197139 
#TI free energy difference in kcal/mol: 
12.617358  
Starting /export/users/common/BioSimSpace/sire.app/bin/analyse_freenrg: number of threads equals 32
