# Analysing data contained in file(s) ['lambda_0.0000/simfile.dat', 'lambda_0.1000/simfile.dat', 'lambda_0.2000/simfile.dat', 'lambda_0.3000/simfile.dat', 'lambda_0.4000/simfile.dat', 'lambda_0.5000/simfile.dat', 'lambda_0.6000/simfile.dat', 'lambda_0.7000/simfile.dat', 'lambda_0.8000/simfile.dat', 'lambda_0.9000/simfile.dat', 'lambda_1.0000/simfile.dat']
#Overlap matrix
0.8748 0.1248 0.0004 0.0000 0.0000 0.0000 0.0000 0.0000 0.0000 0.0000 0.0000
0.1248 0.7461 0.1286 0.0005 0.0000 0.0000 0.0000 0.0000 0.0000 0.0000 0.0000
0.0004 0.1286 0.7418 0.1287 0.0005 0.0000 0.0000 0.0000 0.0000 0.0000 0.0000
0.0000 0.0005 0.1287 0.7390 0.1311 0.0007 0.0000 0.0000 0.0000 0.0000 0.0000
0.0000 0.0000 0.0005 0.1311 0.7306 0.1369 0.0009 0.0000 0.0000 0.0000 0.0000
0.0000 0.0000 0.0000 0.0007 0.1369 0.7157 0.1452 0.0015 0.0000 0.0000 0.0000
0.0000 0.0000 0.0000 0.0000 0.0009 0.1452 0.6977 0.1543 0.0019 0.0000 0.0000
0.0000 0.0000 0.0000 0.0000 0.0000 0.0015 0.1543 0.6816 0.1604 0.0022 0.0000
0.0000 0.0000 0.0000 0.0000 0.0000 0.0000 0.0019 0.1604 0.6670 0.1682 0.0026
0.0000 0.0000 0.0000 0.0000 0.0000 0.0000 0.0000 0.0022 0.1682 0.6642 0.1655
0.0000 0.0000 0.0000 0.0000 0.0000 0.0000 0.0000 0.0000 0.0026 0.1655 0.8319
#DG from neighbouring lambda in kcal/mol
0.0000 0.1000 0.7915 0.0346
0.1000 0.2000 0.0765 0.0338
0.2000 0.3000 -0.5977 0.0337
0.3000 0.4000 -1.3120 0.0333
0.4000 0.5000 -1.9227 0.0323
0.5000 0.6000 -2.3683 0.0309
0.6000 0.7000 -2.6160 0.0294
0.7000 0.8000 -2.7625 0.0285
0.8000 0.9000 -2.4815 0.0275
0.9000 1.0000 0.3967 0.0281
#PMF from MBAR in kcal/mol
0.0000 0.0000 0.0000
0.1000 0.7915 0.0346
0.2000 0.8679 0.0522
0.3000 0.2702 0.0652
0.4000 -1.0418 0.0758
0.5000 -2.9644 0.0847
0.6000 -5.3328 0.0922
0.7000 -7.9488 0.0987
0.8000 -10.7113 0.1046
0.9000 -13.1927 0.1098
1.0000 -12.7960 0.1149
#TI average gradients and standard deviation in kcal/mol
0.0000 9.6702 16.8028
0.1000 3.8510 16.5304
0.2000 -2.7333 16.1368
0.3000 -10.0208 16.1163
0.4000 -16.4710 15.9362
0.5000 -21.9241 15.3798
0.6000 -25.2181 14.6627
0.7000 -27.3074 14.5062
0.8000 -27.3247 14.2229
0.9000 -18.5560 14.2655
1.0000 44.4494 14.5641
#PMF from TI in kcal/mol
0.0000 0.0000
0.1000 0.6761
0.2000 0.7319
0.3000 0.0942
0.4000 -1.2303
0.5000 -3.1501
0.6000 -5.5072
0.7000 -8.1335
0.8000 -10.8651
0.9000 -13.1591
1.0000 -11.8644
#MBAR free energy difference in kcal/mol: 
-12.796025, 0.114932 
#TI free energy difference in kcal/mol: 
-11.864444  
Starting /export/users/common/BioSimSpace/sire.app/bin/analyse_freenrg: number of threads equals 32
