# Analysing data contained in file(s) ['lambda_0.0000/simfile.dat', 'lambda_0.1000/simfile.dat', 'lambda_0.2000/simfile.dat', 'lambda_0.3000/simfile.dat', 'lambda_0.4000/simfile.dat', 'lambda_0.5000/simfile.dat', 'lambda_0.6000/simfile.dat', 'lambda_0.7000/simfile.dat', 'lambda_0.8000/simfile.dat', 'lambda_0.9000/simfile.dat', 'lambda_1.0000/simfile.dat']
#Overlap matrix
0.9907 0.0093 0.0000 0.0000 0.0000 0.0000 0.0000 0.0000 0.0000 0.0000 0.0000
0.0093 0.8814 0.1090 0.0004 0.0000 0.0000 0.0000 0.0000 0.0000 0.0000 0.0000
0.0000 0.1090 0.7520 0.1381 0.0009 0.0000 0.0000 0.0000 0.0000 0.0000 0.0000
0.0000 0.0004 0.1381 0.7068 0.1531 0.0015 0.0000 0.0000 0.0000 0.0000 0.0000
0.0000 0.0000 0.0009 0.1531 0.6872 0.1571 0.0017 0.0000 0.0000 0.0000 0.0000
0.0000 0.0000 0.0000 0.0015 0.1571 0.6872 0.1524 0.0017 0.0000 0.0000 0.0000
0.0000 0.0000 0.0000 0.0000 0.0017 0.1524 0.6873 0.1570 0.0016 0.0000 0.0000
0.0000 0.0000 0.0000 0.0000 0.0000 0.0017 0.1570 0.6828 0.1568 0.0016 0.0000
0.0000 0.0000 0.0000 0.0000 0.0000 0.0000 0.0016 0.1568 0.6862 0.1543 0.0010
0.0000 0.0000 0.0000 0.0000 0.0000 0.0000 0.0000 0.0016 0.1543 0.7167 0.1273
0.0000 0.0000 0.0000 0.0000 0.0000 0.0000 0.0000 0.0000 0.0010 0.1273 0.8717
#DG from neighbouring lambda in kcal/mol
0.0000 0.1000 9.0462 0.1369
0.1000 0.2000 3.7587 0.0356
0.2000 0.3000 1.4531 0.0302
0.3000 0.4000 -0.5577 0.0280
0.4000 0.5000 -2.4062 0.0274
0.5000 0.6000 -4.3209 0.0279
0.6000 0.7000 -6.2796 0.0274
0.7000 0.8000 -8.3129 0.0274
0.8000 0.9000 -10.2563 0.0278
0.9000 1.0000 -12.0207 0.0320
#PMF from MBAR in kcal/mol
0.0000 0.0000 0.0000
0.1000 9.0462 0.1369
0.2000 12.8049 0.1427
0.3000 14.2580 0.1470
0.4000 13.7003 0.1508
0.5000 11.2942 0.1543
0.6000 6.9732 0.1579
0.7000 0.6936 0.1613
0.8000 -7.6193 0.1646
0.9000 -17.8756 0.1679
1.0000 -29.8962 0.1719
#TI average gradients and standard deviation in kcal/mol
0.0000 184.0766 60.1477
0.1000 51.8263 19.8602
0.2000 25.5839 16.6352
0.3000 4.2665 15.6400
0.4000 -14.7046 14.9743
0.5000 -33.7169 14.8518
0.6000 -53.2880 14.6307
0.7000 -73.0798 14.7849
0.8000 -92.2970 14.7779
0.9000 -111.6310 15.1151
1.0000 -127.7943 17.6761
#PMF from TI in kcal/mol
0.0000 0.0000
0.1000 11.7951
0.2000 15.6657
0.3000 17.1582
0.4000 16.6363
0.5000 14.2152
0.6000 9.8649
0.7000 3.5466
0.8000 -4.7223
0.9000 -14.9187
1.0000 -26.8900
#MBAR free energy difference in kcal/mol: 
-29.896250, 0.171923 
#TI free energy difference in kcal/mol: 
-26.889951  
Starting /export/users/common/BioSimSpace/sire.app/bin/analyse_freenrg: number of threads equals 32
