# Analysing data contained in file(s) ['lambda_0.0000/simfile.dat', 'lambda_0.1000/simfile.dat', 'lambda_0.2000/simfile.dat', 'lambda_0.3000/simfile.dat', 'lambda_0.4000/simfile.dat', 'lambda_0.5000/simfile.dat', 'lambda_0.6000/simfile.dat', 'lambda_0.7000/simfile.dat', 'lambda_0.8000/simfile.dat', 'lambda_0.9000/simfile.dat', 'lambda_1.0000/simfile.dat']
#Overlap matrix
0.8932 0.1064 0.0004 0.0000 0.0000 0.0000 0.0000 0.0000 0.0000 0.0000 0.0000
0.1064 0.7554 0.1374 0.0007 0.0000 0.0000 0.0000 0.0000 0.0000 0.0000 0.0000
0.0004 0.1374 0.7227 0.1385 0.0009 0.0000 0.0000 0.0000 0.0000 0.0000 0.0000
0.0000 0.0007 0.1385 0.7176 0.1422 0.0009 0.0000 0.0000 0.0000 0.0000 0.0000
0.0000 0.0000 0.0009 0.1422 0.7150 0.1410 0.0009 0.0000 0.0000 0.0000 0.0000
0.0000 0.0000 0.0000 0.0009 0.1410 0.7141 0.1431 0.0009 0.0000 0.0000 0.0000
0.0000 0.0000 0.0000 0.0000 0.0009 0.1431 0.7087 0.1461 0.0012 0.0000 0.0000
0.0000 0.0000 0.0000 0.0000 0.0000 0.0009 0.1461 0.7003 0.1511 0.0016 0.0000
0.0000 0.0000 0.0000 0.0000 0.0000 0.0000 0.0012 0.1511 0.6906 0.1557 0.0014
0.0000 0.0000 0.0000 0.0000 0.0000 0.0000 0.0000 0.0016 0.1557 0.6917 0.1511
0.0000 0.0000 0.0000 0.0000 0.0000 0.0000 0.0000 0.0000 0.0014 0.1511 0.8475
#DG from neighbouring lambda in kcal/mol
0.0000 0.1000 22.5790 0.0373
0.1000 0.2000 20.1415 0.0314
0.2000 0.3000 18.0056 0.0312
0.3000 0.4000 16.0063 0.0306
0.4000 0.5000 14.0194 0.0308
0.5000 0.6000 12.0473 0.0305
0.6000 0.7000 10.1068 0.0300
0.7000 0.8000 8.4420 0.0292
0.8000 0.9000 7.5708 0.0286
0.9000 1.0000 10.0554 0.0294
#PMF from MBAR in kcal/mol
0.0000 0.0000 0.0000
0.1000 22.5790 0.0373
0.2000 42.7204 0.0524
0.3000 60.7260 0.0639
0.4000 76.7324 0.0734
0.5000 90.7518 0.0818
0.6000 102.7990 0.0893
0.7000 112.9058 0.0961
0.8000 121.3478 0.1022
0.9000 128.9186 0.1078
1.0000 138.9740 0.1133
#TI average gradients and standard deviation in kcal/mol
0.0000 239.7196 19.4719
0.1000 209.7093 14.6994
0.2000 190.9033 16.4928
0.3000 170.4989 14.6834
0.4000 147.8409 16.4185
0.5000 129.1419 15.9543
0.6000 110.0027 16.4955
0.7000 92.8628 13.9321
0.8000 78.1290 13.6241
0.9000 77.7947 16.1030
1.0000 147.3779 16.2013
#PMF from TI in kcal/mol
0.0000 0.0000
0.1000 22.4714
0.2000 42.5021
0.3000 60.5722
0.4000 76.4892
0.5000 90.3383
0.6000 102.2955
0.7000 112.4388
0.8000 120.9884
0.9000 128.7846
1.0000 140.0432
#MBAR free energy difference in kcal/mol: 
138.973969, 0.113313 
#TI free energy difference in kcal/mol: 
140.043227  
Starting /export/users/common/BioSimSpace/sire.app/bin/analyse_freenrg: number of threads equals 32
