# Analysing data contained in file(s) ['lambda_0.0000/simfile.dat', 'lambda_0.1000/simfile.dat', 'lambda_0.2000/simfile.dat', 'lambda_0.3000/simfile.dat', 'lambda_0.4000/simfile.dat', 'lambda_0.5000/simfile.dat', 'lambda_0.6000/simfile.dat', 'lambda_0.7000/simfile.dat', 'lambda_0.8000/simfile.dat', 'lambda_0.9000/simfile.dat', 'lambda_1.0000/simfile.dat']
#Overlap matrix
1.0000 0.0000 0.0000 0.0000 0.0000 0.0000 0.0000 0.0000 0.0000 0.0000 0.0000
0.0000 0.9184 0.0815 0.0000 0.0000 0.0000 0.0000 0.0000 0.0000 0.0000 0.0000
0.0000 0.0815 0.8703 0.0481 0.0000 0.0000 0.0000 0.0000 0.0000 0.0000 0.0000
0.0000 0.0000 0.0481 0.8685 0.0833 0.0000 0.0000 0.0000 0.0000 0.0000 0.0000
0.0000 0.0000 0.0000 0.0833 0.9070 0.0096 0.0000 0.0000 0.0000 0.0000 0.0000
0.0000 0.0000 0.0000 0.0000 0.0096 0.9624 0.0279 0.0000 0.0000 0.0000 0.0000
0.0000 0.0000 0.0000 0.0000 0.0000 0.0279 0.9414 0.0307 0.0000 0.0000 0.0000
0.0000 0.0000 0.0000 0.0000 0.0000 0.0000 0.0307 0.8959 0.0734 0.0000 0.0000
0.0000 0.0000 0.0000 0.0000 0.0000 0.0000 0.0000 0.0734 0.8343 0.0923 0.0001
0.0000 0.0000 0.0000 0.0000 0.0000 0.0000 0.0000 0.0000 0.0923 0.8432 0.0646
0.0000 0.0000 0.0000 0.0000 0.0000 0.0000 0.0000 0.0000 0.0001 0.0646 0.9354
#DG from neighbouring lambda in kcal/mol
0.0000 0.1000 -19.9213 65.4811
0.1000 0.2000 -17.1139 0.3675
0.2000 0.3000 -12.6985 0.4969
0.3000 0.4000 -9.2392 0.3628
0.4000 0.5000 -6.5963 1.1572
0.5000 0.6000 -9.0146 0.6672
0.6000 0.7000 -8.5679 0.6341
0.7000 0.8000 -8.7821 0.3912
0.8000 0.9000 -8.0796 0.3409
0.9000 1.0000 -3.4424 0.4211
#PMF from MBAR in kcal/mol
0.0000 0.0000 0.0000
0.1000 -19.9213 65.4811
0.2000 -37.0352 65.4824
0.3000 -49.7337 65.4844
0.4000 -58.9729 65.4856
0.5000 -65.5692 65.4961
0.6000 -74.5838 65.4997
0.7000 -83.1516 65.5029
0.8000 -91.9337 65.5043
0.9000 -100.0133 65.5054
1.0000 -103.4557 65.5069
#TI average gradients and standard deviation in kcal/mol
0.0000 -133.7022 23.5149
0.1000 -209.3101 26.7925
0.2000 -142.2341 23.1593
0.3000 -108.6794 20.1945
0.4000 -68.2996 26.3211
0.5000 -97.0698 23.2271
0.6000 -88.5731 21.2719
0.7000 -91.3740 22.2734
0.8000 -83.2620 20.0960
0.9000 -64.3643 19.6988
1.0000 -14.5557 25.2206
#PMF from TI in kcal/mol
0.0000 0.0000
0.1000 -17.1506
0.2000 -34.7278
0.3000 -47.2735
0.4000 -56.1224
0.5000 -64.3909
0.6000 -73.6731
0.7000 -82.6704
0.8000 -91.4022
0.9000 -98.7835
1.0000 -102.7295
#MBAR free energy difference in kcal/mol: 
-103.455729, 65.506944  #WARNING SUBSAMPLING ENERGIES RESULTED IN LESS THAN 50 SAMPLES, CONSIDER RERUN WITHOUT SUBSAMPLE OPTION
#TI free energy difference in kcal/mol: 
-102.729543  
Starting /export/users/common/BioSimSpace/sire.app/bin/analyse_freenrg: number of threads equals 32
