# Analysing data contained in file(s) ['lambda_0.0000/simfile.dat', 'lambda_0.1000/simfile.dat', 'lambda_0.2000/simfile.dat', 'lambda_0.3000/simfile.dat', 'lambda_0.4000/simfile.dat', 'lambda_0.5000/simfile.dat', 'lambda_0.6000/simfile.dat', 'lambda_0.7000/simfile.dat', 'lambda_0.8000/simfile.dat', 'lambda_0.9000/simfile.dat', 'lambda_1.0000/simfile.dat']
#Overlap matrix
0.9383 0.0617 0.0000 0.0000 0.0000 0.0000 0.0000 0.0000 0.0000 0.0000 0.0000
0.0617 0.8726 0.0657 0.0000 0.0000 0.0000 0.0000 0.0000 0.0000 0.0000 0.0000
0.0000 0.0657 0.8701 0.0642 0.0000 0.0000 0.0000 0.0000 0.0000 0.0000 0.0000
0.0000 0.0000 0.0642 0.8710 0.0648 0.0000 0.0000 0.0000 0.0000 0.0000 0.0000
0.0000 0.0000 0.0000 0.0648 0.8726 0.0625 0.0000 0.0000 0.0000 0.0000 0.0000
0.0000 0.0000 0.0000 0.0000 0.0625 0.8749 0.0625 0.0000 0.0000 0.0000 0.0000
0.0000 0.0000 0.0000 0.0000 0.0000 0.0625 0.8746 0.0628 0.0000 0.0000 0.0000
0.0000 0.0000 0.0000 0.0000 0.0000 0.0000 0.0628 0.8772 0.0599 0.0000 0.0000
0.0000 0.0000 0.0000 0.0000 0.0000 0.0000 0.0000 0.0599 0.8834 0.0567 0.0000
0.0000 0.0000 0.0000 0.0000 0.0000 0.0000 0.0000 0.0000 0.0567 0.8890 0.0543
0.0000 0.0000 0.0000 0.0000 0.0000 0.0000 0.0000 0.0000 0.0000 0.0543 0.9457
#DG from neighbouring lambda in kcal/mol
0.0000 0.1000 28.7762 0.0501
0.1000 0.2000 24.6503 0.0484
0.2000 0.3000 20.4487 0.0490
0.3000 0.4000 16.2658 0.0487
0.4000 0.5000 11.9045 0.0497
0.5000 0.6000 7.4573 0.0497
0.6000 0.7000 3.0032 0.0496
0.7000 0.8000 -1.5230 0.0510
0.8000 0.9000 -6.2973 0.0526
0.9000 1.0000 -11.1383 0.0539
#PMF from MBAR in kcal/mol
0.0000 0.0000 0.0000
0.1000 28.7762 0.0501
0.2000 53.4265 0.0721
0.3000 73.8751 0.0892
0.4000 90.1410 0.1034
0.5000 102.0455 0.1162
0.6000 109.5028 0.1278
0.7000 112.5060 0.1384
0.8000 110.9830 0.1487
0.9000 104.6857 0.1588
1.0000 93.5474 0.1687
#TI average gradients and standard deviation in kcal/mol
0.0000 308.1157 20.3184
0.1000 267.5244 20.0883
0.2000 225.8250 19.6680
0.3000 183.0501 19.6464
0.4000 140.8534 19.3368
0.5000 96.3515 19.8487
0.6000 52.4185 19.9491
0.7000 7.0990 19.9865
0.8000 -39.1347 20.4475
0.9000 -86.9182 20.4925
1.0000 -135.3791 20.2996
#PMF from TI in kcal/mol
0.0000 0.0000
0.1000 28.7820
0.2000 53.4495
0.3000 73.8932
0.4000 90.0884
0.5000 101.9486
0.6000 109.3871
0.7000 112.3630
0.8000 110.7612
0.9000 104.4586
1.0000 93.3437
#MBAR free energy difference in kcal/mol: 
93.547414, 0.168732 
#TI free energy difference in kcal/mol: 
93.343729  
Starting /export/users/common/BioSimSpace/sire.app/bin/analyse_freenrg: number of threads equals 32
