# Analysing data contained in file(s) ['lambda_0.0000/simfile.dat', 'lambda_0.1000/simfile.dat', 'lambda_0.2000/simfile.dat', 'lambda_0.3000/simfile.dat', 'lambda_0.4000/simfile.dat', 'lambda_0.5000/simfile.dat', 'lambda_0.6000/simfile.dat', 'lambda_0.7000/simfile.dat', 'lambda_0.8000/simfile.dat', 'lambda_0.9000/simfile.dat', 'lambda_1.0000/simfile.dat']
#Overlap matrix
0.7061 0.2764 0.0174 0.0001 0.0000 0.0000 0.0000 0.0000 0.0000 0.0000 0.0000
0.2764 0.5140 0.1977 0.0118 0.0001 0.0000 0.0000 0.0000 0.0000 0.0000 0.0000
0.0174 0.1977 0.5651 0.2093 0.0104 0.0002 0.0000 0.0000 0.0000 0.0000 0.0000
0.0001 0.0118 0.2093 0.5464 0.2175 0.0147 0.0002 0.0000 0.0000 0.0000 0.0000
0.0000 0.0001 0.0104 0.2175 0.5810 0.1822 0.0086 0.0002 0.0000 0.0000 0.0000
0.0000 0.0000 0.0002 0.0147 0.1822 0.6111 0.1825 0.0093 0.0000 0.0000 0.0000
0.0000 0.0000 0.0000 0.0002 0.0086 0.1825 0.6210 0.1868 0.0009 0.0000 0.0000
0.0000 0.0000 0.0000 0.0000 0.0002 0.0093 0.1868 0.7439 0.0591 0.0008 0.0000
0.0000 0.0000 0.0000 0.0000 0.0000 0.0000 0.0009 0.0591 0.7496 0.1888 0.0015
0.0000 0.0000 0.0000 0.0000 0.0000 0.0000 0.0000 0.0008 0.1888 0.7643 0.0461
0.0000 0.0000 0.0000 0.0000 0.0000 0.0000 0.0000 0.0000 0.0015 0.0461 0.9524
#DG from neighbouring lambda in kcal/mol
0.0000 0.1000 -11.3160 0.1629
0.1000 0.2000 -7.2392 0.2134
0.2000 0.3000 -5.7622 0.2089
0.3000 0.4000 -4.7925 0.2002
0.4000 0.5000 -3.3920 0.2323
0.5000 0.6000 -2.0654 0.2371
0.6000 0.7000 -0.3219 0.2401
0.7000 0.8000 1.4172 0.5198
0.8000 0.9000 2.2825 0.2459
0.9000 1.0000 7.4805 0.5961
#PMF from MBAR in kcal/mol
0.0000 0.0000 0.0000
0.1000 -11.3160 0.1629
0.2000 -18.5553 0.3156
0.3000 -24.3175 0.4152
0.4000 -29.1100 0.4930
0.5000 -32.5020 0.5687
0.6000 -34.5674 0.6398
0.7000 -34.8893 0.7041
0.8000 -33.4721 0.8946
0.9000 -31.1896 0.9464
1.0000 -23.7091 1.1323
#TI average gradients and standard deviation in kcal/mol
0.0000 -154.3061 13.1846
0.1000 -88.1174 10.9055
0.2000 -67.6209 11.9398
0.3000 -55.1154 10.8164
0.4000 -42.4984 11.5251
0.5000 -27.3671 12.1664
0.6000 -13.2891 13.0502
0.7000 5.3104 15.7088
0.8000 9.9188 13.1536
0.9000 41.4198 15.4350
1.0000 94.6331 23.3201
#PMF from TI in kcal/mol
0.0000 0.0000
0.1000 -12.1212
0.2000 -19.9081
0.3000 -26.0449
0.4000 -30.9256
0.5000 -34.4189
0.6000 -36.4517
0.7000 -36.8506
0.8000 -36.0892
0.9000 -33.5222
1.0000 -26.7196
#MBAR free energy difference in kcal/mol: 
-23.709073, 1.132346  #WARNING SUBSAMPLING ENERGIES RESULTED IN LESS THAN 50 SAMPLES, CONSIDER RERUN WITHOUT SUBSAMPLE OPTION
#TI free energy difference in kcal/mol: 
-26.719573  
Starting /export/users/common/BioSimSpace/sire.app/bin/analyse_freenrg: number of threads equals 32
