# Analysing data contained in file(s) ['lambda_0.0000/simfile.dat', 'lambda_0.1000/simfile.dat', 'lambda_0.2000/simfile.dat', 'lambda_0.3000/simfile.dat', 'lambda_0.4000/simfile.dat', 'lambda_0.5000/simfile.dat', 'lambda_0.6000/simfile.dat', 'lambda_0.7000/simfile.dat', 'lambda_0.8000/simfile.dat', 'lambda_0.9000/simfile.dat', 'lambda_1.0000/simfile.dat']
#Overlap matrix
0.7193 0.2484 0.0306 0.0016 0.0000 0.0000 0.0000 0.0000 0.0000 0.0000 0.0000
0.2484 0.4636 0.2423 0.0430 0.0026 0.0001 0.0000 0.0000 0.0000 0.0000 0.0000
0.0306 0.2423 0.4441 0.2371 0.0421 0.0037 0.0001 0.0000 0.0000 0.0000 0.0000
0.0016 0.0430 0.2371 0.4236 0.2393 0.0507 0.0045 0.0002 0.0000 0.0000 0.0000
0.0000 0.0026 0.0421 0.2393 0.4276 0.2339 0.0490 0.0052 0.0002 0.0000 0.0000
0.0000 0.0001 0.0037 0.0507 0.2339 0.4185 0.2375 0.0511 0.0044 0.0002 0.0000
0.0000 0.0000 0.0001 0.0045 0.0490 0.2375 0.4345 0.2319 0.0393 0.0031 0.0001
0.0000 0.0000 0.0000 0.0002 0.0052 0.0511 0.2319 0.4547 0.2213 0.0340 0.0016
0.0000 0.0000 0.0000 0.0000 0.0002 0.0044 0.0393 0.2213 0.4945 0.2220 0.0182
0.0000 0.0000 0.0000 0.0000 0.0000 0.0002 0.0031 0.0340 0.2220 0.5694 0.1714
0.0000 0.0000 0.0000 0.0000 0.0000 0.0000 0.0001 0.0016 0.0182 0.1714 0.8087
#DG from neighbouring lambda in kcal/mol
0.0000 0.1000 8.6183 0.0448
0.1000 0.2000 6.7073 0.0392
0.2000 0.3000 5.0219 0.0381
0.3000 0.4000 3.3423 0.0365
0.4000 0.5000 1.7939 0.0363
0.5000 0.6000 0.2329 0.0357
0.6000 0.7000 -1.2411 0.0379
0.7000 0.8000 -2.6792 0.0422
0.8000 0.9000 -3.6214 0.0458
0.9000 1.0000 -2.9519 0.0639
#PMF from MBAR in kcal/mol
0.0000 0.0000 0.0000
0.1000 8.6183 0.0448
0.2000 15.3256 0.0716
0.3000 20.3474 0.0895
0.4000 23.6897 0.1040
0.5000 25.4836 0.1158
0.6000 25.7165 0.1265
0.7000 24.4754 0.1367
0.8000 21.7962 0.1478
0.9000 18.1749 0.1592
1.0000 15.2230 0.1761
#TI average gradients and standard deviation in kcal/mol
0.0000 91.0951 10.8871
0.1000 75.8207 9.4813
0.2000 59.0996 9.2575
0.3000 41.4162 8.9607
0.4000 25.1396 9.3854
0.5000 9.7722 8.8958
0.6000 -5.0838 8.9411
0.7000 -19.7756 9.8702
0.8000 -32.2280 11.0798
0.9000 -37.4361 11.5843
1.0000 -15.8810 15.9696
#PMF from TI in kcal/mol
0.0000 0.0000
0.1000 8.3458
0.2000 15.0918
0.3000 20.1176
0.4000 23.4454
0.5000 25.1910
0.6000 25.4254
0.7000 24.1824
0.8000 21.5822
0.9000 18.0990
1.0000 15.4332
#MBAR free energy difference in kcal/mol: 
15.223012, 0.176134 
#TI free energy difference in kcal/mol: 
15.433184  
Starting /export/users/common/BioSimSpace/sire.app/bin/analyse_freenrg: number of threads equals 32
