# Analysing data contained in file(s) ['lambda_0.0000/simfile.dat', 'lambda_0.1000/simfile.dat', 'lambda_0.2000/simfile.dat', 'lambda_0.3000/simfile.dat', 'lambda_0.4000/simfile.dat', 'lambda_0.5000/simfile.dat', 'lambda_0.6000/simfile.dat', 'lambda_0.7000/simfile.dat', 'lambda_0.8000/simfile.dat', 'lambda_0.9000/simfile.dat', 'lambda_1.0000/simfile.dat']
#Overlap matrix
0.8178 0.1727 0.0093 0.0001 0.0000 0.0000 0.0000 0.0000 0.0000 0.0000 0.0000
0.1727 0.5824 0.2262 0.0183 0.0003 0.0000 0.0000 0.0000 0.0000 0.0000 0.0000
0.0093 0.2262 0.5160 0.2267 0.0214 0.0004 0.0000 0.0000 0.0000 0.0000 0.0000
0.0001 0.0183 0.2267 0.5031 0.2290 0.0224 0.0004 0.0000 0.0000 0.0000 0.0000
0.0000 0.0003 0.0214 0.2290 0.5019 0.2284 0.0187 0.0003 0.0000 0.0000 0.0000
0.0000 0.0000 0.0004 0.0224 0.2284 0.5102 0.2205 0.0178 0.0002 0.0000 0.0000
0.0000 0.0000 0.0000 0.0004 0.0187 0.2205 0.5197 0.2242 0.0163 0.0002 0.0000
0.0000 0.0000 0.0000 0.0000 0.0003 0.0178 0.2242 0.5261 0.2182 0.0134 0.0001
0.0000 0.0000 0.0000 0.0000 0.0000 0.0002 0.0163 0.2182 0.5471 0.2117 0.0063
0.0000 0.0000 0.0000 0.0000 0.0000 0.0000 0.0002 0.0134 0.2117 0.6026 0.1722
0.0000 0.0000 0.0000 0.0000 0.0000 0.0000 0.0000 0.0001 0.0063 0.1722 0.8215
#DG from neighbouring lambda in kcal/mol
0.0000 0.1000 1.9342 0.0279
0.1000 0.2000 5.3508 0.0209
0.2000 0.3000 6.7038 0.0199
0.3000 0.4000 7.3990 0.0195
0.4000 0.5000 7.9231 0.0197
0.5000 0.6000 8.3074 0.0207
0.6000 0.7000 8.6738 0.0206
0.7000 0.8000 9.0109 0.0214
0.8000 0.9000 9.2340 0.0228
0.9000 1.0000 8.9791 0.0283
#PMF from MBAR in kcal/mol
0.0000 0.0000 0.0000
0.1000 1.9342 0.0279
0.2000 7.2850 0.0396
0.3000 13.9889 0.0479
0.4000 21.3879 0.0547
0.5000 29.3109 0.0607
0.6000 37.6183 0.0667
0.7000 46.2921 0.0721
0.8000 55.3031 0.0774
0.9000 64.5370 0.0828
1.0000 73.5161 0.0896
#TI average gradients and standard deviation in kcal/mol
0.0000 -12.2942 15.6695
0.1000 41.7050 12.1516
0.2000 62.1334 10.7283
0.3000 71.2519 10.7933
0.4000 76.3790 10.6175
0.5000 81.0080 10.9601
0.6000 84.8106 10.6733
0.7000 89.1847 11.0162
0.8000 91.0768 11.5057
0.9000 92.2127 12.8645
1.0000 86.1543 15.5829
#PMF from TI in kcal/mol
0.0000 0.0000
0.1000 1.4705
0.2000 6.6625
0.3000 13.3317
0.4000 20.7133
0.5000 28.5826
0.6000 36.8736
0.7000 45.5733
0.8000 54.5864
0.9000 63.7509
1.0000 72.6692
#MBAR free energy difference in kcal/mol: 
73.516126, 0.089634 
#TI free energy difference in kcal/mol: 
72.669218  
Starting /export/users/common/BioSimSpace/sire.app/bin/analyse_freenrg: number of threads equals 32
