# Analysing data contained in file(s) ['lambda_0.0000/simfile.dat', 'lambda_0.1000/simfile.dat', 'lambda_0.2000/simfile.dat', 'lambda_0.3000/simfile.dat', 'lambda_0.4000/simfile.dat', 'lambda_0.5000/simfile.dat', 'lambda_0.6000/simfile.dat', 'lambda_0.7000/simfile.dat', 'lambda_0.8000/simfile.dat', 'lambda_0.9000/simfile.dat', 'lambda_1.0000/simfile.dat']
#Overlap matrix
0.9838 0.0162 0.0000 0.0000 0.0000 0.0000 0.0000 0.0000 0.0000 0.0000 0.0000
0.0162 0.9656 0.0183 0.0000 0.0000 0.0000 0.0000 0.0000 0.0000 0.0000 0.0000
0.0000 0.0183 0.9620 0.0198 0.0000 0.0000 0.0000 0.0000 0.0000 0.0000 0.0000
0.0000 0.0000 0.0198 0.9560 0.0242 0.0000 0.0000 0.0000 0.0000 0.0000 0.0000
0.0000 0.0000 0.0000 0.0242 0.9507 0.0250 0.0000 0.0000 0.0000 0.0000 0.0000
0.0000 0.0000 0.0000 0.0000 0.0250 0.9468 0.0282 0.0000 0.0000 0.0000 0.0000
0.0000 0.0000 0.0000 0.0000 0.0000 0.0282 0.9423 0.0295 0.0000 0.0000 0.0000
0.0000 0.0000 0.0000 0.0000 0.0000 0.0000 0.0295 0.9345 0.0360 0.0000 0.0000
0.0000 0.0000 0.0000 0.0000 0.0000 0.0000 0.0000 0.0360 0.9262 0.0378 0.0000
0.0000 0.0000 0.0000 0.0000 0.0000 0.0000 0.0000 0.0000 0.0378 0.9191 0.0431
0.0000 0.0000 0.0000 0.0000 0.0000 0.0000 0.0000 0.0000 0.0000 0.0431 0.9569
#DG from neighbouring lambda in kcal/mol
0.0000 0.1000 38.1334 0.1029
0.1000 0.2000 33.4103 0.0966
0.2000 0.3000 28.8999 0.0927
0.3000 0.4000 24.6584 0.0833
0.4000 0.5000 20.4017 0.0820
0.5000 0.6000 16.3324 0.0769
0.6000 0.7000 12.2190 0.0751
0.7000 0.8000 8.1561 0.0675
0.8000 0.9000 4.2315 0.0658
0.9000 1.0000 0.2982 0.0612
#PMF from MBAR in kcal/mol
0.0000 0.0000 0.0000
0.1000 38.1334 0.1029
0.2000 71.5437 0.1424
0.3000 100.4436 0.1709
0.4000 125.1021 0.1911
0.5000 145.5038 0.2088
0.6000 161.8362 0.2233
0.7000 174.0552 0.2363
0.8000 182.2114 0.2465
0.9000 186.4429 0.2558
1.0000 186.7411 0.2637
#TI average gradients and standard deviation in kcal/mol
0.0000 403.3392 26.5943
0.1000 356.6597 27.0431
0.2000 312.1867 26.1256
0.3000 267.6509 25.4535
0.4000 225.6973 25.5043
0.5000 184.1450 23.8535
0.6000 142.6369 23.8771
0.7000 101.1581 24.6103
0.8000 62.3304 23.4754
0.9000 22.7433 22.8555
1.0000 -16.9030 22.3896
#PMF from TI in kcal/mol
0.0000 0.0000
0.1000 37.9999
0.2000 71.4423
0.3000 100.4341
0.4000 125.1015
0.5000 145.5937
0.6000 161.9327
0.7000 174.1225
0.8000 182.2969
0.9000 186.5506
1.0000 186.8426
#MBAR free energy difference in kcal/mol: 
186.741085, 0.263728 
#TI free energy difference in kcal/mol: 
186.842632  
Starting /export/users/common/BioSimSpace/sire.app/bin/analyse_freenrg: number of threads equals 32
