# Analysing data contained in file(s) ['lambda_0.0000/simfile.dat', 'lambda_0.1000/simfile.dat', 'lambda_0.2000/simfile.dat', 'lambda_0.3000/simfile.dat', 'lambda_0.4000/simfile.dat', 'lambda_0.5000/simfile.dat', 'lambda_0.6000/simfile.dat', 'lambda_0.7000/simfile.dat', 'lambda_0.8000/simfile.dat', 'lambda_0.9000/simfile.dat', 'lambda_1.0000/simfile.dat']
#Overlap matrix
0.6831 0.2669 0.0467 0.0032 0.0001 0.0000 0.0000 0.0000 0.0000 0.0000 0.0000
0.2669 0.4390 0.2454 0.0460 0.0026 0.0000 0.0000 0.0000 0.0000 0.0000 0.0000
0.0467 0.2454 0.4272 0.2388 0.0399 0.0019 0.0000 0.0000 0.0000 0.0000 0.0000
0.0032 0.0460 0.2388 0.4350 0.2401 0.0357 0.0011 0.0000 0.0000 0.0000 0.0000
0.0001 0.0026 0.0399 0.2401 0.4536 0.2366 0.0265 0.0006 0.0000 0.0000 0.0000
0.0000 0.0000 0.0019 0.0357 0.2366 0.4761 0.2266 0.0226 0.0004 0.0000 0.0000
0.0000 0.0000 0.0000 0.0011 0.0265 0.2266 0.4975 0.2297 0.0183 0.0002 0.0000
0.0000 0.0000 0.0000 0.0000 0.0006 0.0226 0.2297 0.5155 0.2167 0.0146 0.0002
0.0000 0.0000 0.0000 0.0000 0.0000 0.0004 0.0183 0.2167 0.5341 0.2147 0.0157
0.0000 0.0000 0.0000 0.0000 0.0000 0.0000 0.0002 0.0146 0.2147 0.5394 0.2310
0.0000 0.0000 0.0000 0.0000 0.0000 0.0000 0.0000 0.0002 0.0157 0.2310 0.7531
#DG from neighbouring lambda in kcal/mol
0.0000 0.1000 -0.2433 0.0157
0.1000 0.2000 -0.9992 0.0145
0.2000 0.3000 -1.6183 0.0151
0.3000 0.4000 -2.1980 0.0156
0.4000 0.5000 -2.7229 0.0167
0.5000 0.6000 -3.3190 0.0182
0.6000 0.7000 -3.9101 0.0186
0.7000 0.8000 -4.4622 0.0201
0.8000 0.9000 -4.6205 0.0205
0.9000 1.0000 -1.8637 0.0203
#PMF from MBAR in kcal/mol
0.0000 0.0000 0.0000
0.1000 -0.2433 0.0157
0.2000 -1.2425 0.0258
0.3000 -2.8609 0.0334
0.4000 -5.0588 0.0400
0.5000 -7.7817 0.0461
0.6000 -11.1007 0.0523
0.7000 -15.0109 0.0579
0.8000 -19.4731 0.0637
0.9000 -24.0936 0.0692
1.0000 -25.9572 0.0741
#TI average gradients and standard deviation in kcal/mol
0.0000 2.1749 10.3460
0.1000 -6.8805 8.5869
0.2000 -13.4322 8.5937
0.3000 -19.1495 9.0634
0.4000 -24.5459 9.3201
0.5000 -30.3398 10.1156
0.6000 -35.8566 10.2536
0.7000 -42.1073 10.4699
0.8000 -47.0453 11.1991
0.9000 -41.7578 11.3746
1.0000 24.6470 10.8807
#PMF from TI in kcal/mol
0.0000 0.0000
0.1000 -0.2353
0.2000 -1.2509
0.3000 -2.8800
0.4000 -5.0648
0.5000 -7.8091
0.6000 -11.1189
0.7000 -15.0171
0.8000 -19.4747
0.9000 -23.9149
1.0000 -24.7704
#MBAR free energy difference in kcal/mol: 
-25.957240, 0.074131 
#TI free energy difference in kcal/mol: 
-24.770397  
Starting /export/users/common/BioSimSpace/sire.app/bin/analyse_freenrg: number of threads equals 32
