# Analysing data contained in file(s) ['lambda_0.0000/simfile.dat', 'lambda_0.1000/simfile.dat', 'lambda_0.2000/simfile.dat', 'lambda_0.3000/simfile.dat', 'lambda_0.4000/simfile.dat', 'lambda_0.5000/simfile.dat', 'lambda_0.6000/simfile.dat', 'lambda_0.7000/simfile.dat', 'lambda_0.8000/simfile.dat', 'lambda_0.9000/simfile.dat', 'lambda_1.0000/simfile.dat']
#Overlap matrix
0.8472 0.1508 0.0019 0.0000 0.0000 0.0000 0.0000 0.0000 0.0000 0.0000 0.0000
0.1508 0.6810 0.1650 0.0032 0.0000 0.0000 0.0000 0.0000 0.0000 0.0000 0.0000
0.0019 0.1650 0.6504 0.1793 0.0034 0.0000 0.0000 0.0000 0.0000 0.0000 0.0000
0.0000 0.0032 0.1793 0.6414 0.1735 0.0027 0.0000 0.0000 0.0000 0.0000 0.0000
0.0000 0.0000 0.0034 0.1735 0.6575 0.1637 0.0020 0.0000 0.0000 0.0000 0.0000
0.0000 0.0000 0.0000 0.0027 0.1637 0.6767 0.1563 0.0005 0.0000 0.0000 0.0000
0.0000 0.0000 0.0000 0.0000 0.0020 0.1563 0.7300 0.1117 0.0000 0.0000 0.0000
0.0000 0.0000 0.0000 0.0000 0.0000 0.0005 0.1117 0.8521 0.0357 0.0000 0.0000
0.0000 0.0000 0.0000 0.0000 0.0000 0.0000 0.0000 0.0357 0.9581 0.0062 0.0000
0.0000 0.0000 0.0000 0.0000 0.0000 0.0000 0.0000 0.0000 0.0062 0.9922 0.0016
0.0000 0.0000 0.0000 0.0000 0.0000 0.0000 0.0000 0.0000 0.0000 0.0016 0.9984
#DG from neighbouring lambda in kcal/mol
0.0000 0.1000 -9.7601 0.0283
0.1000 0.2000 -5.3218 0.0261
0.2000 0.3000 -0.9372 0.0244
0.3000 0.4000 3.2022 0.0250
0.4000 0.5000 6.9709 0.0263
0.5000 0.6000 10.3922 0.0275
0.6000 0.7000 12.9260 0.0348
0.7000 0.8000 13.1951 0.0676
0.8000 0.9000 8.2979 0.1671
0.9000 1.0000 -0.5358 0.3302
#PMF from MBAR in kcal/mol
0.0000 0.0000 0.0000
0.1000 -9.7601 0.0283
0.2000 -15.0818 0.0425
0.3000 -16.0190 0.0521
0.4000 -12.8168 0.0605
0.5000 -5.8459 0.0683
0.6000 4.5463 0.0758
0.7000 17.4723 0.0855
0.8000 30.6674 0.1106
0.9000 38.9654 0.2013
1.0000 38.4296 0.3872
#TI average gradients and standard deviation in kcal/mol
0.0000 -121.7299 16.0098
0.1000 -75.2626 14.6831
0.2000 -31.0862 13.8919
0.3000 11.8725 13.9425
0.4000 51.3786 14.2495
0.5000 87.4110 14.6403
0.6000 118.4571 16.2640
0.7000 136.6892 19.3332
0.8000 116.9161 27.8722
0.9000 40.6913 33.3651
1.0000 -54.4787 40.6374
#PMF from TI in kcal/mol
0.0000 0.0000
0.1000 -9.8496
0.2000 -15.1671
0.3000 -16.1277
0.4000 -12.9652
0.5000 -6.0257
0.6000 4.2677
0.7000 17.0250
0.8000 29.7053
0.9000 37.5856
1.0000 36.8963
#MBAR free energy difference in kcal/mol: 
38.429615, 0.387160 
#TI free energy difference in kcal/mol: 
36.896275  
Starting /export/users/common/BioSimSpace/sire.app/bin/analyse_freenrg: number of threads equals 32
