# Analysing data contained in file(s) ['lambda_0.0000/simfile.dat', 'lambda_0.1000/simfile.dat', 'lambda_0.2000/simfile.dat', 'lambda_0.3000/simfile.dat', 'lambda_0.4000/simfile.dat', 'lambda_0.5000/simfile.dat', 'lambda_0.6000/simfile.dat', 'lambda_0.7000/simfile.dat', 'lambda_0.8000/simfile.dat', 'lambda_0.9000/simfile.dat', 'lambda_1.0000/simfile.dat']
#Overlap matrix
0.7969 0.1935 0.0095 0.0001 0.0000 0.0000 0.0000 0.0000 0.0000 0.0000 0.0000
0.1935 0.5789 0.2156 0.0120 0.0001 0.0000 0.0000 0.0000 0.0000 0.0000 0.0000
0.0095 0.2156 0.5593 0.2047 0.0108 0.0001 0.0000 0.0000 0.0000 0.0000 0.0000
0.0001 0.0120 0.2047 0.5612 0.2106 0.0114 0.0001 0.0000 0.0000 0.0000 0.0000
0.0000 0.0001 0.0108 0.2106 0.5579 0.2117 0.0089 0.0000 0.0000 0.0000 0.0000
0.0000 0.0000 0.0001 0.0114 0.2117 0.5706 0.1984 0.0078 0.0000 0.0000 0.0000
0.0000 0.0000 0.0000 0.0001 0.0089 0.1984 0.5875 0.1984 0.0066 0.0000 0.0000
0.0000 0.0000 0.0000 0.0000 0.0000 0.0078 0.1984 0.5917 0.1963 0.0057 0.0000
0.0000 0.0000 0.0000 0.0000 0.0000 0.0000 0.0066 0.1963 0.6092 0.1831 0.0047
0.0000 0.0000 0.0000 0.0000 0.0000 0.0000 0.0000 0.0057 0.1831 0.6143 0.1969
0.0000 0.0000 0.0000 0.0000 0.0000 0.0000 0.0000 0.0000 0.0047 0.1969 0.7984
#DG from neighbouring lambda in kcal/mol
0.0000 0.1000 -2.5469 0.0350
0.1000 0.2000 -2.0780 0.0306
0.2000 0.3000 -1.9170 0.0318
0.3000 0.4000 -1.9633 0.0311
0.4000 0.5000 -1.9537 0.0312
0.5000 0.6000 -2.0196 0.0333
0.6000 0.7000 -2.0828 0.0336
0.7000 0.8000 -2.1327 0.0342
0.8000 0.9000 -2.1714 0.0364
0.9000 1.0000 -2.2178 0.0352
#PMF from MBAR in kcal/mol
0.0000 0.0000 0.0000
0.1000 -2.5469 0.0350
0.2000 -4.6249 0.0532
0.3000 -6.5419 0.0670
0.4000 -8.5051 0.0783
0.5000 -10.4588 0.0881
0.6000 -12.4784 0.0978
0.7000 -14.5612 0.1068
0.8000 -16.6939 0.1152
0.9000 -18.8654 0.1238
1.0000 -21.0832 0.1316
#TI average gradients and standard deviation in kcal/mol
0.0000 -28.3504 13.4101
0.1000 -22.3247 12.1000
0.2000 -19.6219 11.6254
0.3000 -19.1724 11.9735
0.4000 -19.7341 12.1773
0.5000 -20.0533 12.1030
0.6000 -20.6180 12.5665
0.7000 -21.0040 12.5904
0.8000 -21.6637 13.2072
0.9000 -22.4423 13.1804
1.0000 -21.2654 13.6790
#PMF from TI in kcal/mol
0.0000 0.0000
0.1000 -2.5338
0.2000 -4.6311
0.3000 -6.5708
0.4000 -8.5161
0.5000 -10.5055
0.6000 -12.5391
0.7000 -14.6202
0.8000 -16.7535
0.9000 -18.9588
1.0000 -21.1442
#MBAR free energy difference in kcal/mol: 
-21.083187, 0.131560 
#TI free energy difference in kcal/mol: 
-21.144220  
Starting /export/users/common/BioSimSpace/sire.app/bin/analyse_freenrg: number of threads equals 32
