# Analysing data contained in file(s) ['lambda_0.0000/simfile.dat', 'lambda_0.1000/simfile.dat', 'lambda_0.2000/simfile.dat', 'lambda_0.3000/simfile.dat', 'lambda_0.4000/simfile.dat', 'lambda_0.5000/simfile.dat', 'lambda_0.6000/simfile.dat', 'lambda_0.7000/simfile.dat', 'lambda_0.8000/simfile.dat', 'lambda_0.9000/simfile.dat', 'lambda_1.0000/simfile.dat']
#Overlap matrix
0.7211 0.2231 0.0457 0.0087 0.0013 0.0001 0.0000 0.0000 0.0000 0.0000 0.0000
0.2231 0.4182 0.2427 0.0894 0.0226 0.0037 0.0004 0.0000 0.0000 0.0000 0.0000
0.0457 0.2427 0.3386 0.2379 0.1024 0.0277 0.0046 0.0004 0.0000 0.0000 0.0000
0.0087 0.0894 0.2379 0.3019 0.2255 0.1036 0.0284 0.0043 0.0004 0.0000 0.0000
0.0013 0.0226 0.1024 0.2255 0.2905 0.2254 0.1026 0.0259 0.0036 0.0003 0.0000
0.0001 0.0037 0.0277 0.1036 0.2254 0.2926 0.2240 0.0965 0.0231 0.0031 0.0002
0.0000 0.0004 0.0046 0.0284 0.1026 0.2240 0.2958 0.2241 0.0947 0.0223 0.0031
0.0000 0.0000 0.0004 0.0043 0.0259 0.0965 0.2241 0.3026 0.2273 0.0952 0.0237
0.0000 0.0000 0.0000 0.0004 0.0036 0.0231 0.0947 0.2273 0.3063 0.2351 0.1096
0.0000 0.0000 0.0000 0.0000 0.0003 0.0031 0.0223 0.0952 0.2351 0.3398 0.3042
0.0000 0.0000 0.0000 0.0000 0.0000 0.0002 0.0031 0.0237 0.1096 0.3042 0.5592
#DG from neighbouring lambda in kcal/mol
0.0000 0.1000 0.8183 0.0288
0.1000 0.2000 1.8899 0.0184
0.2000 0.3000 2.2580 0.0143
0.3000 0.4000 2.3197 0.0135
0.4000 0.5000 2.2837 0.0133
0.5000 0.6000 2.2247 0.0138
0.6000 0.7000 2.1410 0.0145
0.7000 0.8000 2.0585 0.0146
0.8000 0.9000 1.9971 0.0147
0.9000 1.0000 1.9814 0.0155
#PMF from MBAR in kcal/mol
0.0000 0.0000 0.0000
0.1000 0.8183 0.0288
0.2000 2.7082 0.0406
0.3000 4.9662 0.0471
0.4000 7.2859 0.0522
0.5000 9.5696 0.0568
0.6000 11.7943 0.0612
0.7000 13.9352 0.0657
0.8000 15.9937 0.0699
0.9000 17.9908 0.0739
1.0000 19.9722 0.0779
#TI average gradients and standard deviation in kcal/mol
0.0000 -2.4530 12.1564
0.1000 14.9921 9.1803
0.2000 21.4269 6.6423
0.3000 23.2022 6.6041
0.4000 23.0339 6.1032
0.5000 22.9674 6.3883
0.6000 21.6622 6.6348
0.7000 21.1609 6.1613
0.8000 19.8144 6.7985
0.9000 20.1384 6.5042
1.0000 21.1848 6.5033
#PMF from TI in kcal/mol
0.0000 0.0000
0.1000 0.6270
0.2000 2.4479
0.3000 4.6794
0.4000 6.9912
0.5000 9.2912
0.6000 11.5227
0.7000 13.6639
0.8000 15.7126
0.9000 17.7103
1.0000 19.7764
#MBAR free energy difference in kcal/mol: 
19.972231, 0.077872 
#TI free energy difference in kcal/mol: 
19.776431  
Starting /export/users/common/BioSimSpace/sire.app/bin/analyse_freenrg: number of threads equals 32
