# Analysing data contained in file(s) ['lambda_0.0000/simfile.dat', 'lambda_0.1000/simfile.dat', 'lambda_0.2000/simfile.dat', 'lambda_0.3000/simfile.dat', 'lambda_0.4000/simfile.dat', 'lambda_0.5000/simfile.dat', 'lambda_0.6000/simfile.dat', 'lambda_0.7000/simfile.dat', 'lambda_0.8000/simfile.dat', 'lambda_0.9000/simfile.dat', 'lambda_1.0000/simfile.dat']
#Overlap matrix
0.9142 0.0858 0.0000 0.0000 0.0000 0.0000 0.0000 0.0000 0.0000 0.0000 0.0000
0.0858 0.8211 0.0931 0.0001 0.0000 0.0000 0.0000 0.0000 0.0000 0.0000 0.0000
0.0000 0.0931 0.8021 0.1047 0.0000 0.0000 0.0000 0.0000 0.0000 0.0000 0.0000
0.0000 0.0001 0.1047 0.8162 0.0789 0.0000 0.0000 0.0000 0.0000 0.0000 0.0000
0.0000 0.0000 0.0000 0.0789 0.8661 0.0550 0.0000 0.0000 0.0000 0.0000 0.0000
0.0000 0.0000 0.0000 0.0000 0.0550 0.9450 0.0000 0.0000 0.0000 0.0000 0.0000
0.0000 0.0000 0.0000 0.0000 0.0000 0.0000 0.9342 0.0657 0.0000 0.0000 0.0000
0.0000 0.0000 0.0000 0.0000 0.0000 0.0000 0.0657 0.8811 0.0532 0.0000 0.0000
0.0000 0.0000 0.0000 0.0000 0.0000 0.0000 0.0000 0.0532 0.8419 0.1049 0.0000
0.0000 0.0000 0.0000 0.0000 0.0000 0.0000 0.0000 0.0000 0.1049 0.8829 0.0121
0.0000 0.0000 0.0000 0.0000 0.0000 0.0000 0.0000 0.0000 0.0000 0.0121 0.9879
#DG from neighbouring lambda in kcal/mol
0.0000 0.1000 -0.8643 0.2825
0.1000 0.2000 -0.8709 0.2687
0.2000 0.3000 -2.0802 0.2496
0.3000 0.4000 -4.7192 0.2969
0.4000 0.5000 -7.3409 0.3658
0.5000 0.6000 -28.5688 0.5880
0.6000 0.7000 -15.0687 0.3304
0.7000 0.8000 -3.6617 0.3725
0.8000 0.9000 -1.9581 0.2494
0.9000 1.0000 -10.3493 0.8157
#PMF from MBAR in kcal/mol
0.0000 0.0000 0.0000
0.1000 -0.8643 0.2825
0.2000 -1.7352 0.4105
0.3000 -3.8154 0.4972
0.4000 -8.5347 0.5931
0.5000 -15.8756 0.7086
0.6000 -44.4445 0.5517
0.7000 -59.5132 0.4786
0.8000 -63.1749 0.4450
0.9000 -65.1330 0.4623
1.0000 -75.4822 0.7892
#TI average gradients and standard deviation in kcal/mol
0.0000 1812774.3837 17537438.2931
0.1000 -1.3820 23.7780
0.2000 -11.9013 17.9395
0.3000 -29.0926 18.5794
0.4000 -60.0294 23.2485
0.5000 -88.7178 33.3236
0.6000 -264.8569 26.0790
0.7000 -61.0374 20.3688
0.8000 -17.0494 19.8982
0.9000 -25.5445 27.4228
1.0000 -43793.6809 421358.0168
#PMF from TI in kcal/mol
0.0000 0.0000
0.1000 90638.6501
0.2000 90637.9859
0.3000 90635.9362
0.4000 90631.4801
0.5000 90624.0428
0.6000 90606.3640
0.7000 90590.0693
0.8000 90586.1650
0.9000 90584.0353
1.0000 88393.0740
#MBAR free energy difference in kcal/mol: 
-75.482237, 0.789210  #WARNING SUBSAMPLING ENERGIES RESULTED IN LESS THAN 50 SAMPLES, CONSIDER RERUN WITHOUT SUBSAMPLE OPTION
#TI free energy difference in kcal/mol: 
88393.074019  
Starting /export/users/common/BioSimSpace/sire.app/bin/analyse_freenrg: number of threads equals 32
