# Analysing data contained in file(s) ['lambda_0.0000/simfile.dat', 'lambda_0.1000/simfile.dat', 'lambda_0.2000/simfile.dat', 'lambda_0.3000/simfile.dat', 'lambda_0.4000/simfile.dat', 'lambda_0.5000/simfile.dat', 'lambda_0.6000/simfile.dat', 'lambda_0.7000/simfile.dat', 'lambda_0.8000/simfile.dat', 'lambda_0.9000/simfile.dat', 'lambda_1.0000/simfile.dat']
#Overlap matrix
0.9855 0.0145 0.0000 0.0000 0.0000 0.0000 0.0000 0.0000 0.0000 0.0000 0.0000
0.0145 0.9645 0.0210 0.0000 0.0000 0.0000 0.0000 0.0000 0.0000 0.0000 0.0000
0.0000 0.0210 0.9566 0.0224 0.0000 0.0000 0.0000 0.0000 0.0000 0.0000 0.0000
0.0000 0.0000 0.0224 0.9447 0.0329 0.0000 0.0000 0.0000 0.0000 0.0000 0.0000
0.0000 0.0000 0.0000 0.0329 0.9373 0.0299 0.0000 0.0000 0.0000 0.0000 0.0000
0.0000 0.0000 0.0000 0.0000 0.0299 0.9360 0.0342 0.0000 0.0000 0.0000 0.0000
0.0000 0.0000 0.0000 0.0000 0.0000 0.0342 0.9191 0.0468 0.0000 0.0000 0.0000
0.0000 0.0000 0.0000 0.0000 0.0000 0.0000 0.0468 0.8880 0.0652 0.0000 0.0000
0.0000 0.0000 0.0000 0.0000 0.0000 0.0000 0.0000 0.0652 0.8771 0.0576 0.0000
0.0000 0.0000 0.0000 0.0000 0.0000 0.0000 0.0000 0.0000 0.0576 0.8564 0.0860
0.0000 0.0000 0.0000 0.0000 0.0000 0.0000 0.0000 0.0000 0.0000 0.0860 0.9140
#DG from neighbouring lambda in kcal/mol
0.0000 0.1000 2.4697 0.2243
0.1000 0.2000 4.6063 0.1854
0.2000 0.3000 4.4095 0.1792
0.3000 0.4000 3.9691 0.1463
0.4000 0.5000 2.8043 0.1539
0.5000 0.6000 2.1743 0.1433
0.6000 0.7000 1.7280 0.1208
0.7000 0.8000 1.2310 0.1001
0.8000 0.9000 1.1918 0.1075
0.9000 1.0000 0.0472 0.0851
#PMF from MBAR in kcal/mol
0.0000 0.0000 0.0000
0.1000 2.4697 0.2243
0.2000 7.0760 0.2936
0.3000 11.4855 0.3461
0.4000 15.4546 0.3778
0.5000 18.2589 0.4098
0.6000 20.4333 0.4359
0.7000 22.1612 0.4539
0.8000 23.3922 0.4665
0.9000 24.5841 0.4803
1.0000 24.6313 0.4893
#TI average gradients and standard deviation in kcal/mol
0.0000 -9.1821 29.7575
0.1000 41.8648 26.6032
0.2000 48.8754 25.6407
0.3000 41.1348 23.9235
0.4000 35.4911 23.4706
0.5000 25.3603 22.8635
0.6000 19.2971 22.1182
0.7000 13.2496 23.2014
0.8000 12.9854 18.0920
0.9000 5.0740 18.3373
1.0000 -1.1403 18.7397
#PMF from TI in kcal/mol
0.0000 0.0000
0.1000 1.6341
0.2000 6.1711
0.3000 10.6717
0.4000 14.5030
0.5000 17.5455
0.6000 19.7784
0.7000 21.4057
0.8000 22.7175
0.9000 23.6204
1.0000 23.8171
#MBAR free energy difference in kcal/mol: 
24.631291, 0.489288 
#TI free energy difference in kcal/mol: 
23.817123  
Starting /export/users/common/BioSimSpace/sire.app/bin/analyse_freenrg: number of threads equals 32
