# Analysing data contained in file(s) ['lambda_0.0000/simfile.dat', 'lambda_0.1000/simfile.dat', 'lambda_0.2000/simfile.dat', 'lambda_0.3000/simfile.dat', 'lambda_0.4000/simfile.dat', 'lambda_0.5000/simfile.dat', 'lambda_0.6000/simfile.dat', 'lambda_0.7000/simfile.dat', 'lambda_0.8000/simfile.dat', 'lambda_0.9000/simfile.dat', 'lambda_1.0000/simfile.dat']
#Overlap matrix
0.8596 0.1371 0.0033 0.0000 0.0000 0.0000 0.0000 0.0000 0.0000 0.0000 0.0000
0.1371 0.6383 0.2075 0.0167 0.0004 0.0000 0.0000 0.0000 0.0000 0.0000 0.0000
0.0033 0.2075 0.5315 0.2318 0.0251 0.0008 0.0000 0.0000 0.0000 0.0000 0.0000
0.0000 0.0167 0.2318 0.4867 0.2328 0.0307 0.0012 0.0000 0.0000 0.0000 0.0000
0.0000 0.0004 0.0251 0.2328 0.4673 0.2392 0.0337 0.0015 0.0000 0.0000 0.0000
0.0000 0.0000 0.0008 0.0307 0.2392 0.4521 0.2368 0.0383 0.0021 0.0000 0.0000
0.0000 0.0000 0.0000 0.0012 0.0337 0.2368 0.4421 0.2414 0.0428 0.0021 0.0000
0.0000 0.0000 0.0000 0.0000 0.0015 0.0383 0.2414 0.4334 0.2459 0.0384 0.0011
0.0000 0.0000 0.0000 0.0000 0.0000 0.0021 0.0428 0.2459 0.4492 0.2351 0.0249
0.0000 0.0000 0.0000 0.0000 0.0000 0.0000 0.0021 0.0384 0.2351 0.4943 0.2301
0.0000 0.0000 0.0000 0.0000 0.0000 0.0000 0.0000 0.0011 0.0249 0.2301 0.7439
#DG from neighbouring lambda in kcal/mol
0.0000 0.1000 4.0552 0.0298
0.1000 0.2000 2.2355 0.0204
0.2000 0.3000 1.2990 0.0171
0.3000 0.4000 0.6073 0.0161
0.4000 0.5000 0.0424 0.0152
0.5000 0.6000 -0.4456 0.0149
0.6000 0.7000 -0.8114 0.0142
0.7000 0.8000 -0.9530 0.0139
0.8000 0.9000 -0.6961 0.0156
0.9000 1.0000 0.5692 0.0183
#PMF from MBAR in kcal/mol
0.0000 0.0000 0.0000
0.1000 4.0552 0.0298
0.2000 6.2907 0.0401
0.3000 7.5897 0.0464
0.4000 8.1970 0.0515
0.5000 8.2394 0.0558
0.6000 7.7938 0.0596
0.7000 6.9824 0.0629
0.8000 6.0294 0.0660
0.9000 5.3333 0.0694
1.0000 5.9025 0.0734
#TI average gradients and standard deviation in kcal/mol
0.0000 52.9558 17.3751
0.1000 28.9121 13.5378
0.2000 16.8297 10.9537
0.3000 9.1372 10.5288
0.4000 3.1330 10.0498
0.5000 -2.3054 9.8689
0.6000 -6.2046 9.5679
0.7000 -9.4860 9.2958
0.8000 -9.2545 9.3843
0.9000 -3.6152 10.2849
1.0000 20.2527 12.3326
#PMF from TI in kcal/mol
0.0000 0.0000
0.1000 4.0934
0.2000 6.3805
0.3000 7.6788
0.4000 8.2923
0.5000 8.3337
0.6000 7.9082
0.7000 7.1237
0.8000 6.1867
0.9000 5.5432
1.0000 6.3751
#MBAR free energy difference in kcal/mol: 
5.902457, 0.073374 
#TI free energy difference in kcal/mol: 
6.375056  
Starting /export/users/common/BioSimSpace/sire.app/bin/analyse_freenrg: number of threads equals 32
