# Analysing data contained in file(s) ['lambda_0.0000/simfile.dat', 'lambda_0.1000/simfile.dat', 'lambda_0.2000/simfile.dat', 'lambda_0.3000/simfile.dat', 'lambda_0.4000/simfile.dat', 'lambda_0.5000/simfile.dat', 'lambda_0.6000/simfile.dat', 'lambda_0.7000/simfile.dat', 'lambda_0.8000/simfile.dat', 'lambda_0.9000/simfile.dat', 'lambda_1.0000/simfile.dat']
#Overlap matrix
0.8001 0.1846 0.0148 0.0005 0.0000 0.0000 0.0000 0.0000 0.0000 0.0000 0.0000
0.1846 0.5755 0.2178 0.0213 0.0007 0.0000 0.0000 0.0000 0.0000 0.0000 0.0000
0.0148 0.2178 0.5206 0.2214 0.0246 0.0009 0.0000 0.0000 0.0000 0.0000 0.0000
0.0005 0.0213 0.2214 0.5001 0.2267 0.0288 0.0012 0.0000 0.0000 0.0000 0.0000
0.0000 0.0007 0.0246 0.2267 0.4812 0.2314 0.0337 0.0017 0.0000 0.0000 0.0000
0.0000 0.0000 0.0009 0.0288 0.2314 0.4551 0.2416 0.0402 0.0020 0.0000 0.0000
0.0000 0.0000 0.0000 0.0012 0.0337 0.2416 0.4452 0.2377 0.0382 0.0024 0.0001
0.0000 0.0000 0.0000 0.0000 0.0017 0.0402 0.2377 0.4337 0.2377 0.0454 0.0036
0.0000 0.0000 0.0000 0.0000 0.0000 0.0020 0.0382 0.2377 0.4212 0.2443 0.0565
0.0000 0.0000 0.0000 0.0000 0.0000 0.0000 0.0024 0.0454 0.2443 0.4206 0.2872
0.0000 0.0000 0.0000 0.0000 0.0000 0.0000 0.0001 0.0036 0.0565 0.2872 0.6525
#DG from neighbouring lambda in kcal/mol
0.0000 0.1000 4.3535 0.0287
0.1000 0.2000 5.9677 0.0231
0.2000 0.3000 5.5052 0.0220
0.3000 0.4000 4.5593 0.0209
0.4000 0.5000 3.5317 0.0199
0.5000 0.6000 2.5059 0.0183
0.6000 0.7000 1.5277 0.0182
0.7000 0.8000 0.5000 0.0178
0.8000 0.9000 -0.3948 0.0165
0.9000 1.0000 -1.1781 0.0162
#PMF from MBAR in kcal/mol
0.0000 0.0000 0.0000
0.1000 4.3535 0.0287
0.2000 10.3211 0.0417
0.3000 15.8263 0.0509
0.4000 20.3857 0.0583
0.5000 23.9174 0.0644
0.6000 26.4233 0.0694
0.7000 27.9509 0.0740
0.8000 28.4510 0.0783
0.9000 28.0562 0.0819
1.0000 26.8780 0.0852
#TI average gradients and standard deviation in kcal/mol
0.0000 18.8977 13.7141
0.1000 58.2956 12.3619
0.2000 59.3037 11.4206
0.3000 50.5666 10.4229
0.4000 41.0943 9.7261
0.5000 30.4630 9.5537
0.6000 20.5624 9.0698
0.7000 11.0908 8.7986
0.8000 -0.0429 8.6751
0.9000 -7.8987 8.3987
1.0000 -13.8414 8.1871
#PMF from TI in kcal/mol
0.0000 0.0000
0.1000 3.8597
0.2000 9.7396
0.3000 15.2331
0.4000 19.8162
0.5000 23.3941
0.6000 25.9453
0.7000 27.5280
0.8000 28.0804
0.9000 27.6833
1.0000 26.5963
#MBAR free energy difference in kcal/mol: 
26.878024, 0.085197 
#TI free energy difference in kcal/mol: 
26.596296  
Starting /export/users/common/BioSimSpace/sire.app/bin/analyse_freenrg: number of threads equals 32
