# Analysing data contained in file(s) ['lambda_0.0000/simfile.dat', 'lambda_0.1000/simfile.dat', 'lambda_0.2000/simfile.dat', 'lambda_0.3000/simfile.dat', 'lambda_0.4000/simfile.dat', 'lambda_0.5000/simfile.dat', 'lambda_0.6000/simfile.dat', 'lambda_0.7000/simfile.dat', 'lambda_0.8000/simfile.dat', 'lambda_0.9000/simfile.dat', 'lambda_1.0000/simfile.dat']
#Overlap matrix
0.7610 0.2377 0.0013 0.0000 0.0000 0.0000 0.0000 0.0000 0.0000 0.0000 0.0000
0.2377 0.5720 0.1862 0.0041 0.0000 0.0000 0.0000 0.0000 0.0000 0.0000 0.0000
0.0013 0.1862 0.6406 0.1701 0.0018 0.0000 0.0000 0.0000 0.0000 0.0000 0.0000
0.0000 0.0041 0.1701 0.6572 0.1592 0.0093 0.0001 0.0000 0.0000 0.0000 0.0000
0.0000 0.0000 0.0018 0.1592 0.5869 0.2356 0.0163 0.0001 0.0000 0.0000 0.0000
0.0000 0.0000 0.0000 0.0093 0.2356 0.5629 0.1780 0.0136 0.0005 0.0000 0.0000
0.0000 0.0000 0.0000 0.0001 0.0163 0.1780 0.5163 0.2542 0.0344 0.0006 0.0000
0.0000 0.0000 0.0000 0.0000 0.0001 0.0136 0.2542 0.4769 0.2398 0.0153 0.0001
0.0000 0.0000 0.0000 0.0000 0.0000 0.0005 0.0344 0.2398 0.5310 0.1867 0.0076
0.0000 0.0000 0.0000 0.0000 0.0000 0.0000 0.0006 0.0153 0.1867 0.6748 0.1227
0.0000 0.0000 0.0000 0.0000 0.0000 0.0000 0.0000 0.0001 0.0076 0.1227 0.8696
#DG from neighbouring lambda in kcal/mol
0.0000 0.1000 5.7842 0.2787
0.1000 0.2000 4.5666 0.3384
0.2000 0.3000 3.3759 0.3619
0.3000 0.4000 1.7215 0.3713
0.4000 0.5000 0.9335 0.2565
0.5000 0.6000 0.6710 0.3173
0.6000 0.7000 0.3309 0.2194
0.7000 0.8000 0.7668 0.2312
0.8000 0.9000 1.5390 0.3147
0.9000 1.0000 3.8900 0.4496
#PMF from MBAR in kcal/mol
0.0000 0.0000 0.0000
0.1000 5.7842 0.2787
0.2000 10.3507 0.5111
0.3000 13.7267 0.6743
0.4000 15.4482 0.8121
0.5000 16.3817 0.8839
0.6000 17.0528 0.9656
0.7000 17.3837 1.0179
0.8000 18.1505 1.0643
0.9000 19.6895 1.1338
1.0000 23.5795 1.2407
#TI average gradients and standard deviation in kcal/mol
0.0000 54.0828 16.6432
0.1000 52.8276 13.4491
0.2000 43.7334 13.9554
0.3000 26.1191 14.1988
0.4000 14.2682 11.4723
0.5000 11.0610 12.0175
0.6000 7.4128 10.9543
0.7000 7.2070 11.0094
0.8000 10.4042 11.2007
0.9000 21.7110 12.7184
1.0000 55.0214 15.1790
#PMF from TI in kcal/mol
0.0000 0.0000
0.1000 5.3455
0.2000 10.1736
0.3000 13.6662
0.4000 15.6856
0.5000 16.9520
0.6000 17.8757
0.7000 18.6067
0.8000 19.4873
0.9000 21.0930
1.0000 24.9296
#MBAR free energy difference in kcal/mol: 
23.579470, 1.240732  #WARNING SUBSAMPLING ENERGIES RESULTED IN LESS THAN 50 SAMPLES, CONSIDER RERUN WITHOUT SUBSAMPLE OPTION
#TI free energy difference in kcal/mol: 
24.929642  
Starting /export/users/common/BioSimSpace/sire.app/bin/analyse_freenrg: number of threads equals 32
