# Analysing data contained in file(s) ['lambda_0.0000/simfile.dat', 'lambda_0.1000/simfile.dat', 'lambda_0.2000/simfile.dat', 'lambda_0.3000/simfile.dat', 'lambda_0.4000/simfile.dat', 'lambda_0.5000/simfile.dat', 'lambda_0.6000/simfile.dat', 'lambda_0.7000/simfile.dat', 'lambda_0.8000/simfile.dat', 'lambda_0.9000/simfile.dat', 'lambda_1.0000/simfile.dat']
#Overlap matrix
0.8282 0.1556 0.0149 0.0013 0.0001 0.0000 0.0000 0.0000 0.0000 0.0000 0.0000
0.1556 0.5847 0.2178 0.0380 0.0038 0.0002 0.0000 0.0000 0.0000 0.0000 0.0000
0.0149 0.2178 0.4796 0.2332 0.0494 0.0050 0.0002 0.0000 0.0000 0.0000 0.0000
0.0013 0.0380 0.2332 0.4337 0.2377 0.0509 0.0050 0.0002 0.0000 0.0000 0.0000
0.0001 0.0038 0.0494 0.2377 0.4244 0.2323 0.0477 0.0045 0.0002 0.0000 0.0000
0.0000 0.0002 0.0050 0.0509 0.2323 0.4306 0.2315 0.0454 0.0040 0.0001 0.0000
0.0000 0.0000 0.0002 0.0050 0.0477 0.2315 0.4373 0.2279 0.0465 0.0038 0.0001
0.0000 0.0000 0.0000 0.0002 0.0045 0.0454 0.2279 0.4269 0.2426 0.0493 0.0031
0.0000 0.0000 0.0000 0.0000 0.0002 0.0040 0.0465 0.2426 0.4167 0.2462 0.0438
0.0000 0.0000 0.0000 0.0000 0.0000 0.0001 0.0038 0.0493 0.2462 0.4407 0.2598
0.0000 0.0000 0.0000 0.0000 0.0000 0.0000 0.0001 0.0031 0.0438 0.2598 0.6932
#DG from neighbouring lambda in kcal/mol
0.0000 0.1000 1.0873 0.0449
0.1000 0.2000 3.3455 0.0300
0.2000 0.3000 4.1127 0.0248
0.3000 0.4000 4.2226 0.0231
0.4000 0.5000 4.1013 0.0236
0.5000 0.6000 3.9978 0.0242
0.6000 0.7000 3.9312 0.0247
0.7000 0.8000 3.9237 0.0230
0.8000 0.9000 3.8605 0.0232
0.9000 1.0000 3.6695 0.0264
#PMF from MBAR in kcal/mol
0.0000 0.0000 0.0000
0.1000 1.0873 0.0449
0.2000 4.4328 0.0600
0.3000 8.5455 0.0690
0.4000 12.7680 0.0763
0.5000 16.8693 0.0832
0.6000 20.8671 0.0897
0.7000 24.7982 0.0960
0.8000 28.7219 0.1015
0.9000 32.5824 0.1069
1.0000 36.2519 0.1128
#TI average gradients and standard deviation in kcal/mol
0.0000 -7.5669 17.0949
0.1000 24.6363 12.8465
0.2000 39.0455 9.3514
0.3000 42.1876 9.5253
0.4000 41.0714 9.6284
0.5000 40.0341 9.4072
0.6000 39.5667 8.9808
0.7000 38.5157 8.8821
0.8000 39.6577 8.2961
0.9000 37.8551 9.6102
1.0000 37.6076 9.9346
#PMF from TI in kcal/mol
0.0000 0.0000
0.1000 0.8535
0.2000 4.0376
0.3000 8.0992
0.4000 12.2622
0.5000 16.3174
0.6000 20.2975
0.7000 24.2016
0.8000 28.1103
0.9000 31.9859
1.0000 35.7590
#MBAR free energy difference in kcal/mol: 
36.251903, 0.112814 
#TI free energy difference in kcal/mol: 
35.759037  
Starting /export/users/common/BioSimSpace/sire.app/bin/analyse_freenrg: number of threads equals 32
