# Analysing data contained in file(s) ['lambda_0.0000/simfile.dat', 'lambda_0.1000/simfile.dat', 'lambda_0.2000/simfile.dat', 'lambda_0.3000/simfile.dat', 'lambda_0.4000/simfile.dat', 'lambda_0.5000/simfile.dat', 'lambda_0.6000/simfile.dat', 'lambda_0.7000/simfile.dat', 'lambda_0.8000/simfile.dat', 'lambda_0.9000/simfile.dat', 'lambda_1.0000/simfile.dat']
#Overlap matrix
0.9032 0.0967 0.0001 0.0000 0.0000 0.0000 0.0000 0.0000 0.0000 0.0000 0.0000
0.0967 0.8056 0.0976 0.0001 0.0000 0.0000 0.0000 0.0000 0.0000 0.0000 0.0000
0.0001 0.0976 0.7943 0.1079 0.0002 0.0000 0.0000 0.0000 0.0000 0.0000 0.0000
0.0000 0.0001 0.1079 0.7816 0.1101 0.0002 0.0000 0.0000 0.0000 0.0000 0.0000
0.0000 0.0000 0.0002 0.1101 0.7764 0.1130 0.0003 0.0000 0.0000 0.0000 0.0000
0.0000 0.0000 0.0000 0.0002 0.1130 0.7689 0.1176 0.0003 0.0000 0.0000 0.0000
0.0000 0.0000 0.0000 0.0000 0.0003 0.1176 0.7652 0.1165 0.0004 0.0000 0.0000
0.0000 0.0000 0.0000 0.0000 0.0000 0.0003 0.1165 0.7660 0.1168 0.0003 0.0000
0.0000 0.0000 0.0000 0.0000 0.0000 0.0000 0.0004 0.1168 0.7692 0.1134 0.0002
0.0000 0.0000 0.0000 0.0000 0.0000 0.0000 0.0000 0.0003 0.1134 0.7919 0.0944
0.0000 0.0000 0.0000 0.0000 0.0000 0.0000 0.0000 0.0000 0.0002 0.0944 0.9054
#DG from neighbouring lambda in kcal/mol
0.0000 0.1000 28.2376 0.0446
0.1000 0.2000 24.5049 0.0443
0.2000 0.3000 20.8082 0.0416
0.3000 0.4000 17.0689 0.0410
0.4000 0.5000 13.3470 0.0403
0.5000 0.6000 9.6967 0.0392
0.6000 0.7000 5.9546 0.0395
0.7000 0.8000 2.2589 0.0394
0.8000 0.9000 -1.2840 0.0402
0.9000 1.0000 -4.3896 0.0452
#PMF from MBAR in kcal/mol
0.0000 0.0000 0.0000
0.1000 28.2376 0.0446
0.2000 52.7425 0.0665
0.3000 73.5507 0.0814
0.4000 90.6196 0.0936
0.5000 103.9666 0.1042
0.6000 113.6632 0.1134
0.7000 119.6178 0.1220
0.8000 121.8767 0.1300
0.9000 120.5927 0.1378
1.0000 116.2031 0.1466
#TI average gradients and standard deviation in kcal/mol
0.0000 298.7253 18.6027
0.1000 263.9325 17.3552
0.2000 226.2834 17.3437
0.3000 189.3466 17.5622
0.4000 151.6026 16.1697
0.5000 114.9714 16.9768
0.6000 78.2854 16.5282
0.7000 41.1768 15.8543
0.8000 4.9025 16.8566
0.9000 -30.1974 17.3995
1.0000 -56.0432 19.0554
#PMF from TI in kcal/mol
0.0000 0.0000
0.1000 28.1329
0.2000 52.6437
0.3000 73.4252
0.4000 90.4726
0.5000 103.8014
0.6000 113.4642
0.7000 119.4373
0.8000 121.7413
0.9000 120.4765
1.0000 116.1645
#MBAR free energy difference in kcal/mol: 
116.203055, 0.146645 
#TI free energy difference in kcal/mol: 
116.164504  
Starting /export/users/common/BioSimSpace/sire.app/bin/analyse_freenrg: number of threads equals 32
