# Analysing data contained in file(s) ['lambda_0.0000/simfile.dat', 'lambda_0.1000/simfile.dat', 'lambda_0.2000/simfile.dat', 'lambda_0.3000/simfile.dat', 'lambda_0.4000/simfile.dat', 'lambda_0.5000/simfile.dat', 'lambda_0.6000/simfile.dat', 'lambda_0.7000/simfile.dat', 'lambda_0.8000/simfile.dat', 'lambda_0.9000/simfile.dat', 'lambda_1.0000/simfile.dat']
#Overlap matrix
0.6133 0.2985 0.0788 0.0091 0.0004 0.0000 0.0000 0.0000 0.0000 0.0000 0.0000
0.2985 0.3859 0.2448 0.0643 0.0063 0.0002 0.0000 0.0000 0.0000 0.0000 0.0000
0.0788 0.2448 0.3760 0.2383 0.0574 0.0047 0.0001 0.0000 0.0000 0.0000 0.0000
0.0091 0.0643 0.2383 0.3893 0.2453 0.0507 0.0030 0.0000 0.0000 0.0000 0.0000
0.0004 0.0063 0.0574 0.2453 0.4094 0.2376 0.0415 0.0021 0.0000 0.0000 0.0000
0.0000 0.0002 0.0047 0.0507 0.2376 0.4276 0.2398 0.0378 0.0015 0.0000 0.0000
0.0000 0.0000 0.0001 0.0030 0.0415 0.2398 0.4446 0.2366 0.0333 0.0011 0.0000
0.0000 0.0000 0.0000 0.0000 0.0021 0.0378 0.2366 0.4557 0.2383 0.0287 0.0007
0.0000 0.0000 0.0000 0.0000 0.0000 0.0015 0.0333 0.2383 0.4702 0.2320 0.0247
0.0000 0.0000 0.0000 0.0000 0.0000 0.0000 0.0011 0.0287 0.2320 0.4915 0.2467
0.0000 0.0000 0.0000 0.0000 0.0000 0.0000 0.0000 0.0007 0.0247 0.2467 0.7279
#DG from neighbouring lambda in kcal/mol
0.0000 0.1000 0.2677 0.0119
0.1000 0.2000 0.2123 0.0119
0.2000 0.3000 0.1409 0.0129
0.3000 0.4000 0.0730 0.0133
0.4000 0.5000 0.0051 0.0146
0.5000 0.6000 -0.1172 0.0153
0.6000 0.7000 -0.2244 0.0160
0.7000 0.8000 -0.3276 0.0164
0.8000 0.9000 -0.4423 0.0174
0.9000 1.0000 -0.5772 0.0183
#PMF from MBAR in kcal/mol
0.0000 0.0000 0.0000
0.1000 0.2677 0.0119
0.2000 0.4800 0.0209
0.3000 0.6209 0.0282
0.4000 0.6938 0.0343
0.5000 0.6989 0.0401
0.6000 0.5817 0.0456
0.7000 0.3573 0.0507
0.8000 0.0297 0.0556
0.9000 -0.4126 0.0605
1.0000 -0.9897 0.0653
#TI average gradients and standard deviation in kcal/mol
0.0000 3.1220 6.8880
0.1000 2.5545 7.4592
0.2000 1.8784 7.6979
0.3000 1.0969 8.2659
0.4000 0.4555 8.4432
0.5000 -0.6909 8.8630
0.6000 -1.4421 9.2487
0.7000 -2.8426 9.7972
0.8000 -3.3675 9.8888
0.9000 -5.1159 9.9835
1.0000 -6.6198 10.3695
#PMF from TI in kcal/mol
0.0000 0.0000
0.1000 0.2838
0.2000 0.5055
0.3000 0.6542
0.4000 0.7319
0.5000 0.7201
0.6000 0.6134
0.7000 0.3992
0.8000 0.0887
0.9000 -0.3355
1.0000 -0.9223
#MBAR free energy difference in kcal/mol: 
-0.989734, 0.065335 
#TI free energy difference in kcal/mol: 
-0.922253  
Starting /export/users/common/BioSimSpace/sire.app/bin/analyse_freenrg: number of threads equals 32
