# Analysing data contained in file(s) ['lambda_0.0000/simfile.dat', 'lambda_0.1000/simfile.dat', 'lambda_0.2000/simfile.dat', 'lambda_0.3000/simfile.dat', 'lambda_0.4000/simfile.dat', 'lambda_0.5000/simfile.dat', 'lambda_0.6000/simfile.dat', 'lambda_0.7000/simfile.dat', 'lambda_0.8000/simfile.dat', 'lambda_0.9000/simfile.dat', 'lambda_1.0000/simfile.dat']
#Overlap matrix
0.9608 0.0392 0.0000 0.0000 0.0000 0.0000 0.0000 0.0000 0.0000 0.0000 0.0000
0.0392 0.8965 0.0643 0.0000 0.0000 0.0000 0.0000 0.0000 0.0000 0.0000 0.0000
0.0000 0.0643 0.8533 0.0824 0.0000 0.0000 0.0000 0.0000 0.0000 0.0000 0.0000
0.0000 0.0000 0.0824 0.8314 0.0860 0.0001 0.0000 0.0000 0.0000 0.0000 0.0000
0.0000 0.0000 0.0000 0.0860 0.8058 0.1080 0.0002 0.0000 0.0000 0.0000 0.0000
0.0000 0.0000 0.0000 0.0001 0.1080 0.7861 0.1054 0.0003 0.0000 0.0000 0.0000
0.0000 0.0000 0.0000 0.0000 0.0002 0.1054 0.7662 0.1276 0.0006 0.0000 0.0000
0.0000 0.0000 0.0000 0.0000 0.0000 0.0003 0.1276 0.7362 0.1349 0.0009 0.0000
0.0000 0.0000 0.0000 0.0000 0.0000 0.0000 0.0006 0.1349 0.7164 0.1463 0.0018
0.0000 0.0000 0.0000 0.0000 0.0000 0.0000 0.0000 0.0009 0.1463 0.6879 0.1649
0.0000 0.0000 0.0000 0.0000 0.0000 0.0000 0.0000 0.0000 0.0018 0.1649 0.8334
#DG from neighbouring lambda in kcal/mol
0.0000 0.1000 1.2685 0.0796
0.1000 0.2000 3.6432 0.0605
0.2000 0.3000 3.2760 0.0523
0.3000 0.4000 2.0279 0.0509
0.4000 0.5000 0.9407 0.0442
0.5000 0.6000 -0.3244 0.0448
0.6000 0.7000 -1.5940 0.0395
0.7000 0.8000 -2.8622 0.0379
0.8000 0.9000 -4.1581 0.0357
0.9000 1.0000 -5.3810 0.0329
#PMF from MBAR in kcal/mol
0.0000 0.0000 0.0000
0.1000 1.2685 0.0796
0.2000 4.9117 0.1027
0.3000 8.1877 0.1175
0.4000 10.2157 0.1301
0.5000 11.1563 0.1394
0.6000 10.8319 0.1482
0.7000 9.2378 0.1551
0.8000 6.3756 0.1613
0.9000 2.2176 0.1667
1.0000 -3.1634 0.1714
#TI average gradients and standard deviation in kcal/mol
0.0000 -12.2441 26.2108
0.1000 32.0430 20.7955
0.2000 36.2217 19.4452
0.3000 27.3361 18.8989
0.4000 14.7982 17.6960
0.5000 3.4229 17.0040
0.6000 -9.5602 16.3237
0.7000 -22.2910 15.5692
0.8000 -34.7061 15.1469
0.9000 -47.8987 14.4055
1.0000 -57.0290 14.0986
#PMF from TI in kcal/mol
0.0000 0.0000
0.1000 0.9899
0.2000 4.4032
0.3000 7.5811
0.4000 9.6878
0.5000 10.5988
0.6000 10.2920
0.7000 8.6994
0.8000 5.8496
0.9000 1.7193
1.0000 -3.5271
#MBAR free energy difference in kcal/mol: 
-3.163443, 0.171377 
#TI free energy difference in kcal/mol: 
-3.527071  
Starting /export/users/common/BioSimSpace/sire.app/bin/analyse_freenrg: number of threads equals 32
