# Analysing data contained in file(s) ['lambda_0.0000/simfile.dat', 'lambda_0.1000/simfile.dat', 'lambda_0.2000/simfile.dat', 'lambda_0.3000/simfile.dat', 'lambda_0.4000/simfile.dat', 'lambda_0.5000/simfile.dat', 'lambda_0.6000/simfile.dat', 'lambda_0.7000/simfile.dat', 'lambda_0.8000/simfile.dat', 'lambda_0.9000/simfile.dat', 'lambda_1.0000/simfile.dat']
#Overlap matrix
1.0000 0.0000 0.0000 0.0000 0.0000 0.0000 0.0000 0.0000 0.0000 0.0000 0.0000
0.0000 0.9199 0.0797 0.0004 0.0000 0.0000 0.0000 0.0000 0.0000 0.0000 0.0000
0.0000 0.0797 0.7535 0.1632 0.0035 0.0000 0.0000 0.0000 0.0000 0.0000 0.0000
0.0000 0.0004 0.1632 0.6416 0.1884 0.0063 0.0000 0.0000 0.0000 0.0000 0.0000
0.0000 0.0000 0.0035 0.1884 0.6045 0.1963 0.0073 0.0000 0.0000 0.0000 0.0000
0.0000 0.0000 0.0000 0.0063 0.1963 0.5897 0.2003 0.0074 0.0000 0.0000 0.0000
0.0000 0.0000 0.0000 0.0000 0.0073 0.2003 0.5910 0.1957 0.0057 0.0000 0.0000
0.0000 0.0000 0.0000 0.0000 0.0000 0.0074 0.1957 0.6129 0.1821 0.0019 0.0000
0.0000 0.0000 0.0000 0.0000 0.0000 0.0000 0.0057 0.1821 0.6861 0.1260 0.0000
0.0000 0.0000 0.0000 0.0000 0.0000 0.0000 0.0000 0.0019 0.1260 0.8721 0.0000
0.0000 0.0000 0.0000 0.0000 0.0000 0.0000 0.0000 0.0000 0.0000 0.0000 1.0000
#DG from neighbouring lambda in kcal/mol
0.0000 0.1000 35.8808 0.0503
0.1000 0.2000 7.4796 0.0387
0.2000 0.3000 4.9997 0.0238
0.3000 0.4000 3.8556 0.0209
0.4000 0.5000 3.0778 0.0199
0.5000 0.6000 2.3931 0.0195
0.6000 0.7000 1.7082 0.0200
0.7000 0.8000 0.8381 0.0216
0.8000 0.9000 -0.7884 0.0288
0.9000 1.0000 -96.5057 0.0439
#PMF from MBAR in kcal/mol
0.0000 0.0000 0.0000
0.1000 35.8808 0.0503
0.2000 43.3604 0.0339
0.3000 48.3601 0.0263
0.4000 52.2157 0.0217
0.5000 55.2935 0.0200
0.6000 57.6866 0.0216
0.7000 59.3948 0.0261
0.8000 60.2329 0.0328
0.9000 59.4445 0.0439
1.0000 -37.0612 0.0000
#TI average gradients and standard deviation in kcal/mol
0.0000 5269.9613 202.4087
0.1000 101.4879 25.4558
0.2000 58.1142 15.6443
0.3000 43.0897 13.6346
0.4000 34.0460 12.7461
0.5000 27.3254 12.6697
0.6000 20.5766 12.5384
0.7000 13.0333 12.8846
0.8000 2.5395 14.0960
0.9000 -25.6486 21.7072
1.0000 -5465.6873 151.2329
#PMF from TI in kcal/mol
0.0000 0.0000
0.1000 268.5725
0.2000 276.5526
0.3000 281.6128
0.4000 285.4695
0.5000 288.5381
0.6000 290.9332
0.7000 292.6137
0.8000 293.3924
0.9000 292.2369
1.0000 17.6701
#MBAR free energy difference in kcal/mol: 
-37.061172, 0.000000 
#TI free energy difference in kcal/mol: 
17.670105  
Starting /export/users/common/BioSimSpace/sire.app/bin/analyse_freenrg: number of threads equals 32
