# Analysing data contained in file(s) ['lambda_0.0000/simfile.dat', 'lambda_0.1000/simfile.dat', 'lambda_0.2000/simfile.dat', 'lambda_0.3000/simfile.dat', 'lambda_0.4000/simfile.dat', 'lambda_0.5000/simfile.dat', 'lambda_0.6000/simfile.dat', 'lambda_0.7000/simfile.dat', 'lambda_0.8000/simfile.dat', 'lambda_0.9000/simfile.dat', 'lambda_1.0000/simfile.dat']
#Overlap matrix
0.9461 0.0538 0.0000 0.0000 0.0000 0.0000 0.0000 0.0000 0.0000 0.0000 0.0000
0.0538 0.8172 0.1280 0.0009 0.0000 0.0000 0.0000 0.0000 0.0000 0.0000 0.0000
0.0000 0.1280 0.7215 0.1490 0.0014 0.0000 0.0000 0.0000 0.0000 0.0000 0.0000
0.0000 0.0009 0.1490 0.6912 0.1565 0.0024 0.0000 0.0000 0.0000 0.0000 0.0000
0.0000 0.0000 0.0014 0.1565 0.6661 0.1724 0.0036 0.0000 0.0000 0.0000 0.0000
0.0000 0.0000 0.0000 0.0024 0.1724 0.6438 0.1773 0.0039 0.0000 0.0000 0.0000
0.0000 0.0000 0.0000 0.0000 0.0036 0.1773 0.6302 0.1838 0.0050 0.0000 0.0000
0.0000 0.0000 0.0000 0.0000 0.0000 0.0039 0.1838 0.6181 0.1888 0.0054 0.0000
0.0000 0.0000 0.0000 0.0000 0.0000 0.0000 0.0050 0.1888 0.6061 0.1945 0.0055
0.0000 0.0000 0.0000 0.0000 0.0000 0.0000 0.0000 0.0054 0.1945 0.6135 0.1865
0.0000 0.0000 0.0000 0.0000 0.0000 0.0000 0.0000 0.0000 0.0055 0.1865 0.8080
#DG from neighbouring lambda in kcal/mol
0.0000 0.1000 13.8133 0.0553
0.1000 0.2000 10.1626 0.0326
0.2000 0.3000 8.3533 0.0292
0.3000 0.4000 6.7639 0.0280
0.4000 0.5000 5.4668 0.0258
0.5000 0.6000 4.3962 0.0251
0.6000 0.7000 3.3828 0.0243
0.7000 0.8000 2.5748 0.0237
0.8000 0.9000 2.0228 0.0231
0.9000 1.0000 2.1513 0.0244
#PMF from MBAR in kcal/mol
0.0000 0.0000 0.0000
0.1000 13.8133 0.0553
0.2000 23.9758 0.0670
0.3000 32.3292 0.0755
0.4000 39.0931 0.0826
0.5000 44.5599 0.0885
0.6000 48.9562 0.0938
0.7000 52.3390 0.0985
0.8000 54.9138 0.1029
0.9000 56.9366 0.1070
1.0000 59.0879 0.1112
#TI average gradients and standard deviation in kcal/mol
0.0000 165.5131 21.5402
0.1000 113.1095 18.1316
0.2000 91.6842 15.3110
0.3000 74.9629 14.6930
0.4000 60.3814 13.7767
0.5000 48.1182 14.5709
0.6000 38.5250 13.6721
0.7000 29.9224 13.0784
0.8000 21.6009 13.7908
0.9000 19.5952 12.9815
1.0000 26.7615 14.0150
#PMF from TI in kcal/mol
0.0000 0.0000
0.1000 13.9311
0.2000 24.1708
0.3000 32.5032
0.4000 39.2704
0.5000 44.6954
0.6000 49.0275
0.7000 52.4499
0.8000 55.0261
0.9000 57.0859
1.0000 59.4037
#MBAR free energy difference in kcal/mol: 
59.087877, 0.111170 
#TI free energy difference in kcal/mol: 
59.403709  
Starting /export/users/common/BioSimSpace/sire.app/bin/analyse_freenrg: number of threads equals 32
