# Analysing data contained in file(s) ['lambda_0.0000/simfile.dat', 'lambda_0.1000/simfile.dat', 'lambda_0.2000/simfile.dat', 'lambda_0.3000/simfile.dat', 'lambda_0.4000/simfile.dat', 'lambda_0.5000/simfile.dat', 'lambda_0.6000/simfile.dat', 'lambda_0.7000/simfile.dat', 'lambda_0.8000/simfile.dat', 'lambda_0.9000/simfile.dat', 'lambda_1.0000/simfile.dat']
#Overlap matrix
0.9405 0.0595 0.0000 0.0000 0.0000 0.0000 0.0000 0.0000 0.0000 0.0000 0.0000
0.0595 0.8626 0.0778 0.0000 0.0000 0.0000 0.0000 0.0000 0.0000 0.0000 0.0000
0.0000 0.0778 0.8313 0.0908 0.0001 0.0000 0.0000 0.0000 0.0000 0.0000 0.0000
0.0000 0.0000 0.0908 0.8143 0.0948 0.0001 0.0000 0.0000 0.0000 0.0000 0.0000
0.0000 0.0000 0.0001 0.0948 0.7980 0.1069 0.0002 0.0000 0.0000 0.0000 0.0000
0.0000 0.0000 0.0000 0.0001 0.1069 0.7801 0.1126 0.0002 0.0000 0.0000 0.0000
0.0000 0.0000 0.0000 0.0000 0.0002 0.1126 0.7716 0.1151 0.0005 0.0000 0.0000
0.0000 0.0000 0.0000 0.0000 0.0000 0.0002 0.1151 0.7482 0.1359 0.0006 0.0000
0.0000 0.0000 0.0000 0.0000 0.0000 0.0000 0.0005 0.1359 0.7385 0.1250 0.0002
0.0000 0.0000 0.0000 0.0000 0.0000 0.0000 0.0000 0.0006 0.1250 0.7998 0.0746
0.0000 0.0000 0.0000 0.0000 0.0000 0.0000 0.0000 0.0000 0.0002 0.0746 0.9252
#DG from neighbouring lambda in kcal/mol
0.0000 0.1000 -6.1119 0.0733
0.1000 0.2000 -3.3286 0.0627
0.2000 0.3000 -2.3538 0.0572
0.3000 0.4000 -1.9619 0.0557
0.4000 0.5000 -1.8759 0.0516
0.5000 0.6000 -1.7803 0.0498
0.6000 0.7000 -2.0380 0.0491
0.7000 0.8000 -2.1913 0.0439
0.8000 0.9000 -2.3221 0.0465
0.9000 1.0000 -3.0169 0.0642
#PMF from MBAR in kcal/mol
0.0000 0.0000 0.0000
0.1000 -6.1119 0.0733
0.2000 -9.4405 0.1002
0.3000 -11.7943 0.1184
0.4000 -13.7562 0.1336
0.5000 -15.6321 0.1457
0.6000 -17.4124 0.1562
0.7000 -19.4504 0.1659
0.8000 -21.6417 0.1737
0.9000 -23.9638 0.1817
1.0000 -26.9807 0.1946
#TI average gradients and standard deviation in kcal/mol
0.0000 -92.0044 22.9887
0.1000 -42.8388 20.7454
0.2000 -26.7507 19.5628
0.3000 -20.7575 18.2630
0.4000 -18.8101 17.7041
0.5000 -18.5028 17.3968
0.6000 -18.8874 17.0548
0.7000 -21.2551 16.3266
0.8000 -22.5485 16.2069
0.9000 -25.4130 16.7593
1.0000 -42.1702 344.8592
#PMF from TI in kcal/mol
0.0000 0.0000
0.1000 -6.7422
0.2000 -10.2216
0.3000 -12.5970
0.4000 -14.5754
0.5000 -16.4411
0.6000 -18.3106
0.7000 -20.3177
0.8000 -22.5079
0.9000 -24.9060
1.0000 -28.2851
#MBAR free energy difference in kcal/mol: 
-26.980722, 0.194586 
#TI free energy difference in kcal/mol: 
-28.285121  
Starting /export/users/common/BioSimSpace/sire.app/bin/analyse_freenrg: number of threads equals 32
