# Analysing data contained in file(s) ['lambda_0.0000/simfile.dat', 'lambda_0.1000/simfile.dat', 'lambda_0.2000/simfile.dat', 'lambda_0.3000/simfile.dat', 'lambda_0.4000/simfile.dat', 'lambda_0.5000/simfile.dat', 'lambda_0.6000/simfile.dat', 'lambda_0.7000/simfile.dat', 'lambda_0.8000/simfile.dat', 'lambda_0.9000/simfile.dat', 'lambda_1.0000/simfile.dat']
#Overlap matrix
0.9948 0.0052 0.0000 0.0000 0.0000 0.0000 0.0000 0.0000 0.0000 0.0000 0.0000
0.0052 0.9883 0.0065 0.0000 0.0000 0.0000 0.0000 0.0000 0.0000 0.0000 0.0000
0.0000 0.0065 0.9810 0.0125 0.0000 0.0000 0.0000 0.0000 0.0000 0.0000 0.0000
0.0000 0.0000 0.0125 0.9724 0.0152 0.0000 0.0000 0.0000 0.0000 0.0000 0.0000
0.0000 0.0000 0.0000 0.0152 0.9770 0.0079 0.0000 0.0000 0.0000 0.0000 0.0000
0.0000 0.0000 0.0000 0.0000 0.0079 0.9843 0.0078 0.0000 0.0000 0.0000 0.0000
0.0000 0.0000 0.0000 0.0000 0.0000 0.0078 0.9825 0.0097 0.0000 0.0000 0.0000
0.0000 0.0000 0.0000 0.0000 0.0000 0.0000 0.0097 0.9778 0.0126 0.0000 0.0000
0.0000 0.0000 0.0000 0.0000 0.0000 0.0000 0.0000 0.0126 0.9778 0.0097 0.0000
0.0000 0.0000 0.0000 0.0000 0.0000 0.0000 0.0000 0.0000 0.0097 0.9820 0.0083
0.0000 0.0000 0.0000 0.0000 0.0000 0.0000 0.0000 0.0000 0.0000 0.0083 0.9917
#DG from neighbouring lambda in kcal/mol
0.0000 0.1000 9.3209 0.6826
0.1000 0.2000 8.1447 0.6088
0.2000 0.3000 6.8259 0.4362
0.3000 0.4000 5.5603 0.3945
0.4000 0.5000 2.5050 0.5516
0.5000 0.6000 0.7387 0.5549
0.6000 0.7000 -1.4770 0.4969
0.7000 0.8000 -4.5566 0.4347
0.8000 0.9000 -5.9623 0.4971
0.9000 1.0000 -4.8788 0.5370
#PMF from MBAR in kcal/mol
0.0000 0.0000 0.0000
0.1000 9.3209 0.6826
0.2000 17.4656 0.9174
0.3000 24.2915 1.0182
0.4000 29.8518 1.0941
0.5000 32.3568 1.2273
0.6000 33.0955 1.3487
0.7000 31.6185 1.4390
0.8000 27.0619 1.5049
0.9000 21.0995 1.5864
1.0000 16.2207 1.6763
#TI average gradients and standard deviation in kcal/mol
0.0000 82.5661 90.5711
0.1000 93.1768 29.3705
0.2000 84.1119 28.3740
0.3000 65.8140 28.0361
0.4000 40.7428 28.0155
0.5000 18.1070 29.2739
0.6000 -8.1143 28.6585
0.7000 -33.3144 27.6719
0.8000 -52.3512 28.3793
0.9000 -59.4943 30.0427
1.0000 -31.9371 33.0886
#PMF from TI in kcal/mol
0.0000 0.0000
0.1000 8.7871
0.2000 17.6516
0.3000 25.1479
0.4000 30.4757
0.5000 33.4182
0.6000 33.9178
0.7000 31.8464
0.8000 27.5631
0.9000 21.9708
1.0000 17.3993
#MBAR free energy difference in kcal/mol: 
16.220684, 1.676262 
#TI free energy difference in kcal/mol: 
17.399267  
Starting /export/users/common/BioSimSpace/sire.app/bin/analyse_freenrg: number of threads equals 32
