# Analysing data contained in file(s) ['lambda_0.0000/simfile.dat', 'lambda_0.1000/simfile.dat', 'lambda_0.2000/simfile.dat', 'lambda_0.3000/simfile.dat', 'lambda_0.4000/simfile.dat', 'lambda_0.5000/simfile.dat', 'lambda_0.6000/simfile.dat', 'lambda_0.7000/simfile.dat', 'lambda_0.8000/simfile.dat', 'lambda_0.9000/simfile.dat', 'lambda_1.0000/simfile.dat']
#Overlap matrix
1.0000 0.0000 0.0000 0.0000 0.0000 0.0000 0.0000 0.0000 0.0000 0.0000 0.0000
0.0000 1.0000 0.0000 0.0000 0.0000 0.0000 0.0000 0.0000 0.0000 0.0000 0.0000
0.0000 0.0000 0.9979 0.0021 0.0000 0.0000 0.0000 0.0000 0.0000 0.0000 0.0000
0.0000 0.0000 0.0021 0.8620 0.1348 0.0011 0.0000 0.0000 0.0000 0.0000 0.0000
0.0000 0.0000 0.0000 0.1348 0.7133 0.1500 0.0019 0.0000 0.0000 0.0000 0.0000
0.0000 0.0000 0.0000 0.0011 0.1500 0.6876 0.1599 0.0014 0.0000 0.0000 0.0000
0.0000 0.0000 0.0000 0.0000 0.0019 0.1599 0.7093 0.1282 0.0007 0.0000 0.0000
0.0000 0.0000 0.0000 0.0000 0.0000 0.0014 0.1282 0.7519 0.1184 0.0001 0.0000
0.0000 0.0000 0.0000 0.0000 0.0000 0.0000 0.0007 0.1184 0.8312 0.0498 0.0000
0.0000 0.0000 0.0000 0.0000 0.0000 0.0000 0.0000 0.0001 0.0498 0.9502 0.0000
0.0000 0.0000 0.0000 0.0000 0.0000 0.0000 0.0000 0.0000 0.0000 0.0000 1.0000
#DG from neighbouring lambda in kcal/mol
0.0000 0.1000 98.2817 0.0000
0.1000 0.2000 33.3130 0.2471
0.2000 0.3000 -3.2405 0.2783
0.3000 0.4000 -9.2033 0.0298
0.4000 0.5000 -10.5955 0.0274
0.5000 0.6000 -11.5555 0.0262
0.6000 0.7000 -12.4628 0.0307
0.7000 0.8000 -13.8040 0.0326
0.8000 0.9000 -16.3325 0.0548
0.9000 1.0000 -174.7990 0.0732
#PMF from MBAR in kcal/mol
0.0000 0.0000 0.0000
0.1000 98.2817 0.0000
0.2000 131.5947 0.2471
0.3000 128.3542 0.0523
0.4000 119.1508 0.0462
0.5000 108.5554 0.0432
0.6000 96.9999 0.0432
0.7000 84.5371 0.0467
0.8000 70.7331 0.0535
0.9000 54.4005 0.0732
1.0000 -120.3984 0.0000
#TI average gradients and standard deviation in kcal/mol
0.0000 7211.9167 200.6819
0.1000 28.8146 31.7167
0.2000 717.4225 53.1785
0.3000 -82.4261 17.2787
0.4000 -100.4617 15.2680
0.5000 -111.6324 14.8869
0.6000 -119.0996 15.9027
0.7000 -132.3267 15.0859
0.8000 -145.2323 18.6349
0.9000 -193.6480 27.9786
1.0000 -5404.6463 206.7104
#PMF from TI in kcal/mol
0.0000 0.0000
0.1000 362.0366
0.2000 399.3484
0.3000 431.0982
0.4000 421.9538
0.5000 411.3491
0.6000 399.8125
0.7000 387.2412
0.8000 373.3633
0.9000 356.4193
1.0000 76.5046
#MBAR free energy difference in kcal/mol: 
-120.398449, 0.000000 
#TI free energy difference in kcal/mol: 
76.504552  
Starting /export/users/common/BioSimSpace/sire.app/bin/analyse_freenrg: number of threads equals 32
