# Analysing data contained in file(s) ['lambda_0.0000/simfile.dat', 'lambda_0.1000/simfile.dat', 'lambda_0.2000/simfile.dat', 'lambda_0.3000/simfile.dat', 'lambda_0.4000/simfile.dat', 'lambda_0.5000/simfile.dat', 'lambda_0.6000/simfile.dat', 'lambda_0.7000/simfile.dat', 'lambda_0.8000/simfile.dat', 'lambda_0.9000/simfile.dat', 'lambda_1.0000/simfile.dat']
#Overlap matrix
0.8643 0.1352 0.0006 0.0000 0.0000 0.0000 0.0000 0.0000 0.0000 0.0000 0.0000
0.1352 0.7475 0.1171 0.0003 0.0000 0.0000 0.0000 0.0000 0.0000 0.0000 0.0000
0.0006 0.1171 0.7827 0.0996 0.0001 0.0000 0.0000 0.0000 0.0000 0.0000 0.0000
0.0000 0.0003 0.0996 0.8129 0.0872 0.0000 0.0000 0.0000 0.0000 0.0000 0.0000
0.0000 0.0000 0.0001 0.0872 0.8407 0.0720 0.0000 0.0000 0.0000 0.0000 0.0000
0.0000 0.0000 0.0000 0.0000 0.0720 0.8645 0.0635 0.0000 0.0000 0.0000 0.0000
0.0000 0.0000 0.0000 0.0000 0.0000 0.0635 0.8826 0.0539 0.0000 0.0000 0.0000
0.0000 0.0000 0.0000 0.0000 0.0000 0.0000 0.0539 0.8966 0.0496 0.0000 0.0000
0.0000 0.0000 0.0000 0.0000 0.0000 0.0000 0.0000 0.0496 0.9079 0.0425 0.0000
0.0000 0.0000 0.0000 0.0000 0.0000 0.0000 0.0000 0.0000 0.0425 0.9258 0.0317
0.0000 0.0000 0.0000 0.0000 0.0000 0.0000 0.0000 0.0000 0.0000 0.0317 0.9683
#DG from neighbouring lambda in kcal/mol
0.0000 0.1000 -0.5582 0.0307
0.1000 0.2000 -0.5447 0.0338
0.2000 0.3000 -0.4081 0.0376
0.3000 0.4000 -0.4230 0.0408
0.4000 0.5000 -0.3588 0.0457
0.5000 0.6000 -0.3057 0.0492
0.6000 0.7000 -0.1915 0.0540
0.7000 0.8000 -0.2836 0.0566
0.8000 0.9000 -0.1150 0.0615
0.9000 1.0000 0.3087 0.0722
#PMF from MBAR in kcal/mol
0.0000 0.0000 0.0000
0.1000 -0.5582 0.0307
0.2000 -1.1030 0.0493
0.3000 -1.5111 0.0647
0.4000 -1.9340 0.0787
0.5000 -2.2929 0.0929
0.6000 -2.5986 0.1068
0.7000 -2.7901 0.1211
0.8000 -3.0737 0.1350
0.9000 -3.1887 0.1495
1.0000 -2.8800 0.1671
#TI average gradients and standard deviation in kcal/mol
0.0000 -6.1764 15.0112
0.1000 -5.7285 16.1622
0.2000 -4.7109 16.8215
0.3000 -4.1602 17.9464
0.4000 -3.4841 18.9349
0.5000 -2.9078 19.9591
0.6000 -1.9903 20.3024
0.7000 -2.5905 21.8029
0.8000 -1.6374 22.1855
0.9000 0.9940 22.9230
1.0000 5.5735 24.0972
#PMF from TI in kcal/mol
0.0000 0.0000
0.1000 -0.5952
0.2000 -1.1172
0.3000 -1.5608
0.4000 -1.9430
0.5000 -2.2626
0.6000 -2.5075
0.7000 -2.7365
0.8000 -2.9479
0.9000 -2.9801
1.0000 -2.6517
#MBAR free energy difference in kcal/mol: 
-2.880041, 0.167099 
#TI free energy difference in kcal/mol: 
-2.651726  
Starting /export/users/common/BioSimSpace/sire.app/bin/analyse_freenrg: number of threads equals 32
