# Analysing data contained in file(s) ['lambda_0.0000/simfile.dat', 'lambda_0.1000/simfile.dat', 'lambda_0.2000/simfile.dat', 'lambda_0.3000/simfile.dat', 'lambda_0.4000/simfile.dat', 'lambda_0.5000/simfile.dat', 'lambda_0.6000/simfile.dat', 'lambda_0.7000/simfile.dat', 'lambda_0.8000/simfile.dat', 'lambda_0.9000/simfile.dat', 'lambda_1.0000/simfile.dat']
#Overlap matrix
0.8208 0.1710 0.0082 0.0001 0.0000 0.0000 0.0000 0.0000 0.0000 0.0000 0.0000
0.1710 0.6193 0.1974 0.0119 0.0004 0.0000 0.0000 0.0000 0.0000 0.0000 0.0000
0.0082 0.1974 0.5234 0.2354 0.0347 0.0009 0.0000 0.0000 0.0000 0.0000 0.0000
0.0001 0.0119 0.2354 0.4747 0.2540 0.0232 0.0007 0.0000 0.0000 0.0000 0.0000
0.0000 0.0004 0.0347 0.2540 0.4667 0.2151 0.0282 0.0008 0.0000 0.0000 0.0000
0.0000 0.0000 0.0009 0.0232 0.2151 0.5000 0.2322 0.0276 0.0010 0.0000 0.0000
0.0000 0.0000 0.0000 0.0007 0.0282 0.2322 0.4667 0.2416 0.0295 0.0010 0.0000
0.0000 0.0000 0.0000 0.0000 0.0008 0.0276 0.2416 0.4686 0.2269 0.0330 0.0013
0.0000 0.0000 0.0000 0.0000 0.0000 0.0010 0.0295 0.2269 0.4679 0.2420 0.0326
0.0000 0.0000 0.0000 0.0000 0.0000 0.0000 0.0010 0.0330 0.2420 0.4736 0.2503
0.0000 0.0000 0.0000 0.0000 0.0000 0.0000 0.0000 0.0013 0.0326 0.2503 0.7158
#DG from neighbouring lambda in kcal/mol
0.0000 0.1000 -4.1348 0.1434
0.1000 0.2000 -2.5653 0.1223
0.2000 0.3000 -1.7695 0.0954
0.3000 0.4000 -0.8545 0.0849
0.4000 0.5000 -0.4464 0.1013
0.5000 0.6000 0.0376 0.0932
0.6000 0.7000 0.5298 0.0892
0.7000 0.8000 0.9958 0.0928
0.8000 0.9000 1.4873 0.0868
0.9000 1.0000 2.0622 0.0947
#PMF from MBAR in kcal/mol
0.0000 0.0000 0.0000
0.1000 -4.1348 0.1434
0.2000 -6.7002 0.2111
0.3000 -8.4696 0.2507
0.4000 -9.3242 0.2775
0.5000 -9.7706 0.3091
0.6000 -9.7329 0.3339
0.7000 -9.2031 0.3567
0.8000 -8.2073 0.3786
0.9000 -6.7200 0.3976
1.0000 -4.6578 0.4176
#TI average gradients and standard deviation in kcal/mol
0.0000 -52.3964 14.4030
0.1000 -34.3533 12.7440
0.2000 -21.2699 11.1823
0.3000 -11.8105 9.8247
0.4000 -4.8464 9.9573
0.5000 -3.0663 9.6459
0.6000 2.7743 10.4435
0.7000 8.0808 10.1843
0.8000 14.7527 9.1811
0.9000 18.8703 10.5855
1.0000 24.4253 10.5690
#PMF from TI in kcal/mol
0.0000 0.0000
0.1000 -4.3375
0.2000 -7.1186
0.3000 -8.7727
0.4000 -9.6055
0.5000 -10.0011
0.6000 -10.0157
0.7000 -9.4730
0.8000 -8.3313
0.9000 -6.6502
1.0000 -4.4854
#MBAR free energy difference in kcal/mol: 
-4.657823, 0.417554 
#TI free energy difference in kcal/mol: 
-4.485380  
Starting /export/users/common/BioSimSpace/sire.app/bin/analyse_freenrg: number of threads equals 32
