# Analysing data contained in file(s) ['lambda_0.0000/simfile.dat', 'lambda_0.1000/simfile.dat', 'lambda_0.2000/simfile.dat', 'lambda_0.3000/simfile.dat', 'lambda_0.4000/simfile.dat', 'lambda_0.5000/simfile.dat', 'lambda_0.6000/simfile.dat', 'lambda_0.7000/simfile.dat', 'lambda_0.8000/simfile.dat', 'lambda_0.9000/simfile.dat', 'lambda_1.0000/simfile.dat']
#Overlap matrix
0.8276 0.1656 0.0066 0.0001 0.0000 0.0000 0.0000 0.0000 0.0000 0.0000 0.0000
0.1656 0.5913 0.2220 0.0205 0.0006 0.0000 0.0000 0.0000 0.0000 0.0000 0.0000
0.0066 0.2220 0.5184 0.2289 0.0234 0.0006 0.0000 0.0000 0.0000 0.0000 0.0000
0.0001 0.0205 0.2289 0.5178 0.2241 0.0085 0.0001 0.0000 0.0000 0.0000 0.0000
0.0000 0.0006 0.0234 0.2241 0.6437 0.1074 0.0008 0.0000 0.0000 0.0000 0.0000
0.0000 0.0000 0.0006 0.0085 0.1074 0.8068 0.0760 0.0007 0.0000 0.0000 0.0000
0.0000 0.0000 0.0000 0.0001 0.0008 0.0760 0.8252 0.0972 0.0007 0.0000 0.0000
0.0000 0.0000 0.0000 0.0000 0.0000 0.0007 0.0972 0.7935 0.1084 0.0002 0.0000
0.0000 0.0000 0.0000 0.0000 0.0000 0.0000 0.0007 0.1084 0.8543 0.0365 0.0000
0.0000 0.0000 0.0000 0.0000 0.0000 0.0000 0.0000 0.0002 0.0365 0.9517 0.0116
0.0000 0.0000 0.0000 0.0000 0.0000 0.0000 0.0000 0.0000 0.0000 0.0116 0.9884
#DG from neighbouring lambda in kcal/mol
0.0000 0.1000 -0.1486 0.0290
0.1000 0.2000 -0.5092 0.0212
0.2000 0.3000 -0.2004 0.0194
0.3000 0.4000 0.8528 0.0206
0.4000 0.5000 2.8972 0.0380
0.5000 0.6000 3.6084 0.0490
0.6000 0.7000 3.6242 0.0424
0.7000 0.8000 4.2280 0.0397
0.8000 0.9000 7.8836 0.0747
0.9000 1.0000 18.1720 0.1362
#PMF from MBAR in kcal/mol
0.0000 0.0000 0.0000
0.1000 -0.1486 0.0290
0.2000 -0.6578 0.0407
0.3000 -0.8581 0.0484
0.4000 -0.0054 0.0553
0.5000 2.8919 0.0694
0.6000 6.5002 0.0873
0.7000 10.1244 0.0991
0.8000 14.3524 0.1086
0.9000 22.2360 0.1334
1.0000 40.4080 0.1918
#TI average gradients and standard deviation in kcal/mol
0.0000 -12.6610 14.1177
0.1000 -0.9575 12.7638
0.2000 -2.8887 9.8340
0.3000 1.7672 10.7692
0.4000 15.6838 10.9925
0.5000 31.1343 16.5417
0.6000 38.5690 22.7555
0.7000 33.1207 17.3584
0.8000 55.6416 19.4552
0.9000 101.8672 37.6850
1.0000 324.1404 31.1092
#PMF from TI in kcal/mol
0.0000 0.0000
0.1000 -0.6809
0.2000 -0.8732
0.3000 -0.9293
0.4000 -0.0568
0.5000 2.2841
0.6000 5.7693
0.7000 9.3538
0.8000 13.7919
0.9000 21.6674
1.0000 42.9677
#MBAR free energy difference in kcal/mol: 
40.408035, 0.191835 
#TI free energy difference in kcal/mol: 
42.967734  
Starting /export/users/common/BioSimSpace/sire.app/bin/analyse_freenrg: number of threads equals 32
