# Analysing data contained in file(s) ['lambda_0.0000/simfile.dat', 'lambda_0.1000/simfile.dat', 'lambda_0.2000/simfile.dat', 'lambda_0.3000/simfile.dat', 'lambda_0.4000/simfile.dat', 'lambda_0.5000/simfile.dat', 'lambda_0.6000/simfile.dat', 'lambda_0.7000/simfile.dat', 'lambda_0.8000/simfile.dat', 'lambda_0.9000/simfile.dat', 'lambda_1.0000/simfile.dat']
#Overlap matrix
0.8778 0.1208 0.0014 0.0000 0.0000 0.0000 0.0000 0.0000 0.0000 0.0000 0.0000
0.1208 0.6988 0.1759 0.0045 0.0000 0.0000 0.0000 0.0000 0.0000 0.0000 0.0000
0.0014 0.1759 0.6284 0.1887 0.0055 0.0000 0.0000 0.0000 0.0000 0.0000 0.0000
0.0000 0.0045 0.1887 0.6067 0.1928 0.0073 0.0000 0.0000 0.0000 0.0000 0.0000
0.0000 0.0000 0.0055 0.1928 0.5903 0.2028 0.0084 0.0001 0.0000 0.0000 0.0000
0.0000 0.0000 0.0000 0.0073 0.2028 0.5747 0.2052 0.0098 0.0001 0.0000 0.0000
0.0000 0.0000 0.0000 0.0000 0.0084 0.2052 0.5686 0.2079 0.0098 0.0000 0.0000
0.0000 0.0000 0.0000 0.0000 0.0001 0.0098 0.2079 0.5747 0.2012 0.0063 0.0000
0.0000 0.0000 0.0000 0.0000 0.0000 0.0001 0.0098 0.2012 0.6171 0.1706 0.0013
0.0000 0.0000 0.0000 0.0000 0.0000 0.0000 0.0000 0.0063 0.1706 0.7207 0.1024
0.0000 0.0000 0.0000 0.0000 0.0000 0.0000 0.0000 0.0000 0.0013 0.1024 0.8963
#DG from neighbouring lambda in kcal/mol
0.0000 0.1000 6.1444 0.0335
0.1000 0.2000 4.9772 0.0252
0.2000 0.3000 4.4982 0.0235
0.3000 0.4000 4.0944 0.0228
0.4000 0.5000 3.8006 0.0217
0.5000 0.6000 3.5447 0.0213
0.6000 0.7000 3.3823 0.0209
0.7000 0.8000 3.5437 0.0218
0.8000 0.9000 4.7840 0.0256
0.9000 1.0000 10.0869 0.0373
#PMF from MBAR in kcal/mol
0.0000 0.0000 0.0000
0.1000 6.1444 0.0335
0.2000 11.1216 0.0458
0.3000 15.6199 0.0545
0.4000 19.7142 0.0617
0.5000 23.5148 0.0677
0.6000 27.0595 0.0730
0.7000 30.4418 0.0779
0.8000 33.9855 0.0827
0.9000 38.7695 0.0883
1.0000 48.8564 0.0976
#TI average gradients and standard deviation in kcal/mol
0.0000 73.1017 19.5002
0.1000 53.4037 14.7070
0.2000 47.0068 13.4458
0.3000 42.8872 13.0522
0.4000 39.4629 12.4717
0.5000 36.6325 12.3096
0.6000 34.2253 12.1083
0.7000 34.0564 12.2685
0.8000 38.4124 13.1839
0.9000 62.1814 16.2013
1.0000 163.2976 21.2540
#PMF from TI in kcal/mol
0.0000 0.0000
0.1000 6.3253
0.2000 11.3458
0.3000 15.8405
0.4000 19.9580
0.5000 23.7628
0.6000 27.3057
0.7000 30.7197
0.8000 34.3432
0.9000 39.3729
1.0000 50.6468
#MBAR free energy difference in kcal/mol: 
48.856404, 0.097611 
#TI free energy difference in kcal/mol: 
50.646816  
Starting /export/users/common/BioSimSpace/sire.app/bin/analyse_freenrg: number of threads equals 32
