# Analysing data contained in file(s) ['lambda_0.0000/simfile.dat', 'lambda_0.1000/simfile.dat', 'lambda_0.2000/simfile.dat', 'lambda_0.3000/simfile.dat', 'lambda_0.4000/simfile.dat', 'lambda_0.5000/simfile.dat', 'lambda_0.6000/simfile.dat', 'lambda_0.7000/simfile.dat', 'lambda_0.8000/simfile.dat', 'lambda_0.9000/simfile.dat', 'lambda_1.0000/simfile.dat']
#Overlap matrix
0.8657 0.1274 0.0066 0.0003 0.0000 0.0000 0.0000 0.0000 0.0000 0.0000 0.0000
0.1274 0.6547 0.1953 0.0214 0.0012 0.0000 0.0000 0.0000 0.0000 0.0000 0.0000
0.0066 0.1953 0.5419 0.2215 0.0329 0.0018 0.0000 0.0000 0.0000 0.0000 0.0000
0.0003 0.0214 0.2215 0.4863 0.2332 0.0355 0.0018 0.0000 0.0000 0.0000 0.0000
0.0000 0.0012 0.0329 0.2332 0.4645 0.2305 0.0356 0.0020 0.0000 0.0000 0.0000
0.0000 0.0000 0.0018 0.0355 0.2305 0.4494 0.2393 0.0412 0.0022 0.0000 0.0000
0.0000 0.0000 0.0000 0.0018 0.0356 0.2393 0.4403 0.2406 0.0402 0.0022 0.0000
0.0000 0.0000 0.0000 0.0000 0.0020 0.0412 0.2406 0.4337 0.2386 0.0417 0.0021
0.0000 0.0000 0.0000 0.0000 0.0000 0.0022 0.0402 0.2386 0.4365 0.2433 0.0391
0.0000 0.0000 0.0000 0.0000 0.0000 0.0000 0.0022 0.0417 0.2433 0.4464 0.2664
0.0000 0.0000 0.0000 0.0000 0.0000 0.0000 0.0000 0.0021 0.0391 0.2664 0.6924
#DG from neighbouring lambda in kcal/mol
0.0000 0.1000 -6.6096 0.0347
0.1000 0.2000 -0.7603 0.0235
0.2000 0.3000 0.2128 0.0192
0.3000 0.4000 0.3468 0.0174
0.4000 0.5000 0.3153 0.0173
0.5000 0.6000 0.2557 0.0164
0.6000 0.7000 0.2983 0.0160
0.7000 0.8000 0.3277 0.0161
0.8000 0.9000 0.3789 0.0160
0.9000 1.0000 0.4023 0.0170
#PMF from MBAR in kcal/mol
0.0000 0.0000 0.0000
0.1000 -6.6096 0.0347
0.2000 -7.3699 0.0458
0.3000 -7.1571 0.0524
0.4000 -6.8104 0.0575
0.5000 -6.4951 0.0623
0.6000 -6.2393 0.0665
0.7000 -5.9410 0.0702
0.8000 -5.6133 0.0739
0.9000 -5.2344 0.0773
1.0000 -4.8321 0.0809
#TI average gradients and standard deviation in kcal/mol
0.0000 -142.4695 19.1440
0.1000 -21.0642 14.3041
0.2000 0.2712 11.4642
0.3000 2.7687 10.6754
0.4000 3.1965 10.1432
0.5000 2.7438 9.4989
0.6000 2.5659 9.5171
0.7000 3.0903 9.3649
0.8000 3.3631 9.2482
0.9000 4.0820 9.3712
1.0000 7.3995 9.7223
#PMF from TI in kcal/mol
0.0000 0.0000
0.1000 -8.1767
0.2000 -9.2163
0.3000 -9.0643
0.4000 -8.7661
0.5000 -8.4691
0.6000 -8.2036
0.7000 -7.9208
0.8000 -7.5981
0.9000 -7.2258
1.0000 -6.6518
#MBAR free energy difference in kcal/mol: 
-4.832133, 0.080862 
#TI free energy difference in kcal/mol: 
-6.651773  
Starting /export/users/common/BioSimSpace/sire.app/bin/analyse_freenrg: number of threads equals 32
