# Analysing data contained in file(s) ['lambda_0.0000/simfile.dat', 'lambda_0.1000/simfile.dat', 'lambda_0.2000/simfile.dat', 'lambda_0.3000/simfile.dat', 'lambda_0.4000/simfile.dat', 'lambda_0.5000/simfile.dat', 'lambda_0.6000/simfile.dat', 'lambda_0.7000/simfile.dat', 'lambda_0.8000/simfile.dat', 'lambda_0.9000/simfile.dat', 'lambda_1.0000/simfile.dat']
#Overlap matrix
0.9062 0.0932 0.0005 0.0000 0.0000 0.0000 0.0000 0.0000 0.0000 0.0000 0.0000
0.0932 0.7411 0.1632 0.0025 0.0000 0.0000 0.0000 0.0000 0.0000 0.0000 0.0000
0.0005 0.1632 0.6642 0.1692 0.0030 0.0000 0.0000 0.0000 0.0000 0.0000 0.0000
0.0000 0.0025 0.1692 0.6491 0.1758 0.0034 0.0000 0.0000 0.0000 0.0000 0.0000
0.0000 0.0000 0.0030 0.1758 0.6458 0.1717 0.0038 0.0000 0.0000 0.0000 0.0000
0.0000 0.0000 0.0000 0.0034 0.1717 0.6415 0.1796 0.0038 0.0000 0.0000 0.0000
0.0000 0.0000 0.0000 0.0000 0.0038 0.1796 0.6340 0.1793 0.0033 0.0000 0.0000
0.0000 0.0000 0.0000 0.0000 0.0000 0.0038 0.1793 0.6500 0.1644 0.0026 0.0000
0.0000 0.0000 0.0000 0.0000 0.0000 0.0000 0.0033 0.1644 0.6672 0.1641 0.0010
0.0000 0.0000 0.0000 0.0000 0.0000 0.0000 0.0000 0.0026 0.1641 0.7313 0.1019
0.0000 0.0000 0.0000 0.0000 0.0000 0.0000 0.0000 0.0000 0.0010 0.1019 0.8971
#DG from neighbouring lambda in kcal/mol
0.0000 0.1000 0.1301 0.0603
0.1000 0.2000 -0.4446 0.0410
0.2000 0.3000 -0.5070 0.0395
0.3000 0.4000 -0.6758 0.0383
0.4000 0.5000 -0.8605 0.0388
0.5000 0.6000 -1.0320 0.0375
0.6000 0.7000 -1.1812 0.0376
0.7000 0.8000 -1.2605 0.0403
0.8000 0.9000 -0.9965 0.0408
0.9000 1.0000 -0.0585 0.0569
#PMF from MBAR in kcal/mol
0.0000 0.0000 0.0000
0.1000 0.1301 0.0603
0.2000 -0.3145 0.0783
0.3000 -0.8215 0.0919
0.4000 -1.4973 0.1033
0.5000 -2.3577 0.1137
0.6000 -3.3897 0.1228
0.7000 -4.5709 0.1313
0.8000 -5.8313 0.1401
0.9000 -6.8278 0.1485
1.0000 -6.8864 0.1615
#TI average gradients and standard deviation in kcal/mol
0.0000 8.8506 23.0598
0.1000 -3.4145 14.9492
0.2000 -3.3375 13.7855
0.3000 -6.0955 13.2092
0.4000 -7.4524 14.0044
0.5000 -9.4334 15.2730
0.6000 -11.6264 13.2707
0.7000 -11.6274 13.0627
0.8000 -11.8486 13.9634
0.9000 -5.5930 15.9656
1.0000 5.8967 17.8930
#PMF from TI in kcal/mol
0.0000 0.0000
0.1000 0.2718
0.2000 -0.0658
0.3000 -0.5374
0.4000 -1.2148
0.5000 -2.0591
0.6000 -3.1121
0.7000 -4.2748
0.8000 -5.4486
0.9000 -6.3207
1.0000 -6.3055
#MBAR free energy difference in kcal/mol: 
-6.886367, 0.161468 
#TI free energy difference in kcal/mol: 
-6.305515  
Starting /export/users/common/BioSimSpace/sire.app/bin/analyse_freenrg: number of threads equals 32
