# Analysing data contained in file(s) ['lambda_0.0000/simfile.dat', 'lambda_0.1000/simfile.dat', 'lambda_0.2000/simfile.dat', 'lambda_0.3000/simfile.dat', 'lambda_0.4000/simfile.dat', 'lambda_0.5000/simfile.dat', 'lambda_0.6000/simfile.dat', 'lambda_0.7000/simfile.dat', 'lambda_0.8000/simfile.dat', 'lambda_0.9000/simfile.dat', 'lambda_1.0000/simfile.dat']
#Overlap matrix
0.7929 0.2003 0.0068 0.0000 0.0000 0.0000 0.0000 0.0000 0.0000 0.0000 0.0000
0.2003 0.5918 0.1996 0.0083 0.0000 0.0000 0.0000 0.0000 0.0000 0.0000 0.0000
0.0068 0.1996 0.5874 0.1983 0.0078 0.0000 0.0000 0.0000 0.0000 0.0000 0.0000
0.0000 0.0083 0.1983 0.5867 0.1996 0.0071 0.0000 0.0000 0.0000 0.0000 0.0000
0.0000 0.0000 0.0078 0.1996 0.5905 0.1939 0.0081 0.0000 0.0000 0.0000 0.0000
0.0000 0.0000 0.0000 0.0071 0.1939 0.5908 0.2007 0.0075 0.0000 0.0000 0.0000
0.0000 0.0000 0.0000 0.0000 0.0081 0.2007 0.5874 0.1975 0.0063 0.0000 0.0000
0.0000 0.0000 0.0000 0.0000 0.0000 0.0075 0.1975 0.5973 0.1925 0.0053 0.0000
0.0000 0.0000 0.0000 0.0000 0.0000 0.0000 0.0063 0.1925 0.6201 0.1804 0.0006
0.0000 0.0000 0.0000 0.0000 0.0000 0.0000 0.0000 0.0053 0.1804 0.7338 0.0805
0.0000 0.0000 0.0000 0.0000 0.0000 0.0000 0.0000 0.0000 0.0006 0.0805 0.9190
#DG from neighbouring lambda in kcal/mol
0.0000 0.1000 -4.9765 0.0237
0.1000 0.2000 -3.2953 0.0230
0.2000 0.3000 -2.6707 0.0230
0.3000 0.4000 -2.4294 0.0230
0.4000 0.5000 -2.4162 0.0235
0.5000 0.6000 -2.4405 0.0229
0.6000 0.7000 -2.6293 0.0233
0.7000 0.8000 -3.0268 0.0240
0.8000 0.9000 -3.6274 0.0259
0.9000 1.0000 -5.6276 0.0453
#PMF from MBAR in kcal/mol
0.0000 0.0000 0.0000
0.1000 -4.9765 0.0237
0.2000 -8.2718 0.0378
0.3000 -10.9425 0.0478
0.4000 -13.3719 0.0561
0.5000 -15.7881 0.0635
0.6000 -18.2286 0.0699
0.7000 -20.8579 0.0759
0.8000 -23.8847 0.0817
0.9000 -27.5121 0.0877
1.0000 -33.1397 0.1006
#TI average gradients and standard deviation in kcal/mol
0.0000 -70.0525 13.4984
0.1000 -39.9271 12.8381
0.2000 -28.8237 12.9027
0.3000 -26.1310 11.9192
0.4000 -24.3337 12.7683
0.5000 -22.5163 11.1419
0.6000 -24.7475 12.4387
0.7000 -26.6533 12.0635
0.8000 -32.0619 12.7693
0.9000 -44.8509 15.3143
1.0000 -78.8948 19.7210
#PMF from TI in kcal/mol
0.0000 0.0000
0.1000 -5.4990
0.2000 -8.9365
0.3000 -11.6842
0.4000 -14.2075
0.5000 -16.5500
0.6000 -18.9132
0.7000 -21.4832
0.8000 -24.4190
0.9000 -28.2646
1.0000 -34.4519
#MBAR free energy difference in kcal/mol: 
-33.139708, 0.100573 
#TI free energy difference in kcal/mol: 
-34.451894  
Starting /export/users/common/BioSimSpace/sire.app/bin/analyse_freenrg: number of threads equals 32
