# Analysing data contained in file(s) ['lambda_0.0000/simfile.dat', 'lambda_0.1000/simfile.dat', 'lambda_0.2000/simfile.dat', 'lambda_0.3000/simfile.dat', 'lambda_0.4000/simfile.dat', 'lambda_0.5000/simfile.dat', 'lambda_0.6000/simfile.dat', 'lambda_0.7000/simfile.dat', 'lambda_0.8000/simfile.dat', 'lambda_0.9000/simfile.dat', 'lambda_1.0000/simfile.dat']
#Overlap matrix
1.0000 0.0000 0.0000 0.0000 0.0000 0.0000 0.0000 0.0000 0.0000 0.0000 0.0000
0.0000 0.9616 0.0384 0.0000 0.0000 0.0000 0.0000 0.0000 0.0000 0.0000 0.0000
0.0000 0.0384 0.8826 0.0790 0.0001 0.0000 0.0000 0.0000 0.0000 0.0000 0.0000
0.0000 0.0000 0.0790 0.8187 0.1022 0.0002 0.0000 0.0000 0.0000 0.0000 0.0000
0.0000 0.0000 0.0001 0.1022 0.7904 0.1072 0.0002 0.0000 0.0000 0.0000 0.0000
0.0000 0.0000 0.0000 0.0002 0.1072 0.7792 0.1131 0.0003 0.0000 0.0000 0.0000
0.0000 0.0000 0.0000 0.0000 0.0002 0.1131 0.7600 0.1263 0.0004 0.0000 0.0000
0.0000 0.0000 0.0000 0.0000 0.0000 0.0003 0.1263 0.7488 0.1241 0.0005 0.0000
0.0000 0.0000 0.0000 0.0000 0.0000 0.0000 0.0004 0.1241 0.7449 0.1300 0.0006
0.0000 0.0000 0.0000 0.0000 0.0000 0.0000 0.0000 0.0005 0.1300 0.7422 0.1273
0.0000 0.0000 0.0000 0.0000 0.0000 0.0000 0.0000 0.0000 0.0006 0.1273 0.8721
#DG from neighbouring lambda in kcal/mol
0.0000 0.1000 23.8096 0.1454
0.1000 0.2000 6.5284 0.1115
0.2000 0.3000 7.3830 0.0742
0.3000 0.4000 7.0174 0.0633
0.4000 0.5000 6.2141 0.0614
0.5000 0.6000 5.1944 0.0593
0.6000 0.7000 4.4387 0.0551
0.7000 0.8000 4.0199 0.0557
0.8000 0.9000 4.2374 0.0539
0.9000 1.0000 6.4769 0.0548
#PMF from MBAR in kcal/mol
0.0000 0.0000 0.0000
0.1000 23.8096 0.1454
0.2000 30.3379 0.1019
0.3000 37.7209 0.0804
0.4000 44.7383 0.0668
0.5000 50.9524 0.0592
0.6000 56.1468 0.0592
0.7000 60.5855 0.0657
0.8000 64.6054 0.0772
0.9000 68.8428 0.0911
1.0000 75.3197 0.1073
#TI average gradients and standard deviation in kcal/mol
0.0000 2371.5507 33031.5106
0.1000 59.6004 28.9718
0.2000 72.8015 20.6188
0.3000 73.0559 18.2048
0.4000 66.5406 18.0082
0.5000 57.1049 17.4738
0.6000 48.2729 17.2951
0.7000 42.3053 16.7534
0.8000 39.8559 16.2619
0.9000 47.7652 16.1111
1.0000 94.7477 17.1056
#PMF from TI in kcal/mol
0.0000 0.0000
0.1000 121.5576
0.2000 128.1777
0.3000 135.4705
0.4000 142.4503
0.5000 148.6326
0.6000 153.9015
0.7000 158.4304
0.8000 162.5385
0.9000 166.9195
1.0000 174.0452
#MBAR free energy difference in kcal/mol: 
75.319697, 0.107253 
#TI free energy difference in kcal/mol: 
174.045175  
Starting /export/users/common/BioSimSpace/sire.app/bin/analyse_freenrg: number of threads equals 32
