# Analysing data contained in file(s) ['lambda_0.0000/simfile.dat', 'lambda_0.1000/simfile.dat', 'lambda_0.2000/simfile.dat', 'lambda_0.3000/simfile.dat', 'lambda_0.4000/simfile.dat', 'lambda_0.5000/simfile.dat', 'lambda_0.6000/simfile.dat', 'lambda_0.7000/simfile.dat', 'lambda_0.8000/simfile.dat', 'lambda_0.9000/simfile.dat', 'lambda_1.0000/simfile.dat']
#Overlap matrix
0.9486 0.0514 0.0000 0.0000 0.0000 0.0000 0.0000 0.0000 0.0000 0.0000 0.0000
0.0514 0.8648 0.0838 0.0000 0.0000 0.0000 0.0000 0.0000 0.0000 0.0000 0.0000
0.0000 0.0838 0.8438 0.0723 0.0001 0.0000 0.0000 0.0000 0.0000 0.0000 0.0000
0.0000 0.0000 0.0723 0.8285 0.0991 0.0001 0.0000 0.0000 0.0000 0.0000 0.0000
0.0000 0.0000 0.0001 0.0991 0.7993 0.1013 0.0001 0.0000 0.0000 0.0000 0.0000
0.0000 0.0000 0.0000 0.0001 0.1013 0.8032 0.0954 0.0001 0.0000 0.0000 0.0000
0.0000 0.0000 0.0000 0.0000 0.0001 0.0954 0.7927 0.1115 0.0002 0.0000 0.0000
0.0000 0.0000 0.0000 0.0000 0.0000 0.0001 0.1115 0.7713 0.1165 0.0005 0.0000
0.0000 0.0000 0.0000 0.0000 0.0000 0.0000 0.0002 0.1165 0.7545 0.1284 0.0003
0.0000 0.0000 0.0000 0.0000 0.0000 0.0000 0.0000 0.0005 0.1284 0.7771 0.0940
0.0000 0.0000 0.0000 0.0000 0.0000 0.0000 0.0000 0.0000 0.0003 0.0940 0.9057
#DG from neighbouring lambda in kcal/mol
0.0000 0.1000 3.7379 0.2001
0.1000 0.2000 4.6040 0.1509
0.2000 0.3000 3.8414 0.1645
0.3000 0.4000 3.5382 0.1360
0.4000 0.5000 2.4827 0.1342
0.5000 0.6000 1.7247 0.1393
0.6000 0.7000 0.7707 0.1261
0.7000 0.8000 0.0192 0.1223
0.8000 0.9000 -0.2457 0.1147
0.9000 1.0000 -0.6112 0.1404
#PMF from MBAR in kcal/mol
0.0000 0.0000 0.0000
0.1000 3.7379 0.2001
0.2000 8.3419 0.2596
0.3000 12.1833 0.3147
0.4000 15.7215 0.3493
0.5000 18.2042 0.3803
0.6000 19.9289 0.4105
0.7000 20.6996 0.4347
0.8000 20.7187 0.4566
0.9000 20.4730 0.4754
1.0000 19.8619 0.5002
#TI average gradients and standard deviation in kcal/mol
0.0000 24.9540 22.9066
0.1000 47.9700 20.2393
0.2000 45.6333 19.7066
0.3000 38.0113 18.7301
0.4000 29.6223 18.4373
0.5000 21.5651 17.4141
0.6000 9.9571 17.5389
0.7000 5.8972 17.1722
0.8000 -0.4759 16.8031
0.9000 -3.5386 16.5147
1.0000 -962373008.7518 45538022242.7348
#PMF from TI in kcal/mol
0.0000 0.0000
0.1000 3.6462
0.2000 8.3264
0.3000 12.5086
0.4000 15.8903
0.5000 18.4496
0.6000 20.0258
0.7000 20.8185
0.8000 21.0895
0.9000 20.8888
1.0000 -48118629.7257
#MBAR free energy difference in kcal/mol: 
19.861856, 0.500233 
#TI free energy difference in kcal/mol: 
-48118629.725716  
Starting /export/users/common/BioSimSpace/sire.app/bin/analyse_freenrg: number of threads equals 32
