# Analysing data contained in file(s) ['lambda_0.0000/simfile.dat', 'lambda_0.1000/simfile.dat', 'lambda_0.2000/simfile.dat', 'lambda_0.3000/simfile.dat', 'lambda_0.4000/simfile.dat', 'lambda_0.5000/simfile.dat', 'lambda_0.6000/simfile.dat', 'lambda_0.7000/simfile.dat', 'lambda_0.8000/simfile.dat', 'lambda_0.9000/simfile.dat', 'lambda_1.0000/simfile.dat']
#Overlap matrix
0.5513 0.3024 0.1165 0.0266 0.0030 0.0002 0.0000 0.0000 0.0000 0.0000 0.0000
0.3024 0.3433 0.2411 0.0933 0.0181 0.0018 0.0001 0.0000 0.0000 0.0000 0.0000
0.1165 0.2411 0.3177 0.2259 0.0824 0.0152 0.0011 0.0000 0.0000 0.0000 0.0000
0.0266 0.0933 0.2259 0.3232 0.2352 0.0833 0.0119 0.0006 0.0000 0.0000 0.0000
0.0030 0.0181 0.0824 0.2352 0.3418 0.2393 0.0712 0.0086 0.0004 0.0000 0.0000
0.0002 0.0018 0.0152 0.0833 0.2393 0.3517 0.2361 0.0659 0.0063 0.0002 0.0000
0.0000 0.0001 0.0011 0.0119 0.0712 0.2361 0.3738 0.2452 0.0557 0.0046 0.0001
0.0000 0.0000 0.0000 0.0006 0.0086 0.0659 0.2452 0.3873 0.2349 0.0532 0.0042
0.0000 0.0000 0.0000 0.0000 0.0004 0.0063 0.0557 0.2349 0.4034 0.2475 0.0518
0.0000 0.0000 0.0000 0.0000 0.0000 0.0002 0.0046 0.0532 0.2475 0.4232 0.2713
0.0000 0.0000 0.0000 0.0000 0.0000 0.0000 0.0001 0.0042 0.0518 0.2713 0.6726
#DG from neighbouring lambda in kcal/mol
0.0000 0.1000 0.7621 0.0233
0.1000 0.2000 1.9867 0.0220
0.2000 0.3000 2.8254 0.0247
0.3000 0.4000 3.4361 0.0252
0.4000 0.5000 3.9817 0.0266
0.5000 0.6000 4.4105 0.0294
0.6000 0.7000 4.7478 0.0304
0.7000 0.8000 4.9632 0.0336
0.8000 0.9000 5.1432 0.0330
0.9000 1.0000 5.2870 0.0365
#PMF from MBAR in kcal/mol
0.0000 0.0000 0.0000
0.1000 0.7621 0.0233
0.2000 2.7489 0.0404
0.3000 5.5743 0.0555
0.4000 9.0104 0.0685
0.5000 12.9921 0.0797
0.6000 17.4026 0.0912
0.7000 22.1504 0.1018
0.8000 27.1135 0.1129
0.9000 32.2568 0.1228
1.0000 37.5438 0.1331
#TI average gradients and standard deviation in kcal/mol
0.0000 0.6868 6.0591
0.1000 14.1384 5.7791
0.2000 25.3838 6.6237
0.3000 30.4707 7.6465
0.4000 36.6896 7.0204
0.5000 40.9785 6.4170
0.6000 45.4662 8.4479
0.7000 49.6609 8.4932
0.8000 51.0573 7.1676
0.9000 52.9685 7.0450
1.0000 54.6738 9.4639
#PMF from TI in kcal/mol
0.0000 0.0000
0.1000 0.7413
0.2000 2.7174
0.3000 5.5101
0.4000 8.8681
0.5000 12.7515
0.6000 17.0738
0.7000 21.8301
0.8000 26.8660
0.9000 32.0673
1.0000 37.4494
#MBAR free energy difference in kcal/mol: 
37.543778, 0.133060 
#TI free energy difference in kcal/mol: 
37.449426  
Starting /export/users/common/BioSimSpace/sire.app/bin/analyse_freenrg: number of threads equals 32
