# Analysing data contained in file(s) ['lambda_0.0000/simfile.dat', 'lambda_0.1000/simfile.dat', 'lambda_0.2000/simfile.dat', 'lambda_0.3000/simfile.dat', 'lambda_0.4000/simfile.dat', 'lambda_0.5000/simfile.dat', 'lambda_0.6000/simfile.dat', 'lambda_0.7000/simfile.dat', 'lambda_0.8000/simfile.dat', 'lambda_0.9000/simfile.dat', 'lambda_1.0000/simfile.dat']
#Overlap matrix
0.7488 0.2268 0.0237 0.0007 0.0000 0.0000 0.0000 0.0000 0.0000 0.0000 0.0000
0.2268 0.5037 0.2425 0.0264 0.0006 0.0000 0.0000 0.0000 0.0000 0.0000 0.0000
0.0237 0.2425 0.4808 0.2290 0.0234 0.0006 0.0000 0.0000 0.0000 0.0000 0.0000
0.0007 0.0264 0.2290 0.4907 0.2265 0.0259 0.0008 0.0000 0.0000 0.0000 0.0000
0.0000 0.0006 0.0234 0.2265 0.4817 0.2382 0.0286 0.0010 0.0000 0.0000 0.0000
0.0000 0.0000 0.0006 0.0259 0.2382 0.4696 0.2331 0.0317 0.0010 0.0000 0.0000
0.0000 0.0000 0.0000 0.0008 0.0286 0.2331 0.4710 0.2382 0.0275 0.0009 0.0000
0.0000 0.0000 0.0000 0.0000 0.0010 0.0317 0.2382 0.4696 0.2275 0.0310 0.0011
0.0000 0.0000 0.0000 0.0000 0.0000 0.0010 0.0275 0.2275 0.4712 0.2421 0.0308
0.0000 0.0000 0.0000 0.0000 0.0000 0.0000 0.0009 0.0310 0.2421 0.4672 0.2588
0.0000 0.0000 0.0000 0.0000 0.0000 0.0000 0.0000 0.0011 0.0308 0.2588 0.7094
#DG from neighbouring lambda in kcal/mol
0.0000 0.1000 -9.1036 0.0402
0.1000 0.2000 -6.7045 0.0343
0.2000 0.3000 -5.5871 0.0361
0.3000 0.4000 -4.9895 0.0365
0.4000 0.5000 -4.4526 0.0342
0.5000 0.6000 -3.9067 0.0342
0.6000 0.7000 -3.3460 0.0337
0.7000 0.8000 -2.9111 0.0352
0.8000 0.9000 -2.4531 0.0329
0.9000 1.0000 -2.0428 0.0345
#PMF from MBAR in kcal/mol
0.0000 0.0000 0.0000
0.1000 -9.1036 0.0402
0.2000 -15.8081 0.0622
0.3000 -21.3952 0.0792
0.4000 -26.3847 0.0934
0.5000 -30.8373 0.1048
0.6000 -34.7440 0.1150
0.7000 -38.0899 0.1241
0.8000 -41.0010 0.1331
0.9000 -43.4542 0.1409
1.0000 -45.4970 0.1486
#TI average gradients and standard deviation in kcal/mol
0.0000 -111.3196 12.0636
0.1000 -75.2095 10.7668
0.2000 -61.0083 10.1098
0.3000 -53.3001 10.1400
0.4000 -46.8375 10.2535
0.5000 -41.7807 9.9836
0.6000 -35.8806 9.8243
0.7000 -30.8131 9.6522
0.8000 -27.8253 9.9585
0.9000 -23.1083 9.6493
1.0000 -16.8000 9.4713
#PMF from TI in kcal/mol
0.0000 0.0000
0.1000 -9.3265
0.2000 -16.1373
0.3000 -21.8528
0.4000 -26.8596
0.5000 -31.2906
0.6000 -35.1736
0.7000 -38.5083
0.8000 -41.4402
0.9000 -43.9869
1.0000 -45.9823
#MBAR free energy difference in kcal/mol: 
-45.496960, 0.148649 
#TI free energy difference in kcal/mol: 
-45.982320  
Starting /export/users/common/BioSimSpace/sire.app/bin/analyse_freenrg: number of threads equals 32
