# Analysing data contained in file(s) ['lambda_0.0000/simfile.dat', 'lambda_0.1000/simfile.dat', 'lambda_0.2000/simfile.dat', 'lambda_0.3000/simfile.dat', 'lambda_0.4000/simfile.dat', 'lambda_0.5000/simfile.dat', 'lambda_0.6000/simfile.dat', 'lambda_0.7000/simfile.dat', 'lambda_0.8000/simfile.dat', 'lambda_0.9000/simfile.dat', 'lambda_1.0000/simfile.dat']
#Overlap matrix
0.9409 0.0590 0.0001 0.0000 0.0000 0.0000 0.0000 0.0000 0.0000 0.0000 0.0000
0.0590 0.7915 0.1482 0.0013 0.0000 0.0000 0.0000 0.0000 0.0000 0.0000 0.0000
0.0001 0.1482 0.6999 0.1501 0.0017 0.0000 0.0000 0.0000 0.0000 0.0000 0.0000
0.0000 0.0013 0.1501 0.6802 0.1654 0.0031 0.0000 0.0000 0.0000 0.0000 0.0000
0.0000 0.0000 0.0017 0.1654 0.6473 0.1807 0.0049 0.0000 0.0000 0.0000 0.0000
0.0000 0.0000 0.0000 0.0031 0.1807 0.6243 0.1863 0.0055 0.0000 0.0000 0.0000
0.0000 0.0000 0.0000 0.0000 0.0049 0.1863 0.6206 0.1829 0.0052 0.0000 0.0000
0.0000 0.0000 0.0000 0.0000 0.0000 0.0055 0.1829 0.6283 0.1787 0.0047 0.0000
0.0000 0.0000 0.0000 0.0000 0.0000 0.0000 0.0052 0.1787 0.6563 0.1579 0.0019
0.0000 0.0000 0.0000 0.0000 0.0000 0.0000 0.0000 0.0047 0.1579 0.7281 0.1092
0.0000 0.0000 0.0000 0.0000 0.0000 0.0000 0.0000 0.0000 0.0019 0.1092 0.8889
#DG from neighbouring lambda in kcal/mol
0.0000 0.1000 5.6583 0.0525
0.1000 0.2000 3.4262 0.0294
0.2000 0.3000 2.5185 0.0290
0.3000 0.4000 1.7371 0.0268
0.4000 0.5000 1.3244 0.0247
0.5000 0.6000 1.2131 0.0239
0.6000 0.7000 1.3058 0.0242
0.7000 0.8000 1.6215 0.0247
0.8000 0.9000 2.8761 0.0275
0.9000 1.0000 8.4260 0.0360
#PMF from MBAR in kcal/mol
0.0000 0.0000 0.0000
0.1000 5.6583 0.0525
0.2000 9.0845 0.0632
0.3000 11.6030 0.0720
0.4000 13.3401 0.0790
0.5000 14.6645 0.0848
0.6000 15.8776 0.0899
0.7000 17.1833 0.0948
0.8000 18.8048 0.0996
0.9000 21.6809 0.1048
1.0000 30.1069 0.1123
#TI average gradients and standard deviation in kcal/mol
0.0000 73.9218 16.4211
0.1000 39.3638 15.7290
0.2000 29.6017 15.9320
0.3000 21.4410 14.6940
0.4000 14.8246 13.8169
0.5000 12.6584 13.3254
0.6000 11.1870 13.6220
0.7000 13.2013 14.2782
0.8000 19.4589 14.5688
0.9000 44.6197 16.4465
1.0000 152.1108 20.8045
#PMF from TI in kcal/mol
0.0000 0.0000
0.1000 5.6643
0.2000 9.1126
0.3000 11.6647
0.4000 13.4780
0.5000 14.8521
0.6000 16.0444
0.7000 17.2638
0.8000 18.8968
0.9000 22.1007
1.0000 31.9373
#MBAR free energy difference in kcal/mol: 
30.106928, 0.112288 
#TI free energy difference in kcal/mol: 
31.937276  
Starting /export/users/common/BioSimSpace/sire.app/bin/analyse_freenrg: number of threads equals 32
