# Analysing data contained in file(s) ['lambda_0.0000/simfile.dat', 'lambda_0.1000/simfile.dat', 'lambda_0.2000/simfile.dat', 'lambda_0.3000/simfile.dat', 'lambda_0.4000/simfile.dat', 'lambda_0.5000/simfile.dat', 'lambda_0.6000/simfile.dat', 'lambda_0.7000/simfile.dat', 'lambda_0.8000/simfile.dat', 'lambda_0.9000/simfile.dat', 'lambda_1.0000/simfile.dat']
#Overlap matrix
0.9992 0.0008 0.0000 0.0000 0.0000 0.0000 0.0000 0.0000 0.0000 0.0000 0.0000
0.0008 0.9677 0.0316 0.0000 0.0000 0.0000 0.0000 0.0000 0.0000 0.0000 0.0000
0.0000 0.0316 0.8861 0.0823 0.0001 0.0000 0.0000 0.0000 0.0000 0.0000 0.0000
0.0000 0.0000 0.0823 0.8267 0.0903 0.0007 0.0000 0.0000 0.0000 0.0000 0.0000
0.0000 0.0000 0.0001 0.0903 0.7073 0.1970 0.0054 0.0000 0.0000 0.0000 0.0000
0.0000 0.0000 0.0000 0.0007 0.1970 0.6205 0.1770 0.0047 0.0000 0.0000 0.0000
0.0000 0.0000 0.0000 0.0000 0.0054 0.1770 0.6099 0.2077 0.0000 0.0000 0.0000
0.0000 0.0000 0.0000 0.0000 0.0000 0.0047 0.2077 0.7874 0.0001 0.0000 0.0000
0.0000 0.0000 0.0000 0.0000 0.0000 0.0000 0.0000 0.0001 0.8388 0.1611 0.0000
0.0000 0.0000 0.0000 0.0000 0.0000 0.0000 0.0000 0.0000 0.1611 0.8389 0.0000
0.0000 0.0000 0.0000 0.0000 0.0000 0.0000 0.0000 0.0000 0.0000 0.0000 1.0000
#DG from neighbouring lambda in kcal/mol
0.0000 0.1000 25.7246 2.4170
0.1000 0.2000 14.5828 0.3631
0.2000 0.3000 8.1444 0.2123
0.3000 0.4000 4.0211 0.1997
0.4000 0.5000 1.6099 0.1141
0.5000 0.6000 0.7716 0.1220
0.6000 0.7000 0.8547 0.1097
0.7000 0.8000 -0.9027 5.5224
0.8000 0.9000 -6.9437 0.1367
0.9000 1.0000 -98.6036 4.4319
#PMF from MBAR in kcal/mol
0.0000 0.0000 0.0000
0.1000 25.7246 2.4170
0.2000 40.3074 2.4459
0.3000 48.4518 2.4569
0.4000 52.4729 2.4668
0.5000 54.0827 2.4712
0.6000 54.8543 2.4758
0.7000 55.7089 2.4798
0.8000 54.8062 6.0543
0.9000 47.8625 6.0565
1.0000 -50.7411 2.4699
#TI average gradients and standard deviation in kcal/mol
0.0000 340.8301 34.9185
0.1000 186.3771 21.7574
0.2000 112.7524 17.6058
0.3000 61.9933 19.5924
0.4000 21.6450 15.0203
0.5000 8.3669 12.3820
0.6000 5.6422 10.2714
0.7000 21.1809 15.4845
0.8000 -73.2480 14.3478
0.9000 -49.2363 53.8566
1.0000 -1800.1292 594.1428
#PMF from TI in kcal/mol
0.0000 0.0000
0.1000 26.3604
0.2000 41.3168
0.3000 50.0541
0.4000 54.2360
0.5000 55.7366
0.6000 56.4371
0.7000 57.7782
0.8000 55.1749
0.9000 49.0507
1.0000 -43.4176
#MBAR free energy difference in kcal/mol: 
-50.741063, 2.469880 
#TI free energy difference in kcal/mol: 
-43.417612  #WARNING SUBSAMPLING GRADIENTS RESULTED IN LESS THAN 50 SAMPLES, CONSIDER RERUN WITHOUT SUBSAMPLE OPTION 
Starting /export/users/common/BioSimSpace/sire.app/bin/analyse_freenrg: number of threads equals 32
