# Analysing data contained in file(s) ['lambda_0.0000/simfile.dat', 'lambda_0.1000/simfile.dat', 'lambda_0.2000/simfile.dat', 'lambda_0.3000/simfile.dat', 'lambda_0.4000/simfile.dat', 'lambda_0.5000/simfile.dat', 'lambda_0.6000/simfile.dat', 'lambda_0.7000/simfile.dat', 'lambda_0.8000/simfile.dat', 'lambda_0.9000/simfile.dat', 'lambda_1.0000/simfile.dat']
#Overlap matrix
0.7423 0.2297 0.0265 0.0014 0.0000 0.0000 0.0000 0.0000 0.0000 0.0000 0.0000
0.2297 0.4866 0.2393 0.0417 0.0027 0.0001 0.0000 0.0000 0.0000 0.0000 0.0000
0.0265 0.2393 0.4408 0.2441 0.0463 0.0030 0.0001 0.0000 0.0000 0.0000 0.0000
0.0014 0.0417 0.2441 0.4223 0.2409 0.0466 0.0029 0.0001 0.0000 0.0000 0.0000
0.0000 0.0027 0.0463 0.2409 0.4195 0.2428 0.0451 0.0026 0.0000 0.0000 0.0000
0.0000 0.0001 0.0030 0.0466 0.2428 0.4217 0.2412 0.0423 0.0022 0.0000 0.0000
0.0000 0.0000 0.0001 0.0029 0.0451 0.2412 0.4293 0.2393 0.0401 0.0019 0.0000
0.0000 0.0000 0.0000 0.0001 0.0026 0.0423 0.2393 0.4369 0.2395 0.0378 0.0017
0.0000 0.0000 0.0000 0.0000 0.0000 0.0022 0.0401 0.2395 0.4416 0.2397 0.0368
0.0000 0.0000 0.0000 0.0000 0.0000 0.0000 0.0019 0.0378 0.2397 0.4560 0.2646
0.0000 0.0000 0.0000 0.0000 0.0000 0.0000 0.0000 0.0017 0.0368 0.2646 0.6969
#DG from neighbouring lambda in kcal/mol
0.0000 0.1000 1.7495 0.0155
0.1000 0.2000 1.8964 0.0128
0.2000 0.3000 1.9575 0.0117
0.3000 0.4000 1.9265 0.0116
0.4000 0.5000 1.8538 0.0115
0.5000 0.6000 1.7812 0.0118
0.6000 0.7000 1.7043 0.0121
0.7000 0.8000 1.6415 0.0123
0.8000 0.9000 1.6022 0.0125
0.9000 1.0000 1.6286 0.0130
#PMF from MBAR in kcal/mol
0.0000 0.0000 0.0000
0.1000 1.7495 0.0155
0.2000 3.6460 0.0238
0.3000 5.6035 0.0291
0.4000 7.5300 0.0336
0.5000 9.3838 0.0374
0.6000 11.1650 0.0411
0.7000 12.8693 0.0445
0.8000 14.5108 0.0478
0.9000 16.1130 0.0510
1.0000 17.7415 0.0541
#TI average gradients and standard deviation in kcal/mol
0.0000 16.1795 11.7426
0.1000 18.3745 10.1021
0.2000 19.5426 9.0992
0.3000 19.4822 8.8325
0.4000 18.9110 8.7502
0.5000 17.9655 9.0636
0.6000 17.4730 9.0813
0.7000 16.7052 9.4229
0.8000 16.2896 9.4839
0.9000 16.0099 9.5695
1.0000 17.7119 9.6769
#PMF from TI in kcal/mol
0.0000 0.0000
0.1000 1.7277
0.2000 3.6236
0.3000 5.5748
0.4000 7.4945
0.5000 9.3383
0.6000 11.1102
0.7000 12.8191
0.8000 14.4689
0.9000 16.0838
1.0000 17.7699
#MBAR free energy difference in kcal/mol: 
17.741546, 0.054058 
#TI free energy difference in kcal/mol: 
17.769932  
Starting /export/users/common/BioSimSpace/sire.app/bin/analyse_freenrg: number of threads equals 32
