# Analysing data contained in file(s) ['lambda_0.0000/simfile.dat', 'lambda_0.1000/simfile.dat', 'lambda_0.2000/simfile.dat', 'lambda_0.3000/simfile.dat', 'lambda_0.4000/simfile.dat', 'lambda_0.5000/simfile.dat', 'lambda_0.6000/simfile.dat', 'lambda_0.7000/simfile.dat', 'lambda_0.8000/simfile.dat', 'lambda_0.9000/simfile.dat', 'lambda_1.0000/simfile.dat']
#Overlap matrix
0.8524 0.1451 0.0024 0.0000 0.0000 0.0000 0.0000 0.0000 0.0000 0.0000 0.0000
0.1451 0.6782 0.1725 0.0041 0.0000 0.0000 0.0000 0.0000 0.0000 0.0000 0.0000
0.0024 0.1725 0.6373 0.1832 0.0045 0.0000 0.0000 0.0000 0.0000 0.0000 0.0000
0.0000 0.0041 0.1832 0.6240 0.1842 0.0046 0.0000 0.0000 0.0000 0.0000 0.0000
0.0000 0.0000 0.0045 0.1842 0.6231 0.1844 0.0038 0.0000 0.0000 0.0000 0.0000
0.0000 0.0000 0.0000 0.0046 0.1844 0.6311 0.1765 0.0035 0.0000 0.0000 0.0000
0.0000 0.0000 0.0000 0.0000 0.0038 0.1765 0.6430 0.1736 0.0030 0.0000 0.0000
0.0000 0.0000 0.0000 0.0000 0.0000 0.0035 0.1736 0.6483 0.1718 0.0028 0.0000
0.0000 0.0000 0.0000 0.0000 0.0000 0.0000 0.0030 0.1718 0.6547 0.1679 0.0025
0.0000 0.0000 0.0000 0.0000 0.0000 0.0000 0.0000 0.0028 0.1679 0.6625 0.1668
0.0000 0.0000 0.0000 0.0000 0.0000 0.0000 0.0000 0.0000 0.0025 0.1668 0.8307
#DG from neighbouring lambda in kcal/mol
0.0000 0.1000 -1.0700 0.0262
0.1000 0.2000 0.2694 0.0227
0.2000 0.3000 0.7165 0.0215
0.3000 0.4000 0.7943 0.0214
0.4000 0.5000 0.8158 0.0214
0.5000 0.6000 0.7807 0.0222
0.6000 0.7000 0.7544 0.0226
0.7000 0.8000 0.7340 0.0228
0.8000 0.9000 0.7500 0.0233
0.9000 1.0000 0.7838 0.0237
#PMF from MBAR in kcal/mol
0.0000 0.0000 0.0000
0.1000 -1.0700 0.0262
0.2000 -0.8006 0.0382
0.3000 -0.0841 0.0467
0.4000 0.7102 0.0537
0.5000 1.5260 0.0600
0.6000 2.3067 0.0659
0.7000 3.0611 0.0715
0.8000 3.7951 0.0768
0.9000 4.5451 0.0819
1.0000 5.3289 0.0868
#TI average gradients and standard deviation in kcal/mol
0.0000 -23.4460 16.8392
0.1000 -1.5655 14.5732
0.2000 6.1318 13.4440
0.3000 7.9766 13.2071
0.4000 7.8250 13.3592
0.5000 8.3383 13.8093
0.6000 7.4657 13.9335
0.7000 7.5987 14.1422
0.8000 7.7268 13.9718
0.9000 7.5543 14.2819
1.0000 9.4112 14.7371
#PMF from TI in kcal/mol
0.0000 0.0000
0.1000 -1.2506
0.2000 -1.0223
0.3000 -0.3168
0.4000 0.4732
0.5000 1.2814
0.6000 2.0716
0.7000 2.8248
0.8000 3.5911
0.9000 4.3552
1.0000 5.2034
#MBAR free energy difference in kcal/mol: 
5.328882, 0.086758 
#TI free energy difference in kcal/mol: 
5.203432  
Starting /export/users/common/BioSimSpace/sire.app/bin/analyse_freenrg: number of threads equals 32
