# Analysing data contained in file(s) ['lambda_0.0000/simfile.dat', 'lambda_0.1000/simfile.dat', 'lambda_0.2000/simfile.dat', 'lambda_0.3000/simfile.dat', 'lambda_0.4000/simfile.dat', 'lambda_0.5000/simfile.dat', 'lambda_0.6000/simfile.dat', 'lambda_0.7000/simfile.dat', 'lambda_0.8000/simfile.dat', 'lambda_0.9000/simfile.dat', 'lambda_1.0000/simfile.dat']
#Overlap matrix
0.9347 0.0653 0.0000 0.0000 0.0000 0.0000 0.0000 0.0000 0.0000 0.0000 0.0000
0.0653 0.8553 0.0794 0.0000 0.0000 0.0000 0.0000 0.0000 0.0000 0.0000 0.0000
0.0000 0.0794 0.8268 0.0937 0.0001 0.0000 0.0000 0.0000 0.0000 0.0000 0.0000
0.0000 0.0000 0.0937 0.8013 0.1047 0.0002 0.0000 0.0000 0.0000 0.0000 0.0000
0.0000 0.0000 0.0001 0.1047 0.7787 0.1160 0.0005 0.0000 0.0000 0.0000 0.0000
0.0000 0.0000 0.0000 0.0002 0.1160 0.7552 0.1278 0.0008 0.0000 0.0000 0.0000
0.0000 0.0000 0.0000 0.0000 0.0005 0.1278 0.7254 0.1448 0.0015 0.0000 0.0000
0.0000 0.0000 0.0000 0.0000 0.0000 0.0008 0.1448 0.6919 0.1602 0.0023 0.0000
0.0000 0.0000 0.0000 0.0000 0.0000 0.0000 0.0015 0.1602 0.6729 0.1619 0.0034
0.0000 0.0000 0.0000 0.0000 0.0000 0.0000 0.0000 0.0023 0.1619 0.6641 0.1716
0.0000 0.0000 0.0000 0.0000 0.0000 0.0000 0.0000 0.0000 0.0034 0.1716 0.8250
#DG from neighbouring lambda in kcal/mol
0.0000 0.1000 0.0055 0.0557
0.1000 0.2000 -0.4391 0.0497
0.2000 0.3000 -0.5882 0.0449
0.3000 0.4000 -0.5926 0.0419
0.4000 0.5000 -0.6035 0.0392
0.5000 0.6000 -0.5680 0.0366
0.6000 0.7000 -0.5477 0.0334
0.7000 0.8000 -0.3512 0.0309
0.8000 0.9000 0.2561 0.0304
0.9000 1.0000 2.4796 0.0294
#PMF from MBAR in kcal/mol
0.0000 0.0000 0.0000
0.1000 0.0055 0.0557
0.2000 -0.4336 0.0777
0.3000 -1.0218 0.0923
0.4000 -1.6144 0.1036
0.5000 -2.2179 0.1128
0.6000 -2.7859 0.1205
0.7000 -3.3336 0.1268
0.8000 -3.6848 0.1322
0.9000 -3.4287 0.1372
1.0000 -0.9491 0.1418
#TI average gradients and standard deviation in kcal/mol
0.0000 3.9066 21.5343
0.1000 -3.4769 19.6044
0.2000 -5.1543 18.2617
0.3000 -6.0693 17.5198
0.4000 -5.6295 16.7952
0.5000 -5.7485 16.0889
0.6000 -5.8111 15.5080
0.7000 -4.8622 14.4842
0.8000 -1.7015 14.0974
0.9000 9.3119 13.6160
1.0000 47.8724 14.1535
#PMF from TI in kcal/mol
0.0000 0.0000
0.1000 0.0215
0.2000 -0.4101
0.3000 -0.9713
0.4000 -1.5562
0.5000 -2.1251
0.6000 -2.7031
0.7000 -3.2367
0.8000 -3.5649
0.9000 -3.1844
1.0000 -0.3252
#MBAR free energy difference in kcal/mol: 
-0.949089, 0.141812 
#TI free energy difference in kcal/mol: 
-0.325200  
Starting /export/users/common/BioSimSpace/sire.app/bin/analyse_freenrg: number of threads equals 32
