# Analysing data contained in file(s) ['lambda_0.0000/simfile.dat', 'lambda_0.1000/simfile.dat', 'lambda_0.2000/simfile.dat', 'lambda_0.3000/simfile.dat', 'lambda_0.4000/simfile.dat', 'lambda_0.5000/simfile.dat', 'lambda_0.6000/simfile.dat', 'lambda_0.7000/simfile.dat', 'lambda_0.8000/simfile.dat', 'lambda_0.9000/simfile.dat', 'lambda_1.0000/simfile.dat']
#Overlap matrix
0.5165 0.3325 0.1385 0.0093 0.0004 0.0017 0.0010 0.0001 0.0000 0.0000 0.0000
0.3325 0.3609 0.2561 0.0308 0.0025 0.0096 0.0069 0.0007 0.0000 0.0000 0.0000
0.1385 0.2561 0.3519 0.1530 0.0365 0.0364 0.0244 0.0030 0.0003 0.0000 0.0000
0.0093 0.0308 0.1530 0.4512 0.2810 0.0600 0.0125 0.0019 0.0002 0.0000 0.0000
0.0004 0.0025 0.0365 0.2810 0.5326 0.1423 0.0039 0.0007 0.0001 0.0000 0.0000
0.0017 0.0096 0.0364 0.0600 0.1423 0.6058 0.1087 0.0271 0.0066 0.0015 0.0002
0.0010 0.0069 0.0244 0.0125 0.0039 0.1087 0.4766 0.2411 0.0924 0.0277 0.0047
0.0001 0.0007 0.0030 0.0019 0.0007 0.0271 0.2411 0.3651 0.2521 0.0914 0.0167
0.0000 0.0000 0.0003 0.0002 0.0001 0.0066 0.0924 0.2521 0.3795 0.2260 0.0427
0.0000 0.0000 0.0000 0.0000 0.0000 0.0015 0.0277 0.0914 0.2260 0.4849 0.1685
0.0000 0.0000 0.0000 0.0000 0.0000 0.0002 0.0047 0.0167 0.0427 0.1685 0.7672
#DG from neighbouring lambda in kcal/mol
0.0000 0.1000 -0.0168 0.0395
0.1000 0.2000 -0.1599 0.0506
0.2000 0.3000 -1.0967 0.0933
0.3000 0.4000 -1.1968 0.0586
0.4000 0.5000 1.6777 0.1048
0.5000 0.6000 0.8655 0.1324
0.6000 0.7000 -0.1252 0.0616
0.7000 0.8000 -0.2415 0.0478
0.8000 0.9000 0.5531 0.0643
0.9000 1.0000 4.7558 0.1124
#PMF from MBAR in kcal/mol
0.0000 0.0000 0.0000
0.1000 -0.0168 0.0395
0.2000 -0.1768 0.0803
0.3000 -1.2735 0.1455
0.4000 -2.4703 0.1665
0.5000 -0.7926 0.1767
0.6000 0.0730 0.2129
0.7000 -0.0522 0.2327
0.8000 -0.2937 0.2441
0.9000 0.2594 0.2574
1.0000 5.0152 0.2863
#TI average gradients and standard deviation in kcal/mol
0.0000 -1.4150 7.0796
0.1000 0.0693 5.5846
0.2000 -6.7452 10.9889
0.3000 -18.7139 7.9284
0.4000 -1.4656 7.9483
0.5000 26.3630 24.1181
0.6000 -1.6915 6.8265
0.7000 -1.8934 6.4032
0.8000 0.7151 8.3212
0.9000 16.8772 12.0791
1.0000 93.2108 15.1790
#PMF from TI in kcal/mol
0.0000 0.0000
0.1000 -0.0673
0.2000 -0.4011
0.3000 -1.6740
0.4000 -2.6830
0.5000 -1.4381
0.6000 -0.2046
0.7000 -0.3838
0.8000 -0.4427
0.9000 0.4369
1.0000 5.9413
#MBAR free energy difference in kcal/mol: 
5.015172, 0.286280 
#TI free energy difference in kcal/mol: 
5.941279  #WARNING SUBSAMPLING GRADIENTS RESULTED IN LESS THAN 50 SAMPLES, CONSIDER RERUN WITHOUT SUBSAMPLE OPTION 
Starting /export/users/common/BioSimSpace/sire.app/bin/analyse_freenrg: number of threads equals 32
