# Analysing data contained in file(s) ['lambda_0.0000/simfile.dat', 'lambda_0.1000/simfile.dat', 'lambda_0.2000/simfile.dat', 'lambda_0.3000/simfile.dat', 'lambda_0.4000/simfile.dat', 'lambda_0.5000/simfile.dat', 'lambda_0.6000/simfile.dat', 'lambda_0.7000/simfile.dat', 'lambda_0.8000/simfile.dat', 'lambda_0.9000/simfile.dat', 'lambda_1.0000/simfile.dat']
#Overlap matrix
0.8227 0.1732 0.0041 0.0000 0.0000 0.0000 0.0000 0.0000 0.0000 0.0000 0.0000
0.1732 0.6417 0.1791 0.0059 0.0000 0.0000 0.0000 0.0000 0.0000 0.0000 0.0000
0.0041 0.1791 0.6167 0.1940 0.0061 0.0000 0.0000 0.0000 0.0000 0.0000 0.0000
0.0000 0.0059 0.1940 0.6073 0.1878 0.0049 0.0000 0.0000 0.0000 0.0000 0.0000
0.0000 0.0000 0.0061 0.1878 0.6158 0.1860 0.0043 0.0000 0.0000 0.0000 0.0000
0.0000 0.0000 0.0000 0.0049 0.1860 0.6186 0.1858 0.0046 0.0000 0.0000 0.0000
0.0000 0.0000 0.0000 0.0000 0.0043 0.1858 0.6313 0.1756 0.0030 0.0000 0.0000
0.0000 0.0000 0.0000 0.0000 0.0000 0.0046 0.1756 0.6451 0.1720 0.0027 0.0000
0.0000 0.0000 0.0000 0.0000 0.0000 0.0000 0.0030 0.1720 0.6549 0.1675 0.0025
0.0000 0.0000 0.0000 0.0000 0.0000 0.0000 0.0000 0.0027 0.1675 0.6624 0.1673
0.0000 0.0000 0.0000 0.0000 0.0000 0.0000 0.0000 0.0000 0.0025 0.1673 0.8301
#DG from neighbouring lambda in kcal/mol
0.0000 0.1000 0.5305 0.0375
0.1000 0.2000 2.0574 0.0356
0.2000 0.3000 3.1818 0.0332
0.3000 0.4000 4.1334 0.0342
0.4000 0.5000 4.9708 0.0347
0.5000 0.6000 5.7960 0.0348
0.6000 0.7000 6.7437 0.0365
0.7000 0.8000 7.5325 0.0374
0.8000 0.9000 8.3381 0.0382
0.9000 1.0000 9.1901 0.0387
#PMF from MBAR in kcal/mol
0.0000 0.0000 0.0000
0.1000 0.5305 0.0375
0.2000 2.5879 0.0579
0.3000 5.7696 0.0715
0.4000 9.9031 0.0833
0.5000 14.8739 0.0939
0.6000 20.6699 0.1035
0.7000 27.4136 0.1128
0.8000 34.9462 0.1217
0.9000 43.2843 0.1303
1.0000 52.4744 0.1385
#TI average gradients and standard deviation in kcal/mol
0.0000 -6.0459 14.8800
0.1000 14.3850 13.3314
0.2000 26.6935 13.2974
0.3000 36.8839 13.0021
0.4000 44.6339 13.2633
0.5000 53.7297 13.8739
0.6000 62.4848 13.5539
0.7000 70.8185 14.2296
0.8000 79.0307 14.1931
0.9000 87.8702 14.3269
1.0000 96.2574 14.9553
#PMF from TI in kcal/mol
0.0000 0.0000
0.1000 0.4170
0.2000 2.4709
0.3000 5.6497
0.4000 9.7256
0.5000 14.6438
0.6000 20.4545
0.7000 27.1197
0.8000 34.6122
0.9000 42.9572
1.0000 52.1636
#MBAR free energy difference in kcal/mol: 
52.474419, 0.138528 
#TI free energy difference in kcal/mol: 
52.163594  
Starting /export/users/common/BioSimSpace/sire.app/bin/analyse_freenrg: number of threads equals 32
