# Analysing data contained in file(s) ['lambda_0.0000/simfile.dat', 'lambda_0.1000/simfile.dat', 'lambda_0.2000/simfile.dat', 'lambda_0.3000/simfile.dat', 'lambda_0.4000/simfile.dat', 'lambda_0.5000/simfile.dat', 'lambda_0.6000/simfile.dat', 'lambda_0.7000/simfile.dat', 'lambda_0.8000/simfile.dat', 'lambda_0.9000/simfile.dat', 'lambda_1.0000/simfile.dat']
#Overlap matrix
0.9497 0.0503 0.0000 0.0000 0.0000 0.0000 0.0000 0.0000 0.0000 0.0000 0.0000
0.0503 0.8767 0.0730 0.0000 0.0000 0.0000 0.0000 0.0000 0.0000 0.0000 0.0000
0.0000 0.0730 0.8417 0.0852 0.0001 0.0000 0.0000 0.0000 0.0000 0.0000 0.0000
0.0000 0.0000 0.0852 0.8262 0.0885 0.0001 0.0000 0.0000 0.0000 0.0000 0.0000
0.0000 0.0000 0.0001 0.0885 0.8176 0.0937 0.0001 0.0000 0.0000 0.0000 0.0000
0.0000 0.0000 0.0000 0.0001 0.0937 0.8047 0.1013 0.0001 0.0000 0.0000 0.0000
0.0000 0.0000 0.0000 0.0000 0.0001 0.1013 0.7974 0.1010 0.0001 0.0000 0.0000
0.0000 0.0000 0.0000 0.0000 0.0000 0.0001 0.1010 0.8127 0.0861 0.0000 0.0000
0.0000 0.0000 0.0000 0.0000 0.0000 0.0000 0.0001 0.0861 0.8524 0.0615 0.0000
0.0000 0.0000 0.0000 0.0000 0.0000 0.0000 0.0000 0.0000 0.0615 0.9047 0.0338
0.0000 0.0000 0.0000 0.0000 0.0000 0.0000 0.0000 0.0000 0.0000 0.0338 0.9662
#DG from neighbouring lambda in kcal/mol
0.0000 0.1000 -1.4916 0.0577
0.1000 0.2000 0.3620 0.0467
0.2000 0.3000 0.4390 0.0426
0.3000 0.4000 -0.0696 0.0416
0.4000 0.5000 -0.7378 0.0401
0.5000 0.6000 -1.1465 0.0382
0.6000 0.7000 -1.4980 0.0383
0.7000 0.8000 -1.6281 0.0423
0.8000 0.9000 -1.0762 0.0516
0.9000 1.0000 -0.0993 0.0717
#PMF from MBAR in kcal/mol
0.0000 0.0000 0.0000
0.1000 -1.4916 0.0577
0.2000 -1.1296 0.0767
0.3000 -0.6906 0.0898
0.4000 -0.7603 0.1008
0.5000 -1.4981 0.1102
0.6000 -2.6446 0.1182
0.7000 -4.1426 0.1257
0.8000 -5.7707 0.1341
0.9000 -6.8470 0.1449
1.0000 -6.9463 0.1628
#TI average gradients and standard deviation in kcal/mol
0.0000 -43.4647 24.3529
0.1000 -0.9178 21.3370
0.2000 4.6381 19.6139
0.3000 2.6442 19.0417
0.4000 -3.6001 18.6816
0.5000 -9.7980 17.9262
0.6000 -14.0379 17.9387
0.7000 -15.5094 18.8028
0.8000 -14.7692 19.7399
0.9000 -6.9832 21.7176
1.0000 -7537311423031.1797 485928061698688.0000
#PMF from TI in kcal/mol
0.0000 0.0000
0.1000 -2.2191
0.2000 -2.0331
0.3000 -1.6690
0.4000 -1.7168
0.5000 -2.3867
0.6000 -3.5785
0.7000 -5.0559
0.8000 -6.5698
0.9000 -7.6574
1.0000 -376865571159.5654
#MBAR free energy difference in kcal/mol: 
-6.946251, 0.162805 
#TI free energy difference in kcal/mol: 
-376865571159.565430  
Starting /export/users/common/BioSimSpace/sire.app/bin/analyse_freenrg: number of threads equals 32
