# Analysing data contained in file(s) ['lambda_0.0000/simfile.dat', 'lambda_0.1000/simfile.dat', 'lambda_0.2000/simfile.dat', 'lambda_0.3000/simfile.dat', 'lambda_0.4000/simfile.dat', 'lambda_0.5000/simfile.dat', 'lambda_0.6000/simfile.dat', 'lambda_0.7000/simfile.dat', 'lambda_0.8000/simfile.dat', 'lambda_0.9000/simfile.dat', 'lambda_1.0000/simfile.dat']
#Overlap matrix
0.8258 0.1717 0.0025 0.0000 0.0000 0.0000 0.0000 0.0000 0.0000 0.0000 0.0000
0.1717 0.6719 0.1555 0.0009 0.0000 0.0000 0.0000 0.0000 0.0000 0.0000 0.0000
0.0025 0.1555 0.7108 0.1305 0.0007 0.0000 0.0000 0.0000 0.0000 0.0000 0.0000
0.0000 0.0009 0.1305 0.7440 0.1243 0.0003 0.0000 0.0000 0.0000 0.0000 0.0000
0.0000 0.0000 0.0007 0.1243 0.7714 0.1035 0.0001 0.0000 0.0000 0.0000 0.0000
0.0000 0.0000 0.0000 0.0003 0.1035 0.8011 0.0951 0.0001 0.0000 0.0000 0.0000
0.0000 0.0000 0.0000 0.0000 0.0001 0.0951 0.8273 0.0775 0.0000 0.0000 0.0000
0.0000 0.0000 0.0000 0.0000 0.0000 0.0001 0.0775 0.8624 0.0601 0.0000 0.0000
0.0000 0.0000 0.0000 0.0000 0.0000 0.0000 0.0000 0.0601 0.8956 0.0443 0.0000
0.0000 0.0000 0.0000 0.0000 0.0000 0.0000 0.0000 0.0000 0.0443 0.9322 0.0235
0.0000 0.0000 0.0000 0.0000 0.0000 0.0000 0.0000 0.0000 0.0000 0.0235 0.9765
#DG from neighbouring lambda in kcal/mol
0.0000 0.1000 -5.5496 0.0426
0.1000 0.2000 -17.0061 0.0456
0.2000 0.3000 -28.8385 0.0519
0.3000 0.4000 -40.6132 0.0538
0.4000 0.5000 -52.7396 0.0608
0.5000 0.6000 -65.2130 0.0641
0.6000 0.7000 -77.7689 0.0726
0.7000 0.8000 -90.7528 0.0842
0.8000 0.9000 -102.9261 0.0998
0.9000 1.0000 -105.9117 0.1403
#PMF from MBAR in kcal/mol
0.0000 0.0000 0.0000
0.1000 -5.5496 0.0426
0.2000 -22.5557 0.0691
0.3000 -51.3942 0.0916
0.4000 -92.0074 0.1105
0.5000 -144.7470 0.1298
0.6000 -209.9599 0.1481
0.7000 -287.7288 0.1678
0.8000 -378.4817 0.1903
0.9000 -481.4078 0.2171
1.0000 -587.3195 0.2604
#TI average gradients and standard deviation in kcal/mol
0.0000 0.3254 13.4742
0.1000 -112.6819 14.1153
0.2000 -228.4474 14.8252
0.3000 -346.1996 15.9645
0.4000 -466.7721 16.7793
0.5000 -590.2641 17.1381
0.6000 -714.6790 18.7139
0.7000 -843.4513 19.6049
0.8000 -971.7461 21.8562
0.9000 -1073.0061 23.1731
1.0000 -990.9654 32.1271
#PMF from TI in kcal/mol
0.0000 0.0000
0.1000 -5.6178
0.2000 -22.6743
0.3000 -51.4066
0.4000 -92.0552
0.5000 -144.9070
0.6000 -210.1542
0.7000 -288.0607
0.8000 -378.8206
0.9000 -481.0582
1.0000 -584.2568
#MBAR free energy difference in kcal/mol: 
-587.319506, 0.260355 
#TI free energy difference in kcal/mol: 
-584.256766  
Starting /export/users/common/BioSimSpace/sire.app/bin/analyse_freenrg: number of threads equals 32
