# Analysing data contained in file(s) ['lambda_0.0000/simfile.dat', 'lambda_0.1000/simfile.dat', 'lambda_0.2000/simfile.dat', 'lambda_0.3000/simfile.dat', 'lambda_0.4000/simfile.dat', 'lambda_0.5000/simfile.dat', 'lambda_0.6000/simfile.dat', 'lambda_0.7000/simfile.dat', 'lambda_0.8000/simfile.dat', 'lambda_0.9000/simfile.dat', 'lambda_1.0000/simfile.dat']
#Overlap matrix
0.9285 0.0715 0.0000 0.0000 0.0000 0.0000 0.0000 0.0000 0.0000 0.0000 0.0000
0.0715 0.8346 0.0938 0.0001 0.0000 0.0000 0.0000 0.0000 0.0000 0.0000 0.0000
0.0000 0.0938 0.7997 0.1063 0.0002 0.0000 0.0000 0.0000 0.0000 0.0000 0.0000
0.0000 0.0001 0.1063 0.7875 0.1059 0.0001 0.0000 0.0000 0.0000 0.0000 0.0000
0.0000 0.0000 0.0002 0.1059 0.7900 0.1038 0.0001 0.0000 0.0000 0.0000 0.0000
0.0000 0.0000 0.0000 0.0001 0.1038 0.8036 0.0923 0.0001 0.0000 0.0000 0.0000
0.0000 0.0000 0.0000 0.0000 0.0001 0.0923 0.8068 0.1007 0.0001 0.0000 0.0000
0.0000 0.0000 0.0000 0.0000 0.0000 0.0001 0.1007 0.8037 0.0955 0.0000 0.0000
0.0000 0.0000 0.0000 0.0000 0.0000 0.0000 0.0001 0.0955 0.8660 0.0384 0.0000
0.0000 0.0000 0.0000 0.0000 0.0000 0.0000 0.0000 0.0000 0.0384 0.9616 0.0000
0.0000 0.0000 0.0000 0.0000 0.0000 0.0000 0.0000 0.0000 0.0000 0.0000 1.0000
#DG from neighbouring lambda in kcal/mol
0.0000 0.1000 1.4197 0.0483
0.1000 0.2000 2.0310 0.0410
0.2000 0.3000 3.1296 0.0379
0.3000 0.4000 4.1913 0.0380
0.4000 0.5000 5.0176 0.0385
0.5000 0.6000 5.4820 0.0414
0.6000 0.7000 5.7804 0.0393
0.7000 0.8000 6.1545 0.0406
0.8000 0.9000 5.6079 0.0684
0.9000 1.0000 -40.1935 0.0892
#PMF from MBAR in kcal/mol
0.0000 0.0000 0.0000
0.1000 1.4197 0.0483
0.2000 3.4507 0.0664
0.3000 6.5803 0.0789
0.4000 10.7717 0.0897
0.5000 15.7893 0.0996
0.6000 21.2713 0.1096
0.7000 27.0517 0.1181
0.8000 33.2062 0.1264
0.9000 38.8140 0.1451
1.0000 -1.3794 0.0775
#TI average gradients and standard deviation in kcal/mol
0.0000 15.2653 20.6018
0.1000 17.9678 19.0825
0.2000 26.4019 17.5037
0.3000 34.4468 18.7833
0.4000 47.5115 18.6595
0.5000 53.2850 18.9611
0.6000 53.2466 17.0330
0.7000 58.0483 16.5561
0.8000 62.3355 18.9267
0.9000 34.6871 30.1327
1.0000 -2956.6311 335.2374
#PMF from TI in kcal/mol
0.0000 0.0000
0.1000 1.6617
0.2000 3.8801
0.3000 6.9226
0.4000 11.0205
0.5000 16.0603
0.6000 21.3869
0.7000 26.9516
0.8000 32.9708
0.9000 37.8220
1.0000 -108.2752
#MBAR free energy difference in kcal/mol: 
-1.379418, 0.077547 
#TI free energy difference in kcal/mol: 
-108.275246  
Starting /export/users/common/BioSimSpace/sire.app/bin/analyse_freenrg: number of threads equals 32
