# Analysing data contained in file(s) ['lambda_0.0000/simfile.dat', 'lambda_0.1000/simfile.dat', 'lambda_0.2000/simfile.dat', 'lambda_0.3000/simfile.dat', 'lambda_0.4000/simfile.dat', 'lambda_0.5000/simfile.dat', 'lambda_0.6000/simfile.dat', 'lambda_0.7000/simfile.dat', 'lambda_0.8000/simfile.dat', 'lambda_0.9000/simfile.dat', 'lambda_1.0000/simfile.dat']
#Overlap matrix
0.2009 0.1758 0.1508 0.1263 0.1029 0.0809 0.0609 0.0434 0.0292 0.0183 0.0107
0.1758 0.1606 0.1439 0.1260 0.1074 0.0883 0.0696 0.0522 0.0368 0.0244 0.0151
0.1508 0.1439 0.1349 0.1237 0.1104 0.0952 0.0789 0.0622 0.0463 0.0324 0.0214
0.1263 0.1260 0.1237 0.1188 0.1113 0.1010 0.0881 0.0734 0.0579 0.0431 0.0303
0.1029 0.1074 0.1104 0.1113 0.1096 0.1048 0.0967 0.0853 0.0717 0.0570 0.0430
0.0809 0.0883 0.0952 0.1010 0.1048 0.1059 0.1036 0.0974 0.0874 0.0747 0.0607
0.0609 0.0696 0.0789 0.0881 0.0967 0.1036 0.1079 0.1084 0.1046 0.0964 0.0850
0.0434 0.0522 0.0622 0.0734 0.0853 0.0974 0.1084 0.1171 0.1219 0.1218 0.1169
0.0292 0.0368 0.0463 0.0579 0.0717 0.0874 0.1046 0.1219 0.1376 0.1498 0.1569
0.0183 0.0244 0.0324 0.0431 0.0570 0.0747 0.0964 0.1218 0.1498 0.1780 0.2041
0.0107 0.0151 0.0214 0.0303 0.0430 0.0607 0.0850 0.1169 0.1569 0.2041 0.2560
#DG from neighbouring lambda in kcal/mol
0.0000 0.1000 1.1009 0.0013
0.1000 0.2000 1.0615 0.0012
0.2000 0.3000 1.0164 0.0011
0.3000 0.4000 0.9688 0.0011
0.4000 0.5000 0.9181 0.0012
0.5000 0.6000 0.8631 0.0013
0.6000 0.7000 0.8025 0.0014
0.7000 0.8000 0.7359 0.0016
0.8000 0.9000 0.6639 0.0018
0.9000 1.0000 0.5893 0.0021
#PMF from MBAR in kcal/mol
0.0000 0.0000 0.0000
0.1000 1.1009 0.0013
0.2000 2.1624 0.0024
0.3000 3.1789 0.0035
0.4000 4.1477 0.0045
0.5000 5.0658 0.0055
0.6000 5.9290 0.0065
0.7000 6.7315 0.0074
0.8000 7.4674 0.0085
0.9000 8.1313 0.0096
1.0000 8.7206 0.0108
#TI average gradients and standard deviation in kcal/mol
0.0000 11.2471 1.4361
0.1000 11.0580 1.4872
0.2000 10.6224 1.4518
0.3000 9.9931 1.5787
0.4000 9.4694 1.6553
0.5000 8.8861 1.7514
0.6000 8.3550 2.0749
0.7000 7.7364 1.8927
0.8000 7.2329 2.1321
0.9000 6.1616 2.1544
1.0000 5.6416 2.2294
#PMF from TI in kcal/mol
0.0000 0.0000
0.1000 1.1153
0.2000 2.1993
0.3000 3.2301
0.4000 4.2032
0.5000 5.1210
0.6000 5.9830
0.7000 6.7876
0.8000 7.5361
0.9000 8.2058
1.0000 8.7959
#MBAR free energy difference in kcal/mol: 
8.720632, 0.010821 
#TI free energy difference in kcal/mol: 
8.795935  
Starting /export/users/common/BioSimSpace/sire.app/bin/analyse_freenrg: number of threads equals 32
