# Analysing data contained in file(s) ['lambda_0.0000/simfile.dat', 'lambda_0.1000/simfile.dat', 'lambda_0.2000/simfile.dat', 'lambda_0.3000/simfile.dat', 'lambda_0.4000/simfile.dat', 'lambda_0.5000/simfile.dat', 'lambda_0.6000/simfile.dat', 'lambda_0.7000/simfile.dat', 'lambda_0.8000/simfile.dat', 'lambda_0.9000/simfile.dat', 'lambda_1.0000/simfile.dat']
#Overlap matrix
0.9056 0.0942 0.0002 0.0000 0.0000 0.0000 0.0000 0.0000 0.0000 0.0000 0.0000
0.0942 0.7861 0.1193 0.0004 0.0000 0.0000 0.0000 0.0000 0.0000 0.0000 0.0000
0.0002 0.1193 0.7516 0.1282 0.0007 0.0000 0.0000 0.0000 0.0000 0.0000 0.0000
0.0000 0.0004 0.1282 0.7414 0.1293 0.0006 0.0000 0.0000 0.0000 0.0000 0.0000
0.0000 0.0000 0.0007 0.1293 0.7346 0.1344 0.0009 0.0000 0.0000 0.0000 0.0000
0.0000 0.0000 0.0000 0.0006 0.1344 0.7228 0.1411 0.0011 0.0000 0.0000 0.0000
0.0000 0.0000 0.0000 0.0000 0.0009 0.1411 0.7077 0.1491 0.0013 0.0000 0.0000
0.0000 0.0000 0.0000 0.0000 0.0000 0.0011 0.1491 0.7046 0.1440 0.0012 0.0000
0.0000 0.0000 0.0000 0.0000 0.0000 0.0000 0.0013 0.1440 0.7212 0.1330 0.0005
0.0000 0.0000 0.0000 0.0000 0.0000 0.0000 0.0000 0.0012 0.1330 0.7546 0.1112
0.0000 0.0000 0.0000 0.0000 0.0000 0.0000 0.0000 0.0000 0.0005 0.1112 0.8883
#DG from neighbouring lambda in kcal/mol
0.0000 0.1000 -1.0052 0.0648
0.1000 0.2000 -0.7367 0.0556
0.2000 0.3000 -0.5134 0.0529
0.3000 0.4000 -0.2697 0.0525
0.4000 0.5000 -0.3373 0.0511
0.5000 0.6000 -0.3303 0.0494
0.6000 0.7000 -0.3454 0.0474
0.7000 0.8000 -0.2352 0.0485
0.8000 0.9000 0.2377 0.0514
0.9000 1.0000 2.0623 0.0583
#PMF from MBAR in kcal/mol
0.0000 0.0000 0.0000
0.1000 -1.0052 0.0648
0.2000 -1.7419 0.0908
0.3000 -2.2554 0.1095
0.4000 -2.5251 0.1253
0.5000 -2.8623 0.1388
0.6000 -3.1926 0.1504
0.7000 -3.5380 0.1606
0.8000 -3.7732 0.1705
0.9000 -3.5355 0.1807
1.0000 -1.4733 0.1923
#TI average gradients and standard deviation in kcal/mol
0.0000 23823728388.4010 1423033120212.7444
0.1000 -7.8190 17.3568
0.2000 -4.7813 16.7319
0.3000 -2.8222 16.5081
0.4000 -2.8583 15.6739
0.5000 -3.0510 15.9004
0.6000 -2.5744 15.6173
0.7000 -2.9175 15.3699
0.8000 -0.9387 15.5193
0.9000 6.7921 16.9372
1.0000 42.4185 19.8123
#PMF from TI in kcal/mol
0.0000 0.0000
0.1000 1191186419.0291
0.2000 1191186418.3991
0.3000 1191186418.0189
0.4000 1191186417.7349
0.5000 1191186417.4394
0.6000 1191186417.1582
0.7000 1191186416.8836
0.8000 1191186416.6907
0.9000 1191186416.9834
1.0000 1191186419.4440
#MBAR free energy difference in kcal/mol: 
-1.473251, 0.192278 
#TI free energy difference in kcal/mol: 
1191186419.443955  
Starting /export/users/common/BioSimSpace/sire.app/bin/analyse_freenrg: number of threads equals 32
