# Analysing data contained in file(s) ['lambda_0.0000/simfile.dat', 'lambda_0.1000/simfile.dat', 'lambda_0.2000/simfile.dat', 'lambda_0.3000/simfile.dat', 'lambda_0.4000/simfile.dat', 'lambda_0.5000/simfile.dat', 'lambda_0.6000/simfile.dat', 'lambda_0.7000/simfile.dat', 'lambda_0.8000/simfile.dat', 'lambda_0.9000/simfile.dat', 'lambda_1.0000/simfile.dat']
#Overlap matrix
0.8423 0.1520 0.0056 0.0001 0.0000 0.0000 0.0000 0.0000 0.0000 0.0000 0.0000
0.1520 0.6140 0.2165 0.0171 0.0003 0.0000 0.0000 0.0000 0.0000 0.0000 0.0000
0.0056 0.2165 0.5285 0.2270 0.0217 0.0006 0.0000 0.0000 0.0000 0.0000 0.0000
0.0001 0.0171 0.2270 0.4981 0.2297 0.0270 0.0010 0.0000 0.0000 0.0000 0.0000
0.0000 0.0003 0.0217 0.2297 0.4750 0.2377 0.0340 0.0015 0.0000 0.0000 0.0000
0.0000 0.0000 0.0006 0.0270 0.2377 0.4574 0.2378 0.0377 0.0018 0.0000 0.0000
0.0000 0.0000 0.0000 0.0010 0.0340 0.2378 0.4434 0.2427 0.0393 0.0017 0.0000
0.0000 0.0000 0.0000 0.0000 0.0015 0.0377 0.2427 0.4408 0.2391 0.0373 0.0009
0.0000 0.0000 0.0000 0.0000 0.0000 0.0018 0.0393 0.2391 0.4520 0.2477 0.0201
0.0000 0.0000 0.0000 0.0000 0.0000 0.0000 0.0017 0.0373 0.2477 0.5239 0.1894
0.0000 0.0000 0.0000 0.0000 0.0000 0.0000 0.0000 0.0009 0.0201 0.1894 0.7896
#DG from neighbouring lambda in kcal/mol
0.0000 0.1000 10.2227 0.0287
0.1000 0.2000 8.9048 0.0204
0.2000 0.3000 8.2962 0.0184
0.3000 0.4000 7.8430 0.0176
0.4000 0.5000 7.5254 0.0163
0.5000 0.6000 7.3347 0.0156
0.6000 0.7000 7.2580 0.0150
0.7000 0.8000 7.3551 0.0153
0.8000 0.9000 8.1338 0.0159
0.9000 1.0000 11.6680 0.0230
#PMF from MBAR in kcal/mol
0.0000 0.0000 0.0000
0.1000 10.2227 0.0287
0.2000 19.1275 0.0395
0.3000 27.4237 0.0467
0.4000 35.2666 0.0525
0.5000 42.7921 0.0573
0.6000 50.1268 0.0613
0.7000 57.3848 0.0649
0.8000 64.7399 0.0684
0.9000 72.8737 0.0719
1.0000 84.5417 0.0772
#TI average gradients and standard deviation in kcal/mol
0.0000 113.6736 17.5840
0.1000 93.0734 12.5035
0.2000 85.5139 11.1866
0.3000 80.4889 10.6596
0.4000 76.8951 10.3022
0.5000 74.3251 9.8828
0.6000 72.9810 10.1185
0.7000 72.8187 9.3571
0.8000 75.9210 9.5153
0.9000 91.4056 10.5098
1.0000 155.5605 17.7641
#PMF from TI in kcal/mol
0.0000 0.0000
0.1000 10.3373
0.2000 19.2667
0.3000 27.5669
0.4000 35.4361
0.5000 42.9971
0.6000 50.3624
0.7000 57.6524
0.8000 65.0893
0.9000 73.4557
1.0000 85.8040
#MBAR free energy difference in kcal/mol: 
84.541651, 0.077193 
#TI free energy difference in kcal/mol: 
85.803969  
Starting /export/users/common/BioSimSpace/sire.app/bin/analyse_freenrg: number of threads equals 32
