# Analysing data contained in file(s) ['lambda_0.0000/simfile.dat', 'lambda_0.1000/simfile.dat', 'lambda_0.2000/simfile.dat', 'lambda_0.3000/simfile.dat', 'lambda_0.4000/simfile.dat', 'lambda_0.5000/simfile.dat', 'lambda_0.6000/simfile.dat', 'lambda_0.7000/simfile.dat', 'lambda_0.8000/simfile.dat', 'lambda_0.9000/simfile.dat', 'lambda_1.0000/simfile.dat']
#Overlap matrix
0.8490 0.1493 0.0017 0.0000 0.0000 0.0000 0.0000 0.0000 0.0000 0.0000 0.0000
0.1493 0.6910 0.1573 0.0024 0.0000 0.0000 0.0000 0.0000 0.0000 0.0000 0.0000
0.0017 0.1573 0.6537 0.1846 0.0028 0.0000 0.0000 0.0000 0.0000 0.0000 0.0000
0.0000 0.0024 0.1846 0.6487 0.1607 0.0036 0.0000 0.0000 0.0000 0.0000 0.0000
0.0000 0.0000 0.0028 0.1607 0.6524 0.1799 0.0042 0.0000 0.0000 0.0000 0.0000
0.0000 0.0000 0.0000 0.0036 0.1799 0.6296 0.1819 0.0050 0.0000 0.0000 0.0000
0.0000 0.0000 0.0000 0.0000 0.0042 0.1819 0.6402 0.1698 0.0039 0.0000 0.0000
0.0000 0.0000 0.0000 0.0000 0.0000 0.0050 0.1698 0.6693 0.1539 0.0020 0.0000
0.0000 0.0000 0.0000 0.0000 0.0000 0.0000 0.0039 0.1539 0.6929 0.1480 0.0012
0.0000 0.0000 0.0000 0.0000 0.0000 0.0000 0.0000 0.0020 0.1480 0.7565 0.0935
0.0000 0.0000 0.0000 0.0000 0.0000 0.0000 0.0000 0.0000 0.0012 0.0935 0.9053
#DG from neighbouring lambda in kcal/mol
0.0000 0.1000 5.4659 0.0932
0.1000 0.2000 3.4939 0.0889
0.2000 0.3000 1.6995 0.0784
0.3000 0.4000 -0.0794 0.0866
0.4000 0.5000 -1.7235 0.0791
0.5000 0.6000 -3.2058 0.0780
0.6000 0.7000 -4.4607 0.0823
0.7000 0.8000 -5.4549 0.0895
0.8000 0.9000 -6.4301 0.0931
0.9000 1.0000 -6.2358 0.1269
#PMF from MBAR in kcal/mol
0.0000 0.0000 0.0000
0.1000 5.4659 0.0932
0.2000 8.9599 0.1417
0.3000 10.6593 0.1724
0.4000 10.5799 0.2016
0.5000 8.8564 0.2241
0.6000 5.6506 0.2442
0.7000 1.1899 0.2639
0.8000 -4.2650 0.2844
0.9000 -10.6951 0.3050
1.0000 -16.9309 0.3355
#TI average gradients and standard deviation in kcal/mol
0.0000 62.9280 14.4659
0.1000 44.5471 14.5398
0.2000 25.4578 13.7668
0.3000 8.6152 14.0082
0.4000 -8.1962 13.5808
0.5000 -23.4948 13.1708
0.6000 -38.1055 13.9662
0.7000 -49.5798 14.1909
0.8000 -61.6020 14.7188
0.9000 -66.8719 15.8027
1.0000 -62.2938 19.2328
#PMF from TI in kcal/mol
0.0000 0.0000
0.1000 5.3738
0.2000 8.8740
0.3000 10.5777
0.4000 10.5986
0.5000 9.0141
0.6000 5.9340
0.7000 1.5498
0.8000 -4.0093
0.9000 -10.4330
1.0000 -16.8913
#MBAR free energy difference in kcal/mol: 
-16.930904, 0.335505 
#TI free energy difference in kcal/mol: 
-16.891287  
Starting /export/users/common/BioSimSpace/sire.app/bin/analyse_freenrg: number of threads equals 32
