# Analysing data contained in file(s) ['lambda_0.0000/simfile.dat', 'lambda_0.1000/simfile.dat', 'lambda_0.2000/simfile.dat', 'lambda_0.3000/simfile.dat', 'lambda_0.4000/simfile.dat', 'lambda_0.5000/simfile.dat', 'lambda_0.6000/simfile.dat', 'lambda_0.7000/simfile.dat', 'lambda_0.8000/simfile.dat', 'lambda_0.9000/simfile.dat', 'lambda_1.0000/simfile.dat']
#Overlap matrix
0.8973 0.1025 0.0002 0.0000 0.0000 0.0000 0.0000 0.0000 0.0000 0.0000 0.0000
0.1025 0.7763 0.1207 0.0005 0.0000 0.0000 0.0000 0.0000 0.0000 0.0000 0.0000
0.0002 0.1207 0.7475 0.1310 0.0006 0.0000 0.0000 0.0000 0.0000 0.0000 0.0000
0.0000 0.0005 0.1310 0.7393 0.1287 0.0005 0.0000 0.0000 0.0000 0.0000 0.0000
0.0000 0.0000 0.0006 0.1287 0.7364 0.1337 0.0006 0.0000 0.0000 0.0000 0.0000
0.0000 0.0000 0.0000 0.0005 0.1337 0.7379 0.1273 0.0005 0.0000 0.0000 0.0000
0.0000 0.0000 0.0000 0.0000 0.0006 0.1273 0.7441 0.1277 0.0004 0.0000 0.0000
0.0000 0.0000 0.0000 0.0000 0.0000 0.0005 0.1277 0.7448 0.1267 0.0003 0.0000
0.0000 0.0000 0.0000 0.0000 0.0000 0.0000 0.0004 0.1267 0.7658 0.1070 0.0001
0.0000 0.0000 0.0000 0.0000 0.0000 0.0000 0.0000 0.0003 0.1070 0.8120 0.0806
0.0000 0.0000 0.0000 0.0000 0.0000 0.0000 0.0000 0.0000 0.0001 0.0806 0.9193
#DG from neighbouring lambda in kcal/mol
0.0000 0.1000 3.9536 0.0620
0.1000 0.2000 4.5407 0.0557
0.2000 0.3000 4.5838 0.0526
0.3000 0.4000 4.3552 0.0533
0.4000 0.5000 3.9139 0.0519
0.5000 0.6000 3.5792 0.0536
0.6000 0.7000 3.2134 0.0536
0.7000 0.8000 2.8595 0.0539
0.8000 0.9000 2.9796 0.0603
0.9000 1.0000 3.8696 0.0719
#PMF from MBAR in kcal/mol
0.0000 0.0000 0.0000
0.1000 3.9536 0.0620
0.2000 8.4943 0.0890
0.3000 13.0781 0.1080
0.4000 17.4334 0.1243
0.5000 21.3473 0.1383
0.6000 24.9265 0.1515
0.7000 28.1399 0.1637
0.8000 30.9993 0.1751
0.9000 33.9789 0.1878
1.0000 37.8485 0.2035
#TI average gradients and standard deviation in kcal/mol
0.0000 29.1184 18.7498
0.1000 43.9831 16.8328
0.2000 46.7651 16.4195
0.3000 45.0401 16.0555
0.4000 41.1962 16.0138
0.5000 36.9468 16.1976
0.6000 33.2589 16.2034
0.7000 29.7915 16.2720
0.8000 28.2880 16.8693
0.9000 31.5195 18.2674
1.0000 46.7682 21.4880
#PMF from TI in kcal/mol
0.0000 0.0000
0.1000 3.6551
0.2000 8.1925
0.3000 12.7827
0.4000 17.0946
0.5000 21.0017
0.6000 24.5120
0.7000 27.6645
0.8000 30.5685
0.9000 33.5589
1.0000 37.4732
#MBAR free energy difference in kcal/mol: 
37.848490, 0.203527 
#TI free energy difference in kcal/mol: 
37.473250  
Starting /export/users/common/BioSimSpace/sire.app/bin/analyse_freenrg: number of threads equals 32
