# Analysing data contained in file(s) ['lambda_0.0000/simfile.dat', 'lambda_0.1000/simfile.dat', 'lambda_0.2000/simfile.dat', 'lambda_0.3000/simfile.dat', 'lambda_0.4000/simfile.dat', 'lambda_0.5000/simfile.dat', 'lambda_0.6000/simfile.dat', 'lambda_0.7000/simfile.dat', 'lambda_0.8000/simfile.dat', 'lambda_0.9000/simfile.dat', 'lambda_1.0000/simfile.dat']
#Overlap matrix
0.7831 0.2051 0.0116 0.0002 0.0000 0.0000 0.0000 0.0000 0.0000 0.0000 0.0000
0.2051 0.5838 0.1973 0.0135 0.0003 0.0000 0.0000 0.0000 0.0000 0.0000 0.0000
0.0116 0.1973 0.5546 0.2159 0.0201 0.0004 0.0000 0.0000 0.0000 0.0000 0.0000
0.0002 0.0135 0.2159 0.5263 0.2233 0.0205 0.0004 0.0000 0.0000 0.0000 0.0000
0.0000 0.0003 0.0201 0.2233 0.5155 0.2218 0.0186 0.0004 0.0000 0.0000 0.0000
0.0000 0.0000 0.0004 0.0205 0.2218 0.5073 0.2268 0.0226 0.0005 0.0000 0.0000
0.0000 0.0000 0.0000 0.0004 0.0186 0.2268 0.4963 0.2352 0.0224 0.0003 0.0000
0.0000 0.0000 0.0000 0.0000 0.0004 0.0226 0.2352 0.5078 0.2182 0.0155 0.0002
0.0000 0.0000 0.0000 0.0000 0.0000 0.0005 0.0224 0.2182 0.5239 0.2155 0.0194
0.0000 0.0000 0.0000 0.0000 0.0000 0.0000 0.0003 0.0155 0.2155 0.5207 0.2480
0.0000 0.0000 0.0000 0.0000 0.0000 0.0000 0.0000 0.0002 0.0194 0.2480 0.7323
#DG from neighbouring lambda in kcal/mol
0.0000 0.1000 -2.0346 0.0683
0.1000 0.2000 0.7456 0.0669
0.2000 0.3000 2.5868 0.0601
0.3000 0.4000 4.2726 0.0569
0.4000 0.5000 5.7887 0.0575
0.5000 0.6000 7.1563 0.0559
0.6000 0.7000 8.6159 0.0534
0.7000 0.8000 10.0734 0.0586
0.8000 0.9000 11.3078 0.0600
0.9000 1.0000 12.7157 0.0559
#PMF from MBAR in kcal/mol
0.0000 0.0000 0.0000
0.1000 -2.0346 0.0683
0.2000 -1.2890 0.1087
0.3000 1.2977 0.1346
0.4000 5.5703 0.1544
0.5000 11.3590 0.1722
0.6000 18.5154 0.1881
0.7000 27.1313 0.2018
0.8000 37.2047 0.2160
0.9000 48.5125 0.2301
1.0000 61.2282 0.2421
#TI average gradients and standard deviation in kcal/mol
0.0000 -41.5895 14.6161
0.1000 -4.3355 12.5160
0.2000 17.5834 11.4464
0.3000 34.6568 11.1977
0.4000 50.8076 10.6669
0.5000 64.7092 10.3746
0.6000 79.3074 10.6378
0.7000 93.2383 10.5385
0.8000 107.6127 10.8021
0.9000 120.3444 11.3424
1.0000 135.9257 10.8089
#PMF from TI in kcal/mol
0.0000 0.0000
0.1000 -2.2963
0.2000 -1.6339
0.3000 0.9781
0.4000 5.2514
0.5000 11.0272
0.6000 18.2280
0.7000 26.8553
0.8000 36.8979
0.9000 48.2957
1.0000 61.1092
#MBAR free energy difference in kcal/mol: 
61.228228, 0.242147 
#TI free energy difference in kcal/mol: 
61.109216  
Starting /export/users/common/BioSimSpace/sire.app/bin/analyse_freenrg: number of threads equals 32
