# Analysing data contained in file(s) ['lambda_0.0000/simfile.dat', 'lambda_0.1000/simfile.dat', 'lambda_0.2000/simfile.dat', 'lambda_0.3000/simfile.dat', 'lambda_0.4000/simfile.dat', 'lambda_0.5000/simfile.dat', 'lambda_0.6000/simfile.dat', 'lambda_0.7000/simfile.dat', 'lambda_0.8000/simfile.dat', 'lambda_0.9000/simfile.dat', 'lambda_1.0000/simfile.dat']
#Overlap matrix
0.9431 0.0569 0.0000 0.0000 0.0000 0.0000 0.0000 0.0000 0.0000 0.0000 0.0000
0.0569 0.8598 0.0831 0.0001 0.0000 0.0000 0.0000 0.0000 0.0000 0.0000 0.0000
0.0000 0.0831 0.8095 0.1072 0.0002 0.0000 0.0000 0.0000 0.0000 0.0000 0.0000
0.0000 0.0001 0.1072 0.7803 0.1121 0.0003 0.0000 0.0000 0.0000 0.0000 0.0000
0.0000 0.0000 0.0002 0.1121 0.7725 0.1150 0.0002 0.0000 0.0000 0.0000 0.0000
0.0000 0.0000 0.0000 0.0003 0.1150 0.7708 0.1137 0.0003 0.0000 0.0000 0.0000
0.0000 0.0000 0.0000 0.0000 0.0002 0.1137 0.7744 0.1115 0.0002 0.0000 0.0000
0.0000 0.0000 0.0000 0.0000 0.0000 0.0003 0.1115 0.7817 0.1064 0.0002 0.0000
0.0000 0.0000 0.0000 0.0000 0.0000 0.0000 0.0002 0.1064 0.7933 0.1000 0.0001
0.0000 0.0000 0.0000 0.0000 0.0000 0.0000 0.0000 0.0002 0.1000 0.8181 0.0817
0.0000 0.0000 0.0000 0.0000 0.0000 0.0000 0.0000 0.0000 0.0001 0.0817 0.9182
#DG from neighbouring lambda in kcal/mol
0.0000 0.1000 11.1431 0.0690
0.1000 0.2000 9.0234 0.0554
0.2000 0.3000 6.0431 0.0473
0.3000 0.4000 2.5752 0.0459
0.4000 0.5000 -0.7875 0.0452
0.5000 0.6000 -4.1731 0.0455
0.6000 0.7000 -7.2908 0.0461
0.7000 0.8000 -10.3045 0.0475
0.8000 0.9000 -13.0129 0.0494
0.9000 1.0000 -15.4216 0.0560
#PMF from MBAR in kcal/mol
0.0000 0.0000 0.0000
0.1000 11.1431 0.0690
0.2000 20.1665 0.0919
0.3000 26.2097 0.1062
0.4000 28.7849 0.1183
0.5000 27.9973 0.1290
0.6000 23.8242 0.1389
0.7000 16.5334 0.1484
0.8000 6.2289 0.1578
0.9000 -6.7840 0.1671
1.0000 -22.2056 0.1780
#TI average gradients and standard deviation in kcal/mol
0.0000 18325323.6483 758707685.1258
0.1000 103.5257 19.1860
0.2000 75.4401 17.5411
0.3000 42.8828 16.8572
0.4000 8.9318 17.2680
0.5000 -24.9370 17.1782
0.6000 -57.4833 16.9742
0.7000 -87.5499 17.5160
0.8000 -116.9352 16.6751
0.9000 -142.7268 17.4323
1.0000 -138395.5106 6563614.4200
#PMF from TI in kcal/mol
0.0000 0.0000
0.1000 916271.3587
0.2000 916280.3070
0.3000 916286.2231
0.4000 916288.8139
0.5000 916288.0136
0.6000 916283.8926
0.7000 916276.6409
0.8000 916266.4167
0.9000 916253.4336
1.0000 909326.5217
#MBAR free energy difference in kcal/mol: 
-22.205569, 0.177959 
#TI free energy difference in kcal/mol: 
909326.521709  
Starting /export/users/common/BioSimSpace/sire.app/bin/analyse_freenrg: number of threads equals 32
