# Analysing data contained in file(s) ['lambda_0.0000/simfile.dat', 'lambda_0.1000/simfile.dat', 'lambda_0.2000/simfile.dat', 'lambda_0.3000/simfile.dat', 'lambda_0.4000/simfile.dat', 'lambda_0.5000/simfile.dat', 'lambda_0.6000/simfile.dat', 'lambda_0.7000/simfile.dat', 'lambda_0.8000/simfile.dat', 'lambda_0.9000/simfile.dat', 'lambda_1.0000/simfile.dat']
#Overlap matrix
0.8851 0.1087 0.0060 0.0002 0.0000 0.0000 0.0000 0.0000 0.0000 0.0000 0.0000
0.1087 0.5853 0.2889 0.0171 0.0001 0.0000 0.0000 0.0000 0.0000 0.0000 0.0000
0.0060 0.2889 0.5944 0.1063 0.0043 0.0001 0.0000 0.0000 0.0000 0.0000 0.0000
0.0002 0.0171 0.1063 0.5896 0.2405 0.0386 0.0078 0.0000 0.0000 0.0000 0.0000
0.0000 0.0001 0.0043 0.2405 0.5527 0.1810 0.0214 0.0000 0.0000 0.0000 0.0000
0.0000 0.0000 0.0001 0.0386 0.1810 0.6971 0.0830 0.0002 0.0000 0.0000 0.0000
0.0000 0.0000 0.0000 0.0078 0.0214 0.0830 0.7911 0.0964 0.0003 0.0000 0.0000
0.0000 0.0000 0.0000 0.0000 0.0000 0.0002 0.0964 0.7771 0.1239 0.0025 0.0000
0.0000 0.0000 0.0000 0.0000 0.0000 0.0000 0.0003 0.1239 0.8096 0.0663 0.0000
0.0000 0.0000 0.0000 0.0000 0.0000 0.0000 0.0000 0.0025 0.0663 0.6967 0.2345
0.0000 0.0000 0.0000 0.0000 0.0000 0.0000 0.0000 0.0000 0.0000 0.2345 0.7655
#DG from neighbouring lambda in kcal/mol
0.0000 0.1000 -0.1944 0.6304
0.1000 0.2000 -0.2766 0.2700
0.2000 0.3000 -0.0580 0.5899
0.3000 0.4000 -1.6764 0.3020
0.4000 0.5000 0.8286 0.3662
0.5000 0.6000 3.7719 0.6518
0.6000 0.7000 7.1098 0.7022
0.7000 0.8000 6.4348 0.5913
0.8000 0.9000 9.5221 0.8620
0.9000 1.0000 10.0077 0.3662
#PMF from MBAR in kcal/mol
0.0000 0.0000 0.0000
0.1000 -0.1944 0.6304
0.2000 -0.4710 0.7538
0.3000 -0.5290 0.9921
0.4000 -2.2054 1.0863
0.5000 -1.3769 1.1652
0.6000 2.3950 1.3290
0.7000 9.5048 1.5411
0.8000 15.9396 1.6854
0.9000 25.4617 1.9152
1.0000 35.4694 1.9800
#TI average gradients and standard deviation in kcal/mol
0.0000 -47.4363 23.4005
0.1000 174.5229 76.9245
0.2000 39.7996 52.4605
0.3000 -3.2523 15.1256
0.4000 -20.0698 9.1037
0.5000 -9.9441 17.0875
0.6000 16.5139 9.3535
0.7000 140.3866 89.6227
0.8000 29.5532 12.7581
0.9000 148.8227 30.0850
1.0000 137.5123 22.9922
#PMF from TI in kcal/mol
0.0000 0.0000
0.1000 6.3543
0.2000 17.0705
0.3000 18.8978
0.4000 17.7317
0.5000 16.2310
0.6000 16.5595
0.7000 24.4045
0.8000 32.9015
0.9000 41.8203
1.0000 56.1371
#MBAR free energy difference in kcal/mol: 
35.469433, 1.980014  #WARNING SUBSAMPLING ENERGIES RESULTED IN LESS THAN 50 SAMPLES, CONSIDER RERUN WITHOUT SUBSAMPLE OPTION
#TI free energy difference in kcal/mol: 
56.137065  #WARNING SUBSAMPLING GRADIENTS RESULTED IN LESS THAN 50 SAMPLES, CONSIDER RERUN WITHOUT SUBSAMPLE OPTION 
Starting /export/users/common/BioSimSpace/sire.app/bin/analyse_freenrg: number of threads equals 32
