# Analysing data contained in file(s) ['lambda_0.0000/simfile.dat', 'lambda_0.1000/simfile.dat', 'lambda_0.2000/simfile.dat', 'lambda_0.3000/simfile.dat', 'lambda_0.4000/simfile.dat', 'lambda_0.5000/simfile.dat', 'lambda_0.6000/simfile.dat', 'lambda_0.7000/simfile.dat', 'lambda_0.8000/simfile.dat', 'lambda_0.9000/simfile.dat', 'lambda_1.0000/simfile.dat']
#Overlap matrix
0.9354 0.0645 0.0000 0.0000 0.0000 0.0000 0.0000 0.0000 0.0000 0.0000 0.0000
0.0645 0.8767 0.0588 0.0000 0.0000 0.0000 0.0000 0.0000 0.0000 0.0000 0.0000
0.0000 0.0588 0.8917 0.0495 0.0000 0.0000 0.0000 0.0000 0.0000 0.0000 0.0000
0.0000 0.0000 0.0495 0.9066 0.0439 0.0000 0.0000 0.0000 0.0000 0.0000 0.0000
0.0000 0.0000 0.0000 0.0439 0.9220 0.0341 0.0000 0.0000 0.0000 0.0000 0.0000
0.0000 0.0000 0.0000 0.0000 0.0341 0.9360 0.0299 0.0000 0.0000 0.0000 0.0000
0.0000 0.0000 0.0000 0.0000 0.0000 0.0299 0.9434 0.0267 0.0000 0.0000 0.0000
0.0000 0.0000 0.0000 0.0000 0.0000 0.0000 0.0267 0.9549 0.0184 0.0000 0.0000
0.0000 0.0000 0.0000 0.0000 0.0000 0.0000 0.0000 0.0184 0.9699 0.0117 0.0000
0.0000 0.0000 0.0000 0.0000 0.0000 0.0000 0.0000 0.0000 0.0117 0.9842 0.0041
0.0000 0.0000 0.0000 0.0000 0.0000 0.0000 0.0000 0.0000 0.0000 0.0041 0.9959
#DG from neighbouring lambda in kcal/mol
0.0000 0.1000 1.8216 0.0463
0.1000 0.2000 1.6200 0.0489
0.2000 0.3000 1.3121 0.0538
0.3000 0.4000 1.1042 0.0575
0.4000 0.5000 0.6811 0.0660
0.5000 0.6000 0.5834 0.0708
0.6000 0.7000 0.2965 0.0751
0.7000 0.8000 0.5027 0.0913
0.8000 0.9000 1.6469 0.1151
0.9000 1.0000 4.2231 0.1964
#PMF from MBAR in kcal/mol
0.0000 0.0000 0.0000
0.1000 1.8216 0.0463
0.2000 3.4416 0.0697
0.3000 4.7538 0.0898
0.4000 5.8579 0.1082
0.5000 6.5390 0.1279
0.6000 7.1224 0.1473
0.7000 7.4189 0.1663
0.8000 7.9216 0.1906
0.9000 9.5685 0.2234
1.0000 13.7916 0.2980
#TI average gradients and standard deviation in kcal/mol
0.0000 15.1663 20.1440
0.1000 17.0146 20.5982
0.2000 14.6378 21.4540
0.3000 12.3134 22.2788
0.4000 9.8204 23.3305
0.5000 7.4671 23.3836
0.6000 4.2825 24.9028
0.7000 4.8255 25.9247
0.8000 8.9757 27.6304
0.9000 26.9121 32.0173
1.0000 62.3293 34.8636
#PMF from TI in kcal/mol
0.0000 0.0000
0.1000 1.6090
0.2000 3.1917
0.3000 4.5392
0.4000 5.6459
0.5000 6.5103
0.6000 7.0978
0.7000 7.5532
0.8000 8.2432
0.9000 10.0376
1.0000 14.4997
#MBAR free energy difference in kcal/mol: 
13.791587, 0.297951 
#TI free energy difference in kcal/mol: 
14.499701  
Starting /export/users/common/BioSimSpace/sire.app/bin/analyse_freenrg: number of threads equals 32
