# Analysing data contained in file(s) ['lambda_0.0000/simfile.dat', 'lambda_0.1000/simfile.dat', 'lambda_0.2000/simfile.dat', 'lambda_0.3000/simfile.dat', 'lambda_0.4000/simfile.dat', 'lambda_0.5000/simfile.dat', 'lambda_0.6000/simfile.dat', 'lambda_0.7000/simfile.dat', 'lambda_0.8000/simfile.dat', 'lambda_0.9000/simfile.dat', 'lambda_1.0000/simfile.dat']
#Overlap matrix
1.0000 0.0000 0.0000 0.0000 0.0000 0.0000 0.0000 0.0000 0.0000 0.0000 0.0000
0.0000 0.9958 0.0042 0.0000 0.0000 0.0000 0.0000 0.0000 0.0000 0.0000 0.0000
0.0000 0.0042 0.9326 0.0631 0.0001 0.0000 0.0000 0.0000 0.0000 0.0000 0.0000
0.0000 0.0000 0.0631 0.7914 0.1443 0.0012 0.0000 0.0000 0.0000 0.0000 0.0000
0.0000 0.0000 0.0001 0.1443 0.7024 0.1517 0.0016 0.0000 0.0000 0.0000 0.0000
0.0000 0.0000 0.0000 0.0012 0.1517 0.6899 0.1560 0.0012 0.0000 0.0000 0.0000
0.0000 0.0000 0.0000 0.0000 0.0016 0.1560 0.6996 0.1424 0.0004 0.0000 0.0000
0.0000 0.0000 0.0000 0.0000 0.0000 0.0012 0.1424 0.7569 0.0995 0.0000 0.0000
0.0000 0.0000 0.0000 0.0000 0.0000 0.0000 0.0004 0.0995 0.8804 0.0197 0.0000
0.0000 0.0000 0.0000 0.0000 0.0000 0.0000 0.0000 0.0000 0.0197 0.9803 0.0000
0.0000 0.0000 0.0000 0.0000 0.0000 0.0000 0.0000 0.0000 0.0000 0.0000 1.0000
#DG from neighbouring lambda in kcal/mol
0.0000 0.1000 48.0965 0.4873
0.1000 0.2000 6.6887 0.5232
0.2000 0.3000 -4.0004 0.1262
0.3000 0.4000 -8.4622 0.0750
0.4000 0.5000 -11.4789 0.0719
0.5000 0.6000 -14.3343 0.0704
0.6000 0.7000 -17.3655 0.0755
0.7000 0.8000 -21.0081 0.0961
0.8000 0.9000 -28.0754 0.2375
0.9000 1.0000 -73.7017 0.2543
#PMF from MBAR in kcal/mol
0.0000 0.0000 0.0000
0.1000 48.0965 0.4873
0.2000 54.7853 0.1508
0.3000 50.7849 0.1124
0.4000 42.3226 0.1003
0.5000 30.8437 0.0962
0.6000 16.5095 0.1002
0.7000 -0.8560 0.1125
0.8000 -21.8641 0.1379
0.9000 -49.9396 0.2543
1.0000 -123.6412 0.0000
#TI average gradients and standard deviation in kcal/mol
0.0000 5344.7398 152.1816
0.1000 188.6653 49.3333
0.2000 -5.9784 23.9452
0.3000 -65.6021 17.7040
0.4000 -100.8864 15.3323
0.5000 -129.4283 14.6819
0.6000 -157.4214 15.2039
0.7000 -189.6108 16.5042
0.8000 -236.2474 20.7267
0.9000 -350.7330 37.7296
1.0000 -9388.8952 349.2566
#PMF from TI in kcal/mol
0.0000 0.0000
0.1000 276.6703
0.2000 285.8046
0.3000 282.2256
0.4000 273.9012
0.5000 262.3854
0.6000 248.0429
0.7000 230.6913
0.8000 209.3984
0.9000 180.0494
1.0000 -306.9320
#MBAR free energy difference in kcal/mol: 
-123.641231, 0.000000 
#TI free energy difference in kcal/mol: 
-306.932013  
Starting /export/users/common/BioSimSpace/sire.app/bin/analyse_freenrg: number of threads equals 32
