# Analysing data contained in file(s) ['lambda_0.0000/simfile.dat', 'lambda_0.1000/simfile.dat', 'lambda_0.2000/simfile.dat', 'lambda_0.3000/simfile.dat', 'lambda_0.4000/simfile.dat', 'lambda_0.5000/simfile.dat', 'lambda_0.6000/simfile.dat', 'lambda_0.7000/simfile.dat', 'lambda_0.8000/simfile.dat', 'lambda_0.9000/simfile.dat', 'lambda_1.0000/simfile.dat']
#Overlap matrix
0.7064 0.2472 0.0420 0.0041 0.0002 0.0000 0.0000 0.0000 0.0000 0.0000 0.0000
0.2472 0.4609 0.2333 0.0521 0.0062 0.0003 0.0000 0.0000 0.0000 0.0000 0.0000
0.0420 0.2333 0.4144 0.2416 0.0610 0.0073 0.0004 0.0000 0.0000 0.0000 0.0000
0.0041 0.0521 0.2416 0.3897 0.2403 0.0644 0.0074 0.0003 0.0000 0.0000 0.0000
0.0002 0.0062 0.0610 0.2403 0.3800 0.2413 0.0643 0.0064 0.0002 0.0000 0.0000
0.0000 0.0003 0.0073 0.0644 0.2413 0.3805 0.2424 0.0585 0.0051 0.0001 0.0000
0.0000 0.0000 0.0004 0.0074 0.0643 0.2424 0.3849 0.2416 0.0555 0.0034 0.0000
0.0000 0.0000 0.0000 0.0003 0.0064 0.0585 0.2416 0.4016 0.2479 0.0429 0.0008
0.0000 0.0000 0.0000 0.0000 0.0002 0.0051 0.0555 0.2479 0.4329 0.2411 0.0174
0.0000 0.0000 0.0000 0.0000 0.0000 0.0001 0.0034 0.0429 0.2411 0.5238 0.1886
0.0000 0.0000 0.0000 0.0000 0.0000 0.0000 0.0000 0.0008 0.0174 0.1886 0.7932
#DG from neighbouring lambda in kcal/mol
0.0000 0.1000 -0.9225 0.0171
0.1000 0.2000 1.4171 0.0149
0.2000 0.3000 1.8506 0.0132
0.3000 0.4000 1.7894 0.0126
0.4000 0.5000 1.5330 0.0124
0.5000 0.6000 1.2048 0.0126
0.6000 0.7000 0.7780 0.0132
0.7000 0.8000 0.2988 0.0138
0.8000 0.9000 -0.3431 0.0164
0.9000 1.0000 -1.5500 0.0237
#PMF from MBAR in kcal/mol
0.0000 0.0000 0.0000
0.1000 -0.9225 0.0171
0.2000 0.4946 0.0268
0.3000 2.3452 0.0330
0.4000 4.1346 0.0380
0.5000 5.6676 0.0422
0.6000 6.8724 0.0462
0.7000 7.6503 0.0502
0.8000 7.9491 0.0540
0.9000 7.6060 0.0584
1.0000 6.0560 0.0653
#TI average gradients and standard deviation in kcal/mol
0.0000 -38.5018 11.7773
0.1000 9.2841 9.2216
0.2000 17.0996 8.5791
0.3000 18.8985 8.2530
0.4000 17.0304 7.5281
0.5000 13.7631 8.0530
0.6000 10.0160 8.1928
0.7000 5.6370 8.1470
0.8000 0.0688 8.7339
0.9000 -7.5696 10.8738
1.0000 -24.9287 14.4577
#PMF from TI in kcal/mol
0.0000 0.0000
0.1000 -1.4609
0.2000 -0.1417
0.3000 1.6582
0.4000 3.4546
0.5000 4.9943
0.6000 6.1833
0.7000 6.9659
0.8000 7.2512
0.9000 6.8762
1.0000 5.2512
#MBAR free energy difference in kcal/mol: 
6.056043, 0.065324 
#TI free energy difference in kcal/mol: 
5.251250  
Starting /export/users/common/BioSimSpace/sire.app/bin/analyse_freenrg: number of threads equals 32
