# Analysing data contained in file(s) ['lambda_0.0000/simfile.dat', 'lambda_0.1000/simfile.dat', 'lambda_0.2000/simfile.dat', 'lambda_0.3000/simfile.dat', 'lambda_0.4000/simfile.dat', 'lambda_0.5000/simfile.dat', 'lambda_0.6000/simfile.dat', 'lambda_0.7000/simfile.dat', 'lambda_0.8000/simfile.dat', 'lambda_0.9000/simfile.dat', 'lambda_1.0000/simfile.dat']
#Overlap matrix
0.7988 0.1858 0.0150 0.0003 0.0000 0.0000 0.0000 0.0000 0.0000 0.0000 0.0000
0.1858 0.5754 0.2207 0.0176 0.0004 0.0000 0.0000 0.0000 0.0000 0.0000 0.0000
0.0150 0.2207 0.5184 0.2224 0.0228 0.0006 0.0000 0.0000 0.0000 0.0000 0.0000
0.0003 0.0176 0.2224 0.5015 0.2334 0.0241 0.0007 0.0000 0.0000 0.0000 0.0000
0.0000 0.0004 0.0228 0.2334 0.4916 0.2268 0.0244 0.0007 0.0000 0.0000 0.0000
0.0000 0.0000 0.0006 0.0241 0.2268 0.5019 0.2258 0.0203 0.0005 0.0000 0.0000
0.0000 0.0000 0.0000 0.0007 0.0244 0.2258 0.5276 0.2063 0.0150 0.0003 0.0000
0.0000 0.0000 0.0000 0.0000 0.0007 0.0203 0.2063 0.5866 0.1805 0.0056 0.0000
0.0000 0.0000 0.0000 0.0000 0.0000 0.0005 0.0150 0.1805 0.6734 0.1289 0.0017
0.0000 0.0000 0.0000 0.0000 0.0000 0.0000 0.0003 0.0056 0.1289 0.7617 0.1035
0.0000 0.0000 0.0000 0.0000 0.0000 0.0000 0.0000 0.0000 0.0017 0.1035 0.8948
#DG from neighbouring lambda in kcal/mol
0.0000 0.1000 11.4912 0.0343
0.1000 0.2000 10.2294 0.0278
0.2000 0.3000 8.0064 0.0268
0.3000 0.4000 5.6053 0.0251
0.4000 0.5000 3.2151 0.0256
0.5000 0.6000 0.7959 0.0261
0.6000 0.7000 -1.3474 0.0291
0.7000 0.8000 -2.9327 0.0342
0.8000 0.9000 -4.1210 0.0458
0.9000 1.0000 -5.4634 0.0543
#PMF from MBAR in kcal/mol
0.0000 0.0000 0.0000
0.1000 11.4912 0.0343
0.2000 21.7206 0.0500
0.3000 29.7270 0.0616
0.4000 35.3323 0.0705
0.5000 38.5474 0.0785
0.6000 39.3433 0.0859
0.7000 37.9958 0.0936
0.8000 35.0631 0.1023
0.9000 30.9421 0.1148
1.0000 25.4787 0.1297
#TI average gradients and standard deviation in kcal/mol
0.0000 2854694.0389 59481733.6834
0.1000 112.0392 12.0374
0.2000 91.5197 10.7851
0.3000 68.1300 10.2162
0.4000 44.3635 9.6305
0.5000 19.3309 10.8663
0.6000 -3.4331 10.8875
0.7000 -23.3909 11.5282
0.8000 -35.9412 14.3240
0.9000 -46.3212 18.5472
1.0000 -5162128.5675 106450967.8081
#PMF from TI in kcal/mol
0.0000 0.0000
0.1000 142740.3039
0.2000 142750.4819
0.3000 142758.4643
0.4000 142764.0890
0.5000 142767.2737
0.6000 142768.0686
0.7000 142766.7274
0.8000 142763.7608
0.9000 142759.6477
1.0000 -115349.0967
#MBAR free energy difference in kcal/mol: 
25.478666, 0.129708 
#TI free energy difference in kcal/mol: 
-115349.096747  
Starting /export/users/common/BioSimSpace/sire.app/bin/analyse_freenrg: number of threads equals 32
