# Analysing data contained in file(s) ['lambda_0.0000/simfile.dat', 'lambda_0.1000/simfile.dat', 'lambda_0.2000/simfile.dat', 'lambda_0.3000/simfile.dat', 'lambda_0.4000/simfile.dat', 'lambda_0.5000/simfile.dat', 'lambda_0.6000/simfile.dat', 'lambda_0.7000/simfile.dat', 'lambda_0.8000/simfile.dat', 'lambda_0.9000/simfile.dat', 'lambda_1.0000/simfile.dat']
#Overlap matrix
0.9511 0.0488 0.0000 0.0000 0.0000 0.0000 0.0000 0.0000 0.0000 0.0000 0.0000
0.0488 0.8557 0.0954 0.0001 0.0000 0.0000 0.0000 0.0000 0.0000 0.0000 0.0000
0.0000 0.0954 0.8080 0.0966 0.0001 0.0000 0.0000 0.0000 0.0000 0.0000 0.0000
0.0000 0.0001 0.0966 0.8086 0.0947 0.0001 0.0000 0.0000 0.0000 0.0000 0.0000
0.0000 0.0000 0.0001 0.0947 0.8072 0.0979 0.0001 0.0000 0.0000 0.0000 0.0000
0.0000 0.0000 0.0000 0.0001 0.0979 0.8047 0.0971 0.0001 0.0000 0.0000 0.0000
0.0000 0.0000 0.0000 0.0000 0.0001 0.0971 0.8053 0.0974 0.0001 0.0000 0.0000
0.0000 0.0000 0.0000 0.0000 0.0000 0.0001 0.0974 0.8000 0.1024 0.0001 0.0000
0.0000 0.0000 0.0000 0.0000 0.0000 0.0000 0.0001 0.1024 0.7956 0.1018 0.0001
0.0000 0.0000 0.0000 0.0000 0.0000 0.0000 0.0000 0.0001 0.1018 0.8071 0.0910
0.0000 0.0000 0.0000 0.0000 0.0000 0.0000 0.0000 0.0000 0.0001 0.0910 0.9089
#DG from neighbouring lambda in kcal/mol
0.0000 0.1000 28.6626 0.0592
0.1000 0.2000 22.9653 0.0401
0.2000 0.3000 18.0752 0.0398
0.3000 0.4000 13.0861 0.0403
0.4000 0.5000 8.3921 0.0394
0.5000 0.6000 3.5618 0.0396
0.6000 0.7000 -1.1434 0.0396
0.7000 0.8000 -5.6930 0.0383
0.8000 0.9000 -9.9901 0.0385
0.9000 1.0000 -13.5422 0.0413
#PMF from MBAR in kcal/mol
0.0000 0.0000 0.0000
0.1000 28.6626 0.0592
0.2000 51.6279 0.0741
0.3000 69.7031 0.0863
0.4000 82.7892 0.0972
0.5000 91.1813 0.1066
0.6000 94.7431 0.1154
0.7000 93.5996 0.1235
0.8000 87.9066 0.1308
0.9000 77.9165 0.1377
1.0000 64.3743 0.1451
#TI average gradients and standard deviation in kcal/mol
0.0000 326.5939 24.3966
0.1000 258.6184 19.5529
0.2000 205.6183 16.4330
0.3000 157.8830 20.0981
0.4000 107.2246 18.8627
0.5000 55.9758 19.3989
0.6000 18.0928 15.4964
0.7000 -37.3939 17.8372
0.8000 -76.4723 17.9282
0.9000 -116.6206 15.8363
1.0000 -149.5729 21.4981
#PMF from TI in kcal/mol
0.0000 0.0000
0.1000 29.2606
0.2000 52.4724
0.3000 70.6475
0.4000 83.9029
0.5000 92.0629
0.6000 95.7663
0.7000 94.8013
0.8000 89.1080
0.9000 79.4533
1.0000 66.1437
#MBAR free energy difference in kcal/mol: 
64.374284, 0.145057 
#TI free energy difference in kcal/mol: 
66.143660  #WARNING SUBSAMPLING GRADIENTS RESULTED IN LESS THAN 50 SAMPLES, CONSIDER RERUN WITHOUT SUBSAMPLE OPTION 
Starting /export/users/common/BioSimSpace/sire.app/bin/analyse_freenrg: number of threads equals 32
