# Analysing data contained in file(s) ['lambda_0.0000/simfile.dat', 'lambda_0.1000/simfile.dat', 'lambda_0.2000/simfile.dat', 'lambda_0.3000/simfile.dat', 'lambda_0.4000/simfile.dat', 'lambda_0.5000/simfile.dat', 'lambda_0.6000/simfile.dat', 'lambda_0.7000/simfile.dat', 'lambda_0.8000/simfile.dat', 'lambda_0.9000/simfile.dat', 'lambda_1.0000/simfile.dat']
#Overlap matrix
0.8856 0.1111 0.0032 0.0001 0.0000 0.0000 0.0000 0.0000 0.0000 0.0000 0.0000
0.1111 0.6802 0.1937 0.0147 0.0003 0.0000 0.0000 0.0000 0.0000 0.0000 0.0000
0.0032 0.1937 0.5605 0.2194 0.0226 0.0005 0.0000 0.0000 0.0000 0.0000 0.0000
0.0001 0.0147 0.2194 0.5075 0.2353 0.0226 0.0005 0.0000 0.0000 0.0000 0.0000
0.0000 0.0003 0.0226 0.2353 0.4893 0.2299 0.0221 0.0004 0.0000 0.0000 0.0000
0.0000 0.0000 0.0005 0.0226 0.2299 0.5010 0.2261 0.0195 0.0004 0.0000 0.0000
0.0000 0.0000 0.0000 0.0005 0.0221 0.2261 0.5005 0.2273 0.0232 0.0003 0.0000
0.0000 0.0000 0.0000 0.0000 0.0004 0.0195 0.2273 0.5082 0.2306 0.0139 0.0001
0.0000 0.0000 0.0000 0.0000 0.0000 0.0004 0.0232 0.2306 0.5291 0.2035 0.0132
0.0000 0.0000 0.0000 0.0000 0.0000 0.0000 0.0003 0.0139 0.2035 0.5424 0.2400
0.0000 0.0000 0.0000 0.0000 0.0000 0.0000 0.0000 0.0001 0.0132 0.2400 0.7467
#DG from neighbouring lambda in kcal/mol
0.0000 0.1000 -2.6136 0.0890
0.1000 0.2000 -0.3038 0.0567
0.2000 0.3000 0.4284 0.0476
0.3000 0.4000 0.4428 0.0433
0.4000 0.5000 0.1565 0.0443
0.5000 0.6000 -0.1625 0.0455
0.6000 0.7000 -0.4627 0.0452
0.7000 0.8000 -0.5485 0.0455
0.8000 0.9000 -0.8502 0.0526
0.9000 1.0000 -1.0957 0.0479
#PMF from MBAR in kcal/mol
0.0000 0.0000 0.0000
0.1000 -2.6136 0.0890
0.2000 -2.9174 0.1147
0.3000 -2.4890 0.1309
0.4000 -2.0462 0.1436
0.5000 -1.8897 0.1557
0.6000 -2.0522 0.1672
0.7000 -2.5149 0.1781
0.8000 -3.0634 0.1882
0.9000 -3.9135 0.2000
1.0000 -5.0092 0.2101
#TI average gradients and standard deviation in kcal/mol
0.0000 -41.3218 18.6266
0.1000 -11.1934 14.8712
0.2000 2.0578 11.6177
0.3000 4.8125 10.3689
0.4000 2.9090 10.4196
0.5000 -0.1308 10.3765
0.6000 -3.0872 10.7981
0.7000 -5.2060 10.9650
0.8000 -7.5857 11.1456
0.9000 -9.5349 11.2643
1.0000 -8.7665 11.6553
#PMF from TI in kcal/mol
0.0000 0.0000
0.1000 -2.6258
0.2000 -3.0825
0.3000 -2.7390
0.4000 -2.3530
0.5000 -2.2140
0.6000 -2.3749
0.7000 -2.7896
0.8000 -3.4292
0.9000 -4.2852
1.0000 -5.2003
#MBAR free energy difference in kcal/mol: 
-5.009250, 0.210089 
#TI free energy difference in kcal/mol: 
-5.200288  
Starting /export/users/common/BioSimSpace/sire.app/bin/analyse_freenrg: number of threads equals 32
