# Analysing data contained in file(s) ['lambda_0.0000/simfile.dat', 'lambda_0.1000/simfile.dat', 'lambda_0.2000/simfile.dat', 'lambda_0.3000/simfile.dat', 'lambda_0.4000/simfile.dat', 'lambda_0.5000/simfile.dat', 'lambda_0.6000/simfile.dat', 'lambda_0.7000/simfile.dat', 'lambda_0.8000/simfile.dat', 'lambda_0.9000/simfile.dat', 'lambda_1.0000/simfile.dat']
#Overlap matrix
0.9850 0.0150 0.0000 0.0000 0.0000 0.0000 0.0000 0.0000 0.0000 0.0000 0.0000
0.0150 0.9682 0.0168 0.0000 0.0000 0.0000 0.0000 0.0000 0.0000 0.0000 0.0000
0.0000 0.0168 0.9597 0.0236 0.0000 0.0000 0.0000 0.0000 0.0000 0.0000 0.0000
0.0000 0.0000 0.0236 0.9519 0.0245 0.0000 0.0000 0.0000 0.0000 0.0000 0.0000
0.0000 0.0000 0.0000 0.0245 0.9438 0.0317 0.0000 0.0000 0.0000 0.0000 0.0000
0.0000 0.0000 0.0000 0.0000 0.0317 0.9303 0.0379 0.0000 0.0000 0.0000 0.0000
0.0000 0.0000 0.0000 0.0000 0.0000 0.0379 0.9217 0.0404 0.0000 0.0000 0.0000
0.0000 0.0000 0.0000 0.0000 0.0000 0.0000 0.0404 0.9090 0.0506 0.0000 0.0000
0.0000 0.0000 0.0000 0.0000 0.0000 0.0000 0.0000 0.0506 0.8884 0.0610 0.0000
0.0000 0.0000 0.0000 0.0000 0.0000 0.0000 0.0000 0.0000 0.0610 0.8691 0.0699
0.0000 0.0000 0.0000 0.0000 0.0000 0.0000 0.0000 0.0000 0.0000 0.0699 0.9301
#DG from neighbouring lambda in kcal/mol
0.0000 0.1000 1.1161 0.1190
0.1000 0.2000 1.6933 0.1125
0.2000 0.3000 2.2441 0.0942
0.3000 0.4000 2.4565 0.0923
0.4000 0.5000 2.4502 0.0805
0.5000 0.6000 2.6082 0.0731
0.6000 0.7000 2.4343 0.0707
0.7000 0.8000 2.5425 0.0624
0.8000 0.9000 2.5806 0.0562
0.9000 1.0000 2.5687 0.0520
#PMF from MBAR in kcal/mol
0.0000 0.0000 0.0000
0.1000 1.1161 0.1190
0.2000 2.8094 0.1651
0.3000 5.0535 0.1913
0.4000 7.5100 0.2134
0.5000 9.9602 0.2290
0.6000 12.5684 0.2413
0.7000 15.0027 0.2523
0.8000 17.5451 0.2608
0.9000 20.1258 0.2676
1.0000 22.6945 0.2734
#TI average gradients and standard deviation in kcal/mol
0.0000 5.7956 28.0239
0.1000 15.2775 27.0535
0.2000 21.0002 25.6500
0.3000 23.4535 24.6335
0.4000 24.1129 23.9539
0.5000 25.1423 23.0421
0.6000 25.7074 22.4125
0.7000 25.1939 20.9505
0.8000 25.5955 20.6658
0.9000 25.5312 19.3534
1.0000 28.6596 18.7167
#PMF from TI in kcal/mol
0.0000 0.0000
0.1000 1.0537
0.2000 2.8675
0.3000 5.0902
0.4000 7.4685
0.5000 9.9313
0.6000 12.4738
0.7000 15.0189
0.8000 17.5583
0.9000 20.1147
1.0000 22.8242
#MBAR free energy difference in kcal/mol: 
22.694459, 0.273406 
#TI free energy difference in kcal/mol: 
22.824194  
Starting /export/users/common/BioSimSpace/sire.app/bin/analyse_freenrg: number of threads equals 32
