# Analysing data contained in file(s) ['lambda_0.0000/simfile.dat', 'lambda_0.1000/simfile.dat', 'lambda_0.2000/simfile.dat', 'lambda_0.3000/simfile.dat', 'lambda_0.4000/simfile.dat', 'lambda_0.5000/simfile.dat', 'lambda_0.6000/simfile.dat', 'lambda_0.7000/simfile.dat', 'lambda_0.8000/simfile.dat', 'lambda_0.9000/simfile.dat', 'lambda_1.0000/simfile.dat']
#Overlap matrix
0.7072 0.2556 0.0356 0.0016 0.0000 0.0000 0.0000 0.0000 0.0000 0.0000 0.0000
0.2556 0.4762 0.2359 0.0312 0.0012 0.0000 0.0000 0.0000 0.0000 0.0000 0.0000
0.0356 0.2359 0.4630 0.2321 0.0321 0.0013 0.0000 0.0000 0.0000 0.0000 0.0000
0.0016 0.0312 0.2321 0.4605 0.2379 0.0352 0.0016 0.0000 0.0000 0.0000 0.0000
0.0000 0.0012 0.0321 0.2379 0.4516 0.2382 0.0370 0.0020 0.0000 0.0000 0.0000
0.0000 0.0000 0.0013 0.0352 0.2382 0.4423 0.2374 0.0427 0.0029 0.0001 0.0000
0.0000 0.0000 0.0000 0.0016 0.0370 0.2374 0.4291 0.2417 0.0491 0.0039 0.0001
0.0000 0.0000 0.0000 0.0000 0.0020 0.0427 0.2417 0.4130 0.2428 0.0530 0.0048
0.0000 0.0000 0.0000 0.0000 0.0000 0.0029 0.0491 0.2428 0.4011 0.2439 0.0601
0.0000 0.0000 0.0000 0.0000 0.0000 0.0001 0.0039 0.0530 0.2439 0.4112 0.2879
0.0000 0.0000 0.0000 0.0000 0.0000 0.0000 0.0001 0.0048 0.0601 0.2879 0.6471
#DG from neighbouring lambda in kcal/mol
0.0000 0.1000 -1.6341 0.0167
0.1000 0.2000 -0.3492 0.0161
0.2000 0.3000 -0.1025 0.0164
0.3000 0.4000 -0.1049 0.0158
0.4000 0.5000 -0.1364 0.0155
0.5000 0.6000 -0.1903 0.0151
0.6000 0.7000 -0.2041 0.0142
0.7000 0.8000 -0.1823 0.0135
0.8000 0.9000 -0.1729 0.0131
0.9000 1.0000 -0.1711 0.0133
#PMF from MBAR in kcal/mol
0.0000 0.0000 0.0000
0.1000 -1.6341 0.0167
0.2000 -1.9833 0.0275
0.3000 -2.0858 0.0356
0.4000 -2.1907 0.0420
0.5000 -2.3271 0.0473
0.6000 -2.5174 0.0520
0.7000 -2.7215 0.0559
0.8000 -2.9037 0.0593
0.9000 -3.0766 0.0624
1.0000 -3.2477 0.0653
#TI average gradients and standard deviation in kcal/mol
0.0000 -30.1676 11.3765
0.1000 -6.8793 9.2287
0.2000 -0.6352 9.4981
0.3000 -1.5880 9.5683
0.4000 -1.4603 9.0984
0.5000 -1.7672 8.6600
0.6000 -1.6372 8.9158
0.7000 -1.5977 8.2775
0.8000 -1.2993 8.1634
0.9000 -1.7030 7.9590
1.0000 -1.1455 7.7374
#PMF from TI in kcal/mol
0.0000 0.0000
0.1000 -1.8523
0.2000 -2.2281
0.3000 -2.3392
0.4000 -2.4916
0.5000 -2.6530
0.6000 -2.8232
0.7000 -2.9850
0.8000 -3.1298
0.9000 -3.2799
1.0000 -3.4224
#MBAR free energy difference in kcal/mol: 
-3.247701, 0.065304 
#TI free energy difference in kcal/mol: 
-3.422373  
Starting /export/users/common/BioSimSpace/sire.app/bin/analyse_freenrg: number of threads equals 32
