# Analysing data contained in file(s) ['lambda_0.0000/simfile.dat', 'lambda_0.1000/simfile.dat', 'lambda_0.2000/simfile.dat', 'lambda_0.3000/simfile.dat', 'lambda_0.4000/simfile.dat', 'lambda_0.5000/simfile.dat', 'lambda_0.6000/simfile.dat', 'lambda_0.7000/simfile.dat', 'lambda_0.8000/simfile.dat', 'lambda_0.9000/simfile.dat', 'lambda_1.0000/simfile.dat']
#Overlap matrix
0.9303 0.0695 0.0002 0.0000 0.0000 0.0000 0.0000 0.0000 0.0000 0.0000 0.0000
0.0695 0.7745 0.1537 0.0023 0.0000 0.0000 0.0000 0.0000 0.0000 0.0000 0.0000
0.0002 0.1537 0.6677 0.1738 0.0045 0.0000 0.0000 0.0000 0.0000 0.0000 0.0000
0.0000 0.0023 0.1738 0.6299 0.1881 0.0059 0.0000 0.0000 0.0000 0.0000 0.0000
0.0000 0.0000 0.0045 0.1881 0.5969 0.2016 0.0089 0.0001 0.0000 0.0000 0.0000
0.0000 0.0000 0.0000 0.0059 0.2016 0.5764 0.2075 0.0087 0.0000 0.0000 0.0000
0.0000 0.0000 0.0000 0.0000 0.0089 0.2075 0.5821 0.1955 0.0060 0.0000 0.0000
0.0000 0.0000 0.0000 0.0000 0.0001 0.0087 0.1955 0.6195 0.1733 0.0031 0.0000
0.0000 0.0000 0.0000 0.0000 0.0000 0.0000 0.0060 0.1733 0.6995 0.1211 0.0001
0.0000 0.0000 0.0000 0.0000 0.0000 0.0000 0.0000 0.0031 0.1211 0.8589 0.0169
0.0000 0.0000 0.0000 0.0000 0.0000 0.0000 0.0000 0.0000 0.0001 0.0169 0.9830
#DG from neighbouring lambda in kcal/mol
0.0000 0.1000 8.8125 0.0496
0.1000 0.2000 5.2112 0.0296
0.2000 0.3000 2.7807 0.0265
0.3000 0.4000 0.6478 0.0246
0.4000 0.5000 -1.4018 0.0229
0.5000 0.6000 -3.2166 0.0221
0.6000 0.7000 -4.8368 0.0235
0.7000 0.8000 -5.8795 0.0264
0.8000 0.9000 -3.9524 0.0347
0.9000 1.0000 8.3790 0.1063
#PMF from MBAR in kcal/mol
0.0000 0.0000 0.0000
0.1000 8.8125 0.0496
0.2000 14.0237 0.0610
0.3000 16.8044 0.0692
0.4000 17.4522 0.0758
0.5000 16.0504 0.0814
0.6000 12.8338 0.0862
0.7000 7.9970 0.0912
0.8000 2.1175 0.0967
0.9000 -1.8348 0.1044
1.0000 6.5441 0.1503
#TI average gradients and standard deviation in kcal/mol
0.0000 109.1246 18.4912
0.1000 68.3981 15.9335
0.2000 35.6430 12.1039
0.3000 17.0533 12.6459
0.4000 -1.0723 13.0785
0.5000 -22.2934 11.3769
0.6000 -40.8083 14.9762
0.7000 -54.4775 12.8331
0.8000 -58.4602 13.2738
0.9000 -4.0301 19.6600
1.0000 214.8216 39.3282
#PMF from TI in kcal/mol
0.0000 0.0000
0.1000 8.8761
0.2000 14.0782
0.3000 16.7130
0.4000 17.5121
0.5000 16.3438
0.6000 13.1887
0.7000 8.4244
0.8000 2.7775
0.9000 -0.3470
1.0000 10.1926
#MBAR free energy difference in kcal/mol: 
6.544120, 0.150286 
#TI free energy difference in kcal/mol: 
10.192567  
Starting /export/users/common/BioSimSpace/sire.app/bin/analyse_freenrg: number of threads equals 32
