# Analysing data contained in file(s) ['lambda_0.0000/simfile.dat', 'lambda_0.1000/simfile.dat', 'lambda_0.2000/simfile.dat', 'lambda_0.3000/simfile.dat', 'lambda_0.4000/simfile.dat', 'lambda_0.5000/simfile.dat', 'lambda_0.6000/simfile.dat', 'lambda_0.7000/simfile.dat', 'lambda_0.8000/simfile.dat', 'lambda_0.9000/simfile.dat', 'lambda_1.0000/simfile.dat']
#Overlap matrix
0.8534 0.1454 0.0012 0.0000 0.0000 0.0000 0.0000 0.0000 0.0000 0.0000 0.0000
0.1454 0.7067 0.1465 0.0014 0.0000 0.0000 0.0000 0.0000 0.0000 0.0000 0.0000
0.0012 0.1465 0.7000 0.1508 0.0015 0.0000 0.0000 0.0000 0.0000 0.0000 0.0000
0.0000 0.0014 0.1508 0.6991 0.1476 0.0012 0.0000 0.0000 0.0000 0.0000 0.0000
0.0000 0.0000 0.0015 0.1476 0.7018 0.1480 0.0011 0.0000 0.0000 0.0000 0.0000
0.0000 0.0000 0.0000 0.0012 0.1480 0.7019 0.1477 0.0011 0.0000 0.0000 0.0000
0.0000 0.0000 0.0000 0.0000 0.0011 0.1477 0.7078 0.1425 0.0008 0.0000 0.0000
0.0000 0.0000 0.0000 0.0000 0.0000 0.0011 0.1425 0.7190 0.1368 0.0006 0.0000
0.0000 0.0000 0.0000 0.0000 0.0000 0.0000 0.0008 0.1368 0.7417 0.1203 0.0004
0.0000 0.0000 0.0000 0.0000 0.0000 0.0000 0.0000 0.0006 0.1203 0.7667 0.1123
0.0000 0.0000 0.0000 0.0000 0.0000 0.0000 0.0000 0.0000 0.0004 0.1123 0.8873
#DG from neighbouring lambda in kcal/mol
0.0000 0.1000 3.3733 0.0296
0.1000 0.2000 2.7429 0.0292
0.2000 0.3000 2.2925 0.0286
0.3000 0.4000 2.0332 0.0291
0.4000 0.5000 1.7946 0.0291
0.5000 0.6000 1.6541 0.0291
0.6000 0.7000 1.6689 0.0299
0.7000 0.8000 1.7682 0.0308
0.8000 0.9000 2.0824 0.0337
0.9000 1.0000 2.6750 0.0353
#PMF from MBAR in kcal/mol
0.0000 0.0000 0.0000
0.1000 3.3733 0.0296
0.2000 6.1162 0.0455
0.3000 8.4087 0.0569
0.4000 10.4419 0.0665
0.5000 12.2365 0.0749
0.6000 13.8906 0.0825
0.7000 15.5595 0.0897
0.8000 17.3277 0.0966
0.9000 19.4100 0.1040
1.0000 22.0850 0.1114
#TI average gradients and standard deviation in kcal/mol
0.0000 36.0747 14.7552
0.1000 30.1605 14.9105
0.2000 24.8730 14.7862
0.3000 21.6926 14.8775
0.4000 18.8877 14.7190
0.5000 17.0900 14.8879
0.6000 16.1365 15.1239
0.7000 16.8174 15.7693
0.8000 18.7453 15.7506
0.9000 23.2413 16.6634
1.0000 31.6305 18.1576
#PMF from TI in kcal/mol
0.0000 0.0000
0.1000 3.3118
0.2000 6.0634
0.3000 8.3917
0.4000 10.4207
0.5000 12.2196
0.6000 13.8809
0.7000 15.5286
0.8000 17.3068
0.9000 19.4061
1.0000 22.1497
#MBAR free energy difference in kcal/mol: 
22.084988, 0.111446 
#TI free energy difference in kcal/mol: 
22.149681  
Starting /export/users/common/BioSimSpace/sire.app/bin/analyse_freenrg: number of threads equals 32
