# Analysing data contained in file(s) ['lambda_0.0000/simfile.dat', 'lambda_0.1000/simfile.dat', 'lambda_0.2000/simfile.dat', 'lambda_0.3000/simfile.dat', 'lambda_0.4000/simfile.dat', 'lambda_0.5000/simfile.dat', 'lambda_0.6000/simfile.dat', 'lambda_0.7000/simfile.dat', 'lambda_0.8000/simfile.dat', 'lambda_0.9000/simfile.dat', 'lambda_1.0000/simfile.dat']
#Overlap matrix
0.7011 0.2529 0.0429 0.0030 0.0001 0.0000 0.0000 0.0000 0.0000 0.0000 0.0000
0.2529 0.4449 0.2499 0.0491 0.0031 0.0001 0.0000 0.0000 0.0000 0.0000 0.0000
0.0429 0.2499 0.4200 0.2388 0.0456 0.0028 0.0001 0.0000 0.0000 0.0000 0.0000
0.0030 0.0491 0.2388 0.4199 0.2424 0.0443 0.0025 0.0000 0.0000 0.0000 0.0000
0.0001 0.0031 0.0456 0.2424 0.4248 0.2403 0.0417 0.0020 0.0000 0.0000 0.0000
0.0000 0.0001 0.0028 0.0443 0.2403 0.4315 0.2420 0.0377 0.0014 0.0000 0.0000
0.0000 0.0000 0.0001 0.0025 0.0417 0.2420 0.4460 0.2353 0.0315 0.0008 0.0000
0.0000 0.0000 0.0000 0.0000 0.0020 0.0377 0.2353 0.4610 0.2397 0.0241 0.0001
0.0000 0.0000 0.0000 0.0000 0.0000 0.0014 0.0315 0.2397 0.4967 0.2232 0.0075
0.0000 0.0000 0.0000 0.0000 0.0000 0.0000 0.0008 0.0241 0.2232 0.5873 0.1645
0.0000 0.0000 0.0000 0.0000 0.0000 0.0000 0.0000 0.0001 0.0075 0.1645 0.8279
#DG from neighbouring lambda in kcal/mol
0.0000 0.1000 -2.4642 0.0178
0.1000 0.2000 0.0343 0.0150
0.2000 0.3000 1.7486 0.0155
0.3000 0.4000 3.1706 0.0155
0.4000 0.5000 4.5260 0.0159
0.5000 0.6000 5.8268 0.0162
0.6000 0.7000 7.1409 0.0173
0.7000 0.8000 8.3919 0.0179
0.8000 0.9000 9.5764 0.0209
0.9000 1.0000 10.2120 0.0292
#PMF from MBAR in kcal/mol
0.0000 0.0000 0.0000
0.1000 -2.4642 0.0178
0.2000 -2.4299 0.0280
0.3000 -0.6813 0.0357
0.4000 2.4893 0.0421
0.5000 7.0153 0.0478
0.6000 12.8421 0.0530
0.7000 19.9830 0.0582
0.8000 28.3749 0.0632
0.9000 37.9513 0.0688
1.0000 48.1633 0.0773
#TI average gradients and standard deviation in kcal/mol
0.0000 -43.2881 11.8296
0.1000 -10.4946 8.9914
0.2000 10.1448 8.2650
0.3000 24.6182 8.4174
0.4000 38.2424 9.0499
0.5000 52.0170 8.7582
0.6000 64.9694 9.6402
0.7000 78.0096 9.6429
0.8000 89.9871 10.0896
0.9000 100.9057 11.9982
1.0000 105.2286 14.8962
#PMF from TI in kcal/mol
0.0000 0.0000
0.1000 -2.6891
0.2000 -2.7066
0.3000 -0.9685
0.4000 2.1746
0.5000 6.6875
0.6000 12.5368
0.7000 19.6858
0.8000 28.0856
0.9000 37.6303
1.0000 47.9370
#MBAR free energy difference in kcal/mol: 
48.163331, 0.077259 
#TI free energy difference in kcal/mol: 
47.936996  
Starting /export/users/common/BioSimSpace/sire.app/bin/analyse_freenrg: number of threads equals 32
