# Analysing data contained in file(s) ['lambda_0.0000/simfile.dat', 'lambda_0.1000/simfile.dat', 'lambda_0.2000/simfile.dat', 'lambda_0.3000/simfile.dat', 'lambda_0.4000/simfile.dat', 'lambda_0.5000/simfile.dat', 'lambda_0.6000/simfile.dat', 'lambda_0.7000/simfile.dat', 'lambda_0.8000/simfile.dat', 'lambda_0.9000/simfile.dat', 'lambda_1.0000/simfile.dat']
#Overlap matrix
0.7800 0.2070 0.0129 0.0001 0.0000 0.0000 0.0000 0.0000 0.0000 0.0000 0.0000
0.2070 0.5647 0.2155 0.0127 0.0001 0.0000 0.0000 0.0000 0.0000 0.0000 0.0000
0.0129 0.2155 0.5507 0.2103 0.0106 0.0001 0.0000 0.0000 0.0000 0.0000 0.0000
0.0001 0.0127 0.2103 0.5606 0.2065 0.0098 0.0001 0.0000 0.0000 0.0000 0.0000
0.0000 0.0001 0.0106 0.2065 0.5693 0.2047 0.0087 0.0000 0.0000 0.0000 0.0000
0.0000 0.0000 0.0001 0.0098 0.2047 0.5785 0.1989 0.0080 0.0000 0.0000 0.0000
0.0000 0.0000 0.0000 0.0001 0.0087 0.1989 0.5828 0.2021 0.0073 0.0000 0.0000
0.0000 0.0000 0.0000 0.0000 0.0000 0.0080 0.2021 0.5878 0.1957 0.0064 0.0000
0.0000 0.0000 0.0000 0.0000 0.0000 0.0000 0.0073 0.1957 0.5986 0.1927 0.0057
0.0000 0.0000 0.0000 0.0000 0.0000 0.0000 0.0000 0.0064 0.1927 0.6112 0.1897
0.0000 0.0000 0.0000 0.0000 0.0000 0.0000 0.0000 0.0000 0.0057 0.1897 0.8046
#DG from neighbouring lambda in kcal/mol
0.0000 0.1000 0.7887 0.0200
0.1000 0.2000 0.5978 0.0184
0.2000 0.3000 -0.6943 0.0189
0.3000 0.4000 -2.3905 0.0194
0.4000 0.5000 -4.1687 0.0197
0.5000 0.6000 -5.9793 0.0203
0.6000 0.7000 -7.7961 0.0202
0.7000 0.8000 -9.6092 0.0208
0.8000 0.9000 -11.4558 0.0212
0.9000 1.0000 -13.3224 0.0221
#PMF from MBAR in kcal/mol
0.0000 0.0000 0.0000
0.1000 0.7887 0.0200
0.2000 1.3865 0.0312
0.3000 0.6921 0.0397
0.4000 -1.6984 0.0469
0.5000 -5.8671 0.0533
0.6000 -11.8463 0.0593
0.7000 -19.6424 0.0646
0.8000 -29.2516 0.0698
0.9000 -40.7075 0.0748
1.0000 -54.0298 0.0797
#TI average gradients and standard deviation in kcal/mol
0.0000 2.2097 13.5374
0.1000 9.4589 11.5766
0.2000 0.7660 11.8192
0.3000 -15.0047 11.9022
0.4000 -32.7268 11.9850
0.5000 -50.8016 12.0164
0.6000 -68.8595 12.2740
0.7000 -86.8939 12.5701
0.8000 -105.3901 12.8460
0.9000 -123.6519 12.7243
1.0000 -142.3469 13.1352
#PMF from TI in kcal/mol
0.0000 0.0000
0.1000 0.5834
0.2000 1.0947
0.3000 0.3827
0.4000 -2.0038
0.5000 -6.1803
0.6000 -12.1633
0.7000 -19.9510
0.8000 -29.5652
0.9000 -41.0173
1.0000 -54.3172
#MBAR free energy difference in kcal/mol: 
-54.029849, 0.079657 
#TI free energy difference in kcal/mol: 
-54.317230  
Starting /export/users/common/BioSimSpace/sire.app/bin/analyse_freenrg: number of threads equals 32
