# Analysing data contained in file(s) ['lambda_0.0000/simfile.dat', 'lambda_0.1000/simfile.dat', 'lambda_0.2000/simfile.dat', 'lambda_0.3000/simfile.dat', 'lambda_0.4000/simfile.dat', 'lambda_0.5000/simfile.dat', 'lambda_0.6000/simfile.dat', 'lambda_0.7000/simfile.dat', 'lambda_0.8000/simfile.dat', 'lambda_0.9000/simfile.dat', 'lambda_1.0000/simfile.dat']
#Overlap matrix
0.7121 0.2844 0.0035 0.0000 0.0000 0.0000 0.0000 0.0000 0.0000 0.0000 0.0000
0.2844 0.6445 0.0703 0.0008 0.0000 0.0000 0.0000 0.0000 0.0000 0.0000 0.0000
0.0035 0.0703 0.6461 0.2557 0.0235 0.0008 0.0000 0.0000 0.0000 0.0000 0.0000
0.0000 0.0008 0.2557 0.4958 0.2245 0.0231 0.0000 0.0000 0.0000 0.0000 0.0000
0.0000 0.0000 0.0235 0.2245 0.5556 0.1964 0.0000 0.0000 0.0000 0.0000 0.0000
0.0000 0.0000 0.0008 0.0231 0.1964 0.7796 0.0000 0.0000 0.0000 0.0000 0.0000
0.0000 0.0000 0.0000 0.0000 0.0000 0.0000 0.8471 0.1431 0.0092 0.0006 0.0000
0.0000 0.0000 0.0000 0.0000 0.0000 0.0000 0.1431 0.5849 0.2152 0.0541 0.0027
0.0000 0.0000 0.0000 0.0000 0.0000 0.0000 0.0092 0.2152 0.4504 0.3000 0.0252
0.0000 0.0000 0.0000 0.0000 0.0000 0.0000 0.0006 0.0541 0.3000 0.4802 0.1650
0.0000 0.0000 0.0000 0.0000 0.0000 0.0000 0.0000 0.0027 0.0252 0.1650 0.8071
#DG from neighbouring lambda in kcal/mol
0.0000 0.1000 1.1419 0.1661
0.1000 0.2000 -0.6227 0.4619
0.2000 0.3000 -3.4136 0.1723
0.3000 0.4000 -3.4341 0.1805
0.4000 0.5000 0.3713 0.2198
0.5000 0.6000 10.2939 90.1046
0.6000 0.7000 0.7117 0.2919
0.7000 0.8000 -0.4652 0.1767
0.8000 0.9000 0.0616 0.1164
0.9000 1.0000 1.4337 0.2461
#PMF from MBAR in kcal/mol
0.0000 0.0000 0.0000
0.1000 1.1419 0.1661
0.2000 0.5192 0.5217
0.3000 -2.8943 0.5812
0.4000 -6.3284 0.6291
0.5000 -5.9571 0.6835
0.6000 4.3368 90.1072
0.7000 5.0485 90.1079
0.8000 4.5832 90.1082
0.9000 4.6448 90.1084
1.0000 6.0785 90.1089
#TI average gradients and standard deviation in kcal/mol
0.0000 6.7557 10.3185
0.1000 7.7466 9.5940
0.2000 -32.8532 13.9523
0.3000 -40.4755 5.7131
0.4000 -28.5092 7.1364
0.5000 57.6859 18.6880
0.6000 43.0207 48.3701
0.7000 -2.3512 7.1808
0.8000 -6.4954 6.8878
0.9000 4.4619 12.8294
1.0000 17.8287 9.5046
#PMF from TI in kcal/mol
0.0000 0.0000
0.1000 0.7251
0.2000 -0.5302
0.3000 -4.1967
0.4000 -7.6459
0.5000 -6.1871
0.6000 -1.1517
0.7000 0.8818
0.8000 0.4394
0.9000 0.3378
1.0000 1.4523
#MBAR free energy difference in kcal/mol: 
6.078451, 90.108886  #WARNING SUBSAMPLING ENERGIES RESULTED IN LESS THAN 50 SAMPLES, CONSIDER RERUN WITHOUT SUBSAMPLE OPTION
#TI free energy difference in kcal/mol: 
1.452288  #WARNING SUBSAMPLING GRADIENTS RESULTED IN LESS THAN 50 SAMPLES, CONSIDER RERUN WITHOUT SUBSAMPLE OPTION 
Starting /export/users/common/BioSimSpace/sire.app/bin/analyse_freenrg: number of threads equals 32
