# Analysing data contained in file(s) ['lambda_0.0000/simfile.dat', 'lambda_0.1000/simfile.dat', 'lambda_0.2000/simfile.dat', 'lambda_0.3000/simfile.dat', 'lambda_0.4000/simfile.dat', 'lambda_0.5000/simfile.dat', 'lambda_0.6000/simfile.dat', 'lambda_0.7000/simfile.dat', 'lambda_0.8000/simfile.dat', 'lambda_0.9000/simfile.dat', 'lambda_1.0000/simfile.dat']
#Overlap matrix
0.9573 0.0426 0.0001 0.0000 0.0000 0.0000 0.0000 0.0000 0.0000 0.0000 0.0000
0.0426 0.8494 0.1059 0.0020 0.0000 0.0000 0.0000 0.0000 0.0000 0.0000 0.0000
0.0001 0.1059 0.7120 0.1730 0.0088 0.0001 0.0000 0.0000 0.0000 0.0000 0.0000
0.0000 0.0020 0.1730 0.5970 0.2130 0.0148 0.0001 0.0000 0.0000 0.0000 0.0000
0.0000 0.0000 0.0088 0.2130 0.5445 0.2208 0.0127 0.0001 0.0000 0.0000 0.0000
0.0000 0.0000 0.0001 0.0148 0.2208 0.5418 0.2102 0.0122 0.0001 0.0000 0.0000
0.0000 0.0000 0.0000 0.0001 0.0127 0.2102 0.5576 0.2102 0.0091 0.0000 0.0000
0.0000 0.0000 0.0000 0.0000 0.0001 0.0122 0.2102 0.5761 0.1953 0.0061 0.0000
0.0000 0.0000 0.0000 0.0000 0.0000 0.0001 0.0091 0.1953 0.6074 0.1872 0.0008
0.0000 0.0000 0.0000 0.0000 0.0000 0.0000 0.0000 0.0061 0.1872 0.7120 0.0946
0.0000 0.0000 0.0000 0.0000 0.0000 0.0000 0.0000 0.0000 0.0008 0.0946 0.9045
#DG from neighbouring lambda in kcal/mol
0.0000 0.1000 -18.0887 0.0808
0.1000 0.2000 -6.1648 0.0470
0.2000 0.3000 -3.1117 0.0324
0.3000 0.4000 -1.8874 0.0261
0.4000 0.5000 -1.3563 0.0250
0.5000 0.6000 -1.2383 0.0263
0.6000 0.7000 -1.1535 0.0267
0.7000 0.8000 -1.1824 0.0290
0.8000 0.9000 -1.4040 0.0310
0.9000 1.0000 -2.7800 0.0508
#PMF from MBAR in kcal/mol
0.0000 0.0000 0.0000
0.1000 -18.0887 0.0808
0.2000 -24.2535 0.0966
0.3000 -27.3652 0.1046
0.4000 -29.2526 0.1100
0.5000 -30.6089 0.1148
0.6000 -31.8472 0.1198
0.7000 -33.0007 0.1247
0.8000 -34.1831 0.1299
0.9000 -35.5871 0.1355
1.0000 -38.3671 0.1467
#TI average gradients and standard deviation in kcal/mol
0.0000 -326.1703 30.2829
0.1000 -91.8522 20.3931
0.2000 -40.6141 15.5408
0.3000 -23.3623 12.8131
0.4000 -15.5188 11.4261
0.5000 -12.8720 12.0314
0.6000 -12.0610 11.8042
0.7000 -11.5816 12.4798
0.8000 -11.9933 12.7905
0.9000 -16.5371 14.9140
1.0000 -42.0587 20.0340
#PMF from TI in kcal/mol
0.0000 0.0000
0.1000 -20.9011
0.2000 -27.5244
0.3000 -30.7233
0.4000 -32.6673
0.5000 -34.0869
0.6000 -35.3335
0.7000 -36.5156
0.8000 -37.6944
0.9000 -39.1209
1.0000 -42.0507
#MBAR free energy difference in kcal/mol: 
-38.367086, 0.146724 
#TI free energy difference in kcal/mol: 
-42.050688  
Starting /export/users/common/BioSimSpace/sire.app/bin/analyse_freenrg: number of threads equals 32
