# Analysing data contained in file(s) ['lambda_0.0000/simfile.dat', 'lambda_0.1000/simfile.dat', 'lambda_0.2000/simfile.dat', 'lambda_0.3000/simfile.dat', 'lambda_0.4000/simfile.dat', 'lambda_0.5000/simfile.dat', 'lambda_0.6000/simfile.dat', 'lambda_0.7000/simfile.dat', 'lambda_0.8000/simfile.dat', 'lambda_0.9000/simfile.dat', 'lambda_1.0000/simfile.dat']
#Overlap matrix
0.7761 0.2113 0.0125 0.0001 0.0000 0.0000 0.0000 0.0000 0.0000 0.0000 0.0000
0.2113 0.5533 0.2215 0.0138 0.0001 0.0000 0.0000 0.0000 0.0000 0.0000 0.0000
0.0125 0.2215 0.5344 0.2183 0.0132 0.0001 0.0000 0.0000 0.0000 0.0000 0.0000
0.0001 0.0138 0.2183 0.5458 0.2119 0.0101 0.0001 0.0000 0.0000 0.0000 0.0000
0.0000 0.0001 0.0132 0.2119 0.5610 0.2044 0.0094 0.0000 0.0000 0.0000 0.0000
0.0000 0.0000 0.0001 0.0101 0.2044 0.5761 0.2029 0.0065 0.0000 0.0000 0.0000
0.0000 0.0000 0.0000 0.0001 0.0094 0.2029 0.5999 0.1836 0.0042 0.0000 0.0000
0.0000 0.0000 0.0000 0.0000 0.0000 0.0065 0.1836 0.6293 0.1767 0.0039 0.0000
0.0000 0.0000 0.0000 0.0000 0.0000 0.0000 0.0042 0.1767 0.6308 0.1842 0.0039
0.0000 0.0000 0.0000 0.0000 0.0000 0.0000 0.0000 0.0039 0.1842 0.6323 0.1796
0.0000 0.0000 0.0000 0.0000 0.0000 0.0000 0.0000 0.0000 0.0039 0.1796 0.8165
#DG from neighbouring lambda in kcal/mol
0.0000 0.1000 13.1145 0.0224
0.1000 0.2000 12.3134 0.0204
0.2000 0.3000 10.7383 0.0206
0.3000 0.4000 8.9204 0.0214
0.4000 0.5000 6.8963 0.0224
0.5000 0.6000 4.8132 0.0228
0.6000 0.7000 2.5011 0.0252
0.7000 0.8000 -0.0696 0.0262
0.8000 0.9000 -2.6172 0.0255
0.9000 1.0000 -4.8141 0.0264
#PMF from MBAR in kcal/mol
0.0000 0.0000 0.0000
0.1000 13.1145 0.0224
0.2000 25.4279 0.0350
0.3000 36.1662 0.0443
0.4000 45.0866 0.0523
0.5000 51.9829 0.0597
0.6000 56.7961 0.0664
0.7000 59.2972 0.0734
0.8000 59.2277 0.0802
0.9000 56.6105 0.0863
1.0000 51.7964 0.0922
#TI average gradients and standard deviation in kcal/mol
0.0000 128.1678 13.1470
0.1000 129.7378 11.6582
0.2000 115.5948 11.7457
0.3000 98.5559 11.4811
0.4000 78.7294 12.2008
0.5000 59.5261 12.1145
0.6000 37.2410 12.5029
0.7000 12.1212 13.2951
0.8000 -13.4053 13.4381
0.9000 -37.8392 13.7138
1.0000 -52.9856 13.8554
#PMF from TI in kcal/mol
0.0000 0.0000
0.1000 12.8953
0.2000 25.1619
0.3000 35.8694
0.4000 44.7337
0.5000 51.6465
0.6000 56.4848
0.7000 58.9530
0.8000 58.8887
0.9000 56.3265
1.0000 51.7853
#MBAR free energy difference in kcal/mol: 
51.796422, 0.092216 
#TI free energy difference in kcal/mol: 
51.785282  
Starting /export/users/common/BioSimSpace/sire.app/bin/analyse_freenrg: number of threads equals 32
