# Analysing data contained in file(s) ['lambda_0.0000/simfile.dat', 'lambda_0.1000/simfile.dat', 'lambda_0.2000/simfile.dat', 'lambda_0.3000/simfile.dat', 'lambda_0.4000/simfile.dat', 'lambda_0.5000/simfile.dat', 'lambda_0.6000/simfile.dat', 'lambda_0.7000/simfile.dat', 'lambda_0.8000/simfile.dat', 'lambda_0.9000/simfile.dat', 'lambda_1.0000/simfile.dat']
#Overlap matrix
0.8568 0.1419 0.0013 0.0000 0.0000 0.0000 0.0000 0.0000 0.0000 0.0000 0.0000
0.1419 0.7172 0.1400 0.0009 0.0000 0.0000 0.0000 0.0000 0.0000 0.0000 0.0000
0.0013 0.1400 0.6894 0.1668 0.0026 0.0000 0.0000 0.0000 0.0000 0.0000 0.0000
0.0000 0.0009 0.1668 0.6687 0.1601 0.0035 0.0000 0.0000 0.0000 0.0000 0.0000
0.0000 0.0000 0.0026 0.1601 0.6417 0.1926 0.0030 0.0000 0.0000 0.0000 0.0000
0.0000 0.0000 0.0000 0.0035 0.1926 0.6468 0.1531 0.0039 0.0000 0.0000 0.0000
0.0000 0.0000 0.0000 0.0000 0.0030 0.1531 0.6336 0.2041 0.0062 0.0000 0.0000
0.0000 0.0000 0.0000 0.0000 0.0000 0.0039 0.2041 0.5946 0.1897 0.0076 0.0000
0.0000 0.0000 0.0000 0.0000 0.0000 0.0000 0.0062 0.1897 0.5981 0.1999 0.0062
0.0000 0.0000 0.0000 0.0000 0.0000 0.0000 0.0000 0.0076 0.1999 0.6218 0.1707
0.0000 0.0000 0.0000 0.0000 0.0000 0.0000 0.0000 0.0000 0.0062 0.1707 0.8231
#DG from neighbouring lambda in kcal/mol
0.0000 0.1000 -0.5213 0.1036
0.1000 0.2000 -0.2397 0.1042
0.2000 0.3000 -0.4039 0.0913
0.3000 0.4000 -0.1934 0.0931
0.4000 0.5000 -0.0073 0.0807
0.5000 0.6000 -0.1553 0.0957
0.6000 0.7000 -0.2941 0.0759
0.7000 0.8000 -0.2187 0.0793
0.8000 0.9000 0.2773 0.0761
0.9000 1.0000 1.5864 0.0888
#PMF from MBAR in kcal/mol
0.0000 0.0000 0.0000
0.1000 -0.5213 0.1036
0.2000 -0.7610 0.1601
0.3000 -1.1649 0.1952
0.4000 -1.3583 0.2251
0.5000 -1.3656 0.2471
0.6000 -1.5209 0.2723
0.7000 -1.8150 0.2893
0.8000 -2.0337 0.3061
0.9000 -1.7564 0.3210
1.0000 -0.1700 0.3385
#TI average gradients and standard deviation in kcal/mol
0.0000 -5.2996 14.5944
0.1000 -3.2621 14.5896
0.2000 -1.9063 14.5738
0.3000 -1.1142 13.6471
0.4000 -1.4619 13.5818
0.5000 -1.0648 13.6662
0.6000 -2.6620 12.1245
0.7000 -2.5389 12.5059
0.8000 0.5255 11.9942
0.9000 8.3106 12.7237
1.0000 24.0917 16.0526
#PMF from TI in kcal/mol
0.0000 0.0000
0.1000 -0.4281
0.2000 -0.6865
0.3000 -0.8375
0.4000 -0.9663
0.5000 -1.0927
0.6000 -1.2790
0.7000 -1.5391
0.8000 -1.6397
0.9000 -1.1979
1.0000 0.4222
#MBAR free energy difference in kcal/mol: 
-0.170009, 0.338467 
#TI free energy difference in kcal/mol: 
0.422195  
Starting /export/users/common/BioSimSpace/sire.app/bin/analyse_freenrg: number of threads equals 32
