# Analysing data contained in file(s) ['lambda_0.0000/simfile.dat', 'lambda_0.1000/simfile.dat', 'lambda_0.2000/simfile.dat', 'lambda_0.3000/simfile.dat', 'lambda_0.4000/simfile.dat', 'lambda_0.5000/simfile.dat', 'lambda_0.6000/simfile.dat', 'lambda_0.7000/simfile.dat', 'lambda_0.8000/simfile.dat', 'lambda_0.9000/simfile.dat', 'lambda_1.0000/simfile.dat']
#Overlap matrix
0.7669 0.2173 0.0156 0.0002 0.0000 0.0000 0.0000 0.0000 0.0000 0.0000 0.0000
0.2173 0.5261 0.2398 0.0167 0.0000 0.0000 0.0000 0.0000 0.0000 0.0000 0.0000
0.0156 0.2398 0.5483 0.1916 0.0045 0.0001 0.0000 0.0000 0.0000 0.0000 0.0000
0.0002 0.0167 0.1916 0.5608 0.2073 0.0228 0.0005 0.0000 0.0000 0.0000 0.0000
0.0000 0.0000 0.0045 0.2073 0.5332 0.2308 0.0240 0.0002 0.0000 0.0000 0.0000
0.0000 0.0000 0.0001 0.0228 0.2308 0.4847 0.2544 0.0072 0.0000 0.0000 0.0000
0.0000 0.0000 0.0000 0.0005 0.0240 0.2544 0.5818 0.1379 0.0015 0.0000 0.0000
0.0000 0.0000 0.0000 0.0000 0.0002 0.0072 0.1379 0.7235 0.1271 0.0042 0.0000
0.0000 0.0000 0.0000 0.0000 0.0000 0.0000 0.0015 0.1271 0.6716 0.1941 0.0056
0.0000 0.0000 0.0000 0.0000 0.0000 0.0000 0.0000 0.0042 0.1941 0.5736 0.2281
0.0000 0.0000 0.0000 0.0000 0.0000 0.0000 0.0000 0.0000 0.0056 0.2281 0.7663
#DG from neighbouring lambda in kcal/mol
0.0000 0.1000 -0.0218 0.2024
0.1000 0.2000 2.2506 0.1740
0.2000 0.3000 2.1328 0.2197
0.3000 0.4000 0.6617 0.2017
0.4000 0.5000 0.0374 0.1713
0.5000 0.6000 -0.5464 0.1647
0.6000 0.7000 -1.9628 0.2929
0.7000 0.8000 -4.2671 0.3135
0.8000 0.9000 -5.7281 0.2274
0.9000 1.0000 -5.7946 0.2014
#PMF from MBAR in kcal/mol
0.0000 0.0000 0.0000
0.1000 -0.0218 0.2024
0.2000 2.2289 0.3128
0.3000 4.3617 0.4144
0.4000 5.0233 0.4947
0.5000 5.0607 0.5450
0.6000 4.5144 0.5910
0.7000 2.5516 0.6818
0.8000 -1.7155 0.7719
0.9000 -7.4436 0.8232
1.0000 -13.2382 0.8658
#TI average gradients and standard deviation in kcal/mol
0.0000 -28.6528 14.7230
0.1000 17.1840 11.7986
0.2000 20.6204 11.6121
0.3000 13.8833 11.6693
0.4000 4.8306 11.6068
0.5000 -5.6798 11.6458
0.6000 -17.3509 11.7444
0.7000 -29.6625 12.5092
0.8000 -53.2526 12.5651
0.9000 -61.8729 13.3508
1.0000 -56.7834 17.1406
#PMF from TI in kcal/mol
0.0000 0.0000
0.1000 -0.5734
0.2000 1.3168
0.3000 3.0420
0.4000 3.9777
0.5000 3.9352
0.6000 2.7837
0.7000 0.4330
0.8000 -3.7128
0.9000 -9.4690
1.0000 -15.4018
#MBAR free energy difference in kcal/mol: 
-13.238159, 0.865829  #WARNING SUBSAMPLING ENERGIES RESULTED IN LESS THAN 50 SAMPLES, CONSIDER RERUN WITHOUT SUBSAMPLE OPTION
#TI free energy difference in kcal/mol: 
-15.401841  
Starting /export/users/common/BioSimSpace/sire.app/bin/analyse_freenrg: number of threads equals 32
