# Analysing data contained in file(s) ['lambda_0.0000/simfile.dat', 'lambda_0.1000/simfile.dat', 'lambda_0.2000/simfile.dat', 'lambda_0.3000/simfile.dat', 'lambda_0.4000/simfile.dat', 'lambda_0.5000/simfile.dat', 'lambda_0.6000/simfile.dat', 'lambda_0.7000/simfile.dat', 'lambda_0.8000/simfile.dat', 'lambda_0.9000/simfile.dat', 'lambda_1.0000/simfile.dat']
#Overlap matrix
0.6241 0.2980 0.0703 0.0073 0.0003 0.0000 0.0000 0.0000 0.0000 0.0000 0.0000
0.2980 0.3961 0.2446 0.0563 0.0049 0.0001 0.0000 0.0000 0.0000 0.0000 0.0000
0.0703 0.2446 0.3975 0.2368 0.0477 0.0030 0.0001 0.0000 0.0000 0.0000 0.0000
0.0073 0.0563 0.2368 0.4272 0.2339 0.0370 0.0016 0.0000 0.0000 0.0000 0.0000
0.0003 0.0049 0.0477 0.2339 0.4556 0.2307 0.0262 0.0008 0.0000 0.0000 0.0000
0.0000 0.0001 0.0030 0.0370 0.2307 0.4936 0.2128 0.0224 0.0005 0.0000 0.0000
0.0000 0.0000 0.0001 0.0016 0.0262 0.2128 0.5222 0.2193 0.0177 0.0003 0.0000
0.0000 0.0000 0.0000 0.0000 0.0008 0.0224 0.2193 0.5447 0.2024 0.0104 0.0001
0.0000 0.0000 0.0000 0.0000 0.0000 0.0005 0.0177 0.2024 0.6142 0.1625 0.0027
0.0000 0.0000 0.0000 0.0000 0.0000 0.0000 0.0003 0.0104 0.1625 0.7251 0.1018
0.0000 0.0000 0.0000 0.0000 0.0000 0.0000 0.0000 0.0001 0.0027 0.1018 0.8954
#DG from neighbouring lambda in kcal/mol
0.0000 0.1000 -0.5918 0.0186
0.1000 0.2000 -0.5611 0.0191
0.2000 0.3000 -0.5098 0.0210
0.3000 0.4000 -0.3804 0.0230
0.4000 0.5000 -0.2581 0.0253
0.5000 0.6000 -0.3164 0.0288
0.6000 0.7000 -0.4663 0.0290
0.7000 0.8000 -0.4938 0.0324
0.8000 0.9000 0.3557 0.0406
0.9000 1.0000 5.9755 0.0581
#PMF from MBAR in kcal/mol
0.0000 0.0000 0.0000
0.1000 -0.5918 0.0186
0.2000 -1.1529 0.0330
0.3000 -1.6627 0.0446
0.4000 -2.0431 0.0548
0.5000 -2.3012 0.0646
0.6000 -2.6176 0.0747
0.7000 -3.0838 0.0838
0.8000 -3.5777 0.0933
0.9000 -3.2220 0.1050
1.0000 2.7536 0.1231
#TI average gradients and standard deviation in kcal/mol
0.0000 -9.0170 9.7540
0.1000 -5.8372 7.1977
0.2000 -5.9695 8.2821
0.3000 -4.7903 8.6324
0.4000 -3.4007 9.1690
0.5000 -2.5348 11.4545
0.6000 -4.6458 9.6886
0.7000 -5.1966 11.8278
0.8000 -2.7835 11.4862
0.9000 15.8011 14.9674
1.0000 132.7945 24.5384
#PMF from TI in kcal/mol
0.0000 0.0000
0.1000 -0.7427
0.2000 -1.3330
0.3000 -1.8710
0.4000 -2.2806
0.5000 -2.5774
0.6000 -2.9364
0.7000 -3.4285
0.8000 -3.8275
0.9000 -3.1766
1.0000 4.2531
#MBAR free energy difference in kcal/mol: 
2.753568, 0.123106 
#TI free energy difference in kcal/mol: 
4.253147  
Starting /export/users/common/BioSimSpace/sire.app/bin/analyse_freenrg: number of threads equals 32
