# Analysing data contained in file(s) ['lambda_0.0000/simfile.dat', 'lambda_0.1000/simfile.dat', 'lambda_0.2000/simfile.dat', 'lambda_0.3000/simfile.dat', 'lambda_0.4000/simfile.dat', 'lambda_0.5000/simfile.dat', 'lambda_0.6000/simfile.dat', 'lambda_0.7000/simfile.dat', 'lambda_0.8000/simfile.dat', 'lambda_0.9000/simfile.dat', 'lambda_1.0000/simfile.dat']
#Overlap matrix
0.8734 0.1259 0.0007 0.0000 0.0000 0.0000 0.0000 0.0000 0.0000 0.0000 0.0000
0.1259 0.7310 0.1423 0.0008 0.0000 0.0000 0.0000 0.0000 0.0000 0.0000 0.0000
0.0007 0.1423 0.7189 0.1369 0.0012 0.0000 0.0000 0.0000 0.0000 0.0000 0.0000
0.0000 0.0008 0.1369 0.7107 0.1503 0.0013 0.0000 0.0000 0.0000 0.0000 0.0000
0.0000 0.0000 0.0012 0.1503 0.7019 0.1454 0.0012 0.0000 0.0000 0.0000 0.0000
0.0000 0.0000 0.0000 0.0013 0.1454 0.6993 0.1525 0.0014 0.0000 0.0000 0.0000
0.0000 0.0000 0.0000 0.0000 0.0012 0.1525 0.6895 0.1554 0.0014 0.0000 0.0000
0.0000 0.0000 0.0000 0.0000 0.0000 0.0014 0.1554 0.6951 0.1470 0.0010 0.0000
0.0000 0.0000 0.0000 0.0000 0.0000 0.0000 0.0014 0.1470 0.7161 0.1351 0.0004
0.0000 0.0000 0.0000 0.0000 0.0000 0.0000 0.0000 0.0010 0.1351 0.7684 0.0954
0.0000 0.0000 0.0000 0.0000 0.0000 0.0000 0.0000 0.0000 0.0004 0.0954 0.9042
#DG from neighbouring lambda in kcal/mol
0.0000 0.1000 -0.8539 0.0476
0.1000 0.2000 -0.2462 0.0436
0.2000 0.3000 -0.1196 0.0447
0.3000 0.4000 0.0287 0.0418
0.4000 0.5000 0.0999 0.0427
0.5000 0.6000 0.0236 0.0413
0.6000 0.7000 0.0566 0.0407
0.7000 0.8000 0.2438 0.0425
0.8000 0.9000 0.7775 0.0452
0.9000 1.0000 1.7742 0.0569
#PMF from MBAR in kcal/mol
0.0000 0.0000 0.0000
0.1000 -0.8539 0.0476
0.2000 -1.1002 0.0700
0.3000 -1.2197 0.0874
0.4000 -1.1910 0.1005
0.5000 -1.0912 0.1125
0.6000 -1.0675 0.1228
0.7000 -1.0109 0.1322
0.8000 -0.7671 0.1414
0.9000 0.0103 0.1509
1.0000 1.7846 0.1635
#TI average gradients and standard deviation in kcal/mol
0.0000 -13.5017 17.1500
0.1000 -5.0411 16.4558
0.2000 -1.3341 15.6042
0.3000 -0.6081 15.1390
0.4000 0.4902 15.5668
0.5000 0.4787 14.8478
0.6000 0.5324 14.8913
0.7000 1.8883 15.2050
0.8000 4.5064 15.9152
0.9000 11.5964 16.8631
1.0000 -3377.7466 148023.8721
#PMF from TI in kcal/mol
0.0000 0.0000
0.1000 -0.9271
0.2000 -1.2459
0.3000 -1.3430
0.4000 -1.3489
0.5000 -1.3005
0.6000 -1.2499
0.7000 -1.1289
0.8000 -0.8091
0.9000 -0.0040
1.0000 -168.3115
#MBAR free energy difference in kcal/mol: 
1.784571, 0.163544 
#TI free energy difference in kcal/mol: 
-168.311503  
Starting /export/users/common/BioSimSpace/sire.app/bin/analyse_freenrg: number of threads equals 32
