# Analysing data contained in file(s) ['lambda_0.0000/simfile.dat', 'lambda_0.1000/simfile.dat', 'lambda_0.2000/simfile.dat', 'lambda_0.3000/simfile.dat', 'lambda_0.4000/simfile.dat', 'lambda_0.5000/simfile.dat', 'lambda_0.6000/simfile.dat', 'lambda_0.7000/simfile.dat', 'lambda_0.8000/simfile.dat', 'lambda_0.9000/simfile.dat', 'lambda_1.0000/simfile.dat']
#Overlap matrix
0.7954 0.1915 0.0129 0.0003 0.0000 0.0000 0.0000 0.0000 0.0000 0.0000 0.0000
0.1915 0.5494 0.2337 0.0246 0.0008 0.0000 0.0000 0.0000 0.0000 0.0000 0.0000
0.0129 0.2337 0.4883 0.2336 0.0305 0.0011 0.0000 0.0000 0.0000 0.0000 0.0000
0.0003 0.0246 0.2336 0.4706 0.2378 0.0319 0.0013 0.0000 0.0000 0.0000 0.0000
0.0000 0.0008 0.0305 0.2378 0.4579 0.2368 0.0348 0.0014 0.0000 0.0000 0.0000
0.0000 0.0000 0.0011 0.0319 0.2368 0.4557 0.2390 0.0342 0.0013 0.0000 0.0000
0.0000 0.0000 0.0000 0.0013 0.0348 0.2390 0.4531 0.2375 0.0332 0.0011 0.0000
0.0000 0.0000 0.0000 0.0000 0.0014 0.0342 0.2375 0.4552 0.2395 0.0316 0.0006
0.0000 0.0000 0.0000 0.0000 0.0000 0.0013 0.0332 0.2395 0.4685 0.2369 0.0205
0.0000 0.0000 0.0000 0.0000 0.0000 0.0000 0.0011 0.0316 0.2369 0.5040 0.2263
0.0000 0.0000 0.0000 0.0000 0.0000 0.0000 0.0000 0.0006 0.0205 0.2263 0.7526
#DG from neighbouring lambda in kcal/mol
0.0000 0.1000 1.1856 0.0200
0.1000 0.2000 -0.2340 0.0154
0.2000 0.3000 -1.2223 0.0144
0.3000 0.4000 -2.0827 0.0138
0.4000 0.5000 -2.9235 0.0136
0.5000 0.6000 -3.7275 0.0134
0.6000 0.7000 -4.5355 0.0136
0.7000 0.8000 -5.2743 0.0136
0.8000 0.9000 -5.6547 0.0144
0.9000 1.0000 -4.7308 0.0169
#PMF from MBAR in kcal/mol
0.0000 0.0000 0.0000
0.1000 1.1856 0.0200
0.2000 0.9516 0.0291
0.3000 -0.2707 0.0353
0.4000 -2.3534 0.0402
0.5000 -5.2769 0.0445
0.6000 -9.0044 0.0483
0.7000 -13.5399 0.0519
0.8000 -18.8142 0.0552
0.9000 -24.4689 0.0586
1.0000 -29.1997 0.0626
#TI average gradients and standard deviation in kcal/mol
0.0000 23.3362 16.6874
0.1000 2.9908 11.1860
0.2000 -7.4116 10.3976
0.3000 -16.5920 10.1343
0.4000 -25.0942 9.9287
0.5000 -33.2459 9.6343
0.6000 -41.2879 9.4712
0.7000 -49.2770 9.8901
0.8000 -55.6615 9.8442
0.9000 -55.9355 10.5522
1.0000 -31.6046 12.6673
#PMF from TI in kcal/mol
0.0000 0.0000
0.1000 1.3163
0.2000 1.0953
0.3000 -0.1049
0.4000 -2.1892
0.5000 -5.1062
0.6000 -8.8329
0.7000 -13.3611
0.8000 -18.6080
0.9000 -24.1879
1.0000 -28.5649
#MBAR free energy difference in kcal/mol: 
-29.199705, 0.062629 
#TI free energy difference in kcal/mol: 
-28.564904  
Starting /export/users/common/BioSimSpace/sire.app/bin/analyse_freenrg: number of threads equals 32
