# Analysing data contained in file(s) ['lambda_0.0000/simfile.dat', 'lambda_0.1000/simfile.dat', 'lambda_0.2000/simfile.dat', 'lambda_0.3000/simfile.dat', 'lambda_0.4000/simfile.dat', 'lambda_0.5000/simfile.dat', 'lambda_0.6000/simfile.dat', 'lambda_0.7000/simfile.dat', 'lambda_0.8000/simfile.dat', 'lambda_0.9000/simfile.dat', 'lambda_1.0000/simfile.dat']
#Overlap matrix
0.8178 0.1731 0.0090 0.0001 0.0000 0.0000 0.0000 0.0000 0.0000 0.0000 0.0000
0.1731 0.6022 0.2115 0.0131 0.0001 0.0000 0.0000 0.0000 0.0000 0.0000 0.0000
0.0090 0.2115 0.5419 0.2227 0.0147 0.0002 0.0000 0.0000 0.0000 0.0000 0.0000
0.0001 0.0131 0.2227 0.5410 0.2083 0.0147 0.0001 0.0000 0.0000 0.0000 0.0000
0.0000 0.0001 0.0147 0.2083 0.5389 0.2254 0.0125 0.0001 0.0000 0.0000 0.0000
0.0000 0.0000 0.0002 0.0147 0.2254 0.5408 0.2104 0.0085 0.0000 0.0000 0.0000
0.0000 0.0000 0.0000 0.0001 0.0125 0.2104 0.5741 0.1940 0.0088 0.0001 0.0000
0.0000 0.0000 0.0000 0.0000 0.0001 0.0085 0.1940 0.5779 0.2100 0.0095 0.0000
0.0000 0.0000 0.0000 0.0000 0.0000 0.0000 0.0088 0.2100 0.5651 0.2129 0.0032
0.0000 0.0000 0.0000 0.0000 0.0000 0.0000 0.0001 0.0095 0.2129 0.6668 0.1108
0.0000 0.0000 0.0000 0.0000 0.0000 0.0000 0.0000 0.0000 0.0032 0.1108 0.8860
#DG from neighbouring lambda in kcal/mol
0.0000 0.1000 1.2694 0.0631
0.1000 0.2000 3.4101 0.0512
0.2000 0.3000 3.2033 0.0479
0.3000 0.4000 2.5252 0.0504
0.4000 0.5000 1.7338 0.0475
0.5000 0.6000 0.8019 0.0516
0.6000 0.7000 -0.3477 0.0559
0.7000 0.8000 -1.4265 0.0522
0.8000 0.9000 -2.3370 0.0528
0.9000 1.0000 -3.6217 0.0879
#PMF from MBAR in kcal/mol
0.0000 0.0000 0.0000
0.1000 1.2694 0.0631
0.2000 4.6795 0.0916
0.3000 7.8828 0.1117
0.4000 10.4080 0.1294
0.5000 12.1418 0.1440
0.6000 12.9437 0.1587
0.7000 12.5959 0.1738
0.8000 11.1694 0.1865
0.9000 8.8324 0.1986
1.0000 5.2107 0.2218
#TI average gradients and standard deviation in kcal/mol
0.0000 -17.1921 17.1518
0.1000 30.0106 12.1920
0.2000 34.3525 12.0026
0.3000 28.4226 11.5562
0.4000 20.9763 12.0298
0.5000 13.3331 12.3582
0.6000 1.3522 12.2952
0.7000 -8.1972 11.9711
0.8000 -17.5762 12.0790
0.9000 -26.6270 12.7550
1.0000 -54.2560 27.0325
#PMF from TI in kcal/mol
0.0000 0.0000
0.1000 0.6409
0.2000 3.8591
0.3000 6.9978
0.4000 9.4678
0.5000 11.1832
0.6000 11.9175
0.7000 11.5753
0.8000 10.2866
0.9000 8.0764
1.0000 4.0323
#MBAR free energy difference in kcal/mol: 
5.210691, 0.221764 
#TI free energy difference in kcal/mol: 
4.032283  
Starting /export/users/common/BioSimSpace/sire.app/bin/analyse_freenrg: number of threads equals 32
