# Analysing data contained in file(s) ['lambda_0.0000/simfile.dat', 'lambda_0.1000/simfile.dat', 'lambda_0.2000/simfile.dat', 'lambda_0.3000/simfile.dat', 'lambda_0.4000/simfile.dat', 'lambda_0.5000/simfile.dat', 'lambda_0.6000/simfile.dat', 'lambda_0.7000/simfile.dat', 'lambda_0.8000/simfile.dat', 'lambda_0.9000/simfile.dat', 'lambda_1.0000/simfile.dat']
#Overlap matrix
0.6672 0.2770 0.0515 0.0042 0.0002 0.0000 0.0000 0.0000 0.0000 0.0000 0.0000
0.2770 0.4197 0.2417 0.0562 0.0053 0.0002 0.0000 0.0000 0.0000 0.0000 0.0000
0.0515 0.2417 0.3973 0.2446 0.0587 0.0059 0.0003 0.0000 0.0000 0.0000 0.0000
0.0042 0.0562 0.2446 0.3861 0.2404 0.0613 0.0068 0.0003 0.0000 0.0000 0.0000
0.0002 0.0053 0.0587 0.2404 0.3817 0.2408 0.0651 0.0075 0.0003 0.0000 0.0000
0.0000 0.0002 0.0059 0.0613 0.2408 0.3748 0.2438 0.0659 0.0070 0.0002 0.0000
0.0000 0.0000 0.0003 0.0068 0.0651 0.2438 0.3737 0.2416 0.0634 0.0053 0.0001
0.0000 0.0000 0.0000 0.0003 0.0075 0.0659 0.2416 0.3804 0.2475 0.0547 0.0020
0.0000 0.0000 0.0000 0.0000 0.0003 0.0070 0.0634 0.2475 0.4073 0.2470 0.0275
0.0000 0.0000 0.0000 0.0000 0.0000 0.0002 0.0053 0.0547 0.2470 0.4797 0.2131
0.0000 0.0000 0.0000 0.0000 0.0000 0.0000 0.0001 0.0020 0.0275 0.2131 0.7573
#DG from neighbouring lambda in kcal/mol
0.0000 0.1000 -1.8805 0.0106
0.1000 0.2000 -1.2150 0.0100
0.2000 0.3000 -0.5078 0.0094
0.3000 0.4000 0.1976 0.0094
0.4000 0.5000 0.8947 0.0091
0.5000 0.6000 1.6071 0.0088
0.6000 0.7000 2.3352 0.0090
0.7000 0.8000 3.1554 0.0093
0.8000 0.9000 4.2847 0.0107
0.9000 1.0000 6.0304 0.0150
#PMF from MBAR in kcal/mol
0.0000 0.0000 0.0000
0.1000 -1.8805 0.0106
0.2000 -3.0955 0.0179
0.3000 -3.6033 0.0228
0.4000 -3.4057 0.0267
0.5000 -2.5109 0.0300
0.6000 -0.9039 0.0329
0.7000 1.4314 0.0355
0.8000 4.5868 0.0381
0.9000 8.8715 0.0410
1.0000 14.9019 0.0452
#TI average gradients and standard deviation in kcal/mol
0.0000 -22.7102 8.7858
0.1000 -15.6706 8.6508
0.2000 -8.6682 8.4497
0.3000 -1.4018 8.2735
0.4000 5.3847 8.0634
0.5000 12.5544 7.8305
0.6000 19.6307 7.9263
0.7000 27.2952 7.9499
0.8000 36.5020 8.0502
0.9000 50.0241 9.6243
1.0000 71.2223 13.5754
#PMF from TI in kcal/mol
0.0000 0.0000
0.1000 -1.9190
0.2000 -3.1360
0.3000 -3.6395
0.4000 -3.4403
0.5000 -2.5434
0.6000 -0.9341
0.7000 1.4122
0.8000 4.6020
0.9000 8.9283
1.0000 14.9906
#MBAR free energy difference in kcal/mol: 
14.901906, 0.045193 
#TI free energy difference in kcal/mol: 
14.990650  
Starting /export/users/common/BioSimSpace/sire.app/bin/analyse_freenrg: number of threads equals 32
