# Analysing data contained in file(s) ['lambda_0.0000/simfile.dat', 'lambda_0.1000/simfile.dat', 'lambda_0.2000/simfile.dat', 'lambda_0.3000/simfile.dat', 'lambda_0.4000/simfile.dat', 'lambda_0.5000/simfile.dat', 'lambda_0.6000/simfile.dat', 'lambda_0.7000/simfile.dat', 'lambda_0.8000/simfile.dat', 'lambda_0.9000/simfile.dat', 'lambda_1.0000/simfile.dat']
#Overlap matrix
0.8799 0.1196 0.0005 0.0000 0.0000 0.0000 0.0000 0.0000 0.0000 0.0000 0.0000
0.1196 0.7201 0.1590 0.0012 0.0000 0.0000 0.0000 0.0000 0.0000 0.0000 0.0000
0.0005 0.1590 0.5907 0.2356 0.0142 0.0000 0.0000 0.0000 0.0000 0.0000 0.0000
0.0000 0.0012 0.2356 0.6139 0.1489 0.0003 0.0000 0.0000 0.0000 0.0000 0.0000
0.0000 0.0000 0.0142 0.1489 0.7187 0.1139 0.0042 0.0000 0.0000 0.0000 0.0000
0.0000 0.0000 0.0000 0.0003 0.1139 0.7402 0.1455 0.0001 0.0000 0.0000 0.0000
0.0000 0.0000 0.0000 0.0000 0.0042 0.1455 0.7804 0.0699 0.0000 0.0000 0.0000
0.0000 0.0000 0.0000 0.0000 0.0000 0.0001 0.0699 0.8320 0.0980 0.0000 0.0000
0.0000 0.0000 0.0000 0.0000 0.0000 0.0000 0.0000 0.0980 0.8306 0.0715 0.0000
0.0000 0.0000 0.0000 0.0000 0.0000 0.0000 0.0000 0.0000 0.0715 0.9285 0.0000
0.0000 0.0000 0.0000 0.0000 0.0000 0.0000 0.0000 0.0000 0.0000 0.0000 1.0000
#DG from neighbouring lambda in kcal/mol
0.0000 0.1000 7.0455 0.6122
0.1000 0.2000 6.1289 0.5001
0.2000 0.3000 5.4078 0.3444
0.3000 0.4000 5.9637 0.4959
0.4000 0.5000 4.1096 0.6181
0.5000 0.6000 3.8116 0.5267
0.6000 0.7000 1.2234 0.8530
0.7000 0.8000 -3.0386 0.6971
0.8000 0.9000 -7.6546 0.8429
0.9000 1.0000 -64.8954 1.3311
#PMF from MBAR in kcal/mol
0.0000 0.0000 0.0000
0.1000 7.0455 0.6122
0.2000 13.1744 0.8605
0.3000 18.5822 0.9868
0.4000 24.5458 1.1390
0.5000 28.6554 1.3402
0.6000 32.4670 1.4709
0.7000 33.6904 1.7345
0.8000 30.6518 1.9008
0.9000 22.9972 2.1076
1.0000 -41.8982 1.0483
#TI average gradients and standard deviation in kcal/mol
0.0000 66.4324 18.3618
0.1000 62.8496 12.3367
0.2000 64.3820 10.5466
0.3000 57.5391 14.8600
0.4000 63.2165 17.7344
0.5000 44.5644 6.9016
0.6000 27.8581 15.0686
0.7000 -6.5901 15.4603
0.8000 -49.0082 21.0552
0.9000 -136.8523 52.9517
1.0000 -1147.0369 111.3081
#PMF from TI in kcal/mol
0.0000 0.0000
0.1000 6.4641
0.2000 12.8257
0.3000 18.9217
0.4000 24.9595
0.5000 30.3485
0.6000 33.9697
0.7000 35.0331
0.8000 32.2532
0.9000 22.9601
1.0000 -41.2343
#MBAR free energy difference in kcal/mol: 
-41.898201, 1.048270  #WARNING SUBSAMPLING ENERGIES RESULTED IN LESS THAN 50 SAMPLES, CONSIDER RERUN WITHOUT SUBSAMPLE OPTION
#TI free energy difference in kcal/mol: 
-41.234327  #WARNING SUBSAMPLING GRADIENTS RESULTED IN LESS THAN 50 SAMPLES, CONSIDER RERUN WITHOUT SUBSAMPLE OPTION 
Starting /export/users/common/BioSimSpace/sire.app/bin/analyse_freenrg: number of threads equals 32
