# Analysing data contained in file(s) ['lambda_0.0000/simfile.dat', 'lambda_0.1000/simfile.dat', 'lambda_0.2000/simfile.dat', 'lambda_0.3000/simfile.dat', 'lambda_0.4000/simfile.dat', 'lambda_0.5000/simfile.dat', 'lambda_0.6000/simfile.dat', 'lambda_0.7000/simfile.dat', 'lambda_0.8000/simfile.dat', 'lambda_0.9000/simfile.dat', 'lambda_1.0000/simfile.dat']
#Overlap matrix
0.8308 0.1652 0.0040 0.0000 0.0000 0.0000 0.0000 0.0000 0.0000 0.0000 0.0000
0.1652 0.6386 0.1903 0.0058 0.0000 0.0000 0.0000 0.0000 0.0000 0.0000 0.0000
0.0040 0.1903 0.6081 0.1906 0.0069 0.0000 0.0000 0.0000 0.0000 0.0000 0.0000
0.0000 0.0058 0.1906 0.5991 0.1971 0.0073 0.0000 0.0000 0.0000 0.0000 0.0000
0.0000 0.0000 0.0069 0.1971 0.5897 0.1998 0.0065 0.0000 0.0000 0.0000 0.0000
0.0000 0.0000 0.0000 0.0073 0.1998 0.5968 0.1904 0.0058 0.0000 0.0000 0.0000
0.0000 0.0000 0.0000 0.0000 0.0065 0.1904 0.6015 0.1958 0.0058 0.0000 0.0000
0.0000 0.0000 0.0000 0.0000 0.0000 0.0058 0.1958 0.6139 0.1811 0.0035 0.0000
0.0000 0.0000 0.0000 0.0000 0.0000 0.0000 0.0058 0.1811 0.6428 0.1694 0.0009
0.0000 0.0000 0.0000 0.0000 0.0000 0.0000 0.0000 0.0035 0.1694 0.7226 0.1046
0.0000 0.0000 0.0000 0.0000 0.0000 0.0000 0.0000 0.0000 0.0009 0.1046 0.8945
#DG from neighbouring lambda in kcal/mol
0.0000 0.1000 -3.2367 0.0318
0.1000 0.2000 -1.1005 0.0279
0.2000 0.3000 0.0084 0.0275
0.3000 0.4000 0.8176 0.0267
0.4000 0.5000 1.5147 0.0264
0.5000 0.6000 2.0926 0.0276
0.6000 0.7000 2.5492 0.0271
0.7000 0.8000 3.0428 0.0291
0.8000 0.9000 3.3996 0.0312
0.9000 1.0000 3.4223 0.0440
#PMF from MBAR in kcal/mol
0.0000 0.0000 0.0000
0.1000 -3.2367 0.0318
0.2000 -4.3372 0.0474
0.3000 -4.3288 0.0588
0.4000 -3.5112 0.0678
0.5000 -1.9965 0.0757
0.6000 0.0961 0.0833
0.7000 2.6453 0.0901
0.8000 5.6882 0.0970
0.9000 9.0877 0.1042
1.0000 12.5101 0.1152
#TI average gradients and standard deviation in kcal/mol
0.0000 -52.3706 15.8181
0.1000 -18.8768 14.5001
0.2000 -5.0282 13.3359
0.3000 3.9597 13.6956
0.4000 12.0863 12.4692
0.5000 16.7138 13.1464
0.6000 23.3847 13.5589
0.7000 28.4290 12.8997
0.8000 33.0698 14.2653
0.9000 33.6172 14.8649
1.0000 31.8063 20.2515
#PMF from TI in kcal/mol
0.0000 0.0000
0.1000 -3.5624
0.2000 -4.7576
0.3000 -4.8110
0.4000 -4.0087
0.5000 -2.5687
0.6000 -0.5638
0.7000 2.0269
0.8000 5.1018
0.9000 8.4362
1.0000 11.7073
#MBAR free energy difference in kcal/mol: 
12.510056, 0.115243 
#TI free energy difference in kcal/mol: 
11.707344  
Starting /export/users/common/BioSimSpace/sire.app/bin/analyse_freenrg: number of threads equals 32
