# Analysing data contained in file(s) ['lambda_0.0000/simfile.dat', 'lambda_0.1000/simfile.dat', 'lambda_0.2000/simfile.dat', 'lambda_0.3000/simfile.dat', 'lambda_0.4000/simfile.dat', 'lambda_0.5000/simfile.dat', 'lambda_0.6000/simfile.dat', 'lambda_0.7000/simfile.dat', 'lambda_0.8000/simfile.dat', 'lambda_0.9000/simfile.dat', 'lambda_1.0000/simfile.dat']
#Overlap matrix
0.9865 0.0135 0.0000 0.0000 0.0000 0.0000 0.0000 0.0000 0.0000 0.0000 0.0000
0.0135 0.9666 0.0199 0.0000 0.0000 0.0000 0.0000 0.0000 0.0000 0.0000 0.0000
0.0000 0.0199 0.9609 0.0192 0.0000 0.0000 0.0000 0.0000 0.0000 0.0000 0.0000
0.0000 0.0000 0.0192 0.9618 0.0190 0.0000 0.0000 0.0000 0.0000 0.0000 0.0000
0.0000 0.0000 0.0000 0.0190 0.9570 0.0240 0.0000 0.0000 0.0000 0.0000 0.0000
0.0000 0.0000 0.0000 0.0000 0.0240 0.9482 0.0278 0.0000 0.0000 0.0000 0.0000
0.0000 0.0000 0.0000 0.0000 0.0000 0.0278 0.9419 0.0302 0.0000 0.0000 0.0000
0.0000 0.0000 0.0000 0.0000 0.0000 0.0000 0.0302 0.9348 0.0350 0.0000 0.0000
0.0000 0.0000 0.0000 0.0000 0.0000 0.0000 0.0000 0.0350 0.9243 0.0408 0.0000
0.0000 0.0000 0.0000 0.0000 0.0000 0.0000 0.0000 0.0000 0.0408 0.9117 0.0475
0.0000 0.0000 0.0000 0.0000 0.0000 0.0000 0.0000 0.0000 0.0000 0.0475 0.9525
#DG from neighbouring lambda in kcal/mol
0.0000 0.1000 -5.1855 0.1157
0.1000 0.2000 -3.5713 0.0949
0.2000 0.3000 -2.8559 0.0966
0.3000 0.4000 -2.6904 0.0971
0.4000 0.5000 -2.8505 0.0861
0.5000 0.6000 -2.6986 0.0795
0.6000 0.7000 -2.5545 0.0761
0.7000 0.8000 -2.1917 0.0704
0.8000 0.9000 -1.5720 0.0648
0.9000 1.0000 -0.5730 0.0596
#PMF from MBAR in kcal/mol
0.0000 0.0000 0.0000
0.1000 -5.1855 0.1157
0.2000 -8.7568 0.1509
0.3000 -11.6128 0.1802
0.4000 -14.3031 0.2056
0.5000 -17.1536 0.2237
0.6000 -19.8523 0.2382
0.7000 -22.4068 0.2508
0.8000 -24.5985 0.2613
0.9000 -26.1705 0.2699
1.0000 -26.7435 0.2771
#TI average gradients and standard deviation in kcal/mol
0.0000 -64.3960 29.0707
0.1000 -40.6112 27.6224
0.2000 -30.9152 26.8507
0.3000 -28.6795 26.4267
0.4000 -28.2190 26.0724
0.5000 -28.3580 25.8365
0.6000 -26.7392 25.0462
0.7000 -23.9659 24.1441
0.8000 -18.6520 23.2961
0.9000 -11.0486 22.7634
1.0000 1.9719 21.8626
#PMF from TI in kcal/mol
0.0000 0.0000
0.1000 -5.2504
0.2000 -8.8267
0.3000 -11.8064
0.4000 -14.6513
0.5000 -17.4802
0.6000 -20.2350
0.7000 -22.7703
0.8000 -24.9012
0.9000 -26.3862
1.0000 -26.8401
#MBAR free energy difference in kcal/mol: 
-26.743489, 0.277051 
#TI free energy difference in kcal/mol: 
-26.840065  
Starting /export/users/common/BioSimSpace/sire.app/bin/analyse_freenrg: number of threads equals 32
