# Analysing data contained in file(s) ['lambda_0.0000/simfile.dat', 'lambda_0.1000/simfile.dat', 'lambda_0.2000/simfile.dat', 'lambda_0.3000/simfile.dat', 'lambda_0.4000/simfile.dat', 'lambda_0.5000/simfile.dat', 'lambda_0.6000/simfile.dat', 'lambda_0.7000/simfile.dat', 'lambda_0.8000/simfile.dat', 'lambda_0.9000/simfile.dat', 'lambda_1.0000/simfile.dat']
#Overlap matrix
0.9335 0.0663 0.0002 0.0000 0.0000 0.0000 0.0000 0.0000 0.0000 0.0000 0.0000
0.0663 0.8032 0.1295 0.0011 0.0000 0.0000 0.0000 0.0000 0.0000 0.0000 0.0000
0.0002 0.1295 0.7205 0.1481 0.0018 0.0000 0.0000 0.0000 0.0000 0.0000 0.0000
0.0000 0.0011 0.1481 0.6874 0.1610 0.0025 0.0000 0.0000 0.0000 0.0000 0.0000
0.0000 0.0000 0.0018 0.1610 0.6718 0.1632 0.0022 0.0000 0.0000 0.0000 0.0000
0.0000 0.0000 0.0000 0.0025 0.1632 0.6790 0.1538 0.0014 0.0000 0.0000 0.0000
0.0000 0.0000 0.0000 0.0000 0.0022 0.1538 0.6911 0.1512 0.0016 0.0000 0.0000
0.0000 0.0000 0.0000 0.0000 0.0000 0.0014 0.1512 0.7004 0.1458 0.0011 0.0000
0.0000 0.0000 0.0000 0.0000 0.0000 0.0000 0.0016 0.1458 0.7240 0.1281 0.0004
0.0000 0.0000 0.0000 0.0000 0.0000 0.0000 0.0000 0.0011 0.1281 0.7645 0.1063
0.0000 0.0000 0.0000 0.0000 0.0000 0.0000 0.0000 0.0000 0.0004 0.1063 0.8933
#DG from neighbouring lambda in kcal/mol
0.0000 0.1000 -2.0547 0.0604
0.1000 0.2000 -0.4289 0.0398
0.2000 0.3000 0.1700 0.0360
0.3000 0.4000 0.2056 0.0337
0.4000 0.5000 0.1003 0.0333
0.5000 0.6000 -0.1653 0.0349
0.6000 0.7000 -0.6084 0.0354
0.7000 0.8000 -0.7733 0.0364
0.8000 0.9000 -0.6357 0.0400
0.9000 1.0000 0.7381 0.0454
#PMF from MBAR in kcal/mol
0.0000 0.0000 0.0000
0.1000 -2.0547 0.0604
0.2000 -2.4836 0.0760
0.3000 -2.3136 0.0872
0.4000 -2.1081 0.0962
0.5000 -2.0078 0.1043
0.6000 -2.1730 0.1123
0.7000 -2.7814 0.1199
0.8000 -3.5547 0.1274
0.9000 -4.1904 0.1355
1.0000 -3.4523 0.1448
#TI average gradients and standard deviation in kcal/mol
0.0000 2172495218.9294 135091383849.7615
0.1000 -10.7671 18.1502
0.2000 -0.2579 15.1813
0.3000 2.3639 14.6534
0.4000 2.0774 14.6594
0.5000 -0.5150 14.9631
0.6000 -3.9830 15.0805
0.7000 -7.4940 14.8905
0.8000 -8.1648 15.8757
0.9000 -3.4397 17.1127
1.0000 30.1424 19.5339
#PMF from TI in kcal/mol
0.0000 0.0000
0.1000 108624760.4081
0.2000 108624759.8569
0.3000 108624759.9622
0.4000 108624760.1842
0.5000 108624760.2624
0.6000 108624760.0375
0.7000 108624759.4636
0.8000 108624758.6807
0.9000 108624758.1005
1.0000 108624759.4356
#MBAR free energy difference in kcal/mol: 
-3.452271, 0.144792 
#TI free energy difference in kcal/mol: 
108624759.435588  
Starting /export/users/common/BioSimSpace/sire.app/bin/analyse_freenrg: number of threads equals 32
