# Analysing data contained in file(s) ['lambda_0.0000/simfile.dat', 'lambda_0.1000/simfile.dat', 'lambda_0.2000/simfile.dat', 'lambda_0.3000/simfile.dat', 'lambda_0.4000/simfile.dat', 'lambda_0.5000/simfile.dat', 'lambda_0.6000/simfile.dat', 'lambda_0.7000/simfile.dat', 'lambda_0.8000/simfile.dat', 'lambda_0.9000/simfile.dat', 'lambda_1.0000/simfile.dat']
#Overlap matrix
0.7848 0.2033 0.0117 0.0002 0.0000 0.0000 0.0000 0.0000 0.0000 0.0000 0.0000
0.2033 0.5578 0.2196 0.0189 0.0003 0.0000 0.0000 0.0000 0.0000 0.0000 0.0000
0.0117 0.2196 0.5196 0.2290 0.0196 0.0004 0.0000 0.0000 0.0000 0.0000 0.0000
0.0002 0.0189 0.2290 0.5043 0.2236 0.0234 0.0006 0.0000 0.0000 0.0000 0.0000
0.0000 0.0003 0.0196 0.2236 0.4993 0.2320 0.0245 0.0007 0.0000 0.0000 0.0000
0.0000 0.0000 0.0004 0.0234 0.2320 0.4864 0.2294 0.0274 0.0008 0.0000 0.0000
0.0000 0.0000 0.0000 0.0006 0.0245 0.2294 0.4780 0.2390 0.0278 0.0007 0.0000
0.0000 0.0000 0.0000 0.0000 0.0007 0.0274 0.2390 0.4785 0.2298 0.0240 0.0006
0.0000 0.0000 0.0000 0.0000 0.0000 0.0008 0.0278 0.2298 0.4877 0.2326 0.0212
0.0000 0.0000 0.0000 0.0000 0.0000 0.0000 0.0007 0.0240 0.2326 0.5220 0.2207
0.0000 0.0000 0.0000 0.0000 0.0000 0.0000 0.0000 0.0006 0.0212 0.2207 0.7576
#DG from neighbouring lambda in kcal/mol
0.0000 0.1000 6.9691 0.0387
0.1000 0.2000 5.7177 0.0338
0.2000 0.3000 4.4216 0.0316
0.3000 0.4000 2.9818 0.0317
0.4000 0.5000 1.5688 0.0301
0.5000 0.6000 0.1383 0.0300
0.6000 0.7000 -1.2520 0.0285
0.7000 0.8000 -2.6049 0.0300
0.8000 0.9000 -3.8488 0.0304
0.9000 1.0000 -4.5674 0.0349
#PMF from MBAR in kcal/mol
0.0000 0.0000 0.0000
0.1000 6.9691 0.0387
0.2000 12.6868 0.0593
0.3000 17.1084 0.0730
0.4000 20.0902 0.0846
0.5000 21.6590 0.0940
0.6000 21.7973 0.1026
0.7000 20.5453 0.1100
0.8000 17.9405 0.1172
0.9000 14.0917 0.1243
1.0000 9.5243 0.1321
#TI average gradients and standard deviation in kcal/mol
0.0000 73.8466 12.8264
0.1000 63.4851 11.4441
0.2000 51.2493 10.9706
0.3000 37.0642 10.6869
0.4000 23.3824 10.4649
0.5000 8.5348 10.3420
0.6000 -5.4138 10.0385
0.7000 -19.0691 10.0613
0.8000 -32.3456 9.9317
0.9000 -42.6936 10.8645
1.0000 -46.9551 13.5221
#PMF from TI in kcal/mol
0.0000 0.0000
0.1000 6.8666
0.2000 12.6033
0.3000 17.0190
0.4000 20.0413
0.5000 21.6372
0.6000 21.7932
0.7000 20.5691
0.8000 17.9983
0.9000 14.2464
1.0000 9.7639
#MBAR free energy difference in kcal/mol: 
9.524321, 0.132090 
#TI free energy difference in kcal/mol: 
9.763938  
Starting /export/users/common/BioSimSpace/sire.app/bin/analyse_freenrg: number of threads equals 32
