# Analysing data contained in file(s) ['lambda_0.0000/simfile.dat', 'lambda_0.1000/simfile.dat', 'lambda_0.2000/simfile.dat', 'lambda_0.3000/simfile.dat', 'lambda_0.4000/simfile.dat', 'lambda_0.5000/simfile.dat', 'lambda_0.6000/simfile.dat', 'lambda_0.7000/simfile.dat', 'lambda_0.8000/simfile.dat', 'lambda_0.9000/simfile.dat', 'lambda_1.0000/simfile.dat']
#Overlap matrix
1.0000 0.0000 0.0000 0.0000 0.0000 0.0000 0.0000 0.0000 0.0000 0.0000 0.0000
0.0000 0.9866 0.0134 0.0000 0.0000 0.0000 0.0000 0.0000 0.0000 0.0000 0.0000
0.0000 0.0134 0.8140 0.1725 0.0001 0.0000 0.0000 0.0000 0.0000 0.0000 0.0000
0.0000 0.0000 0.1725 0.7369 0.0903 0.0002 0.0000 0.0000 0.0000 0.0000 0.0000
0.0000 0.0000 0.0001 0.0903 0.8234 0.0852 0.0009 0.0000 0.0000 0.0000 0.0000
0.0000 0.0000 0.0000 0.0002 0.0852 0.7676 0.1466 0.0003 0.0000 0.0000 0.0000
0.0000 0.0000 0.0000 0.0000 0.0009 0.1466 0.7169 0.1343 0.0013 0.0000 0.0000
0.0000 0.0000 0.0000 0.0000 0.0000 0.0003 0.1343 0.6695 0.1948 0.0011 0.0000
0.0000 0.0000 0.0000 0.0000 0.0000 0.0000 0.0013 0.1948 0.6207 0.1689 0.0143
0.0000 0.0000 0.0000 0.0000 0.0000 0.0000 0.0000 0.0011 0.1689 0.6190 0.2111
0.0000 0.0000 0.0000 0.0000 0.0000 0.0000 0.0000 0.0000 0.0143 0.2111 0.7746
#DG from neighbouring lambda in kcal/mol
0.0000 0.1000 25.7895 5320.1270
0.1000 0.2000 9.1285 1.5318
0.2000 0.3000 6.5492 0.3500
0.3000 0.4000 4.7862 0.5400
0.4000 0.5000 3.2312 0.5563
0.5000 0.6000 2.4397 0.3923
0.6000 0.7000 0.9372 0.4161
0.7000 0.8000 0.3094 0.3151
0.8000 0.9000 -0.0065 0.3341
0.9000 1.0000 3.3659 0.2818
#PMF from MBAR in kcal/mol
0.0000 0.0000 0.0000
0.1000 25.7895 5320.1270
0.2000 34.9180 5320.1272
0.3000 41.4672 5320.1273
0.4000 46.2534 5320.1273
0.5000 49.4846 5320.1273
0.6000 51.9243 5320.1273
0.7000 52.8615 5320.1274
0.8000 53.1709 5320.1274
0.9000 53.1643 5320.1274
1.0000 56.5302 5320.1274
#TI average gradients and standard deviation in kcal/mol
0.0000 2449.4200 1608.5928
0.1000 124.6627 16.1443
0.2000 75.5324 15.7907
0.3000 60.2107 6.5806
0.4000 27.5057 8.7828
0.5000 26.9346 17.7075
0.6000 18.4751 10.9936
0.7000 14.6538 17.0895
0.8000 4.5866 11.8020
0.9000 6.7782 13.0056
1.0000 59.8799 14.1887
#PMF from TI in kcal/mol
0.0000 0.0000
0.1000 128.7041
0.2000 138.7139
0.3000 145.5011
0.4000 149.8869
0.5000 152.6089
0.6000 154.8794
0.7000 156.5358
0.8000 157.4978
0.9000 158.0661
1.0000 161.3990
#MBAR free energy difference in kcal/mol: 
56.530241, 5320.127411  #WARNING SUBSAMPLING ENERGIES RESULTED IN LESS THAN 50 SAMPLES, CONSIDER RERUN WITHOUT SUBSAMPLE OPTION
#TI free energy difference in kcal/mol: 
161.398985  #WARNING SUBSAMPLING GRADIENTS RESULTED IN LESS THAN 50 SAMPLES, CONSIDER RERUN WITHOUT SUBSAMPLE OPTION 
Starting /export/users/common/BioSimSpace/sire.app/bin/analyse_freenrg: number of threads equals 32
