# Analysing data contained in file(s) ['lambda_0.0000/simfile.dat', 'lambda_0.1000/simfile.dat', 'lambda_0.2000/simfile.dat', 'lambda_0.3000/simfile.dat', 'lambda_0.4000/simfile.dat', 'lambda_0.5000/simfile.dat', 'lambda_0.6000/simfile.dat', 'lambda_0.7000/simfile.dat', 'lambda_0.8000/simfile.dat', 'lambda_0.9000/simfile.dat', 'lambda_1.0000/simfile.dat']
#Overlap matrix
1.0000 0.0000 0.0000 0.0000 0.0000 0.0000 0.0000 0.0000 0.0000 0.0000 0.0000
0.0000 0.9779 0.0221 0.0000 0.0000 0.0000 0.0000 0.0000 0.0000 0.0000 0.0000
0.0000 0.0221 0.8662 0.1108 0.0010 0.0000 0.0000 0.0000 0.0000 0.0000 0.0000
0.0000 0.0000 0.1108 0.7214 0.1665 0.0013 0.0000 0.0000 0.0000 0.0000 0.0000
0.0000 0.0000 0.0010 0.1665 0.7012 0.1301 0.0013 0.0000 0.0000 0.0000 0.0000
0.0000 0.0000 0.0000 0.0013 0.1301 0.6821 0.1777 0.0086 0.0001 0.0000 0.0000
0.0000 0.0000 0.0000 0.0000 0.0013 0.1777 0.5854 0.2206 0.0149 0.0002 0.0000
0.0000 0.0000 0.0000 0.0000 0.0000 0.0086 0.2206 0.5348 0.2220 0.0139 0.0000
0.0000 0.0000 0.0000 0.0000 0.0000 0.0001 0.0149 0.2220 0.5485 0.2114 0.0031
0.0000 0.0000 0.0000 0.0000 0.0000 0.0000 0.0002 0.0139 0.2114 0.6482 0.1263
0.0000 0.0000 0.0000 0.0000 0.0000 0.0000 0.0000 0.0000 0.0031 0.1263 0.8706
#DG from neighbouring lambda in kcal/mol
0.0000 0.1000 34.2889 0.0932
0.1000 0.2000 4.4107 0.0872
0.2000 0.3000 0.8249 0.0350
0.3000 0.4000 -0.8673 0.0263
0.4000 0.5000 -3.0097 0.0312
0.5000 0.6000 -5.3721 0.0242
0.6000 0.7000 -6.5692 0.0193
0.7000 0.8000 -7.3831 0.0188
0.8000 0.9000 -8.2039 0.0205
0.9000 1.0000 -9.9002 0.0317
#PMF from MBAR in kcal/mol
0.0000 0.0000 0.0000
0.1000 34.2889 0.0932
0.2000 38.6996 0.0482
0.3000 39.5245 0.0373
0.4000 38.6572 0.0313
0.5000 35.6475 0.0268
0.6000 30.2754 0.0272
0.7000 23.7062 0.0296
0.8000 16.3231 0.0335
0.9000 8.1192 0.0391
1.0000 -1.7810 0.0509
#TI average gradients and standard deviation in kcal/mol
0.0000 8709.8318 611.2050
0.1000 103.1679 36.2099
0.2000 22.1955 22.2680
0.3000 5.2488 9.4039
0.4000 -19.4572 17.6785
0.5000 -44.1831 14.5629
0.6000 -60.7334 11.7725
0.7000 -70.7593 12.3512
0.8000 -78.4856 11.6546
0.9000 -87.7863 15.9916
1.0000 -113.5999 17.0956
#PMF from TI in kcal/mol
0.0000 0.0000
0.1000 440.6500
0.2000 446.9182
0.3000 448.2904
0.4000 447.5800
0.5000 444.3979
0.6000 439.1521
0.7000 432.5775
0.8000 425.1152
0.9000 416.8016
1.0000 406.7323
#MBAR free energy difference in kcal/mol: 
-1.781014, 0.050899 
#TI free energy difference in kcal/mol: 
406.732326  #WARNING SUBSAMPLING GRADIENTS RESULTED IN LESS THAN 50 SAMPLES, CONSIDER RERUN WITHOUT SUBSAMPLE OPTION 
Starting /export/users/common/BioSimSpace/sire.app/bin/analyse_freenrg: number of threads equals 32
