# Analysing data contained in file(s) ['lambda_0.0000/simfile.dat', 'lambda_0.1000/simfile.dat', 'lambda_0.2000/simfile.dat', 'lambda_0.3000/simfile.dat', 'lambda_0.4000/simfile.dat', 'lambda_0.5000/simfile.dat', 'lambda_0.6000/simfile.dat', 'lambda_0.7000/simfile.dat', 'lambda_0.8000/simfile.dat', 'lambda_0.9000/simfile.dat', 'lambda_1.0000/simfile.dat']
#Overlap matrix
0.8431 0.1507 0.0062 0.0000 0.0000 0.0000 0.0000 0.0000 0.0000 0.0000 0.0000
0.1507 0.6145 0.2237 0.0111 0.0001 0.0000 0.0000 0.0000 0.0000 0.0000 0.0000
0.0062 0.2237 0.5756 0.1859 0.0087 0.0000 0.0000 0.0000 0.0000 0.0000 0.0000
0.0000 0.0111 0.1859 0.5791 0.2163 0.0075 0.0001 0.0000 0.0000 0.0000 0.0000
0.0000 0.0001 0.0087 0.2163 0.5627 0.1985 0.0137 0.0001 0.0000 0.0000 0.0000
0.0000 0.0000 0.0000 0.0075 0.1985 0.5802 0.2045 0.0092 0.0001 0.0000 0.0000
0.0000 0.0000 0.0000 0.0001 0.0137 0.2045 0.5637 0.2085 0.0094 0.0001 0.0000
0.0000 0.0000 0.0000 0.0000 0.0001 0.0092 0.2085 0.5734 0.1987 0.0101 0.0000
0.0000 0.0000 0.0000 0.0000 0.0000 0.0001 0.0094 0.1987 0.5696 0.2185 0.0037
0.0000 0.0000 0.0000 0.0000 0.0000 0.0000 0.0001 0.0101 0.2185 0.6326 0.1387
0.0000 0.0000 0.0000 0.0000 0.0000 0.0000 0.0000 0.0000 0.0037 0.1387 0.8575
#DG from neighbouring lambda in kcal/mol
0.0000 0.1000 0.1647 0.1536
0.1000 0.2000 0.5356 0.1079
0.2000 0.3000 0.8639 0.1245
0.3000 0.4000 0.8293 0.1115
0.4000 0.5000 0.6351 0.1177
0.5000 0.6000 0.8096 0.1141
0.6000 0.7000 0.8498 0.1140
0.7000 0.8000 0.9506 0.1182
0.8000 0.9000 1.3637 0.1116
0.9000 1.0000 1.5787 0.1645
#PMF from MBAR in kcal/mol
0.0000 0.0000 0.0000
0.1000 0.1647 0.1536
0.2000 0.7003 0.2103
0.3000 1.5642 0.2610
0.4000 2.3935 0.2991
0.5000 3.0286 0.3354
0.6000 3.8381 0.3652
0.7000 4.6880 0.3941
0.8000 5.6386 0.4219
0.9000 7.0023 0.4463
1.0000 8.5810 0.4856
#TI average gradients and standard deviation in kcal/mol
0.0000 -1.3945 13.7884
0.1000 4.4964 12.7342
0.2000 7.0916 12.3778
0.3000 7.8620 12.2380
0.4000 7.6791 12.0246
0.5000 7.8982 12.0192
0.6000 7.6112 12.2869
0.7000 7.6716 12.0930
0.8000 8.6732 12.5803
0.9000 10.9596 13.3248
1.0000 14.9045 15.1788
#PMF from TI in kcal/mol
0.0000 0.0000
0.1000 0.1551
0.2000 0.7345
0.3000 1.4822
0.4000 2.2592
0.5000 3.0381
0.6000 3.8136
0.7000 4.5777
0.8000 5.3949
0.9000 6.3766
1.0000 7.6698
#MBAR free energy difference in kcal/mol: 
8.581008, 0.485606 
#TI free energy difference in kcal/mol: 
7.669782  
Starting /export/users/common/BioSimSpace/sire.app/bin/analyse_freenrg: number of threads equals 32
