# Analysing data contained in file(s) ['lambda_0.0000/simfile.dat', 'lambda_0.1000/simfile.dat', 'lambda_0.2000/simfile.dat', 'lambda_0.3000/simfile.dat', 'lambda_0.4000/simfile.dat', 'lambda_0.5000/simfile.dat', 'lambda_0.6000/simfile.dat', 'lambda_0.7000/simfile.dat', 'lambda_0.8000/simfile.dat', 'lambda_0.9000/simfile.dat', 'lambda_1.0000/simfile.dat']
#Overlap matrix
0.8235 0.1724 0.0041 0.0000 0.0000 0.0000 0.0000 0.0000 0.0000 0.0000 0.0000
0.1724 0.6314 0.1911 0.0051 0.0000 0.0000 0.0000 0.0000 0.0000 0.0000 0.0000
0.0041 0.1911 0.6134 0.1870 0.0044 0.0000 0.0000 0.0000 0.0000 0.0000 0.0000
0.0000 0.0051 0.1870 0.6218 0.1823 0.0037 0.0000 0.0000 0.0000 0.0000 0.0000
0.0000 0.0000 0.0044 0.1823 0.6417 0.1700 0.0016 0.0000 0.0000 0.0000 0.0000
0.0000 0.0000 0.0000 0.0037 0.1700 0.7005 0.1257 0.0000 0.0000 0.0000 0.0000
0.0000 0.0000 0.0000 0.0000 0.0016 0.1257 0.8349 0.0378 0.0000 0.0000 0.0000
0.0000 0.0000 0.0000 0.0000 0.0000 0.0000 0.0378 0.9374 0.0248 0.0000 0.0000
0.0000 0.0000 0.0000 0.0000 0.0000 0.0000 0.0000 0.0248 0.9733 0.0018 0.0000
0.0000 0.0000 0.0000 0.0000 0.0000 0.0000 0.0000 0.0000 0.0018 0.9982 0.0000
0.0000 0.0000 0.0000 0.0000 0.0000 0.0000 0.0000 0.0000 0.0000 0.0000 1.0000
#DG from neighbouring lambda in kcal/mol
0.0000 0.1000 9.4721 0.0292
0.1000 0.2000 7.9838 0.0264
0.2000 0.3000 6.5809 0.0268
0.3000 0.4000 5.0911 0.0275
0.4000 0.5000 3.7796 0.0293
0.5000 0.6000 3.4046 0.0369
0.6000 0.7000 1.5842 0.0754
0.7000 0.8000 -0.9733 0.0943
0.8000 0.9000 -5.3619 0.3551
0.9000 1.0000 -36.7412 0.3357
#PMF from MBAR in kcal/mol
0.0000 0.0000 0.0000
0.1000 9.4721 0.0292
0.2000 17.4559 0.0443
0.3000 24.0368 0.0556
0.4000 29.1279 0.0652
0.5000 32.9075 0.0744
0.6000 36.3121 0.0856
0.7000 37.8963 0.1161
0.8000 36.9229 0.1511
0.9000 31.5611 0.3866
1.0000 -5.1801 0.0730
#TI average gradients and standard deviation in kcal/mol
0.0000 99.8604 15.1774
0.1000 89.9989 12.8179
0.2000 75.5560 13.8324
0.3000 59.7081 13.5511
0.4000 47.1457 11.3382
0.5000 37.2899 12.3972
0.6000 42.9107 12.7732
0.7000 6.2231 25.3400
0.8000 -23.5911 31.4310
0.9000 -95.9620 40.5004
1.0000 -22941.5654 2694.5294
#PMF from TI in kcal/mol
0.0000 0.0000
0.1000 9.4930
0.2000 17.7707
0.3000 24.5339
0.4000 29.8766
0.5000 34.0984
0.6000 38.1084
0.7000 40.5651
0.8000 39.6967
0.9000 33.7191
1.0000 -1118.1573
#MBAR free energy difference in kcal/mol: 
-5.180145, 0.072974 
#TI free energy difference in kcal/mol: 
-1118.157318  #WARNING SUBSAMPLING GRADIENTS RESULTED IN LESS THAN 50 SAMPLES, CONSIDER RERUN WITHOUT SUBSAMPLE OPTION 
Starting /export/users/common/BioSimSpace/sire.app/bin/analyse_freenrg: number of threads equals 32
