# Analysing data contained in file(s) ['lambda_0.0000/simfile.dat', 'lambda_0.1000/simfile.dat', 'lambda_0.2000/simfile.dat', 'lambda_0.3000/simfile.dat', 'lambda_0.4000/simfile.dat', 'lambda_0.5000/simfile.dat', 'lambda_0.6000/simfile.dat', 'lambda_0.7000/simfile.dat', 'lambda_0.8000/simfile.dat', 'lambda_0.9000/simfile.dat', 'lambda_1.0000/simfile.dat']
#Overlap matrix
0.7791 0.2066 0.0141 0.0002 0.0000 0.0000 0.0000 0.0000 0.0000 0.0000 0.0000
0.2066 0.5452 0.2279 0.0199 0.0003 0.0000 0.0000 0.0000 0.0000 0.0000 0.0000
0.0141 0.2279 0.5095 0.2289 0.0193 0.0003 0.0000 0.0000 0.0000 0.0000 0.0000
0.0002 0.0199 0.2289 0.5104 0.2222 0.0182 0.0002 0.0000 0.0000 0.0000 0.0000
0.0000 0.0003 0.0193 0.2222 0.5163 0.2265 0.0153 0.0001 0.0000 0.0000 0.0000
0.0000 0.0000 0.0003 0.0182 0.2265 0.5296 0.2135 0.0117 0.0001 0.0000 0.0000
0.0000 0.0000 0.0000 0.0002 0.0153 0.2135 0.5535 0.2089 0.0086 0.0000 0.0000
0.0000 0.0000 0.0000 0.0000 0.0001 0.0117 0.2089 0.5776 0.1971 0.0045 0.0000
0.0000 0.0000 0.0000 0.0000 0.0000 0.0001 0.0086 0.1971 0.6281 0.1658 0.0003
0.0000 0.0000 0.0000 0.0000 0.0000 0.0000 0.0000 0.0045 0.1658 0.7567 0.0731
0.0000 0.0000 0.0000 0.0000 0.0000 0.0000 0.0000 0.0000 0.0003 0.0731 0.9266
#DG from neighbouring lambda in kcal/mol
0.0000 0.1000 -6.6789 0.0215
0.1000 0.2000 -3.2029 0.0183
0.2000 0.3000 -3.8074 0.0179
0.3000 0.4000 -5.3438 0.0185
0.4000 0.5000 -7.0848 0.0184
0.5000 0.6000 -8.9492 0.0199
0.6000 0.7000 -10.9730 0.0208
0.7000 0.8000 -13.1851 0.0224
0.8000 0.9000 -15.8025 0.0265
0.9000 1.0000 -19.9918 0.0460
#PMF from MBAR in kcal/mol
0.0000 0.0000 0.0000
0.1000 -6.6789 0.0215
0.2000 -9.8817 0.0327
0.3000 -13.6891 0.0407
0.4000 -19.0329 0.0475
0.5000 -26.1177 0.0535
0.6000 -35.0669 0.0595
0.7000 -46.0398 0.0653
0.8000 -59.2249 0.0712
0.9000 -75.0274 0.0780
1.0000 -95.0193 0.0925
#TI average gradients and standard deviation in kcal/mol
0.0000 -120.3316 14.1385
0.1000 -36.8607 11.3701
0.2000 -32.1499 10.9454
0.3000 -45.2346 10.9687
0.4000 -61.9218 11.0277
0.5000 -79.8650 11.2952
0.6000 -99.2940 11.8481
0.7000 -120.1673 12.4773
0.8000 -143.8894 13.5470
0.9000 -174.4820 16.0197
1.0000 -237.6792 28.3001
#PMF from TI in kcal/mol
0.0000 0.0000
0.1000 -7.8596
0.2000 -11.3101
0.3000 -15.1794
0.4000 -20.5372
0.5000 -27.6265
0.6000 -36.5845
0.7000 -47.5575
0.8000 -60.7604
0.9000 -76.6789
1.0000 -97.2870
#MBAR free energy difference in kcal/mol: 
-95.019261, 0.092467 
#TI free energy difference in kcal/mol: 
-97.287003  
Starting /export/users/common/BioSimSpace/sire.app/bin/analyse_freenrg: number of threads equals 32
