# Analysing data contained in file(s) ['lambda_0.0000/simfile.dat', 'lambda_0.1000/simfile.dat', 'lambda_0.2000/simfile.dat', 'lambda_0.3000/simfile.dat', 'lambda_0.4000/simfile.dat', 'lambda_0.5000/simfile.dat', 'lambda_0.6000/simfile.dat', 'lambda_0.7000/simfile.dat', 'lambda_0.8000/simfile.dat', 'lambda_0.9000/simfile.dat', 'lambda_1.0000/simfile.dat']
#Overlap matrix
0.6930 0.2626 0.0432 0.0013 0.0000 0.0000 0.0000 0.0000 0.0000 0.0000 0.0000
0.2626 0.4668 0.2460 0.0240 0.0007 0.0000 0.0000 0.0000 0.0000 0.0000 0.0000
0.0432 0.2460 0.4483 0.2335 0.0288 0.0003 0.0000 0.0000 0.0000 0.0000 0.0000
0.0013 0.0240 0.2335 0.5038 0.2263 0.0111 0.0001 0.0000 0.0000 0.0000 0.0000
0.0000 0.0007 0.0288 0.2263 0.5207 0.2139 0.0096 0.0001 0.0000 0.0000 0.0000
0.0000 0.0000 0.0003 0.0111 0.2139 0.5467 0.2100 0.0178 0.0002 0.0000 0.0000
0.0000 0.0000 0.0000 0.0001 0.0096 0.2100 0.5374 0.2304 0.0125 0.0000 0.0000
0.0000 0.0000 0.0000 0.0000 0.0001 0.0178 0.2304 0.5656 0.1844 0.0016 0.0000
0.0000 0.0000 0.0000 0.0000 0.0000 0.0002 0.0125 0.1844 0.6475 0.1520 0.0034
0.0000 0.0000 0.0000 0.0000 0.0000 0.0000 0.0000 0.0016 0.1520 0.6928 0.1536
0.0000 0.0000 0.0000 0.0000 0.0000 0.0000 0.0000 0.0000 0.0034 0.1536 0.8430
#DG from neighbouring lambda in kcal/mol
0.0000 0.1000 -5.8075 0.1012
0.1000 0.2000 -1.5807 0.0988
0.2000 0.3000 -1.1134 0.1089
0.3000 0.4000 -1.2851 0.1177
0.4000 0.5000 -2.1811 0.1324
0.5000 0.6000 -3.2328 0.1314
0.6000 0.7000 -3.9133 0.1200
0.7000 0.8000 -4.8473 0.1534
0.8000 0.9000 -7.0883 0.1838
0.9000 1.0000 -8.7198 0.1838
#PMF from MBAR in kcal/mol
0.0000 0.0000 0.0000
0.1000 -5.8075 0.1012
0.2000 -7.3882 0.1678
0.3000 -8.5016 0.2266
0.4000 -9.7867 0.2738
0.5000 -11.9677 0.3245
0.6000 -15.2006 0.3680
0.7000 -19.1139 0.4010
0.8000 -23.9611 0.4430
0.9000 -31.0494 0.4947
1.0000 -39.7692 0.5402
#TI average gradients and standard deviation in kcal/mol
0.0000 -109.4908 9.2079
0.1000 -26.6479 10.9785
0.2000 -12.0614 8.6483
0.3000 -13.8307 10.2946
0.4000 -12.8101 7.3995
0.5000 -26.6515 13.2653
0.6000 -32.1436 13.4261
0.7000 -38.5732 13.5573
0.8000 -60.0184 14.8588
0.9000 -82.9172 10.6242
1.0000 -94.5719 18.7964
#PMF from TI in kcal/mol
0.0000 0.0000
0.1000 -6.8069
0.2000 -8.7424
0.3000 -10.0370
0.4000 -11.3691
0.5000 -13.3421
0.6000 -16.2819
0.7000 -19.8177
0.8000 -24.7473
0.9000 -31.8941
1.0000 -40.7685
#MBAR free energy difference in kcal/mol: 
-39.769199, 0.540209  #WARNING SUBSAMPLING ENERGIES RESULTED IN LESS THAN 50 SAMPLES, CONSIDER RERUN WITHOUT SUBSAMPLE OPTION
#TI free energy difference in kcal/mol: 
-40.768550  #WARNING SUBSAMPLING GRADIENTS RESULTED IN LESS THAN 50 SAMPLES, CONSIDER RERUN WITHOUT SUBSAMPLE OPTION 
Starting /export/users/common/BioSimSpace/sire.app/bin/analyse_freenrg: number of threads equals 32
