# Analysing data contained in file(s) ['lambda_0.0000/simfile.dat', 'lambda_0.1000/simfile.dat', 'lambda_0.2000/simfile.dat', 'lambda_0.3000/simfile.dat', 'lambda_0.4000/simfile.dat', 'lambda_0.5000/simfile.dat', 'lambda_0.6000/simfile.dat', 'lambda_0.7000/simfile.dat', 'lambda_0.8000/simfile.dat', 'lambda_0.9000/simfile.dat', 'lambda_1.0000/simfile.dat']
#Overlap matrix
0.8235 0.1656 0.0107 0.0002 0.0000 0.0000 0.0000 0.0000 0.0000 0.0000 0.0000
0.1656 0.5775 0.2354 0.0211 0.0004 0.0000 0.0000 0.0000 0.0000 0.0000 0.0000
0.0107 0.2354 0.5064 0.2282 0.0190 0.0004 0.0000 0.0000 0.0000 0.0000 0.0000
0.0002 0.0211 0.2282 0.5054 0.2237 0.0208 0.0006 0.0000 0.0000 0.0000 0.0000
0.0000 0.0004 0.0190 0.2237 0.5009 0.2265 0.0281 0.0013 0.0000 0.0000 0.0000
0.0000 0.0000 0.0004 0.0208 0.2265 0.4741 0.2353 0.0405 0.0024 0.0000 0.0000
0.0000 0.0000 0.0000 0.0006 0.0281 0.2353 0.4400 0.2495 0.0438 0.0026 0.0000
0.0000 0.0000 0.0000 0.0000 0.0013 0.0405 0.2495 0.4248 0.2352 0.0462 0.0026
0.0000 0.0000 0.0000 0.0000 0.0000 0.0024 0.0438 0.2352 0.4223 0.2530 0.0432
0.0000 0.0000 0.0000 0.0000 0.0000 0.0000 0.0026 0.0462 0.2530 0.4416 0.2566
0.0000 0.0000 0.0000 0.0000 0.0000 0.0000 0.0000 0.0026 0.0432 0.2566 0.6976
#DG from neighbouring lambda in kcal/mol
0.0000 0.1000 0.6258 0.0394
0.1000 0.2000 -1.4359 0.0273
0.2000 0.3000 -3.0911 0.0273
0.3000 0.4000 -4.8665 0.0277
0.4000 0.5000 -6.6403 0.0265
0.5000 0.6000 -8.2536 0.0238
0.6000 0.7000 -9.6653 0.0212
0.7000 0.8000 -11.0265 0.0220
0.8000 0.9000 -12.1869 0.0206
0.9000 1.0000 -12.5248 0.0241
#PMF from MBAR in kcal/mol
0.0000 0.0000 0.0000
0.1000 0.6258 0.0394
0.2000 -0.8100 0.0543
0.3000 -3.9012 0.0656
0.4000 -8.7677 0.0754
0.5000 -15.4080 0.0836
0.6000 -23.6616 0.0901
0.7000 -33.3269 0.0952
0.8000 -44.3533 0.1002
0.9000 -56.5402 0.1047
1.0000 -69.0651 0.1097
#TI average gradients and standard deviation in kcal/mol
0.0000 31.4294 19.4289
0.1000 -5.3784 9.6324
0.2000 -19.8267 11.2491
0.3000 -38.7537 12.5342
0.4000 -57.7769 9.5313
0.5000 -80.0903 9.7905
0.6000 -88.4897 8.5950
0.7000 -99.9980 8.3272
0.8000 -114.3888 11.2095
0.9000 -122.5245 7.3712
1.0000 -123.6579 9.9947
#PMF from TI in kcal/mol
0.0000 0.0000
0.1000 1.3025
0.2000 0.0423
0.3000 -2.8867
0.4000 -7.7133
0.5000 -14.6066
0.6000 -23.0356
0.7000 -32.4600
0.8000 -43.1793
0.9000 -55.0250
1.0000 -67.3341
#MBAR free energy difference in kcal/mol: 
-69.065066, 0.109708 
#TI free energy difference in kcal/mol: 
-67.334129  #WARNING SUBSAMPLING GRADIENTS RESULTED IN LESS THAN 50 SAMPLES, CONSIDER RERUN WITHOUT SUBSAMPLE OPTION 
Starting /export/users/common/BioSimSpace/sire.app/bin/analyse_freenrg: number of threads equals 32
