# Analysing data contained in file(s) ['lambda_0.0000/simfile.dat', 'lambda_0.1000/simfile.dat', 'lambda_0.2000/simfile.dat', 'lambda_0.3000/simfile.dat', 'lambda_0.4000/simfile.dat', 'lambda_0.5000/simfile.dat', 'lambda_0.6000/simfile.dat', 'lambda_0.7000/simfile.dat', 'lambda_0.8000/simfile.dat', 'lambda_0.9000/simfile.dat', 'lambda_1.0000/simfile.dat']
#Overlap matrix
0.7792 0.1951 0.0239 0.0017 0.0001 0.0000 0.0000 0.0000 0.0000 0.0000 0.0000
0.1951 0.5204 0.2392 0.0416 0.0036 0.0001 0.0000 0.0000 0.0000 0.0000 0.0000
0.0239 0.2392 0.4400 0.2398 0.0524 0.0046 0.0002 0.0000 0.0000 0.0000 0.0000
0.0017 0.0416 0.2398 0.4154 0.2432 0.0536 0.0046 0.0001 0.0000 0.0000 0.0000
0.0001 0.0036 0.0524 0.2432 0.3995 0.2428 0.0543 0.0040 0.0001 0.0000 0.0000
0.0000 0.0001 0.0046 0.0536 0.2428 0.4045 0.2416 0.0494 0.0033 0.0001 0.0000
0.0000 0.0000 0.0002 0.0046 0.0543 0.2416 0.4079 0.2421 0.0466 0.0027 0.0000
0.0000 0.0000 0.0000 0.0001 0.0040 0.0494 0.2421 0.4200 0.2396 0.0425 0.0022
0.0000 0.0000 0.0000 0.0000 0.0001 0.0033 0.0466 0.2396 0.4277 0.2414 0.0412
0.0000 0.0000 0.0000 0.0000 0.0000 0.0001 0.0027 0.0425 0.2414 0.4451 0.2683
0.0000 0.0000 0.0000 0.0000 0.0000 0.0000 0.0000 0.0022 0.0412 0.2683 0.6882
#DG from neighbouring lambda in kcal/mol
0.0000 0.1000 -2.8935 0.0232
0.1000 0.2000 -0.3010 0.0167
0.2000 0.3000 0.1323 0.0149
0.3000 0.4000 0.1736 0.0140
0.4000 0.5000 0.1131 0.0139
0.5000 0.6000 0.0403 0.0142
0.6000 0.7000 -0.0538 0.0146
0.7000 0.8000 -0.1359 0.0152
0.8000 0.9000 -0.2202 0.0155
0.9000 1.0000 -0.2805 0.0163
#PMF from MBAR in kcal/mol
0.0000 0.0000 0.0000
0.1000 -2.8935 0.0232
0.2000 -3.1945 0.0328
0.3000 -3.0622 0.0392
0.4000 -2.8887 0.0442
0.5000 -2.7756 0.0487
0.6000 -2.7353 0.0529
0.7000 -2.7890 0.0570
0.8000 -2.9250 0.0610
0.9000 -3.1452 0.0649
1.0000 -3.4257 0.0687
#TI average gradients and standard deviation in kcal/mol
0.0000 -59.6490 16.1543
0.1000 -9.3010 10.3792
0.2000 0.4133 9.1924
0.3000 1.5304 8.5319
0.4000 1.3980 8.4404
0.5000 0.8006 8.3130
0.6000 -0.2431 8.8812
0.7000 -0.9519 8.9275
0.8000 -1.6625 9.2646
0.9000 -2.6333 9.2995
1.0000 -2.1807 9.3785
#PMF from TI in kcal/mol
0.0000 0.0000
0.1000 -3.4475
0.2000 -3.8919
0.3000 -3.7947
0.4000 -3.6483
0.5000 -3.5383
0.6000 -3.5105
0.7000 -3.5702
0.8000 -3.7009
0.9000 -3.9157
1.0000 -4.1564
#MBAR free energy difference in kcal/mol: 
-3.425681, 0.068731 
#TI free energy difference in kcal/mol: 
-4.156423  
Starting /export/users/common/BioSimSpace/sire.app/bin/analyse_freenrg: number of threads equals 32
