# Analysing data contained in file(s) ['lambda_0.0000/simfile.dat', 'lambda_0.1000/simfile.dat', 'lambda_0.2000/simfile.dat', 'lambda_0.3000/simfile.dat', 'lambda_0.4000/simfile.dat', 'lambda_0.5000/simfile.dat', 'lambda_0.6000/simfile.dat', 'lambda_0.7000/simfile.dat', 'lambda_0.8000/simfile.dat', 'lambda_0.9000/simfile.dat', 'lambda_1.0000/simfile.dat']
#Overlap matrix
0.8324 0.1628 0.0048 0.0000 0.0000 0.0000 0.0000 0.0000 0.0000 0.0000 0.0000
0.1628 0.6345 0.1944 0.0083 0.0001 0.0000 0.0000 0.0000 0.0000 0.0000 0.0000
0.0048 0.1944 0.5808 0.2097 0.0103 0.0001 0.0000 0.0000 0.0000 0.0000 0.0000
0.0000 0.0083 0.2097 0.5696 0.2019 0.0104 0.0001 0.0000 0.0000 0.0000 0.0000
0.0000 0.0001 0.0103 0.2019 0.5671 0.2100 0.0106 0.0001 0.0000 0.0000 0.0000
0.0000 0.0000 0.0001 0.0104 0.2100 0.5652 0.2052 0.0090 0.0000 0.0000 0.0000
0.0000 0.0000 0.0000 0.0001 0.0106 0.2052 0.5665 0.2096 0.0080 0.0000 0.0000
0.0000 0.0000 0.0000 0.0000 0.0001 0.0090 0.2096 0.5902 0.1872 0.0039 0.0000
0.0000 0.0000 0.0000 0.0000 0.0000 0.0000 0.0080 0.1872 0.6318 0.1723 0.0006
0.0000 0.0000 0.0000 0.0000 0.0000 0.0000 0.0000 0.0039 0.1723 0.7449 0.0788
0.0000 0.0000 0.0000 0.0000 0.0000 0.0000 0.0000 0.0000 0.0006 0.0788 0.9205
#DG from neighbouring lambda in kcal/mol
0.0000 0.1000 -3.2301 0.0407
0.1000 0.2000 -1.3854 0.0343
0.2000 0.3000 -2.0599 0.0316
0.3000 0.4000 -3.3711 0.0323
0.4000 0.5000 -4.9053 0.0313
0.5000 0.6000 -6.5597 0.0320
0.6000 0.7000 -8.2611 0.0318
0.7000 0.8000 -9.9299 0.0355
0.8000 0.9000 -11.6417 0.0390
0.9000 1.0000 -13.5199 0.0664
#PMF from MBAR in kcal/mol
0.0000 0.0000 0.0000
0.1000 -3.2301 0.0407
0.2000 -4.6155 0.0596
0.3000 -6.6754 0.0724
0.4000 -10.0465 0.0834
0.5000 -14.9518 0.0927
0.6000 -21.5114 0.1014
0.7000 -29.7726 0.1095
0.8000 -39.7025 0.1181
0.9000 -51.3441 0.1273
1.0000 -64.8641 0.1463
#TI average gradients and standard deviation in kcal/mol
0.0000 19.4179 1069.4682
0.1000 -14.8850 13.4680
0.2000 -16.8856 12.2745
0.3000 -26.4906 12.1610
0.4000 -40.9824 12.1064
0.5000 -57.0283 11.9462
0.6000 -73.6433 12.0057
0.7000 -90.7020 12.2827
0.8000 -108.7950 13.3092
0.9000 -124.9250 15.4725
1.0000 -204.2222 1823.1211
#PMF from TI in kcal/mol
0.0000 0.0000
0.1000 0.2266
0.2000 -1.3619
0.3000 -3.5307
0.4000 -6.9044
0.5000 -11.8049
0.6000 -18.3385
0.7000 -26.5557
0.8000 -36.5306
0.9000 -48.2166
1.0000 -64.6739
#MBAR free energy difference in kcal/mol: 
-64.864066, 0.146335 
#TI free energy difference in kcal/mol: 
-64.673950  
Starting /export/users/common/BioSimSpace/sire.app/bin/analyse_freenrg: number of threads equals 32
