# Analysing data contained in file(s) ['lambda_0.0000/simfile.dat', 'lambda_0.1000/simfile.dat', 'lambda_0.2000/simfile.dat', 'lambda_0.3000/simfile.dat', 'lambda_0.4000/simfile.dat', 'lambda_0.5000/simfile.dat', 'lambda_0.6000/simfile.dat', 'lambda_0.7000/simfile.dat', 'lambda_0.8000/simfile.dat', 'lambda_0.9000/simfile.dat', 'lambda_1.0000/simfile.dat']
#Overlap matrix
0.8645 0.1342 0.0013 0.0000 0.0000 0.0000 0.0000 0.0000 0.0000 0.0000 0.0000
0.1342 0.7075 0.1568 0.0015 0.0000 0.0000 0.0000 0.0000 0.0000 0.0000 0.0000
0.0013 0.1568 0.6870 0.1531 0.0018 0.0000 0.0000 0.0000 0.0000 0.0000 0.0000
0.0000 0.0015 0.1531 0.6844 0.1593 0.0017 0.0000 0.0000 0.0000 0.0000 0.0000
0.0000 0.0000 0.0018 0.1593 0.6828 0.1541 0.0020 0.0000 0.0000 0.0000 0.0000
0.0000 0.0000 0.0000 0.0017 0.1541 0.6872 0.1556 0.0015 0.0000 0.0000 0.0000
0.0000 0.0000 0.0000 0.0000 0.0020 0.1556 0.6914 0.1492 0.0019 0.0000 0.0000
0.0000 0.0000 0.0000 0.0000 0.0000 0.0015 0.1492 0.6873 0.1604 0.0016 0.0000
0.0000 0.0000 0.0000 0.0000 0.0000 0.0000 0.0019 0.1604 0.6892 0.1475 0.0011
0.0000 0.0000 0.0000 0.0000 0.0000 0.0000 0.0000 0.0016 0.1475 0.7177 0.1332
0.0000 0.0000 0.0000 0.0000 0.0000 0.0000 0.0000 0.0000 0.0011 0.1332 0.8657
#DG from neighbouring lambda in kcal/mol
0.0000 0.1000 12.8858 0.0449
0.1000 0.2000 9.7227 0.0400
0.2000 0.3000 6.2457 0.0406
0.3000 0.4000 2.8599 0.0394
0.4000 0.5000 -0.5665 0.0404
0.5000 0.6000 -3.8426 0.0401
0.6000 0.7000 -7.2135 0.0413
0.7000 0.8000 -10.2774 0.0392
0.8000 0.9000 -13.0232 0.0418
0.9000 1.0000 -15.2146 0.0452
#PMF from MBAR in kcal/mol
0.0000 0.0000 0.0000
0.1000 12.8858 0.0449
0.2000 22.6085 0.0658
0.3000 28.8542 0.0817
0.4000 31.7142 0.0945
0.5000 31.1476 0.1061
0.6000 27.3051 0.1165
0.7000 20.0916 0.1264
0.8000 9.8142 0.1350
0.9000 -3.2090 0.1437
1.0000 -18.4236 0.1530
#TI average gradients and standard deviation in kcal/mol
0.0000 1851.7457 100529.7530
0.1000 113.6499 15.2861
0.2000 80.3779 14.3508
0.3000 45.8221 14.3602
0.4000 11.2787 14.4788
0.5000 -22.6904 14.2195
0.6000 -55.5530 14.2444
0.7000 -87.4308 14.1436
0.8000 -117.1194 14.0286
0.9000 -142.9331 15.0581
1.0000 -159.5296 16.8085
#PMF from TI in kcal/mol
0.0000 0.0000
0.1000 98.2698
0.2000 107.9712
0.3000 114.2812
0.4000 117.1362
0.5000 116.5656
0.6000 112.6535
0.7000 105.5043
0.8000 95.2768
0.9000 82.2741
1.0000 67.1510
#MBAR free energy difference in kcal/mol: 
-18.423564, 0.153031 
#TI free energy difference in kcal/mol: 
67.150994  
Starting /export/users/common/BioSimSpace/sire.app/bin/analyse_freenrg: number of threads equals 32
