# Analysing data contained in file(s) ['lambda_0.0000/simfile.dat', 'lambda_0.1000/simfile.dat', 'lambda_0.2000/simfile.dat', 'lambda_0.3000/simfile.dat', 'lambda_0.4000/simfile.dat', 'lambda_0.5000/simfile.dat', 'lambda_0.6000/simfile.dat', 'lambda_0.7000/simfile.dat', 'lambda_0.8000/simfile.dat', 'lambda_0.9000/simfile.dat', 'lambda_1.0000/simfile.dat']
#Overlap matrix
0.7623 0.2156 0.0214 0.0007 0.0000 0.0000 0.0000 0.0000 0.0000 0.0000 0.0000
0.2156 0.5082 0.2421 0.0329 0.0012 0.0000 0.0000 0.0000 0.0000 0.0000 0.0000
0.0214 0.2421 0.4653 0.2384 0.0317 0.0011 0.0000 0.0000 0.0000 0.0000 0.0000
0.0007 0.0329 0.2384 0.4630 0.2323 0.0313 0.0013 0.0000 0.0000 0.0000 0.0000
0.0000 0.0012 0.0317 0.2323 0.4613 0.2365 0.0354 0.0017 0.0000 0.0000 0.0000
0.0000 0.0000 0.0011 0.0313 0.2365 0.4500 0.2409 0.0383 0.0019 0.0001 0.0000
0.0000 0.0000 0.0000 0.0013 0.0354 0.2409 0.4424 0.2372 0.0391 0.0035 0.0001
0.0000 0.0000 0.0000 0.0000 0.0017 0.0383 0.2372 0.4320 0.2403 0.0494 0.0011
0.0000 0.0000 0.0000 0.0000 0.0000 0.0019 0.0391 0.2403 0.4873 0.2289 0.0024
0.0000 0.0000 0.0000 0.0000 0.0000 0.0001 0.0035 0.0494 0.2289 0.6913 0.0269
0.0000 0.0000 0.0000 0.0000 0.0000 0.0000 0.0001 0.0011 0.0024 0.0269 0.9695
#DG from neighbouring lambda in kcal/mol
0.0000 0.1000 5.7839 0.0227
0.1000 0.2000 4.2368 0.0181
0.2000 0.3000 2.8272 0.0176
0.3000 0.4000 1.2955 0.0181
0.4000 0.5000 -0.3707 0.0176
0.5000 0.6000 -2.1196 0.0168
0.6000 0.7000 -4.0093 0.0167
0.7000 0.8000 -5.7741 0.0161
0.8000 0.9000 -4.2265 0.0193
0.9000 1.0000 12.0115 0.0842
#PMF from MBAR in kcal/mol
0.0000 0.0000 0.0000
0.1000 5.7839 0.0227
0.2000 10.0208 0.0340
0.3000 12.8480 0.0419
0.4000 14.1435 0.0488
0.5000 13.7728 0.0546
0.6000 11.6532 0.0596
0.7000 7.6439 0.0641
0.8000 1.8697 0.0682
0.9000 -2.3568 0.0723
1.0000 9.6548 0.1121
#TI average gradients and standard deviation in kcal/mol
0.0000 66.5693 13.2642
0.1000 49.7861 10.5023
0.2000 35.7170 10.1439
0.3000 21.1678 10.0840
0.4000 4.8646 9.9755
0.5000 -12.4591 9.5033
0.6000 -30.6221 9.5336
0.7000 -49.6583 9.6441
0.8000 -61.2735 9.2461
0.9000 -1.3752 16.7715
1.0000 307.1678 41.4003
#PMF from TI in kcal/mol
0.0000 0.0000
0.1000 5.8178
0.2000 10.0929
0.3000 12.9372
0.4000 14.2388
0.5000 13.8591
0.6000 11.7050
0.7000 7.6910
0.8000 2.1444
0.9000 -0.9880
1.0000 14.3016
#MBAR free energy difference in kcal/mol: 
9.654765, 0.112067 
#TI free energy difference in kcal/mol: 
14.301583  
Starting /export/users/common/BioSimSpace/sire.app/bin/analyse_freenrg: number of threads equals 32
