# Analysing data contained in file(s) ['lambda_0.0000/simfile.dat', 'lambda_0.1000/simfile.dat', 'lambda_0.2000/simfile.dat', 'lambda_0.3000/simfile.dat', 'lambda_0.4000/simfile.dat', 'lambda_0.5000/simfile.dat', 'lambda_0.6000/simfile.dat', 'lambda_0.7000/simfile.dat', 'lambda_0.8000/simfile.dat', 'lambda_0.9000/simfile.dat', 'lambda_1.0000/simfile.dat']
#Overlap matrix
0.9584 0.0416 0.0000 0.0000 0.0000 0.0000 0.0000 0.0000 0.0000 0.0000 0.0000
0.0416 0.9155 0.0429 0.0000 0.0000 0.0000 0.0000 0.0000 0.0000 0.0000 0.0000
0.0000 0.0429 0.9085 0.0486 0.0000 0.0000 0.0000 0.0000 0.0000 0.0000 0.0000
0.0000 0.0000 0.0486 0.8940 0.0574 0.0000 0.0000 0.0000 0.0000 0.0000 0.0000
0.0000 0.0000 0.0000 0.0574 0.8753 0.0673 0.0000 0.0000 0.0000 0.0000 0.0000
0.0000 0.0000 0.0000 0.0000 0.0673 0.8599 0.0728 0.0000 0.0000 0.0000 0.0000
0.0000 0.0000 0.0000 0.0000 0.0000 0.0728 0.8424 0.0847 0.0001 0.0000 0.0000
0.0000 0.0000 0.0000 0.0000 0.0000 0.0000 0.0847 0.8188 0.0964 0.0001 0.0000
0.0000 0.0000 0.0000 0.0000 0.0000 0.0000 0.0001 0.0964 0.8076 0.0959 0.0001
0.0000 0.0000 0.0000 0.0000 0.0000 0.0000 0.0000 0.0001 0.0959 0.8268 0.0773
0.0000 0.0000 0.0000 0.0000 0.0000 0.0000 0.0000 0.0000 0.0001 0.0773 0.9227
#DG from neighbouring lambda in kcal/mol
0.0000 0.1000 4.2243 0.0681
0.1000 0.2000 3.0162 0.0669
0.2000 0.3000 1.9776 0.0625
0.3000 0.4000 0.8148 0.0569
0.4000 0.5000 -0.3192 0.0520
0.5000 0.6000 -1.3503 0.0497
0.6000 0.7000 -2.3366 0.0454
0.7000 0.8000 -3.1509 0.0419
0.8000 0.9000 -3.8045 0.0421
0.9000 1.0000 -3.6740 0.0479
#PMF from MBAR in kcal/mol
0.0000 0.0000 0.0000
0.1000 4.2243 0.0681
0.2000 7.2405 0.0976
0.3000 9.2181 0.1177
0.4000 10.0329 0.1323
0.5000 9.7138 0.1437
0.6000 8.3634 0.1534
0.7000 6.0269 0.1612
0.8000 2.8760 0.1678
0.9000 -0.9286 0.1742
1.0000 -4.6025 0.1818
#TI average gradients and standard deviation in kcal/mol
0.0000 48.9254 23.2180
0.1000 37.3616 22.6015
0.2000 24.5961 21.8860
0.3000 13.2767 20.5565
0.4000 2.3788 20.2257
0.5000 -7.2402 19.4682
0.6000 -18.3920 18.7478
0.7000 -28.0830 17.8891
0.8000 -35.9733 17.5863
0.9000 -39.1497 17.6129
1.0000 -30.8214 19.9322
#PMF from TI in kcal/mol
0.0000 0.0000
0.1000 4.3144
0.2000 7.4122
0.3000 9.3059
0.4000 10.0886
0.5000 9.8456
0.6000 8.5640
0.7000 6.2402
0.8000 3.0374
0.9000 -0.7187
1.0000 -4.2173
#MBAR free energy difference in kcal/mol: 
-4.602503, 0.181849 
#TI free energy difference in kcal/mol: 
-4.217300  
Starting /export/users/common/BioSimSpace/sire.app/bin/analyse_freenrg: number of threads equals 32
