# Analysing data contained in file(s) ['lambda_0.0000/simfile.dat', 'lambda_0.1000/simfile.dat', 'lambda_0.2000/simfile.dat', 'lambda_0.3000/simfile.dat', 'lambda_0.4000/simfile.dat', 'lambda_0.5000/simfile.dat', 'lambda_0.6000/simfile.dat', 'lambda_0.7000/simfile.dat', 'lambda_0.8000/simfile.dat', 'lambda_0.9000/simfile.dat', 'lambda_1.0000/simfile.dat']
#Overlap matrix
0.9752 0.0248 0.0000 0.0000 0.0000 0.0000 0.0000 0.0000 0.0000 0.0000 0.0000
0.0248 0.9339 0.0412 0.0000 0.0000 0.0000 0.0000 0.0000 0.0000 0.0000 0.0000
0.0000 0.0412 0.9118 0.0469 0.0000 0.0000 0.0000 0.0000 0.0000 0.0000 0.0000
0.0000 0.0000 0.0469 0.8944 0.0586 0.0000 0.0000 0.0000 0.0000 0.0000 0.0000
0.0000 0.0000 0.0000 0.0586 0.8743 0.0670 0.0000 0.0000 0.0000 0.0000 0.0000
0.0000 0.0000 0.0000 0.0000 0.0670 0.8510 0.0819 0.0000 0.0000 0.0000 0.0000
0.0000 0.0000 0.0000 0.0000 0.0000 0.0819 0.8329 0.0852 0.0000 0.0000 0.0000
0.0000 0.0000 0.0000 0.0000 0.0000 0.0000 0.0852 0.8283 0.0864 0.0001 0.0000
0.0000 0.0000 0.0000 0.0000 0.0000 0.0000 0.0000 0.0864 0.8098 0.1037 0.0001
0.0000 0.0000 0.0000 0.0000 0.0000 0.0000 0.0000 0.0001 0.1037 0.8080 0.0882
0.0000 0.0000 0.0000 0.0000 0.0000 0.0000 0.0000 0.0000 0.0001 0.0882 0.9117
#DG from neighbouring lambda in kcal/mol
0.0000 0.1000 -4.5846 0.1278
0.1000 0.2000 -1.1294 0.0974
0.2000 0.3000 -0.4218 0.0907
0.3000 0.4000 -0.2491 0.0802
0.4000 0.5000 -0.2254 0.0742
0.5000 0.6000 -0.3908 0.0660
0.6000 0.7000 -0.4088 0.0644
0.7000 0.8000 -0.4899 0.0638
0.8000 0.9000 -0.2025 0.0571
0.9000 1.0000 0.1999 0.0631
#PMF from MBAR in kcal/mol
0.0000 0.0000 0.0000
0.1000 -4.5846 0.1278
0.2000 -5.7140 0.1633
0.3000 -6.1358 0.1891
0.4000 -6.3849 0.2074
0.5000 -6.6103 0.2222
0.6000 -7.0012 0.2337
0.7000 -7.4100 0.2441
0.8000 -7.8999 0.2540
0.9000 -8.1023 0.2620
1.0000 -7.9024 0.2710
#TI average gradients and standard deviation in kcal/mol
0.0000 -81.4563 29.3221
0.1000 -21.8518 24.8263
0.2000 -7.2473 23.1823
0.3000 -2.8309 21.5831
0.4000 -2.7731 21.0304
0.5000 -2.7347 19.2682
0.6000 -3.5522 18.7533
0.7000 -3.3449 18.8481
0.8000 -2.0572 18.2889
0.9000 0.2349 18.3438
1.0000 -184198903.8359 6933816051.0512
#PMF from TI in kcal/mol
0.0000 0.0000
0.1000 -5.1654
0.2000 -6.6204
0.3000 -7.1243
0.4000 -7.4045
0.5000 -7.6799
0.6000 -7.9942
0.7000 -8.3391
0.8000 -8.6092
0.9000 -8.7003
1.0000 -9209953.8803
#MBAR free energy difference in kcal/mol: 
-7.902437, 0.271010 
#TI free energy difference in kcal/mol: 
-9209953.880323  
Starting /export/users/common/BioSimSpace/sire.app/bin/analyse_freenrg: number of threads equals 32
