# Analysing data contained in file(s) ['lambda_0.0000/simfile.dat', 'lambda_0.1000/simfile.dat', 'lambda_0.2000/simfile.dat', 'lambda_0.3000/simfile.dat', 'lambda_0.4000/simfile.dat', 'lambda_0.5000/simfile.dat', 'lambda_0.6000/simfile.dat', 'lambda_0.7000/simfile.dat', 'lambda_0.8000/simfile.dat', 'lambda_0.9000/simfile.dat', 'lambda_1.0000/simfile.dat']
#Overlap matrix
0.9411 0.0589 0.0000 0.0000 0.0000 0.0000 0.0000 0.0000 0.0000 0.0000 0.0000
0.0589 0.8449 0.0960 0.0002 0.0000 0.0000 0.0000 0.0000 0.0000 0.0000 0.0000
0.0000 0.0960 0.7942 0.1095 0.0002 0.0000 0.0000 0.0000 0.0000 0.0000 0.0000
0.0000 0.0002 0.1095 0.7654 0.1245 0.0005 0.0000 0.0000 0.0000 0.0000 0.0000
0.0000 0.0000 0.0002 0.1245 0.7411 0.1335 0.0006 0.0000 0.0000 0.0000 0.0000
0.0000 0.0000 0.0000 0.0005 0.1335 0.7304 0.1348 0.0008 0.0000 0.0000 0.0000
0.0000 0.0000 0.0000 0.0000 0.0006 0.1348 0.7217 0.1419 0.0010 0.0000 0.0000
0.0000 0.0000 0.0000 0.0000 0.0000 0.0008 0.1419 0.7122 0.1441 0.0010 0.0000
0.0000 0.0000 0.0000 0.0000 0.0000 0.0000 0.0010 0.1441 0.7155 0.1387 0.0007
0.0000 0.0000 0.0000 0.0000 0.0000 0.0000 0.0000 0.0010 0.1387 0.7402 0.1202
0.0000 0.0000 0.0000 0.0000 0.0000 0.0000 0.0000 0.0000 0.0007 0.1202 0.8792
#DG from neighbouring lambda in kcal/mol
0.0000 0.1000 9.2174 0.0512
0.1000 0.2000 6.6228 0.0383
0.2000 0.3000 5.0091 0.0353
0.3000 0.4000 3.6165 0.0324
0.4000 0.5000 2.5850 0.0308
0.5000 0.6000 1.6270 0.0306
0.6000 0.7000 0.8765 0.0295
0.7000 0.8000 0.3786 0.0291
0.8000 0.9000 0.3749 0.0299
0.9000 1.0000 1.8488 0.0331
#PMF from MBAR in kcal/mol
0.0000 0.0000 0.0000
0.1000 9.2174 0.0512
0.2000 15.8402 0.0666
0.3000 20.8493 0.0776
0.4000 24.4658 0.0861
0.5000 27.0508 0.0933
0.6000 28.6778 0.0999
0.7000 29.5544 0.1057
0.8000 29.9330 0.1112
0.9000 30.3079 0.1166
1.0000 32.1567 0.1226
#TI average gradients and standard deviation in kcal/mol
0.0000 112.0434 22.2723
0.1000 74.3401 19.3720
0.2000 56.3929 16.5561
0.3000 43.2250 17.4749
0.4000 29.3282 16.5963
0.5000 22.9266 17.3589
0.6000 15.1241 14.6072
0.7000 5.1783 15.5852
0.8000 2.4700 16.1376
0.9000 7.7603 16.4158
1.0000 34.4304 18.2747
#PMF from TI in kcal/mol
0.0000 0.0000
0.1000 9.3192
0.2000 15.8558
0.3000 20.8367
0.4000 24.4644
0.5000 27.0771
0.6000 28.9797
0.7000 29.9948
0.8000 30.3772
0.9000 30.8887
1.0000 32.9982
#MBAR free energy difference in kcal/mol: 
32.156695, 0.122577 
#TI free energy difference in kcal/mol: 
32.998234  
Starting /export/users/common/BioSimSpace/sire.app/bin/analyse_freenrg: number of threads equals 32
