# Analysing data contained in file(s) ['lambda_0.0000/simfile.dat', 'lambda_0.1000/simfile.dat', 'lambda_0.2000/simfile.dat', 'lambda_0.3000/simfile.dat', 'lambda_0.4000/simfile.dat', 'lambda_0.5000/simfile.dat', 'lambda_0.6000/simfile.dat', 'lambda_0.7000/simfile.dat', 'lambda_0.8000/simfile.dat', 'lambda_0.9000/simfile.dat', 'lambda_1.0000/simfile.dat']
#Overlap matrix
0.9388 0.0612 0.0000 0.0000 0.0000 0.0000 0.0000 0.0000 0.0000 0.0000 0.0000
0.0612 0.8734 0.0653 0.0000 0.0000 0.0000 0.0000 0.0000 0.0000 0.0000 0.0000
0.0000 0.0653 0.8584 0.0763 0.0000 0.0000 0.0000 0.0000 0.0000 0.0000 0.0000
0.0000 0.0000 0.0763 0.8441 0.0796 0.0001 0.0000 0.0000 0.0000 0.0000 0.0000
0.0000 0.0000 0.0000 0.0796 0.8295 0.0908 0.0001 0.0000 0.0000 0.0000 0.0000
0.0000 0.0000 0.0000 0.0001 0.0908 0.8105 0.0984 0.0002 0.0000 0.0000 0.0000
0.0000 0.0000 0.0000 0.0000 0.0001 0.0984 0.7903 0.1109 0.0003 0.0000 0.0000
0.0000 0.0000 0.0000 0.0000 0.0000 0.0002 0.1109 0.7662 0.1222 0.0005 0.0000
0.0000 0.0000 0.0000 0.0000 0.0000 0.0000 0.0003 0.1222 0.7460 0.1307 0.0007
0.0000 0.0000 0.0000 0.0000 0.0000 0.0000 0.0000 0.0005 0.1307 0.7294 0.1394
0.0000 0.0000 0.0000 0.0000 0.0000 0.0000 0.0000 0.0000 0.0007 0.1394 0.8598
#DG from neighbouring lambda in kcal/mol
0.0000 0.1000 -7.6870 0.0522
0.1000 0.2000 -7.1702 0.0503
0.2000 0.3000 -6.5049 0.0459
0.3000 0.4000 -6.0470 0.0448
0.4000 0.5000 -5.3353 0.0413
0.5000 0.6000 -4.7562 0.0393
0.6000 0.7000 -4.1011 0.0364
0.7000 0.8000 -3.3625 0.0341
0.8000 0.9000 -2.5893 0.0326
0.9000 1.0000 -1.7244 0.0312
#PMF from MBAR in kcal/mol
0.0000 0.0000 0.0000
0.1000 -7.6870 0.0522
0.2000 -14.8572 0.0750
0.3000 -21.3620 0.0901
0.4000 -27.4091 0.1025
0.5000 -32.7443 0.1122
0.6000 -37.5005 0.1204
0.7000 -41.6016 0.1273
0.8000 -44.9641 0.1332
0.9000 -47.5534 0.1384
1.0000 -49.2778 0.1432
#TI average gradients and standard deviation in kcal/mol
0.0000 -79.7779 20.4188
0.1000 -74.6216 20.1312
0.2000 -68.5709 19.6651
0.3000 -62.7098 19.3571
0.4000 -56.7581 18.1591
0.5000 -50.5299 17.8620
0.6000 -44.0965 17.0213
0.7000 -37.0961 16.4509
0.8000 -30.1049 15.8902
0.9000 -22.1892 15.3954
1.0000 -11.7253 14.9347
#PMF from TI in kcal/mol
0.0000 0.0000
0.1000 -7.7200
0.2000 -14.8796
0.3000 -21.4436
0.4000 -27.4170
0.5000 -32.7814
0.6000 -37.5128
0.7000 -41.5724
0.8000 -44.9324
0.9000 -47.5471
1.0000 -49.2429
#MBAR free energy difference in kcal/mol: 
-49.277842, 0.143207 
#TI free energy difference in kcal/mol: 
-49.242869  
Starting /export/users/common/BioSimSpace/sire.app/bin/analyse_freenrg: number of threads equals 32
