# Analysing data contained in file(s) ['lambda_0.0000/simfile.dat', 'lambda_0.1000/simfile.dat', 'lambda_0.2000/simfile.dat', 'lambda_0.3000/simfile.dat', 'lambda_0.4000/simfile.dat', 'lambda_0.5000/simfile.dat', 'lambda_0.6000/simfile.dat', 'lambda_0.7000/simfile.dat', 'lambda_0.8000/simfile.dat', 'lambda_0.9000/simfile.dat', 'lambda_1.0000/simfile.dat']
#Overlap matrix
0.7290 0.2338 0.0355 0.0016 0.0000 0.0000 0.0000 0.0000 0.0000 0.0000 0.0000
0.2338 0.4751 0.2527 0.0372 0.0012 0.0000 0.0000 0.0000 0.0000 0.0000 0.0000
0.0355 0.2527 0.4480 0.2355 0.0272 0.0011 0.0000 0.0000 0.0000 0.0000 0.0000
0.0016 0.0372 0.2355 0.4616 0.2265 0.0354 0.0021 0.0000 0.0000 0.0000 0.0000
0.0000 0.0012 0.0272 0.2265 0.4441 0.2542 0.0447 0.0020 0.0000 0.0000 0.0000
0.0000 0.0000 0.0011 0.0354 0.2542 0.4407 0.2339 0.0322 0.0023 0.0001 0.0000
0.0000 0.0000 0.0000 0.0021 0.0447 0.2339 0.4340 0.2251 0.0553 0.0048 0.0000
0.0000 0.0000 0.0000 0.0000 0.0020 0.0322 0.2251 0.4249 0.2771 0.0384 0.0003
0.0000 0.0000 0.0000 0.0000 0.0000 0.0023 0.0553 0.2771 0.4864 0.1747 0.0041
0.0000 0.0000 0.0000 0.0000 0.0000 0.0001 0.0048 0.0384 0.1747 0.6489 0.1331
0.0000 0.0000 0.0000 0.0000 0.0000 0.0000 0.0000 0.0003 0.0041 0.1331 0.8625
#DG from neighbouring lambda in kcal/mol
0.0000 0.1000 8.4876 0.1093
0.1000 0.2000 7.6348 0.0885
0.2000 0.3000 6.6881 0.0971
0.3000 0.4000 5.4154 0.1010
0.4000 0.5000 4.2453 0.0850
0.5000 0.6000 3.1289 0.0930
0.6000 0.7000 1.8303 0.0926
0.7000 0.8000 1.0610 0.0736
0.8000 0.9000 1.1955 0.1334
0.9000 1.0000 3.0833 0.1899
#PMF from MBAR in kcal/mol
0.0000 0.0000 0.0000
0.1000 8.4876 0.1093
0.2000 16.1224 0.1661
0.3000 22.8104 0.2133
0.4000 28.2258 0.2551
0.5000 32.4711 0.2843
0.6000 35.5999 0.3117
0.7000 37.4303 0.3387
0.8000 38.4912 0.3563
0.9000 39.6868 0.3892
1.0000 42.7700 0.4465
#TI average gradients and standard deviation in kcal/mol
0.0000 89.6346 11.2946
0.1000 80.0234 10.3508
0.2000 70.6710 9.5857
0.3000 61.0266 11.4895
0.4000 48.8009 10.6887
0.5000 37.8569 8.4187
0.6000 25.1256 8.8817
0.7000 11.6422 10.0587
0.8000 10.1166 8.5988
0.9000 17.3618 13.2269
1.0000 61.4826 24.3045
#PMF from TI in kcal/mol
0.0000 0.0000
0.1000 8.4829
0.2000 16.0176
0.3000 22.6025
0.4000 28.0939
0.5000 32.4268
0.6000 35.5759
0.7000 37.4143
0.8000 38.5022
0.9000 39.8761
1.0000 43.8184
#MBAR free energy difference in kcal/mol: 
42.770048, 0.446519 
#TI free energy difference in kcal/mol: 
43.818358  #WARNING SUBSAMPLING GRADIENTS RESULTED IN LESS THAN 50 SAMPLES, CONSIDER RERUN WITHOUT SUBSAMPLE OPTION 
Starting /export/users/common/BioSimSpace/sire.app/bin/analyse_freenrg: number of threads equals 32
