# Analysing data contained in file(s) ['lambda_0.0000/simfile.dat', 'lambda_0.1000/simfile.dat', 'lambda_0.2000/simfile.dat', 'lambda_0.3000/simfile.dat', 'lambda_0.4000/simfile.dat', 'lambda_0.5000/simfile.dat', 'lambda_0.6000/simfile.dat', 'lambda_0.7000/simfile.dat', 'lambda_0.8000/simfile.dat', 'lambda_0.9000/simfile.dat', 'lambda_1.0000/simfile.dat']
#Overlap matrix
0.6992 0.2625 0.0367 0.0016 0.0000 0.0000 0.0000 0.0000 0.0000 0.0000 0.0000
0.2625 0.4584 0.2400 0.0375 0.0017 0.0000 0.0000 0.0000 0.0000 0.0000 0.0000
0.0367 0.2400 0.4455 0.2385 0.0375 0.0018 0.0000 0.0000 0.0000 0.0000 0.0000
0.0016 0.0375 0.2385 0.4416 0.2394 0.0393 0.0021 0.0000 0.0000 0.0000 0.0000
0.0000 0.0017 0.0375 0.2394 0.4380 0.2386 0.0421 0.0026 0.0001 0.0000 0.0000
0.0000 0.0000 0.0018 0.0393 0.2386 0.4285 0.2430 0.0457 0.0029 0.0001 0.0000
0.0000 0.0000 0.0000 0.0021 0.0421 0.2430 0.4227 0.2406 0.0463 0.0030 0.0001
0.0000 0.0000 0.0000 0.0000 0.0026 0.0457 0.2406 0.4190 0.2427 0.0466 0.0027
0.0000 0.0000 0.0000 0.0000 0.0001 0.0029 0.0463 0.2427 0.4209 0.2447 0.0425
0.0000 0.0000 0.0000 0.0000 0.0000 0.0001 0.0030 0.0466 0.2447 0.4442 0.2615
0.0000 0.0000 0.0000 0.0000 0.0000 0.0000 0.0001 0.0027 0.0425 0.2615 0.6932
#DG from neighbouring lambda in kcal/mol
0.0000 0.1000 -2.8119 0.0187
0.1000 0.2000 -2.4010 0.0178
0.2000 0.3000 -2.0185 0.0178
0.3000 0.4000 -1.6870 0.0176
0.4000 0.5000 -1.3777 0.0173
0.5000 0.6000 -1.0655 0.0166
0.6000 0.7000 -0.7496 0.0165
0.7000 0.8000 -0.4448 0.0163
0.8000 0.9000 -0.1133 0.0165
0.9000 1.0000 0.2687 0.0183
#PMF from MBAR in kcal/mol
0.0000 0.0000 0.0000
0.1000 -2.8119 0.0187
0.2000 -5.2129 0.0311
0.3000 -7.2314 0.0399
0.4000 -8.9184 0.0470
0.5000 -10.2961 0.0531
0.6000 -11.3616 0.0583
0.7000 -12.1112 0.0629
0.8000 -12.5560 0.0672
0.9000 -12.6693 0.0712
1.0000 -12.4006 0.0756
#TI average gradients and standard deviation in kcal/mol
0.0000 -30.1053 9.4872
0.1000 -26.1892 9.6614
0.2000 -22.2022 9.1978
0.3000 -18.6672 9.3679
0.4000 -15.2631 9.0680
0.5000 -12.2446 8.8644
0.6000 -8.7059 8.7107
0.7000 -5.7450 8.6416
0.8000 -3.1888 8.5757
0.9000 0.5610 8.7608
1.0000 4.9075 9.6265
#PMF from TI in kcal/mol
0.0000 0.0000
0.1000 -2.8147
0.2000 -5.2343
0.3000 -7.2778
0.4000 -8.9743
0.5000 -10.3497
0.6000 -11.3972
0.7000 -12.1197
0.8000 -12.5664
0.9000 -12.6978
1.0000 -12.4244
#MBAR free energy difference in kcal/mol: 
-12.400610, 0.075552 
#TI free energy difference in kcal/mol: 
-12.424396  
Starting /export/users/common/BioSimSpace/sire.app/bin/analyse_freenrg: number of threads equals 32
