# Analysing data contained in file(s) ['lambda_0.0000/simfile.dat', 'lambda_0.1000/simfile.dat', 'lambda_0.2000/simfile.dat', 'lambda_0.3000/simfile.dat', 'lambda_0.4000/simfile.dat', 'lambda_0.5000/simfile.dat', 'lambda_0.6000/simfile.dat', 'lambda_0.7000/simfile.dat', 'lambda_0.8000/simfile.dat', 'lambda_0.9000/simfile.dat', 'lambda_1.0000/simfile.dat']
#Overlap matrix
0.4682 0.2626 0.1336 0.0683 0.0354 0.0180 0.0086 0.0036 0.0012 0.0004 0.0001
0.2626 0.2429 0.1852 0.1282 0.0829 0.0500 0.0277 0.0132 0.0052 0.0017 0.0004
0.1336 0.1852 0.1912 0.1654 0.1274 0.0894 0.0567 0.0309 0.0140 0.0050 0.0012
0.0683 0.1282 0.1654 0.1705 0.1533 0.1246 0.0908 0.0563 0.0288 0.0113 0.0027
0.0354 0.0829 0.1274 0.1533 0.1599 0.1501 0.1254 0.0883 0.0504 0.0217 0.0052
0.0180 0.0500 0.0894 0.1246 0.1501 0.1621 0.1555 0.1245 0.0792 0.0376 0.0090
0.0086 0.0277 0.0567 0.0908 0.1254 0.1555 0.1735 0.1634 0.1190 0.0635 0.0160
0.0036 0.0132 0.0309 0.0563 0.0883 0.1245 0.1634 0.1944 0.1794 0.1138 0.0322
0.0012 0.0052 0.0140 0.0288 0.0504 0.0792 0.1190 0.1794 0.2375 0.2081 0.0774
0.0004 0.0017 0.0050 0.0113 0.0217 0.0376 0.0635 0.1138 0.2081 0.3121 0.2250
0.0001 0.0004 0.0012 0.0027 0.0052 0.0090 0.0160 0.0322 0.0774 0.2250 0.6308
#DG from neighbouring lambda in kcal/mol
0.0000 0.1000 0.7445 0.0375
0.1000 0.2000 1.1214 0.0249
0.2000 0.3000 1.6159 0.0179
0.3000 0.4000 2.1782 0.0155
0.4000 0.5000 2.7788 0.0146
0.5000 0.6000 3.4335 0.0152
0.6000 0.7000 4.1792 0.0193
0.7000 0.8000 5.0542 0.0258
0.8000 0.9000 6.3033 0.0364
0.9000 1.0000 8.4983 0.0688
#PMF from MBAR in kcal/mol
0.0000 0.0000 0.0000
0.1000 0.7445 0.0375
0.2000 1.8659 0.0590
0.3000 3.4818 0.0714
0.4000 5.6600 0.0799
0.5000 8.4388 0.0869
0.6000 11.8723 0.0934
0.7000 16.0515 0.1005
0.8000 21.1058 0.1095
0.9000 27.4091 0.1224
1.0000 35.9074 0.1508
#TI average gradients and standard deviation in kcal/mol
0.0000 5.9837 5.4254
0.1000 10.0259 3.6479
0.2000 13.7000 3.8995
0.3000 19.9527 3.4102
0.4000 25.0017 3.3383
0.5000 30.3177 2.1965
0.6000 37.8109 3.2166
0.7000 44.1761 3.8776
0.8000 57.8445 5.4634
0.9000 71.7997 7.4950
1.0000 100.2299 10.1453
#PMF from TI in kcal/mol
0.0000 0.0000
0.1000 0.8005
0.2000 1.9868
0.3000 3.6694
0.4000 5.9171
0.5000 8.6831
0.6000 12.0895
0.7000 16.1889
0.8000 21.2899
0.9000 27.7721
1.0000 36.3736
#MBAR free energy difference in kcal/mol: 
35.907405, 0.150760 
#TI free energy difference in kcal/mol: 
36.373597  #WARNING SUBSAMPLING GRADIENTS RESULTED IN LESS THAN 50 SAMPLES, CONSIDER RERUN WITHOUT SUBSAMPLE OPTION 
Starting /export/users/common/BioSimSpace/sire.app/bin/analyse_freenrg: number of threads equals 32
