# Analysing data contained in file(s) ['lambda_0.0000/simfile.dat', 'lambda_0.1000/simfile.dat', 'lambda_0.2000/simfile.dat', 'lambda_0.3000/simfile.dat', 'lambda_0.4000/simfile.dat', 'lambda_0.5000/simfile.dat', 'lambda_0.6000/simfile.dat', 'lambda_0.7000/simfile.dat', 'lambda_0.8000/simfile.dat', 'lambda_0.9000/simfile.dat', 'lambda_1.0000/simfile.dat']
#Overlap matrix
0.8589 0.1379 0.0032 0.0000 0.0000 0.0000 0.0000 0.0000 0.0000 0.0000 0.0000
0.1379 0.6720 0.1817 0.0083 0.0001 0.0000 0.0000 0.0000 0.0000 0.0000 0.0000
0.0032 0.1817 0.5965 0.2073 0.0112 0.0001 0.0000 0.0000 0.0000 0.0000 0.0000
0.0000 0.0083 0.2073 0.5649 0.2087 0.0107 0.0001 0.0000 0.0000 0.0000 0.0000
0.0000 0.0001 0.0112 0.2087 0.5641 0.2067 0.0093 0.0000 0.0000 0.0000 0.0000
0.0000 0.0000 0.0001 0.0107 0.2067 0.5740 0.2008 0.0077 0.0000 0.0000 0.0000
0.0000 0.0000 0.0000 0.0001 0.0093 0.2008 0.5880 0.1955 0.0063 0.0000 0.0000
0.0000 0.0000 0.0000 0.0000 0.0000 0.0077 0.1955 0.5999 0.1919 0.0049 0.0000
0.0000 0.0000 0.0000 0.0000 0.0000 0.0000 0.0063 0.1919 0.6207 0.1794 0.0017
0.0000 0.0000 0.0000 0.0000 0.0000 0.0000 0.0000 0.0049 0.1794 0.6906 0.1251
0.0000 0.0000 0.0000 0.0000 0.0000 0.0000 0.0000 0.0000 0.0017 0.1251 0.8732
#DG from neighbouring lambda in kcal/mol
0.0000 0.1000 -4.9344 0.0401
0.1000 0.2000 -1.4602 0.0317
0.2000 0.3000 -0.4510 0.0277
0.3000 0.4000 -0.3015 0.0273
0.4000 0.5000 -0.4618 0.0277
0.5000 0.6000 -0.7144 0.0287
0.6000 0.7000 -1.0352 0.0297
0.7000 0.8000 -1.4106 0.0305
0.8000 0.9000 -1.8679 0.0327
0.9000 1.0000 -2.8812 0.0432
#PMF from MBAR in kcal/mol
0.0000 0.0000 0.0000
0.1000 -4.9344 0.0401
0.2000 -6.3946 0.0564
0.3000 -6.8456 0.0668
0.4000 -7.1471 0.0755
0.5000 -7.6088 0.0835
0.6000 -8.3232 0.0912
0.7000 -9.3585 0.0986
0.8000 -10.7691 0.1058
0.9000 -12.6370 0.1132
1.0000 -15.5182 0.1236
#TI average gradients and standard deviation in kcal/mol
0.0000 -86.4531 17.7848
0.1000 -24.5868 14.8690
0.2000 -7.2478 12.6190
0.3000 -2.7899 12.2889
0.4000 -2.5928 11.8555
0.5000 -6.1398 12.2503
0.6000 -8.9303 12.4183
0.7000 -11.6801 13.0039
0.8000 -15.6917 13.6518
0.9000 -21.5481 14.4120
1.0000 -37.0229 17.7121
#PMF from TI in kcal/mol
0.0000 0.0000
0.1000 -5.5520
0.2000 -7.1437
0.3000 -7.6456
0.4000 -7.9147
0.5000 -8.3514
0.6000 -9.1049
0.7000 -10.1354
0.8000 -11.5040
0.9000 -13.3660
1.0000 -16.2945
#MBAR free energy difference in kcal/mol: 
-15.518162, 0.123558 
#TI free energy difference in kcal/mol: 
-16.294525  
Starting /export/users/common/BioSimSpace/sire.app/bin/analyse_freenrg: number of threads equals 32
