# Analysing data contained in file(s) ['lambda_0.0000/simfile.dat', 'lambda_0.1000/simfile.dat', 'lambda_0.2000/simfile.dat', 'lambda_0.3000/simfile.dat', 'lambda_0.4000/simfile.dat', 'lambda_0.5000/simfile.dat', 'lambda_0.6000/simfile.dat', 'lambda_0.7000/simfile.dat', 'lambda_0.8000/simfile.dat', 'lambda_0.9000/simfile.dat', 'lambda_1.0000/simfile.dat']
#Overlap matrix
1.0000 0.0000 0.0000 0.0000 0.0000 0.0000 0.0000 0.0000 0.0000 0.0000 0.0000
0.0000 0.9821 0.0179 0.0000 0.0000 0.0000 0.0000 0.0000 0.0000 0.0000 0.0000
0.0000 0.0179 0.8958 0.0860 0.0003 0.0000 0.0000 0.0000 0.0000 0.0000 0.0000
0.0000 0.0000 0.0860 0.7744 0.1383 0.0013 0.0000 0.0000 0.0000 0.0000 0.0000
0.0000 0.0000 0.0003 0.1383 0.7002 0.1599 0.0013 0.0000 0.0000 0.0000 0.0000
0.0000 0.0000 0.0000 0.0013 0.1599 0.6964 0.1413 0.0011 0.0000 0.0000 0.0000
0.0000 0.0000 0.0000 0.0000 0.0013 0.1413 0.7093 0.1477 0.0004 0.0000 0.0000
0.0000 0.0000 0.0000 0.0000 0.0000 0.0011 0.1477 0.7461 0.1051 0.0000 0.0000
0.0000 0.0000 0.0000 0.0000 0.0000 0.0000 0.0004 0.1051 0.8604 0.0342 0.0000
0.0000 0.0000 0.0000 0.0000 0.0000 0.0000 0.0000 0.0000 0.0342 0.9658 0.0000
0.0000 0.0000 0.0000 0.0000 0.0000 0.0000 0.0000 0.0000 0.0000 0.0000 1.0000
#DG from neighbouring lambda in kcal/mol
0.0000 0.1000 44.2978 0.1110
0.1000 0.2000 11.2202 0.1068
0.2000 0.3000 4.9803 0.0450
0.3000 0.4000 2.4779 0.0330
0.4000 0.5000 0.8895 0.0296
0.5000 0.6000 -0.7376 0.0324
0.6000 0.7000 -2.5205 0.0315
0.7000 0.8000 -4.9140 0.0398
0.8000 0.9000 -9.5844 0.0760
0.9000 1.0000 -107.0206 0.0876
#PMF from MBAR in kcal/mol
0.0000 0.0000 0.0000
0.1000 44.2978 0.1110
0.2000 55.5180 0.0558
0.3000 60.4983 0.0419
0.4000 62.9762 0.0356
0.5000 63.8657 0.0335
0.6000 63.1281 0.0358
0.7000 60.6077 0.0418
0.8000 55.6936 0.0534
0.9000 46.1093 0.0876
1.0000 -60.9113 0.0000
#TI average gradients and standard deviation in kcal/mol
0.0000 2244.9012 93.1759
0.1000 175.4080 35.8608
0.2000 70.0627 21.5976
0.3000 34.4256 16.2761
0.4000 15.5742 14.9093
0.5000 1.5598 14.7259
0.6000 -16.0405 14.5910
0.7000 -34.4789 16.0189
0.8000 -65.7195 18.9650
0.9000 -140.7787 32.0368
1.0000 -1779.7340 78.3841
#PMF from TI in kcal/mol
0.0000 0.0000
0.1000 121.0155
0.2000 133.2890
0.3000 138.5134
0.4000 141.0134
0.5000 141.8701
0.6000 141.1461
0.7000 138.6201
0.8000 133.6102
0.9000 123.2853
1.0000 27.2596
#MBAR free energy difference in kcal/mol: 
-60.911291, 0.000000 
#TI free energy difference in kcal/mol: 
27.259642  
Starting /export/users/common/BioSimSpace/sire.app/bin/analyse_freenrg: number of threads equals 32
