# Analysing data contained in file(s) ['lambda_0.0000/simfile.dat', 'lambda_0.1000/simfile.dat', 'lambda_0.2000/simfile.dat', 'lambda_0.3000/simfile.dat', 'lambda_0.4000/simfile.dat', 'lambda_0.5000/simfile.dat', 'lambda_0.6000/simfile.dat', 'lambda_0.7000/simfile.dat', 'lambda_0.8000/simfile.dat', 'lambda_0.9000/simfile.dat', 'lambda_1.0000/simfile.dat']
#Overlap matrix
0.7724 0.2032 0.0229 0.0015 0.0001 0.0000 0.0000 0.0000 0.0000 0.0000 0.0000
0.2032 0.4926 0.2448 0.0529 0.0061 0.0004 0.0000 0.0000 0.0000 0.0000 0.0000
0.0229 0.2448 0.4066 0.2448 0.0701 0.0101 0.0007 0.0000 0.0000 0.0000 0.0000
0.0015 0.0529 0.2448 0.3689 0.2427 0.0764 0.0119 0.0009 0.0000 0.0000 0.0000
0.0001 0.0061 0.0701 0.2427 0.3500 0.2386 0.0793 0.0124 0.0008 0.0000 0.0000
0.0000 0.0004 0.0101 0.0764 0.2386 0.3454 0.2393 0.0784 0.0109 0.0005 0.0000
0.0000 0.0000 0.0007 0.0119 0.0793 0.2393 0.3469 0.2415 0.0725 0.0076 0.0002
0.0000 0.0000 0.0000 0.0009 0.0124 0.0784 0.2415 0.3618 0.2438 0.0581 0.0031
0.0000 0.0000 0.0000 0.0000 0.0008 0.0109 0.0725 0.2438 0.3977 0.2421 0.0321
0.0000 0.0000 0.0000 0.0000 0.0000 0.0005 0.0076 0.0581 0.2421 0.4712 0.2204
0.0000 0.0000 0.0000 0.0000 0.0000 0.0000 0.0002 0.0031 0.0321 0.2204 0.7442
#DG from neighbouring lambda in kcal/mol
0.0000 0.1000 6.0927 0.0192
0.1000 0.2000 4.7861 0.0133
0.2000 0.3000 4.0857 0.0110
0.3000 0.4000 3.6067 0.0100
0.4000 0.5000 3.2096 0.0097
0.5000 0.6000 2.8591 0.0095
0.6000 0.7000 2.5717 0.0098
0.7000 0.8000 2.4416 0.0107
0.8000 0.9000 2.7534 0.0127
0.9000 1.0000 4.2249 0.0173
#PMF from MBAR in kcal/mol
0.0000 0.0000 0.0000
0.1000 6.0927 0.0192
0.2000 10.8788 0.0274
0.3000 14.9646 0.0321
0.4000 18.5713 0.0356
0.5000 21.7808 0.0387
0.6000 24.6399 0.0415
0.7000 27.2116 0.0442
0.8000 29.6531 0.0470
0.9000 32.4065 0.0502
1.0000 36.6314 0.0549
#TI average gradients and standard deviation in kcal/mol
0.0000 71.2069 14.8025
0.1000 52.4533 10.1353
0.2000 43.8218 8.5272
0.3000 38.1576 7.8847
0.4000 33.8249 7.4377
0.5000 30.1897 7.3533
0.6000 26.8487 7.3600
0.7000 24.7940 7.5782
0.8000 24.9741 8.3071
0.9000 32.4097 10.1753
1.0000 56.9545 13.3036
#PMF from TI in kcal/mol
0.0000 0.0000
0.1000 6.1830
0.2000 10.9968
0.3000 15.0957
0.4000 18.6949
0.5000 21.8956
0.6000 24.7475
0.7000 27.3296
0.8000 29.8180
0.9000 32.6872
1.0000 37.1555
#MBAR free energy difference in kcal/mol: 
36.631446, 0.054856 
#TI free energy difference in kcal/mol: 
37.155455  
Starting /export/users/common/BioSimSpace/sire.app/bin/analyse_freenrg: number of threads equals 32
