# Analysing data contained in file(s) ['lambda_0.0000/simfile.dat', 'lambda_0.1000/simfile.dat', 'lambda_0.2000/simfile.dat', 'lambda_0.3000/simfile.dat', 'lambda_0.4000/simfile.dat', 'lambda_0.5000/simfile.dat', 'lambda_0.6000/simfile.dat', 'lambda_0.7000/simfile.dat', 'lambda_0.8000/simfile.dat', 'lambda_0.9000/simfile.dat', 'lambda_1.0000/simfile.dat']
#Overlap matrix
0.9453 0.0546 0.0000 0.0000 0.0000 0.0000 0.0000 0.0000 0.0000 0.0000 0.0000
0.0546 0.8848 0.0605 0.0000 0.0000 0.0000 0.0000 0.0000 0.0000 0.0000 0.0000
0.0000 0.0605 0.8516 0.0878 0.0001 0.0000 0.0000 0.0000 0.0000 0.0000 0.0000
0.0000 0.0000 0.0878 0.7876 0.1245 0.0001 0.0000 0.0000 0.0000 0.0000 0.0000
0.0000 0.0000 0.0001 0.1245 0.7938 0.0816 0.0001 0.0000 0.0000 0.0000 0.0000
0.0000 0.0000 0.0000 0.0001 0.0816 0.8146 0.1036 0.0002 0.0000 0.0000 0.0000
0.0000 0.0000 0.0000 0.0000 0.0001 0.1036 0.7916 0.1047 0.0001 0.0000 0.0000
0.0000 0.0000 0.0000 0.0000 0.0000 0.0002 0.1047 0.8344 0.0607 0.0000 0.0000
0.0000 0.0000 0.0000 0.0000 0.0000 0.0000 0.0001 0.0607 0.8661 0.0732 0.0000
0.0000 0.0000 0.0000 0.0000 0.0000 0.0000 0.0000 0.0000 0.0732 0.8975 0.0293
0.0000 0.0000 0.0000 0.0000 0.0000 0.0000 0.0000 0.0000 0.0000 0.0293 0.9707
#DG from neighbouring lambda in kcal/mol
0.0000 0.1000 1.0558 0.3588
0.1000 0.2000 1.1877 0.3386
0.2000 0.3000 2.1473 0.2721
0.3000 0.4000 3.2161 0.2181
0.4000 0.5000 3.8987 0.2844
0.5000 0.6000 4.8818 0.2454
0.6000 0.7000 7.0281 0.2438
0.7000 0.8000 9.4137 0.3379
0.8000 0.9000 11.7333 0.3035
0.9000 1.0000 15.8888 0.5033
#PMF from MBAR in kcal/mol
0.0000 0.0000 0.0000
0.1000 1.0558 0.3588
0.2000 2.2435 0.5090
0.3000 4.3908 0.5906
0.4000 7.6069 0.6419
0.5000 11.5057 0.7132
0.6000 16.3875 0.7646
0.7000 23.4156 0.8121
0.8000 32.8293 0.8884
0.9000 44.5626 0.9472
1.0000 60.4514 1.0799
#TI average gradients and standard deviation in kcal/mol
0.0000 1.5038 20.3311
0.1000 10.9541 19.6852
0.2000 19.2160 18.8062
0.3000 29.4045 18.9040
0.4000 38.2973 18.0974
0.5000 48.5661 17.5661
0.6000 62.1751 18.1024
0.7000 85.5102 19.0260
0.8000 96.3419 19.5203
0.9000 133.5476 22.8413
1.0000 192.4504 28.0404
#PMF from TI in kcal/mol
0.0000 0.0000
0.1000 0.6229
0.2000 2.1314
0.3000 4.5624
0.4000 7.9475
0.5000 12.2907
0.6000 17.8277
0.7000 25.2120
0.8000 34.3046
0.9000 45.7991
1.0000 62.0990
#MBAR free energy difference in kcal/mol: 
60.451419, 1.079929  #WARNING SUBSAMPLING ENERGIES RESULTED IN LESS THAN 50 SAMPLES, CONSIDER RERUN WITHOUT SUBSAMPLE OPTION
#TI free energy difference in kcal/mol: 
62.098981  
Starting /export/users/common/BioSimSpace/sire.app/bin/analyse_freenrg: number of threads equals 32
