# Analysing data contained in file(s) ['lambda_0.0000/simfile.dat', 'lambda_0.1000/simfile.dat', 'lambda_0.2000/simfile.dat', 'lambda_0.3000/simfile.dat', 'lambda_0.4000/simfile.dat', 'lambda_0.5000/simfile.dat', 'lambda_0.6000/simfile.dat', 'lambda_0.7000/simfile.dat', 'lambda_0.8000/simfile.dat', 'lambda_0.9000/simfile.dat', 'lambda_1.0000/simfile.dat']
#Overlap matrix
0.9249 0.0751 0.0000 0.0000 0.0000 0.0000 0.0000 0.0000 0.0000 0.0000 0.0000
0.0751 0.8418 0.0831 0.0000 0.0000 0.0000 0.0000 0.0000 0.0000 0.0000 0.0000
0.0000 0.0831 0.9062 0.0104 0.0002 0.0000 0.0000 0.0000 0.0000 0.0000 0.0000
0.0000 0.0000 0.0104 0.8572 0.1320 0.0004 0.0000 0.0000 0.0000 0.0000 0.0000
0.0000 0.0000 0.0002 0.1320 0.7541 0.1134 0.0004 0.0000 0.0000 0.0000 0.0000
0.0000 0.0000 0.0000 0.0004 0.1134 0.7564 0.1291 0.0007 0.0000 0.0000 0.0000
0.0000 0.0000 0.0000 0.0000 0.0004 0.1291 0.7349 0.1346 0.0010 0.0000 0.0000
0.0000 0.0000 0.0000 0.0000 0.0000 0.0007 0.1346 0.7138 0.1493 0.0015 0.0000
0.0000 0.0000 0.0000 0.0000 0.0000 0.0000 0.0010 0.1493 0.6953 0.1534 0.0009
0.0000 0.0000 0.0000 0.0000 0.0000 0.0000 0.0000 0.0015 0.1534 0.7313 0.1138
0.0000 0.0000 0.0000 0.0000 0.0000 0.0000 0.0000 0.0000 0.0009 0.1138 0.8853
#DG from neighbouring lambda in kcal/mol
0.0000 0.1000 6.5156 0.0482
0.1000 0.2000 9.6964 0.0454
0.2000 0.3000 5.6648 0.1376
0.3000 0.4000 5.1899 0.0338
0.4000 0.5000 3.2229 0.0373
0.5000 0.6000 0.7053 0.0342
0.6000 0.7000 -1.7652 0.0331
0.7000 0.8000 -4.3127 0.0307
0.8000 0.9000 -6.9869 0.0301
0.9000 1.0000 -10.3363 0.0371
#PMF from MBAR in kcal/mol
0.0000 0.0000 0.0000
0.1000 6.5156 0.0482
0.2000 16.2119 0.0692
0.3000 21.8767 0.1554
0.4000 27.0666 0.1601
0.5000 30.2895 0.1656
0.6000 30.9948 0.1703
0.7000 29.2296 0.1746
0.8000 24.9169 0.1784
0.9000 17.9300 0.1820
1.0000 7.5937 0.1868
#TI average gradients and standard deviation in kcal/mol
0.0000 0.1553 19.0380
0.1000 98.7323 20.0161
0.2000 90.0886 19.3037
0.3000 32.1015 21.9165
0.4000 44.6060 17.3328
0.5000 19.5120 15.2426
0.6000 -4.0870 15.9529
0.7000 -30.9654 12.8795
0.8000 -55.7960 13.4933
0.9000 -81.5809 14.5801
1.0000 -125.5789 17.5355
#PMF from TI in kcal/mol
0.0000 0.0000
0.1000 4.9444
0.2000 14.3854
0.3000 20.4949
0.4000 24.3303
0.5000 27.5362
0.6000 28.3075
0.7000 26.5548
0.8000 22.2168
0.9000 15.3479
1.0000 4.9899
#MBAR free energy difference in kcal/mol: 
7.593686, 0.186757 
#TI free energy difference in kcal/mol: 
4.989937  
Starting /export/users/common/BioSimSpace/sire.app/bin/analyse_freenrg: number of threads equals 32
