# Analysing data contained in file(s) ['lambda_0.0000/simfile.dat', 'lambda_0.1000/simfile.dat', 'lambda_0.2000/simfile.dat', 'lambda_0.3000/simfile.dat', 'lambda_0.4000/simfile.dat', 'lambda_0.5000/simfile.dat', 'lambda_0.6000/simfile.dat', 'lambda_0.7000/simfile.dat', 'lambda_0.8000/simfile.dat', 'lambda_0.9000/simfile.dat', 'lambda_1.0000/simfile.dat']
#Overlap matrix
0.9209 0.0790 0.0001 0.0000 0.0000 0.0000 0.0000 0.0000 0.0000 0.0000 0.0000
0.0790 0.8262 0.0947 0.0001 0.0000 0.0000 0.0000 0.0000 0.0000 0.0000 0.0000
0.0001 0.0947 0.8013 0.1037 0.0001 0.0000 0.0000 0.0000 0.0000 0.0000 0.0000
0.0000 0.0001 0.1037 0.7931 0.1029 0.0001 0.0000 0.0000 0.0000 0.0000 0.0000
0.0000 0.0000 0.0001 0.1029 0.7914 0.1053 0.0002 0.0000 0.0000 0.0000 0.0000
0.0000 0.0000 0.0000 0.0001 0.1053 0.7840 0.1105 0.0002 0.0000 0.0000 0.0000
0.0000 0.0000 0.0000 0.0000 0.0002 0.1105 0.7868 0.1024 0.0002 0.0000 0.0000
0.0000 0.0000 0.0000 0.0000 0.0000 0.0002 0.1024 0.7894 0.1080 0.0001 0.0000
0.0000 0.0000 0.0000 0.0000 0.0000 0.0000 0.0002 0.1080 0.8188 0.0729 0.0000
0.0000 0.0000 0.0000 0.0000 0.0000 0.0000 0.0000 0.0001 0.0729 0.8863 0.0407
0.0000 0.0000 0.0000 0.0000 0.0000 0.0000 0.0000 0.0000 0.0000 0.0407 0.9593
#DG from neighbouring lambda in kcal/mol
0.0000 0.1000 -0.6102 0.0628
0.1000 0.2000 -0.0831 0.0563
0.2000 0.3000 0.1652 0.0532
0.3000 0.4000 0.3910 0.0534
0.4000 0.5000 0.4055 0.0526
0.5000 0.6000 0.5689 0.0510
0.6000 0.7000 0.6089 0.0536
0.7000 0.8000 1.1094 0.0518
0.8000 0.9000 2.2328 0.0659
0.9000 1.0000 4.5436 0.0915
#PMF from MBAR in kcal/mol
0.0000 0.0000 0.0000
0.1000 -0.6102 0.0628
0.2000 -0.6933 0.0886
0.3000 -0.5281 0.1068
0.4000 -0.1370 0.1225
0.5000 0.2685 0.1360
0.6000 0.8374 0.1478
0.7000 1.4463 0.1595
0.8000 2.5557 0.1699
0.9000 4.7885 0.1842
1.0000 9.3321 0.2075
#TI average gradients and standard deviation in kcal/mol
0.0000 -12.0685 19.9465
0.1000 -2.2364 19.0909
0.2000 1.3213 18.4834
0.3000 3.6841 17.6750
0.4000 4.0632 17.7653
0.5000 4.3811 17.4524
0.6000 5.4070 17.7137
0.7000 7.9516 17.6080
0.8000 15.5147 18.8032
0.9000 32.1818 20.8953
1.0000 -495640082237.1072 33292522429078.4219
#PMF from TI in kcal/mol
0.0000 0.0000
0.1000 -0.7152
0.2000 -0.7610
0.3000 -0.5107
0.4000 -0.1234
0.5000 0.2989
0.6000 0.7883
0.7000 1.4562
0.8000 2.6295
0.9000 5.0143
1.0000 -24782004105.2319
#MBAR free energy difference in kcal/mol: 
9.332106, 0.207483 
#TI free energy difference in kcal/mol: 
-24782004105.231937  
Starting /export/users/common/BioSimSpace/sire.app/bin/analyse_freenrg: number of threads equals 32
