# Analysing data contained in file(s) ['lambda_0.0000/simfile.dat', 'lambda_0.1000/simfile.dat', 'lambda_0.2000/simfile.dat', 'lambda_0.3000/simfile.dat', 'lambda_0.4000/simfile.dat', 'lambda_0.5000/simfile.dat', 'lambda_0.6000/simfile.dat', 'lambda_0.7000/simfile.dat', 'lambda_0.8000/simfile.dat', 'lambda_0.9000/simfile.dat', 'lambda_1.0000/simfile.dat']
#Overlap matrix
0.9821 0.0179 0.0000 0.0000 0.0000 0.0000 0.0000 0.0000 0.0000 0.0000 0.0000
0.0179 0.9571 0.0251 0.0000 0.0000 0.0000 0.0000 0.0000 0.0000 0.0000 0.0000
0.0000 0.0251 0.9501 0.0248 0.0000 0.0000 0.0000 0.0000 0.0000 0.0000 0.0000
0.0000 0.0000 0.0248 0.9425 0.0327 0.0000 0.0000 0.0000 0.0000 0.0000 0.0000
0.0000 0.0000 0.0000 0.0327 0.9339 0.0335 0.0000 0.0000 0.0000 0.0000 0.0000
0.0000 0.0000 0.0000 0.0000 0.0335 0.9232 0.0434 0.0000 0.0000 0.0000 0.0000
0.0000 0.0000 0.0000 0.0000 0.0000 0.0434 0.9120 0.0446 0.0000 0.0000 0.0000
0.0000 0.0000 0.0000 0.0000 0.0000 0.0000 0.0446 0.8991 0.0562 0.0000 0.0000
0.0000 0.0000 0.0000 0.0000 0.0000 0.0000 0.0000 0.0562 0.8810 0.0627 0.0000
0.0000 0.0000 0.0000 0.0000 0.0000 0.0000 0.0000 0.0000 0.0627 0.8627 0.0746
0.0000 0.0000 0.0000 0.0000 0.0000 0.0000 0.0000 0.0000 0.0000 0.0746 0.9254
#DG from neighbouring lambda in kcal/mol
0.0000 0.1000 -10.3022 0.1029
0.1000 0.2000 -7.1718 0.0861
0.2000 0.3000 -5.9993 0.0866
0.3000 0.4000 -5.4932 0.0749
0.4000 0.5000 -5.0583 0.0739
0.5000 0.6000 -4.6789 0.0642
0.6000 0.7000 -4.2622 0.0632
0.7000 0.8000 -4.0155 0.0556
0.8000 0.9000 -3.7470 0.0523
0.9000 1.0000 -3.6776 0.0473
#PMF from MBAR in kcal/mol
0.0000 0.0000 0.0000
0.1000 -10.3022 0.1029
0.2000 -17.4740 0.1356
0.3000 -23.4733 0.1621
0.4000 -28.9664 0.1797
0.5000 -34.0247 0.1953
0.6000 -38.7036 0.2065
0.7000 -42.9658 0.2169
0.8000 -46.9813 0.2248
0.9000 -50.7283 0.2316
1.0000 -54.4060 0.2372
#TI average gradients and standard deviation in kcal/mol
0.0000 -130.3179 29.0427
0.1000 -83.1187 25.9855
0.2000 -66.1750 25.2145
0.3000 -57.2691 24.4807
0.4000 -52.3128 23.5823
0.5000 -48.8604 22.6250
0.6000 -44.2198 22.0954
0.7000 -40.6496 21.3066
0.8000 -38.2779 20.3660
0.9000 -37.0578 19.5206
1.0000 -31.9342 18.5148
#PMF from TI in kcal/mol
0.0000 0.0000
0.1000 -10.6718
0.2000 -18.1365
0.3000 -24.3087
0.4000 -29.7878
0.5000 -34.8465
0.6000 -39.5005
0.7000 -43.7439
0.8000 -47.6903
0.9000 -51.4571
1.0000 -54.9067
#MBAR free energy difference in kcal/mol: 
-54.405988, 0.237226 
#TI free energy difference in kcal/mol: 
-54.906713  
Starting /export/users/common/BioSimSpace/sire.app/bin/analyse_freenrg: number of threads equals 32
