# Analysing data contained in file(s) ['lambda_0.0000/simfile.dat', 'lambda_0.1000/simfile.dat', 'lambda_0.2000/simfile.dat', 'lambda_0.3000/simfile.dat', 'lambda_0.4000/simfile.dat', 'lambda_0.5000/simfile.dat', 'lambda_0.6000/simfile.dat', 'lambda_0.7000/simfile.dat', 'lambda_0.8000/simfile.dat', 'lambda_0.9000/simfile.dat', 'lambda_1.0000/simfile.dat']
#Overlap matrix
1.0000 0.0000 0.0000 0.0000 0.0000 0.0000 0.0000 0.0000 0.0000 0.0000 0.0000
0.0000 0.9526 0.0474 0.0000 0.0000 0.0000 0.0000 0.0000 0.0000 0.0000 0.0000
0.0000 0.0474 0.8508 0.1015 0.0002 0.0000 0.0000 0.0000 0.0000 0.0000 0.0000
0.0000 0.0000 0.1015 0.7304 0.1675 0.0005 0.0000 0.0000 0.0000 0.0000 0.0000
0.0000 0.0000 0.0002 0.1675 0.7353 0.0961 0.0009 0.0000 0.0000 0.0000 0.0000
0.0000 0.0000 0.0000 0.0005 0.0961 0.7786 0.1235 0.0013 0.0000 0.0000 0.0000
0.0000 0.0000 0.0000 0.0000 0.0009 0.1235 0.7759 0.0998 0.0001 0.0000 0.0000
0.0000 0.0000 0.0000 0.0000 0.0000 0.0013 0.0998 0.8680 0.0310 0.0000 0.0000
0.0000 0.0000 0.0000 0.0000 0.0000 0.0000 0.0001 0.0310 0.9587 0.0103 0.0000
0.0000 0.0000 0.0000 0.0000 0.0000 0.0000 0.0000 0.0000 0.0103 0.9897 0.0000
0.0000 0.0000 0.0000 0.0000 0.0000 0.0000 0.0000 0.0000 0.0000 0.0000 1.0000
#DG from neighbouring lambda in kcal/mol
0.0000 0.1000 39.3451 0.4834
0.1000 0.2000 11.1558 0.3684
0.2000 0.3000 6.7815 0.2358
0.3000 0.4000 4.0020 0.1674
0.4000 0.5000 1.8722 0.2423
0.5000 0.6000 0.6151 0.2058
0.6000 0.7000 1.1332 0.2368
0.7000 0.8000 0.3858 0.4637
0.8000 0.9000 -5.4870 0.8209
0.9000 1.0000 -117.3474 0.8650
#PMF from MBAR in kcal/mol
0.0000 0.0000 0.0000
0.1000 39.3451 0.4834
0.2000 50.5009 0.3422
0.3000 57.2824 0.2801
0.4000 61.2844 0.2541
0.5000 63.1566 0.2383
0.6000 63.7717 0.2512
0.7000 64.9049 0.2929
0.8000 65.2907 0.4615
0.9000 59.8037 0.8650
1.0000 -57.5437 0.0000
#TI average gradients and standard deviation in kcal/mol
0.0000 1809.7054 91.8987
0.1000 158.4454 30.4591
0.2000 83.8973 19.6133
0.3000 52.5136 16.2529
0.4000 33.1456 15.6776
0.5000 9.3293 16.0681
0.6000 4.7634 18.5745
0.7000 13.3873 19.1502
0.8000 -8.0960 29.4047
0.9000 -120.4468 42.3284
1.0000 -2296.5423 111.7397
#PMF from TI in kcal/mol
0.0000 0.0000
0.1000 98.4075
0.2000 110.5247
0.3000 117.3452
0.4000 121.6282
0.5000 123.7519
0.6000 124.4566
0.7000 125.3641
0.8000 125.6287
0.9000 119.2015
1.0000 -1.6479
#MBAR free energy difference in kcal/mol: 
-57.543669, 0.000000 
#TI free energy difference in kcal/mol: 
-1.647920  
Starting /export/users/common/BioSimSpace/sire.app/bin/analyse_freenrg: number of threads equals 32
