# Analysing data contained in file(s) ['lambda_0.0000/simfile.dat', 'lambda_0.1000/simfile.dat', 'lambda_0.2000/simfile.dat', 'lambda_0.3000/simfile.dat', 'lambda_0.4000/simfile.dat', 'lambda_0.5000/simfile.dat', 'lambda_0.6000/simfile.dat', 'lambda_0.7000/simfile.dat', 'lambda_0.8000/simfile.dat', 'lambda_0.9000/simfile.dat', 'lambda_1.0000/simfile.dat']
#Overlap matrix
0.7416 0.2346 0.0233 0.0004 0.0000 0.0000 0.0000 0.0000 0.0000 0.0000 0.0000
0.2346 0.5264 0.2227 0.0161 0.0002 0.0000 0.0000 0.0000 0.0000 0.0000 0.0000
0.0233 0.2227 0.5288 0.2121 0.0129 0.0001 0.0000 0.0000 0.0000 0.0000 0.0000
0.0004 0.0161 0.2121 0.5512 0.2099 0.0101 0.0001 0.0000 0.0000 0.0000 0.0000
0.0000 0.0002 0.0129 0.2099 0.5694 0.1994 0.0081 0.0000 0.0000 0.0000 0.0000
0.0000 0.0000 0.0001 0.0101 0.1994 0.5833 0.2007 0.0063 0.0000 0.0000 0.0000
0.0000 0.0000 0.0000 0.0001 0.0081 0.2007 0.6020 0.1844 0.0047 0.0000 0.0000
0.0000 0.0000 0.0000 0.0000 0.0000 0.0063 0.1844 0.6196 0.1852 0.0045 0.0000
0.0000 0.0000 0.0000 0.0000 0.0000 0.0000 0.0047 0.1852 0.6226 0.1824 0.0051
0.0000 0.0000 0.0000 0.0000 0.0000 0.0000 0.0000 0.0045 0.1824 0.6165 0.1966
0.0000 0.0000 0.0000 0.0000 0.0000 0.0000 0.0000 0.0000 0.0051 0.1966 0.7983
#DG from neighbouring lambda in kcal/mol
0.0000 0.1000 -3.3666 0.0184
0.1000 0.2000 -1.9161 0.0181
0.2000 0.3000 -1.1199 0.0196
0.3000 0.4000 -0.5330 0.0202
0.4000 0.5000 -0.0797 0.0215
0.5000 0.6000 0.3154 0.0217
0.6000 0.7000 0.6620 0.0235
0.7000 0.8000 0.9344 0.0236
0.8000 0.9000 1.2887 0.0239
0.9000 1.0000 1.8471 0.0229
#PMF from MBAR in kcal/mol
0.0000 0.0000 0.0000
0.1000 -3.3666 0.0184
0.2000 -5.2827 0.0299
0.3000 -6.4026 0.0393
0.4000 -6.9356 0.0472
0.5000 -7.0153 0.0545
0.6000 -6.6999 0.0611
0.7000 -6.0379 0.0678
0.8000 -5.1034 0.0739
0.9000 -3.8148 0.0796
1.0000 -1.9676 0.0847
#TI average gradients and standard deviation in kcal/mol
0.0000 -43.6641 12.5124
0.1000 -27.7940 10.8205
0.2000 -13.3192 11.4062
0.3000 -7.1921 12.4436
0.4000 -3.3169 11.0397
0.5000 2.9067 12.3227
0.6000 4.1134 13.7423
0.7000 8.5657 12.8408
0.8000 10.5913 12.6902
0.9000 16.0461 11.7403
1.0000 22.6324 13.7574
#PMF from TI in kcal/mol
0.0000 0.0000
0.1000 -3.5729
0.2000 -5.6286
0.3000 -6.6541
0.4000 -7.1796
0.5000 -7.2001
0.6000 -6.8491
0.7000 -6.2151
0.8000 -5.2573
0.9000 -3.9254
1.0000 -1.9915
#MBAR free energy difference in kcal/mol: 
-1.967628, 0.084711 
#TI free energy difference in kcal/mol: 
-1.991493  
Starting /export/users/common/BioSimSpace/sire.app/bin/analyse_freenrg: number of threads equals 32
