# Analysing data contained in file(s) ['lambda_0.0000/simfile.dat', 'lambda_0.1000/simfile.dat', 'lambda_0.2000/simfile.dat', 'lambda_0.3000/simfile.dat', 'lambda_0.4000/simfile.dat', 'lambda_0.5000/simfile.dat', 'lambda_0.6000/simfile.dat', 'lambda_0.7000/simfile.dat', 'lambda_0.8000/simfile.dat', 'lambda_0.9000/simfile.dat', 'lambda_1.0000/simfile.dat']
#Overlap matrix
0.8205 0.1758 0.0037 0.0000 0.0000 0.0000 0.0000 0.0000 0.0000 0.0000 0.0000
0.1758 0.6415 0.1789 0.0039 0.0000 0.0000 0.0000 0.0000 0.0000 0.0000 0.0000
0.0037 0.1789 0.6326 0.1804 0.0044 0.0000 0.0000 0.0000 0.0000 0.0000 0.0000
0.0000 0.0039 0.1804 0.6225 0.1891 0.0041 0.0000 0.0000 0.0000 0.0000 0.0000
0.0000 0.0000 0.0044 0.1891 0.6219 0.1813 0.0033 0.0000 0.0000 0.0000 0.0000
0.0000 0.0000 0.0000 0.0041 0.1813 0.6420 0.1699 0.0027 0.0000 0.0000 0.0000
0.0000 0.0000 0.0000 0.0000 0.0033 0.1699 0.6573 0.1672 0.0023 0.0000 0.0000
0.0000 0.0000 0.0000 0.0000 0.0000 0.0027 0.1672 0.6684 0.1605 0.0012 0.0000
0.0000 0.0000 0.0000 0.0000 0.0000 0.0000 0.0023 0.1605 0.7032 0.1338 0.0002
0.0000 0.0000 0.0000 0.0000 0.0000 0.0000 0.0000 0.0012 0.1338 0.7751 0.0899
0.0000 0.0000 0.0000 0.0000 0.0000 0.0000 0.0000 0.0000 0.0002 0.0899 0.9099
#DG from neighbouring lambda in kcal/mol
0.0000 0.1000 0.6646 0.0313
0.1000 0.2000 0.6801 0.0304
0.2000 0.3000 -0.0106 0.0301
0.3000 0.4000 -0.8636 0.0290
0.4000 0.5000 -1.8418 0.0301
0.5000 0.6000 -2.9717 0.0318
0.6000 0.7000 -4.2604 0.0324
0.7000 0.8000 -5.6315 0.0336
0.8000 0.9000 -7.3421 0.0385
0.9000 1.0000 -9.8246 0.0500
#PMF from MBAR in kcal/mol
0.0000 0.0000 0.0000
0.1000 0.6646 0.0313
0.2000 1.3447 0.0489
0.3000 1.3341 0.0616
0.4000 0.4705 0.0716
0.5000 -1.3713 0.0807
0.6000 -4.3430 0.0896
0.7000 -8.6034 0.0979
0.8000 -14.2348 0.1059
0.9000 -21.5769 0.1149
1.0000 -31.4015 0.1275
#TI average gradients and standard deviation in kcal/mol
0.0000 1.8737 14.8059
0.1000 7.9639 13.7193
0.2000 3.8589 13.2178
0.3000 -4.0073 13.2231
0.4000 -13.1974 13.3483
0.5000 -23.8469 13.9655
0.6000 -35.9563 13.8844
0.7000 -48.6026 14.1426
0.8000 -63.7764 14.7795
0.9000 -83.8146 16.9777
1.0000 -114.0090 20.5481
#PMF from TI in kcal/mol
0.0000 0.0000
0.1000 0.4919
0.2000 1.0830
0.3000 1.0756
0.4000 0.2154
0.5000 -1.6369
0.6000 -4.6270
0.7000 -8.8550
0.8000 -14.4739
0.9000 -21.8535
1.0000 -31.7446
#MBAR free energy difference in kcal/mol: 
-31.401540, 0.127482 
#TI free energy difference in kcal/mol: 
-31.744635  
Starting /export/users/common/BioSimSpace/sire.app/bin/analyse_freenrg: number of threads equals 32
