# Analysing data contained in file(s) ['lambda_0.0000/simfile.dat', 'lambda_0.1000/simfile.dat', 'lambda_0.2000/simfile.dat', 'lambda_0.3000/simfile.dat', 'lambda_0.4000/simfile.dat', 'lambda_0.5000/simfile.dat', 'lambda_0.6000/simfile.dat', 'lambda_0.7000/simfile.dat', 'lambda_0.8000/simfile.dat', 'lambda_0.9000/simfile.dat', 'lambda_1.0000/simfile.dat']
#Overlap matrix
0.8943 0.1023 0.0034 0.0000 0.0000 0.0000 0.0000 0.0000 0.0000 0.0000 0.0000
0.1023 0.6538 0.2275 0.0162 0.0002 0.0000 0.0000 0.0000 0.0000 0.0000 0.0000
0.0034 0.2275 0.5285 0.2217 0.0186 0.0003 0.0000 0.0000 0.0000 0.0000 0.0000
0.0000 0.0162 0.2217 0.5166 0.2256 0.0195 0.0004 0.0000 0.0000 0.0000 0.0000
0.0000 0.0002 0.0186 0.2256 0.5092 0.2252 0.0207 0.0004 0.0000 0.0000 0.0000
0.0000 0.0000 0.0003 0.0195 0.2252 0.5041 0.2287 0.0218 0.0004 0.0000 0.0000
0.0000 0.0000 0.0000 0.0004 0.0207 0.2287 0.4994 0.2290 0.0215 0.0004 0.0000
0.0000 0.0000 0.0000 0.0000 0.0004 0.0218 0.2290 0.5010 0.2278 0.0197 0.0002
0.0000 0.0000 0.0000 0.0000 0.0000 0.0004 0.0215 0.2278 0.5072 0.2278 0.0152
0.0000 0.0000 0.0000 0.0000 0.0000 0.0000 0.0004 0.0197 0.2278 0.5426 0.2095
0.0000 0.0000 0.0000 0.0000 0.0000 0.0000 0.0000 0.0002 0.0152 0.2095 0.7751
#DG from neighbouring lambda in kcal/mol
0.0000 0.1000 2.6838 0.0359
0.1000 0.2000 0.4443 0.0189
0.2000 0.3000 -0.9061 0.0182
0.3000 0.4000 -2.2058 0.0177
0.4000 0.5000 -3.4737 0.0176
0.5000 0.6000 -4.6863 0.0172
0.6000 0.7000 -5.8169 0.0172
0.7000 0.8000 -6.8110 0.0174
0.8000 0.9000 -7.3356 0.0178
0.9000 1.0000 -6.0117 0.0206
#PMF from MBAR in kcal/mol
0.0000 0.0000 0.0000
0.1000 2.6838 0.0359
0.2000 3.1281 0.0441
0.3000 2.2220 0.0504
0.4000 0.0162 0.0557
0.5000 -3.4575 0.0605
0.6000 -8.1439 0.0649
0.7000 -13.9608 0.0689
0.8000 -20.7718 0.0728
0.9000 -28.1074 0.0766
1.0000 -34.1191 0.0809
#TI average gradients and standard deviation in kcal/mol
0.0000 43.0800 16.0800
0.1000 11.4338 9.5094
0.2000 -3.7226 9.6946
0.3000 -12.4799 10.2060
0.4000 -27.4988 10.9786
0.5000 -42.3553 11.6537
0.6000 -47.6952 9.0822
0.7000 -62.1418 11.5670
0.8000 -72.4388 10.0026
0.9000 -68.1888 8.5452
1.0000 -40.8413 13.0712
#PMF from TI in kcal/mol
0.0000 0.0000
0.1000 2.7257
0.2000 3.1112
0.3000 2.3011
0.4000 0.3022
0.5000 -3.1905
0.6000 -7.6930
0.7000 -13.1849
0.8000 -19.9139
0.9000 -26.9453
1.0000 -32.3968
#MBAR free energy difference in kcal/mol: 
-34.119061, 0.080929 
#TI free energy difference in kcal/mol: 
-32.396804  #WARNING SUBSAMPLING GRADIENTS RESULTED IN LESS THAN 50 SAMPLES, CONSIDER RERUN WITHOUT SUBSAMPLE OPTION 
Starting /export/users/common/BioSimSpace/sire.app/bin/analyse_freenrg: number of threads equals 32
