# Analysing data contained in file(s) ['lambda_0.0000/simfile.dat', 'lambda_0.1000/simfile.dat', 'lambda_0.2000/simfile.dat', 'lambda_0.3000/simfile.dat', 'lambda_0.4000/simfile.dat', 'lambda_0.5000/simfile.dat', 'lambda_0.6000/simfile.dat', 'lambda_0.7000/simfile.dat', 'lambda_0.8000/simfile.dat', 'lambda_0.9000/simfile.dat', 'lambda_1.0000/simfile.dat']
#Overlap matrix
0.8368 0.1581 0.0051 0.0001 0.0000 0.0000 0.0000 0.0000 0.0000 0.0000 0.0000
0.1581 0.6261 0.2022 0.0134 0.0002 0.0000 0.0000 0.0000 0.0000 0.0000 0.0000
0.0051 0.2022 0.5605 0.2151 0.0169 0.0002 0.0000 0.0000 0.0000 0.0000 0.0000
0.0001 0.0134 0.2151 0.5263 0.2298 0.0151 0.0002 0.0000 0.0000 0.0000 0.0000
0.0000 0.0002 0.0169 0.2298 0.5466 0.1901 0.0161 0.0003 0.0000 0.0000 0.0000
0.0000 0.0000 0.0002 0.0151 0.1901 0.5385 0.2373 0.0182 0.0006 0.0000 0.0000
0.0000 0.0000 0.0000 0.0002 0.0161 0.2373 0.4902 0.2244 0.0308 0.0010 0.0000
0.0000 0.0000 0.0000 0.0000 0.0003 0.0182 0.2244 0.4730 0.2560 0.0279 0.0003
0.0000 0.0000 0.0000 0.0000 0.0000 0.0006 0.0308 0.2560 0.4932 0.2084 0.0109
0.0000 0.0000 0.0000 0.0000 0.0000 0.0000 0.0010 0.0279 0.2084 0.5569 0.2057
0.0000 0.0000 0.0000 0.0000 0.0000 0.0000 0.0000 0.0003 0.0109 0.2057 0.7830
#DG from neighbouring lambda in kcal/mol
0.0000 0.1000 3.4112 0.1515
0.1000 0.2000 4.0158 0.1189
0.2000 0.3000 4.1622 0.1080
0.3000 0.4000 3.9559 0.1012
0.4000 0.5000 3.4796 0.1188
0.5000 0.6000 3.0039 0.0972
0.6000 0.7000 2.6594 0.0970
0.7000 0.8000 2.7284 0.0827
0.8000 0.9000 2.9191 0.1074
0.9000 1.0000 3.0452 0.1206
#PMF from MBAR in kcal/mol
0.0000 0.0000 0.0000
0.1000 3.4112 0.1515
0.2000 7.4270 0.2159
0.3000 11.5892 0.2581
0.4000 15.5450 0.2917
0.5000 19.0246 0.3279
0.6000 22.0286 0.3537
0.7000 24.6880 0.3781
0.8000 27.4164 0.3961
0.9000 30.3355 0.4191
1.0000 33.3807 0.4462
#TI average gradients and standard deviation in kcal/mol
0.0000 27.3407 15.3322
0.1000 37.1893 12.3199
0.2000 44.1541 13.2583
0.3000 39.9670 10.9236
0.4000 37.7955 11.5043
0.5000 34.9276 10.5692
0.6000 31.0865 10.9728
0.7000 28.8190 10.4504
0.8000 27.4719 11.8615
0.9000 28.2514 10.9809
1.0000 33.4567 11.5518
#PMF from TI in kcal/mol
0.0000 0.0000
0.1000 3.2265
0.2000 7.2937
0.3000 11.4997
0.4000 15.3879
0.5000 19.0240
0.6000 22.3247
0.7000 25.3200
0.8000 28.1345
0.9000 30.9207
1.0000 34.0061
#MBAR free energy difference in kcal/mol: 
33.380692, 0.446216 
#TI free energy difference in kcal/mol: 
34.006100  
Starting /export/users/common/BioSimSpace/sire.app/bin/analyse_freenrg: number of threads equals 32
