# Analysing data contained in file(s) ['lambda_0.0000/simfile.dat', 'lambda_0.1000/simfile.dat', 'lambda_0.2000/simfile.dat', 'lambda_0.3000/simfile.dat', 'lambda_0.4000/simfile.dat', 'lambda_0.5000/simfile.dat', 'lambda_0.6000/simfile.dat', 'lambda_0.7000/simfile.dat', 'lambda_0.8000/simfile.dat', 'lambda_0.9000/simfile.dat', 'lambda_1.0000/simfile.dat']
#Overlap matrix
0.9090 0.0909 0.0001 0.0000 0.0000 0.0000 0.0000 0.0000 0.0000 0.0000 0.0000
0.0909 0.8043 0.1047 0.0002 0.0000 0.0000 0.0000 0.0000 0.0000 0.0000 0.0000
0.0001 0.1047 0.7879 0.1072 0.0001 0.0000 0.0000 0.0000 0.0000 0.0000 0.0000
0.0000 0.0002 0.1072 0.7941 0.0985 0.0001 0.0000 0.0000 0.0000 0.0000 0.0000
0.0000 0.0000 0.0001 0.0985 0.8124 0.0889 0.0001 0.0000 0.0000 0.0000 0.0000
0.0000 0.0000 0.0000 0.0001 0.0889 0.8231 0.0879 0.0000 0.0000 0.0000 0.0000
0.0000 0.0000 0.0000 0.0000 0.0001 0.0879 0.8309 0.0811 0.0000 0.0000 0.0000
0.0000 0.0000 0.0000 0.0000 0.0000 0.0000 0.0811 0.8489 0.0699 0.0000 0.0000
0.0000 0.0000 0.0000 0.0000 0.0000 0.0000 0.0000 0.0699 0.8658 0.0643 0.0000
0.0000 0.0000 0.0000 0.0000 0.0000 0.0000 0.0000 0.0000 0.0643 0.8969 0.0388
0.0000 0.0000 0.0000 0.0000 0.0000 0.0000 0.0000 0.0000 0.0000 0.0388 0.9612
#DG from neighbouring lambda in kcal/mol
0.0000 0.1000 39.5376 0.0412
0.1000 0.2000 35.4485 0.0377
0.2000 0.3000 30.5797 0.0372
0.3000 0.4000 25.4512 0.0392
0.4000 0.5000 20.2242 0.0418
0.5000 0.6000 14.8212 0.0421
0.6000 0.7000 9.6060 0.0442
0.7000 0.8000 4.2510 0.0482
0.8000 0.9000 -0.7670 0.0506
0.9000 1.0000 -5.5514 0.0670
#PMF from MBAR in kcal/mol
0.0000 0.0000 0.0000
0.1000 39.5376 0.0412
0.2000 74.9861 0.0591
0.3000 105.5658 0.0725
0.4000 131.0170 0.0846
0.5000 151.2412 0.0963
0.6000 166.0624 0.1069
0.7000 175.6684 0.1173
0.8000 179.9194 0.1283
0.9000 179.1525 0.1393
1.0000 173.6011 0.1558
#TI average gradients and standard deviation in kcal/mol
0.0000 408.5477 18.6858
0.1000 376.7253 17.3457
0.2000 330.7713 17.2262
0.3000 280.3174 17.2692
0.4000 228.1921 17.5284
0.5000 174.7277 18.2536
0.6000 121.5657 18.8510
0.7000 68.9738 19.5032
0.8000 16.9598 19.7022
0.9000 -30.9615 21.1962
1.0000 -77.2111 24.2294
#PMF from TI in kcal/mol
0.0000 0.0000
0.1000 39.2636
0.2000 74.6385
0.3000 105.1929
0.4000 130.6184
0.5000 150.7644
0.6000 165.5791
0.7000 175.1060
0.8000 179.4027
0.9000 178.7026
1.0000 173.2940
#MBAR free energy difference in kcal/mol: 
173.601093, 0.155762 
#TI free energy difference in kcal/mol: 
173.293990  
Starting /export/users/common/BioSimSpace/sire.app/bin/analyse_freenrg: number of threads equals 32
