# Analysing data contained in file(s) ['lambda_0.0000/simfile.dat', 'lambda_0.1000/simfile.dat', 'lambda_0.2000/simfile.dat', 'lambda_0.3000/simfile.dat', 'lambda_0.4000/simfile.dat', 'lambda_0.5000/simfile.dat', 'lambda_0.6000/simfile.dat', 'lambda_0.7000/simfile.dat', 'lambda_0.8000/simfile.dat', 'lambda_0.9000/simfile.dat', 'lambda_1.0000/simfile.dat']
#Overlap matrix
0.9854 0.0146 0.0000 0.0000 0.0000 0.0000 0.0000 0.0000 0.0000 0.0000 0.0000
0.0146 0.9558 0.0296 0.0000 0.0000 0.0000 0.0000 0.0000 0.0000 0.0000 0.0000
0.0000 0.0296 0.9268 0.0436 0.0000 0.0000 0.0000 0.0000 0.0000 0.0000 0.0000
0.0000 0.0000 0.0436 0.9110 0.0454 0.0000 0.0000 0.0000 0.0000 0.0000 0.0000
0.0000 0.0000 0.0000 0.0454 0.9034 0.0511 0.0000 0.0000 0.0000 0.0000 0.0000
0.0000 0.0000 0.0000 0.0000 0.0511 0.8945 0.0544 0.0000 0.0000 0.0000 0.0000
0.0000 0.0000 0.0000 0.0000 0.0000 0.0544 0.8842 0.0613 0.0000 0.0000 0.0000
0.0000 0.0000 0.0000 0.0000 0.0000 0.0000 0.0613 0.8760 0.0626 0.0000 0.0000
0.0000 0.0000 0.0000 0.0000 0.0000 0.0000 0.0000 0.0626 0.8709 0.0665 0.0000
0.0000 0.0000 0.0000 0.0000 0.0000 0.0000 0.0000 0.0000 0.0665 0.8637 0.0698
0.0000 0.0000 0.0000 0.0000 0.0000 0.0000 0.0000 0.0000 0.0000 0.0698 0.9302
#DG from neighbouring lambda in kcal/mol
0.0000 0.1000 -4.4019 0.1361
0.1000 0.2000 -1.9038 0.0941
0.2000 0.3000 -0.9559 0.0763
0.3000 0.4000 -0.5897 0.0746
0.4000 0.5000 -0.3835 0.0699
0.5000 0.6000 -0.6608 0.0675
0.6000 0.7000 -0.5147 0.0631
0.7000 0.8000 -0.3291 0.0623
0.8000 0.9000 -0.3015 0.0602
0.9000 1.0000 -0.2787 0.0586
#PMF from MBAR in kcal/mol
0.0000 0.0000 0.0000
0.1000 -4.4019 0.1361
0.2000 -6.3057 0.1671
0.3000 -7.2616 0.1852
0.4000 -7.8513 0.2011
0.5000 -8.2349 0.2142
0.6000 -8.8957 0.2258
0.7000 -9.4103 0.2356
0.8000 -9.7395 0.2449
0.9000 -10.0410 0.2533
1.0000 -10.3197 0.2610
#TI average gradients and standard deviation in kcal/mol
0.0000 -57.2837 31.0887
0.1000 -29.1243 26.1785
0.2000 -14.0033 24.4439
0.3000 -5.8709 23.0511
0.4000 -3.9739 21.9842
0.5000 -4.9238 22.1542
0.6000 -4.3677 20.9136
0.7000 -4.4212 21.2894
0.8000 -3.3482 21.0967
0.9000 -2.9480 20.3522
1.0000 1.5415 20.3197
#PMF from TI in kcal/mol
0.0000 0.0000
0.1000 -4.3204
0.2000 -6.4768
0.3000 -7.4705
0.4000 -7.9627
0.5000 -8.4076
0.6000 -8.8722
0.7000 -9.3116
0.8000 -9.7001
0.9000 -10.0149
1.0000 -10.0853
#MBAR free energy difference in kcal/mol: 
-10.319733, 0.261026 
#TI free energy difference in kcal/mol: 
-10.085255  
Starting /export/users/common/BioSimSpace/sire.app/bin/analyse_freenrg: number of threads equals 32
