# Analysing data contained in file(s) ['lambda_0.0000/simfile.dat', 'lambda_0.1000/simfile.dat', 'lambda_0.2000/simfile.dat', 'lambda_0.3000/simfile.dat', 'lambda_0.4000/simfile.dat', 'lambda_0.5000/simfile.dat', 'lambda_0.6000/simfile.dat', 'lambda_0.7000/simfile.dat', 'lambda_0.8000/simfile.dat', 'lambda_0.9000/simfile.dat', 'lambda_1.0000/simfile.dat']
#Overlap matrix
0.9197 0.0803 0.0001 0.0000 0.0000 0.0000 0.0000 0.0000 0.0000 0.0000 0.0000
0.0803 0.8226 0.0971 0.0000 0.0000 0.0000 0.0000 0.0000 0.0000 0.0000 0.0000
0.0001 0.0971 0.8676 0.0352 0.0000 0.0000 0.0000 0.0000 0.0000 0.0000 0.0000
0.0000 0.0000 0.0352 0.9131 0.0515 0.0002 0.0000 0.0000 0.0000 0.0000 0.0000
0.0000 0.0000 0.0000 0.0515 0.7698 0.1692 0.0092 0.0003 0.0000 0.0000 0.0000
0.0000 0.0000 0.0000 0.0002 0.1692 0.5629 0.2323 0.0328 0.0025 0.0001 0.0000
0.0000 0.0000 0.0000 0.0000 0.0092 0.2323 0.4538 0.2386 0.0577 0.0079 0.0006
0.0000 0.0000 0.0000 0.0000 0.0003 0.0328 0.2386 0.3906 0.2472 0.0786 0.0119
0.0000 0.0000 0.0000 0.0000 0.0000 0.0025 0.0577 0.2472 0.3613 0.2493 0.0819
0.0000 0.0000 0.0000 0.0000 0.0000 0.0001 0.0079 0.0786 0.2493 0.3746 0.2894
0.0000 0.0000 0.0000 0.0000 0.0000 0.0000 0.0006 0.0119 0.0819 0.2894 0.6163
#DG from neighbouring lambda in kcal/mol
0.0000 0.1000 25.1555 0.0455
0.1000 0.2000 22.0053 0.0405
0.2000 0.3000 16.9517 0.0722
0.3000 0.4000 4.0457 0.0586
0.4000 0.5000 -0.2465 0.0267
0.5000 0.6000 -2.0199 0.0181
0.6000 0.7000 -2.8989 0.0147
0.7000 0.8000 -3.3389 0.0118
0.8000 0.9000 -3.5353 0.0109
0.9000 1.0000 -3.7161 0.0122
#PMF from MBAR in kcal/mol
0.0000 0.0000 0.0000
0.1000 25.1555 0.0455
0.2000 47.1608 0.0640
0.3000 64.1125 0.0985
0.4000 68.1582 0.1164
0.5000 67.9117 0.1210
0.6000 65.8918 0.1237
0.7000 62.9929 0.1255
0.8000 59.6540 0.1269
0.9000 56.1187 0.1280
1.0000 52.4026 0.1293
#TI average gradients and standard deviation in kcal/mol
0.0000 260.2971 19.7769
0.1000 238.9472 19.2817
0.2000 201.3817 17.9161
0.3000 95.5448 38.1438
0.4000 11.9867 15.8564
0.5000 -14.0712 12.1551
0.6000 -25.3014 9.5005
0.7000 -32.0430 7.8719
0.8000 -34.6254 7.0854
0.9000 -36.3889 7.3318
1.0000 -37.9449 7.6280
#PMF from TI in kcal/mol
0.0000 0.0000
0.1000 24.9622
0.2000 46.9787
0.3000 61.8250
0.4000 67.2016
0.5000 67.0973
0.6000 65.1287
0.7000 62.2615
0.8000 58.9281
0.9000 55.3774
1.0000 51.6607
#MBAR free energy difference in kcal/mol: 
52.402588, 0.129259 
#TI free energy difference in kcal/mol: 
51.660667  
Starting /export/users/common/BioSimSpace/sire.app/bin/analyse_freenrg: number of threads equals 32
