# Analysing data contained in file(s) ['lambda_0.0000/simfile.dat', 'lambda_0.1000/simfile.dat', 'lambda_0.2000/simfile.dat', 'lambda_0.3000/simfile.dat', 'lambda_0.4000/simfile.dat', 'lambda_0.5000/simfile.dat', 'lambda_0.6000/simfile.dat', 'lambda_0.7000/simfile.dat', 'lambda_0.8000/simfile.dat', 'lambda_0.9000/simfile.dat', 'lambda_1.0000/simfile.dat']
#Overlap matrix
0.4907 0.2965 0.1427 0.0526 0.0143 0.0028 0.0004 0.0000 0.0000 0.0000 0.0000
0.2965 0.2946 0.2222 0.1225 0.0479 0.0132 0.0026 0.0004 0.0000 0.0000 0.0000
0.1427 0.2222 0.2538 0.2061 0.1154 0.0448 0.0123 0.0023 0.0003 0.0000 0.0000
0.0526 0.1225 0.2061 0.2491 0.2040 0.1106 0.0421 0.0109 0.0019 0.0003 0.0000
0.0143 0.0479 0.1154 0.2040 0.2571 0.2060 0.1068 0.0373 0.0091 0.0017 0.0003
0.0028 0.0132 0.0448 0.1106 0.2060 0.2715 0.2098 0.0986 0.0328 0.0083 0.0016
0.0004 0.0026 0.0123 0.0421 0.1068 0.2098 0.2843 0.2081 0.0953 0.0311 0.0071
0.0000 0.0004 0.0023 0.0109 0.0373 0.0986 0.2081 0.3003 0.2215 0.0948 0.0258
0.0000 0.0000 0.0003 0.0019 0.0091 0.0328 0.0953 0.2215 0.3303 0.2298 0.0788
0.0000 0.0000 0.0000 0.0003 0.0017 0.0083 0.0311 0.0948 0.2298 0.3814 0.2526
0.0000 0.0000 0.0000 0.0000 0.0003 0.0016 0.0071 0.0258 0.0788 0.2526 0.6338
#DG from neighbouring lambda in kcal/mol
0.0000 0.1000 0.2215 0.0132
0.1000 0.2000 0.1701 0.0115
0.2000 0.3000 0.1165 0.0115
0.3000 0.4000 0.0735 0.0120
0.4000 0.5000 0.0409 0.0128
0.5000 0.6000 0.0129 0.0137
0.6000 0.7000 -0.0243 0.0152
0.7000 0.8000 -0.0211 0.0155
0.8000 0.9000 0.3479 0.0177
0.9000 1.0000 1.7596 0.0238
#PMF from MBAR in kcal/mol
0.0000 0.0000 0.0000
0.1000 0.2215 0.0132
0.2000 0.3916 0.0229
0.3000 0.5080 0.0307
0.4000 0.5815 0.0372
0.5000 0.6224 0.0430
0.6000 0.6354 0.0485
0.7000 0.6111 0.0539
0.8000 0.5900 0.0590
0.9000 0.9379 0.0642
1.0000 2.6975 0.0712
#TI average gradients and standard deviation in kcal/mol
0.0000 0.2171 6.3834
0.1000 1.6162 4.7718
0.2000 1.0352 4.8484
0.3000 0.6668 5.1832
0.4000 0.9756 5.5712
0.5000 0.5362 6.2376
0.6000 -0.8507 6.2054
0.7000 0.3224 8.5622
0.8000 1.4170 9.0265
0.9000 5.8085 7.1906
1.0000 32.5134 9.8671
#PMF from TI in kcal/mol
0.0000 0.0000
0.1000 0.0917
0.2000 0.2242
0.3000 0.3093
0.4000 0.3915
0.5000 0.4670
0.6000 0.4513
0.7000 0.4249
0.8000 0.5119
0.9000 0.8732
1.0000 2.7892
#MBAR free energy difference in kcal/mol: 
2.697544, 0.071221 
#TI free energy difference in kcal/mol: 
2.789244  
Starting /export/users/common/BioSimSpace/sire.app/bin/analyse_freenrg: number of threads equals 32
