# Analysing data contained in file(s) ['lambda_0.0000/simfile.dat', 'lambda_0.1000/simfile.dat', 'lambda_0.2000/simfile.dat', 'lambda_0.3000/simfile.dat', 'lambda_0.4000/simfile.dat', 'lambda_0.5000/simfile.dat', 'lambda_0.6000/simfile.dat', 'lambda_0.7000/simfile.dat', 'lambda_0.8000/simfile.dat', 'lambda_0.9000/simfile.dat', 'lambda_1.0000/simfile.dat']
#Overlap matrix
0.9293 0.0705 0.0002 0.0000 0.0000 0.0000 0.0000 0.0000 0.0000 0.0000 0.0000
0.0705 0.8130 0.1161 0.0005 0.0000 0.0000 0.0000 0.0000 0.0000 0.0000 0.0000
0.0002 0.1161 0.7571 0.1261 0.0006 0.0000 0.0000 0.0000 0.0000 0.0000 0.0000
0.0000 0.0005 0.1261 0.7496 0.1233 0.0005 0.0000 0.0000 0.0000 0.0000 0.0000
0.0000 0.0000 0.0006 0.1233 0.7433 0.1323 0.0005 0.0000 0.0000 0.0000 0.0000
0.0000 0.0000 0.0000 0.0005 0.1323 0.7452 0.1215 0.0004 0.0000 0.0000 0.0000
0.0000 0.0000 0.0000 0.0000 0.0005 0.1215 0.7612 0.1165 0.0003 0.0000 0.0000
0.0000 0.0000 0.0000 0.0000 0.0000 0.0004 0.1165 0.7684 0.1145 0.0002 0.0000
0.0000 0.0000 0.0000 0.0000 0.0000 0.0000 0.0003 0.1145 0.7830 0.1021 0.0001
0.0000 0.0000 0.0000 0.0000 0.0000 0.0000 0.0000 0.0002 0.1021 0.8045 0.0933
0.0000 0.0000 0.0000 0.0000 0.0000 0.0000 0.0000 0.0000 0.0001 0.0933 0.9066
#DG from neighbouring lambda in kcal/mol
0.0000 0.1000 -11.7144 0.0558
0.1000 0.2000 -7.4099 0.0411
0.2000 0.3000 -7.7586 0.0388
0.3000 0.4000 -8.8907 0.0394
0.4000 0.5000 -10.0528 0.0376
0.5000 0.6000 -11.1478 0.0398
0.6000 0.7000 -12.2106 0.0410
0.7000 0.8000 -13.2313 0.0415
0.8000 0.9000 -14.2957 0.0447
0.9000 1.0000 -15.4085 0.0473
#PMF from MBAR in kcal/mol
0.0000 0.0000 0.0000
0.1000 -11.7144 0.0558
0.2000 -19.1243 0.0728
0.3000 -26.8829 0.0855
0.4000 -35.7737 0.0967
0.5000 -45.8264 0.1061
0.6000 -56.9742 0.1155
0.7000 -69.1849 0.1246
0.8000 -82.4162 0.1332
0.9000 -96.7119 0.1423
1.0000 -112.1205 0.1516
#TI average gradients and standard deviation in kcal/mol
0.0000 -182.2828 24.3190
0.1000 -81.6266 17.8513
0.2000 -72.7938 17.0785
0.3000 -82.7521 16.0003
0.4000 -94.3417 16.3082
0.5000 -105.2967 16.3545
0.6000 -116.5665 16.4456
0.7000 -127.0062 16.8518
0.8000 -137.8078 17.3187
0.9000 -148.0292 18.0163
1.0000 -157.8137 19.0124
#PMF from TI in kcal/mol
0.0000 0.0000
0.1000 -13.1955
0.2000 -20.9165
0.3000 -28.6938
0.4000 -37.5485
0.5000 -47.5304
0.6000 -58.6235
0.7000 -70.8022
0.8000 -84.0429
0.9000 -98.3347
1.0000 -113.6269
#MBAR free energy difference in kcal/mol: 
-112.120454, 0.151598 
#TI free energy difference in kcal/mol: 
-113.626878  
Starting /export/users/common/BioSimSpace/sire.app/bin/analyse_freenrg: number of threads equals 32
