# Analysing data contained in file(s) ['lambda_0.0000/simfile.dat', 'lambda_0.1000/simfile.dat', 'lambda_0.2000/simfile.dat', 'lambda_0.3000/simfile.dat', 'lambda_0.4000/simfile.dat', 'lambda_0.5000/simfile.dat', 'lambda_0.6000/simfile.dat', 'lambda_0.7000/simfile.dat', 'lambda_0.8000/simfile.dat', 'lambda_0.9000/simfile.dat', 'lambda_1.0000/simfile.dat']
#Overlap matrix
0.9889 0.0111 0.0000 0.0000 0.0000 0.0000 0.0000 0.0000 0.0000 0.0000 0.0000
0.0111 0.9763 0.0126 0.0000 0.0000 0.0000 0.0000 0.0000 0.0000 0.0000 0.0000
0.0000 0.0126 0.9797 0.0077 0.0000 0.0000 0.0000 0.0000 0.0000 0.0000 0.0000
0.0000 0.0000 0.0077 0.9801 0.0122 0.0000 0.0000 0.0000 0.0000 0.0000 0.0000
0.0000 0.0000 0.0000 0.0122 0.9620 0.0257 0.0000 0.0000 0.0000 0.0000 0.0000
0.0000 0.0000 0.0000 0.0000 0.0257 0.9621 0.0117 0.0004 0.0000 0.0000 0.0000
0.0000 0.0000 0.0000 0.0000 0.0000 0.0117 0.8250 0.1602 0.0030 0.0000 0.0000
0.0000 0.0000 0.0000 0.0000 0.0000 0.0004 0.1602 0.7067 0.1313 0.0013 0.0000
0.0000 0.0000 0.0000 0.0000 0.0000 0.0000 0.0030 0.1313 0.6907 0.1701 0.0048
0.0000 0.0000 0.0000 0.0000 0.0000 0.0000 0.0000 0.0013 0.1701 0.6229 0.2057
0.0000 0.0000 0.0000 0.0000 0.0000 0.0000 0.0000 0.0000 0.0048 0.2057 0.7895
#DG from neighbouring lambda in kcal/mol
0.0000 0.1000 -8.2013 0.0813
0.1000 0.2000 -2.5133 0.0760
0.2000 0.3000 -2.0556 0.0979
0.3000 0.4000 -1.3185 0.0773
0.4000 0.5000 0.5628 0.0525
0.5000 0.6000 0.5312 0.0774
0.6000 0.7000 3.4164 0.0175
0.7000 0.8000 3.4930 0.0200
0.8000 0.9000 0.9346 0.0166
0.9000 1.0000 -0.8014 0.0144
#PMF from MBAR in kcal/mol
0.0000 0.0000 0.0000
0.1000 -8.2013 0.0813
0.2000 -10.7147 0.1119
0.3000 -12.7703 0.1492
0.4000 -14.0887 0.1685
0.5000 -13.5260 0.1769
0.6000 -12.9948 0.1935
0.7000 -9.5784 0.1946
0.8000 -6.0854 0.1959
0.9000 -5.1508 0.1970
1.0000 -5.9521 0.1978
#TI average gradients and standard deviation in kcal/mol
0.0000 -154.2162 30.7164
0.1000 -40.0117 29.0600
0.2000 -20.1756 30.5970
0.3000 -18.4496 31.8825
0.4000 -3.1504 28.0279
0.5000 13.3459 26.4288
0.6000 7.9640 21.5181
0.7000 45.1977 15.3854
0.8000 21.3100 15.6095
0.9000 -0.7280 13.0730
1.0000 9.1900 12.4151
#PMF from TI in kcal/mol
0.0000 0.0000
0.1000 -9.7114
0.2000 -12.7208
0.3000 -14.6520
0.4000 -15.7320
0.5000 -15.2222
0.6000 -14.1568
0.7000 -11.4987
0.8000 -8.1733
0.9000 -7.1442
1.0000 -6.7211
#MBAR free energy difference in kcal/mol: 
-5.952134, 0.197839  #WARNING SUBSAMPLING DISABLED, CONSIDER RERUN WITH SUBSAMPLING OPTION
#TI free energy difference in kcal/mol: 
-6.721086  #WARNING SUBSAMPLING DISABLED, CONSIDER RERUN WITH SUBSAMPLING OPTION 
Starting /export/users/common/BioSimSpace/sire.app/bin/analyse_freenrg: number of threads equals 32
