# Analysing data contained in file(s) ['lambda_0.0000/simfile.dat', 'lambda_0.1000/simfile.dat', 'lambda_0.2000/simfile.dat', 'lambda_0.3000/simfile.dat', 'lambda_0.4000/simfile.dat', 'lambda_0.5000/simfile.dat', 'lambda_0.6000/simfile.dat', 'lambda_0.7000/simfile.dat', 'lambda_0.8000/simfile.dat', 'lambda_0.9000/simfile.dat', 'lambda_1.0000/simfile.dat']
#Overlap matrix
0.9406 0.0593 0.0002 0.0000 0.0000 0.0000 0.0000 0.0000 0.0000 0.0000 0.0000
0.0593 0.7924 0.1469 0.0015 0.0000 0.0000 0.0000 0.0000 0.0000 0.0000 0.0000
0.0002 0.1469 0.6956 0.1555 0.0019 0.0000 0.0000 0.0000 0.0000 0.0000 0.0000
0.0000 0.0015 0.1555 0.6810 0.1594 0.0025 0.0000 0.0000 0.0000 0.0000 0.0000
0.0000 0.0000 0.0019 0.1594 0.6870 0.1500 0.0017 0.0000 0.0000 0.0000 0.0000
0.0000 0.0000 0.0000 0.0025 0.1500 0.7398 0.1072 0.0004 0.0000 0.0000 0.0000
0.0000 0.0000 0.0000 0.0000 0.0017 0.1072 0.8272 0.0638 0.0001 0.0000 0.0000
0.0000 0.0000 0.0000 0.0000 0.0000 0.0004 0.0638 0.8789 0.0568 0.0001 0.0000
0.0000 0.0000 0.0000 0.0000 0.0000 0.0000 0.0001 0.0568 0.8830 0.0601 0.0001
0.0000 0.0000 0.0000 0.0000 0.0000 0.0000 0.0000 0.0001 0.0601 0.8801 0.0598
0.0000 0.0000 0.0000 0.0000 0.0000 0.0000 0.0000 0.0000 0.0001 0.0598 0.9401
#DG from neighbouring lambda in kcal/mol
0.0000 0.1000 6.4505 0.0333
0.1000 0.2000 3.9323 0.0188
0.2000 0.3000 2.5679 0.0179
0.3000 0.4000 1.3556 0.0175
0.4000 0.5000 0.9706 0.0183
0.5000 0.6000 1.7825 0.0231
0.6000 0.7000 2.9658 0.0318
0.7000 0.8000 3.4721 0.0341
0.8000 0.9000 3.9755 0.0331
0.9000 1.0000 5.7119 0.0332
#PMF from MBAR in kcal/mol
0.0000 0.0000 0.0000
0.1000 6.4505 0.0333
0.2000 10.3828 0.0401
0.3000 12.9507 0.0455
0.4000 14.3063 0.0502
0.5000 15.2770 0.0547
0.6000 17.0595 0.0605
0.7000 20.0253 0.0694
0.8000 23.4974 0.0782
0.9000 27.4729 0.0858
1.0000 33.1849 0.0928
#TI average gradients and standard deviation in kcal/mol
0.0000 82.1287 23.0781
0.1000 46.9513 16.9740
0.2000 32.5492 15.2208
0.3000 18.8765 14.9268
0.4000 9.5903 14.8940
0.5000 11.9089 16.8523
0.6000 25.3350 20.4509
0.7000 33.1984 22.2504
0.8000 35.8823 21.7263
0.9000 44.4007 21.5027
1.0000 76.7783 21.8790
#PMF from TI in kcal/mol
0.0000 0.0000
0.1000 6.4540
0.2000 10.4290
0.3000 13.0003
0.4000 14.4237
0.5000 15.4986
0.6000 17.3608
0.7000 20.2875
0.8000 23.7415
0.9000 27.7557
1.0000 33.8146
#MBAR free energy difference in kcal/mol: 
33.184858, 0.092796  #WARNING SUBSAMPLING DISABLED, CONSIDER RERUN WITH SUBSAMPLING OPTION
#TI free energy difference in kcal/mol: 
33.814616  #WARNING SUBSAMPLING DISABLED, CONSIDER RERUN WITH SUBSAMPLING OPTION 
Starting /export/users/common/BioSimSpace/sire.app/bin/analyse_freenrg: number of threads equals 32
