# Analysing data contained in file(s) ['lambda_0.0000/simfile.dat', 'lambda_0.1000/simfile.dat', 'lambda_0.2000/simfile.dat', 'lambda_0.3000/simfile.dat', 'lambda_0.4000/simfile.dat', 'lambda_0.5000/simfile.dat', 'lambda_0.6000/simfile.dat', 'lambda_0.7000/simfile.dat', 'lambda_0.8000/simfile.dat', 'lambda_0.9000/simfile.dat', 'lambda_1.0000/simfile.dat']
#Overlap matrix
0.9614 0.0386 0.0000 0.0000 0.0000 0.0000 0.0000 0.0000 0.0000 0.0000 0.0000
0.0386 0.8728 0.0882 0.0004 0.0000 0.0000 0.0000 0.0000 0.0000 0.0000 0.0000
0.0000 0.0882 0.8006 0.1099 0.0012 0.0000 0.0000 0.0000 0.0000 0.0000 0.0000
0.0000 0.0004 0.1099 0.7497 0.1370 0.0030 0.0000 0.0000 0.0000 0.0000 0.0000
0.0000 0.0000 0.0012 0.1370 0.6969 0.1597 0.0052 0.0000 0.0000 0.0000 0.0000
0.0000 0.0000 0.0000 0.0030 0.1597 0.6522 0.1771 0.0079 0.0001 0.0000 0.0000
0.0000 0.0000 0.0000 0.0000 0.0052 0.1771 0.5983 0.2083 0.0110 0.0001 0.0000
0.0000 0.0000 0.0000 0.0000 0.0000 0.0079 0.2083 0.5646 0.2084 0.0106 0.0001
0.0000 0.0000 0.0000 0.0000 0.0000 0.0001 0.0110 0.2084 0.5600 0.2088 0.0117
0.0000 0.0000 0.0000 0.0000 0.0000 0.0000 0.0001 0.0106 0.2088 0.5583 0.2221
0.0000 0.0000 0.0000 0.0000 0.0000 0.0000 0.0000 0.0001 0.0117 0.2221 0.7661
#DG from neighbouring lambda in kcal/mol
0.0000 0.1000 -4.8000 0.0423
0.1000 0.2000 -2.4767 0.0263
0.2000 0.3000 -1.8159 0.0228
0.3000 0.4000 -1.6702 0.0195
0.4000 0.5000 -1.4700 0.0172
0.5000 0.6000 -1.2480 0.0156
0.6000 0.7000 -1.0560 0.0134
0.7000 0.8000 -0.9446 0.0133
0.8000 0.9000 -0.9377 0.0132
0.9000 1.0000 -0.7706 0.0131
#PMF from MBAR in kcal/mol
0.0000 0.0000 0.0000
0.1000 -4.8000 0.0423
0.2000 -7.2767 0.0513
0.3000 -9.0926 0.0574
0.4000 -10.7628 0.0618
0.5000 -12.2328 0.0651
0.6000 -13.4807 0.0679
0.7000 -14.5367 0.0701
0.8000 -15.4813 0.0722
0.9000 -16.4190 0.0742
1.0000 -17.1896 0.0761
#TI average gradients and standard deviation in kcal/mol
0.0000 -69.5754 28.1194
0.1000 -32.8759 21.4467
0.2000 -18.8857 17.9014
0.3000 -17.3748 16.7646
0.4000 -15.9794 15.5982
0.5000 -13.3359 14.0450
0.6000 -11.7747 13.0837
0.7000 -9.5764 12.1471
0.8000 -9.7267 12.6474
0.9000 -8.6804 12.4093
1.0000 4.1590 12.2198
#PMF from TI in kcal/mol
0.0000 0.0000
0.1000 -5.1226
0.2000 -7.7106
0.3000 -9.5237
0.4000 -11.1914
0.5000 -12.6571
0.6000 -13.9127
0.7000 -14.9802
0.8000 -15.9454
0.9000 -16.8657
1.0000 -17.0918
#MBAR free energy difference in kcal/mol: 
-17.189609, 0.076118  #WARNING SUBSAMPLING DISABLED, CONSIDER RERUN WITH SUBSAMPLING OPTION
#TI free energy difference in kcal/mol: 
-17.091817  #WARNING SUBSAMPLING DISABLED, CONSIDER RERUN WITH SUBSAMPLING OPTION 
Starting /export/users/common/BioSimSpace/sire.app/bin/analyse_freenrg: number of threads equals 32
