# Analysing data contained in file(s) ['lambda_0.0000/simfile.dat', 'lambda_0.1000/simfile.dat', 'lambda_0.2000/simfile.dat', 'lambda_0.3000/simfile.dat', 'lambda_0.4000/simfile.dat', 'lambda_0.5000/simfile.dat', 'lambda_0.6000/simfile.dat', 'lambda_0.7000/simfile.dat', 'lambda_0.8000/simfile.dat', 'lambda_0.9000/simfile.dat', 'lambda_1.0000/simfile.dat']
#Overlap matrix
0.8442 0.1511 0.0046 0.0001 0.0000 0.0000 0.0000 0.0000 0.0000 0.0000 0.0000
0.1511 0.6673 0.1725 0.0089 0.0002 0.0000 0.0000 0.0000 0.0000 0.0000 0.0000
0.0046 0.1725 0.6233 0.1876 0.0117 0.0003 0.0000 0.0000 0.0000 0.0000 0.0000
0.0001 0.0089 0.1876 0.6023 0.1891 0.0117 0.0005 0.0000 0.0000 0.0000 0.0000
0.0000 0.0002 0.0117 0.1891 0.5972 0.1828 0.0179 0.0011 0.0000 0.0000 0.0000
0.0000 0.0000 0.0003 0.0117 0.1828 0.5611 0.2153 0.0279 0.0009 0.0000 0.0000
0.0000 0.0000 0.0000 0.0005 0.0179 0.2153 0.5179 0.2277 0.0204 0.0003 0.0000
0.0000 0.0000 0.0000 0.0000 0.0011 0.0279 0.2277 0.5148 0.2152 0.0131 0.0001
0.0000 0.0000 0.0000 0.0000 0.0000 0.0009 0.0204 0.2152 0.5603 0.1989 0.0043
0.0000 0.0000 0.0000 0.0000 0.0000 0.0000 0.0003 0.0131 0.1989 0.6506 0.1371
0.0000 0.0000 0.0000 0.0000 0.0000 0.0000 0.0000 0.0001 0.0043 0.1371 0.8586
#DG from neighbouring lambda in kcal/mol
0.0000 0.1000 3.0839 0.0182
0.1000 0.2000 4.6274 0.0159
0.2000 0.3000 5.0505 0.0145
0.3000 0.4000 5.1267 0.0143
0.4000 0.5000 5.0916 0.0143
0.5000 0.6000 5.3743 0.0118
0.6000 0.7000 5.7956 0.0112
0.7000 0.8000 5.7126 0.0124
0.8000 0.9000 5.4257 0.0140
0.9000 1.0000 4.6448 0.0195
#PMF from MBAR in kcal/mol
0.0000 0.0000 0.0000
0.1000 3.0839 0.0182
0.2000 7.7113 0.0266
0.3000 12.7618 0.0322
0.4000 17.8884 0.0367
0.5000 22.9800 0.0408
0.6000 28.3543 0.0436
0.7000 34.1499 0.0460
0.8000 39.8626 0.0487
0.9000 45.2883 0.0518
1.0000 49.9330 0.0565
#TI average gradients and standard deviation in kcal/mol
0.0000 12.6399 16.2873
0.1000 41.8383 14.9441
0.2000 49.3016 13.5927
0.3000 51.1052 13.1212
0.4000 51.0996 13.6288
0.5000 51.5705 13.2257
0.6000 56.7906 10.3225
0.7000 57.7830 11.0603
0.8000 56.1577 12.0854
0.9000 51.9297 13.9148
1.0000 42.2587 17.9620
#PMF from TI in kcal/mol
0.0000 0.0000
0.1000 2.7239
0.2000 7.2809
0.3000 12.3012
0.4000 17.4115
0.5000 22.5450
0.6000 27.9630
0.7000 33.6917
0.8000 39.3887
0.9000 44.7931
1.0000 49.5025
#MBAR free energy difference in kcal/mol: 
49.933049, 0.056510  #WARNING SUBSAMPLING DISABLED, CONSIDER RERUN WITH SUBSAMPLING OPTION
#TI free energy difference in kcal/mol: 
49.502539  #WARNING SUBSAMPLING DISABLED, CONSIDER RERUN WITH SUBSAMPLING OPTION 
Starting /export/users/common/BioSimSpace/sire.app/bin/analyse_freenrg: number of threads equals 32
