# Analysing data contained in file(s) ['lambda_0.0000/simfile.dat', 'lambda_0.1000/simfile.dat', 'lambda_0.2000/simfile.dat', 'lambda_0.3000/simfile.dat', 'lambda_0.4000/simfile.dat', 'lambda_0.5000/simfile.dat', 'lambda_0.6000/simfile.dat', 'lambda_0.7000/simfile.dat', 'lambda_0.8000/simfile.dat', 'lambda_0.9000/simfile.dat', 'lambda_1.0000/simfile.dat']
#Overlap matrix
0.9909 0.0091 0.0000 0.0000 0.0000 0.0000 0.0000 0.0000 0.0000 0.0000 0.0000
0.0091 0.9822 0.0087 0.0000 0.0000 0.0000 0.0000 0.0000 0.0000 0.0000 0.0000
0.0000 0.0087 0.9870 0.0043 0.0000 0.0000 0.0000 0.0000 0.0000 0.0000 0.0000
0.0000 0.0000 0.0043 0.9914 0.0043 0.0000 0.0000 0.0000 0.0000 0.0000 0.0000
0.0000 0.0000 0.0000 0.0043 0.9918 0.0039 0.0000 0.0000 0.0000 0.0000 0.0000
0.0000 0.0000 0.0000 0.0000 0.0039 0.9961 0.0000 0.0000 0.0000 0.0000 0.0000
0.0000 0.0000 0.0000 0.0000 0.0000 0.0000 0.8384 0.1599 0.0017 0.0000 0.0000
0.0000 0.0000 0.0000 0.0000 0.0000 0.0000 0.1599 0.7021 0.1377 0.0003 0.0000
0.0000 0.0000 0.0000 0.0000 0.0000 0.0000 0.0017 0.1377 0.7636 0.0970 0.0000
0.0000 0.0000 0.0000 0.0000 0.0000 0.0000 0.0000 0.0003 0.0970 0.8589 0.0438
0.0000 0.0000 0.0000 0.0000 0.0000 0.0000 0.0000 0.0000 0.0000 0.0438 0.9562
#DG from neighbouring lambda in kcal/mol
0.0000 0.1000 0.3584 0.0899
0.1000 0.2000 1.7800 0.0919
0.2000 0.3000 0.7088 0.1309
0.3000 0.4000 0.8853 0.1318
0.4000 0.5000 1.5947 0.1381
0.5000 0.6000 -9.3390 17.0362
0.6000 0.7000 8.8677 0.0177
0.7000 0.8000 10.8890 0.0196
0.8000 0.9000 7.4711 0.0249
0.9000 1.0000 2.6054 0.0395
#PMF from MBAR in kcal/mol
0.0000 0.0000 0.0000
0.1000 0.3584 0.0899
0.2000 2.1384 0.1292
0.3000 2.8472 0.1843
0.4000 3.7324 0.2269
0.5000 5.3271 0.2659
0.6000 -4.0119 17.0383
0.7000 4.8559 17.0383
0.8000 15.7449 17.0383
0.9000 23.2159 17.0384
1.0000 25.8214 17.0384
#TI average gradients and standard deviation in kcal/mol
0.0000 -22.2930 32.0551
0.1000 17.6908 31.6822
0.2000 14.3168 34.0111
0.3000 4.5247 35.1296
0.4000 13.4183 34.0719
0.5000 -3.3701 48.3822
0.6000 18.9551 15.9814
0.7000 116.2306 15.5075
0.8000 94.8335 17.5536
0.9000 53.1771 21.5724
1.0000 -23013740681.8006 1383685411665.8242
#PMF from TI in kcal/mol
0.0000 0.0000
0.1000 -0.2301
0.2000 1.3703
0.3000 2.3123
0.4000 3.2095
0.5000 3.7119
0.6000 4.4911
0.7000 11.2504
0.8000 21.8036
0.9000 29.2042
1.0000 -1150687002.2270
#MBAR free energy difference in kcal/mol: 
25.821368, 17.038409  #WARNING SUBSAMPLING DISABLED, CONSIDER RERUN WITH SUBSAMPLING OPTION
#TI free energy difference in kcal/mol: 
-1150687002.226999  #WARNING SUBSAMPLING DISABLED, CONSIDER RERUN WITH SUBSAMPLING OPTION 
Starting /export/users/common/BioSimSpace/sire.app/bin/analyse_freenrg: number of threads equals 32
