# Analysing data contained in file(s) ['lambda_0.0000/simfile.dat', 'lambda_0.1000/simfile.dat', 'lambda_0.2000/simfile.dat', 'lambda_0.3000/simfile.dat', 'lambda_0.4000/simfile.dat', 'lambda_0.5000/simfile.dat', 'lambda_0.6000/simfile.dat', 'lambda_0.7000/simfile.dat', 'lambda_0.8000/simfile.dat', 'lambda_0.9000/simfile.dat', 'lambda_1.0000/simfile.dat']
#Overlap matrix
1.0000 0.0000 0.0000 0.0000 0.0000 0.0000 0.0000 0.0000 0.0000 0.0000 0.0000
0.0000 0.9305 0.0693 0.0002 0.0000 0.0000 0.0000 0.0000 0.0000 0.0000 0.0000
0.0000 0.0693 0.7847 0.1439 0.0022 0.0000 0.0000 0.0000 0.0000 0.0000 0.0000
0.0000 0.0002 0.1439 0.6724 0.1790 0.0045 0.0000 0.0000 0.0000 0.0000 0.0000
0.0000 0.0000 0.0022 0.1790 0.6267 0.1870 0.0051 0.0000 0.0000 0.0000 0.0000
0.0000 0.0000 0.0000 0.0045 0.1870 0.6110 0.1923 0.0052 0.0000 0.0000 0.0000
0.0000 0.0000 0.0000 0.0000 0.0051 0.1923 0.6190 0.1799 0.0038 0.0000 0.0000
0.0000 0.0000 0.0000 0.0000 0.0000 0.0052 0.1799 0.6305 0.1830 0.0015 0.0000
0.0000 0.0000 0.0000 0.0000 0.0000 0.0000 0.0038 0.1830 0.6988 0.1144 0.0000
0.0000 0.0000 0.0000 0.0000 0.0000 0.0000 0.0000 0.0015 0.1144 0.8841 0.0000
0.0000 0.0000 0.0000 0.0000 0.0000 0.0000 0.0000 0.0000 0.0000 0.0000 1.0000
#DG from neighbouring lambda in kcal/mol
0.0000 0.1000 39.4643 0.0389
0.1000 0.2000 8.3465 0.0304
0.2000 0.3000 5.9364 0.0190
0.3000 0.4000 4.7821 0.0159
0.4000 0.5000 3.9168 0.0152
0.5000 0.6000 3.0536 0.0148
0.6000 0.7000 2.1725 0.0157
0.7000 0.8000 1.0902 0.0157
0.8000 0.9000 -0.6310 0.0223
0.9000 1.0000 -102.0849 0.0332
#PMF from MBAR in kcal/mol
0.0000 0.0000 0.0000
0.1000 39.4643 0.0389
0.2000 47.8108 0.0260
0.3000 53.7472 0.0200
0.4000 58.5293 0.0165
0.5000 62.4460 0.0152
0.6000 65.4996 0.0165
0.7000 67.6721 0.0199
0.8000 68.7624 0.0247
0.9000 68.1314 0.0332
1.0000 -33.9536 0.0000
#TI average gradients and standard deviation in kcal/mol
0.0000 5256.7159 205.2171
0.1000 109.2374 26.6702
0.2000 67.4880 17.2692
0.3000 52.8203 14.5259
0.4000 43.1428 13.6825
0.5000 34.7578 13.9594
0.6000 26.8116 13.4241
0.7000 16.2492 13.8543
0.8000 5.3020 14.1770
0.9000 -25.3621 22.5731
1.0000 -5466.2631 159.6137
#PMF from TI in kcal/mol
0.0000 0.0000
0.1000 268.2977
0.2000 277.1339
0.3000 283.1494
0.4000 287.9475
0.5000 291.8425
0.6000 294.9210
0.7000 297.0740
0.8000 298.1516
0.9000 297.1486
1.0000 22.5674
#MBAR free energy difference in kcal/mol: 
-33.953586, 0.000000  #WARNING SUBSAMPLING DISABLED, CONSIDER RERUN WITH SUBSAMPLING OPTION
#TI free energy difference in kcal/mol: 
22.567352  #WARNING SUBSAMPLING DISABLED, CONSIDER RERUN WITH SUBSAMPLING OPTION 
Starting /export/users/common/BioSimSpace/sire.app/bin/analyse_freenrg: number of threads equals 32
