# Analysing data contained in file(s) ['lambda_0.0000/simfile.dat', 'lambda_0.1000/simfile.dat', 'lambda_0.2000/simfile.dat', 'lambda_0.3000/simfile.dat', 'lambda_0.4000/simfile.dat', 'lambda_0.5000/simfile.dat', 'lambda_0.6000/simfile.dat', 'lambda_0.7000/simfile.dat', 'lambda_0.8000/simfile.dat', 'lambda_0.9000/simfile.dat', 'lambda_1.0000/simfile.dat']
#Overlap matrix
0.9417 0.0583 0.0000 0.0000 0.0000 0.0000 0.0000 0.0000 0.0000 0.0000 0.0000
0.0583 0.8641 0.0775 0.0000 0.0000 0.0000 0.0000 0.0000 0.0000 0.0000 0.0000
0.0000 0.0775 0.8335 0.0889 0.0001 0.0000 0.0000 0.0000 0.0000 0.0000 0.0000
0.0000 0.0000 0.0889 0.8149 0.0960 0.0002 0.0000 0.0000 0.0000 0.0000 0.0000
0.0000 0.0000 0.0001 0.0960 0.8428 0.0611 0.0000 0.0000 0.0000 0.0000 0.0000
0.0000 0.0000 0.0000 0.0002 0.0611 0.8691 0.0695 0.0001 0.0000 0.0000 0.0000
0.0000 0.0000 0.0000 0.0000 0.0000 0.0695 0.8414 0.0889 0.0001 0.0000 0.0000
0.0000 0.0000 0.0000 0.0000 0.0000 0.0001 0.0889 0.8272 0.0838 0.0001 0.0000
0.0000 0.0000 0.0000 0.0000 0.0000 0.0000 0.0001 0.0838 0.8418 0.0743 0.0000
0.0000 0.0000 0.0000 0.0000 0.0000 0.0000 0.0000 0.0001 0.0743 0.8717 0.0540
0.0000 0.0000 0.0000 0.0000 0.0000 0.0000 0.0000 0.0000 0.0000 0.0540 0.9460
#DG from neighbouring lambda in kcal/mol
0.0000 0.1000 9.7238 0.0337
0.1000 0.2000 6.7710 0.0285
0.2000 0.3000 4.5341 0.0263
0.3000 0.4000 3.4946 0.0250
0.4000 0.5000 3.6260 0.0327
0.5000 0.6000 2.1117 0.0304
0.6000 0.7000 0.9874 0.0263
0.7000 0.8000 0.5366 0.0272
0.8000 0.9000 0.5508 0.0293
0.9000 1.0000 2.1455 0.0352
#PMF from MBAR in kcal/mol
0.0000 0.0000 0.0000
0.1000 9.7238 0.0337
0.2000 16.4948 0.0458
0.3000 21.0289 0.0542
0.4000 24.5234 0.0609
0.5000 28.1494 0.0702
0.6000 30.2612 0.0775
0.7000 31.2486 0.0827
0.8000 31.7852 0.0879
0.9000 32.3360 0.0934
1.0000 34.4815 0.1006
#TI average gradients and standard deviation in kcal/mol
0.0000 107.9790 22.9680
0.1000 81.7026 21.0395
0.2000 55.8741 18.8964
0.3000 36.7124 18.7244
0.4000 38.2906 19.7762
0.5000 29.0622 21.7691
0.6000 13.7794 20.4472
0.7000 7.0292 19.7001
0.8000 3.9545 20.1489
0.9000 9.6121 20.7987
1.0000 38.1561 22.9907
#PMF from TI in kcal/mol
0.0000 0.0000
0.1000 9.4841
0.2000 16.3629
0.3000 20.9922
0.4000 24.7424
0.5000 28.1100
0.6000 30.2521
0.7000 31.2926
0.8000 31.8417
0.9000 32.5201
1.0000 34.9085
#MBAR free energy difference in kcal/mol: 
34.481513, 0.100580  #WARNING SUBSAMPLING DISABLED, CONSIDER RERUN WITH SUBSAMPLING OPTION
#TI free energy difference in kcal/mol: 
34.908470  #WARNING SUBSAMPLING DISABLED, CONSIDER RERUN WITH SUBSAMPLING OPTION 
Starting /export/users/common/BioSimSpace/sire.app/bin/analyse_freenrg: number of threads equals 32
