# Analysing data contained in file(s) ['lambda_0.0000/simfile.dat', 'lambda_0.1000/simfile.dat', 'lambda_0.2000/simfile.dat', 'lambda_0.3000/simfile.dat', 'lambda_0.4000/simfile.dat', 'lambda_0.5000/simfile.dat', 'lambda_0.6000/simfile.dat', 'lambda_0.7000/simfile.dat', 'lambda_0.8000/simfile.dat', 'lambda_0.9000/simfile.dat', 'lambda_1.0000/simfile.dat']
#Overlap matrix
0.9214 0.0786 0.0000 0.0000 0.0000 0.0000 0.0000 0.0000 0.0000 0.0000 0.0000
0.0786 0.8305 0.0909 0.0001 0.0000 0.0000 0.0000 0.0000 0.0000 0.0000 0.0000
0.0000 0.0909 0.8189 0.0901 0.0001 0.0000 0.0000 0.0000 0.0000 0.0000 0.0000
0.0000 0.0001 0.0901 0.8152 0.0946 0.0001 0.0000 0.0000 0.0000 0.0000 0.0000
0.0000 0.0000 0.0001 0.0946 0.8085 0.0968 0.0001 0.0000 0.0000 0.0000 0.0000
0.0000 0.0000 0.0000 0.0001 0.0968 0.8152 0.0878 0.0001 0.0000 0.0000 0.0000
0.0000 0.0000 0.0000 0.0000 0.0001 0.0878 0.8243 0.0878 0.0001 0.0000 0.0000
0.0000 0.0000 0.0000 0.0000 0.0000 0.0001 0.0878 0.8337 0.0784 0.0000 0.0000
0.0000 0.0000 0.0000 0.0000 0.0000 0.0000 0.0001 0.0784 0.8502 0.0714 0.0000
0.0000 0.0000 0.0000 0.0000 0.0000 0.0000 0.0000 0.0000 0.0714 0.8750 0.0536
0.0000 0.0000 0.0000 0.0000 0.0000 0.0000 0.0000 0.0000 0.0000 0.0536 0.9464
#DG from neighbouring lambda in kcal/mol
0.0000 0.1000 30.4868 0.0283
0.1000 0.2000 26.4970 0.0259
0.2000 0.3000 22.4486 0.0261
0.3000 0.4000 18.3485 0.0253
0.4000 0.5000 14.3326 0.0249
0.5000 0.6000 10.1768 0.0265
0.6000 0.7000 5.9790 0.0265
0.7000 0.8000 1.9976 0.0283
0.8000 0.9000 -1.8520 0.0300
0.9000 1.0000 -5.0951 0.0353
#PMF from MBAR in kcal/mol
0.0000 0.0000 0.0000
0.1000 30.4868 0.0283
0.2000 56.9838 0.0403
0.3000 79.4324 0.0495
0.4000 97.7810 0.0569
0.5000 112.1136 0.0633
0.6000 122.2904 0.0697
0.7000 128.2694 0.0756
0.8000 130.2670 0.0816
0.9000 128.4149 0.0878
1.0000 123.3199 0.0954
#TI average gradients and standard deviation in kcal/mol
0.0000 317.7327 20.0314
0.1000 284.8577 19.4703
0.2000 245.2947 18.8592
0.3000 203.8669 18.5815
0.4000 163.1761 18.6898
0.5000 123.0467 19.2897
0.6000 80.5845 19.6016
0.7000 39.6605 19.4009
0.8000 -0.0252 20.2258
0.9000 -35.7357 21.1062
1.0000 -63.3455 22.7387
#PMF from TI in kcal/mol
0.0000 0.0000
0.1000 30.1295
0.2000 56.6371
0.3000 79.0952
0.4000 97.4474
0.5000 111.7585
0.6000 121.9401
0.7000 127.9523
0.8000 129.9341
0.9000 128.1460
1.0000 123.1920
#MBAR free energy difference in kcal/mol: 
123.319870, 0.095404  #WARNING SUBSAMPLING DISABLED, CONSIDER RERUN WITH SUBSAMPLING OPTION
#TI free energy difference in kcal/mol: 
123.191981  #WARNING SUBSAMPLING DISABLED, CONSIDER RERUN WITH SUBSAMPLING OPTION 
Starting /export/users/common/BioSimSpace/sire.app/bin/analyse_freenrg: number of threads equals 32
