# Analysing data contained in file(s) ['lambda_0.0000/simfile.dat', 'lambda_0.1000/simfile.dat', 'lambda_0.2000/simfile.dat', 'lambda_0.3000/simfile.dat', 'lambda_0.4000/simfile.dat', 'lambda_0.5000/simfile.dat', 'lambda_0.6000/simfile.dat', 'lambda_0.7000/simfile.dat', 'lambda_0.8000/simfile.dat', 'lambda_0.9000/simfile.dat', 'lambda_1.0000/simfile.dat']
#Overlap matrix
0.9129 0.0863 0.0008 0.0000 0.0000 0.0000 0.0000 0.0000 0.0000 0.0000 0.0000
0.0863 0.7873 0.1240 0.0024 0.0000 0.0000 0.0000 0.0000 0.0000 0.0000 0.0000
0.0008 0.1240 0.7194 0.1500 0.0056 0.0001 0.0000 0.0000 0.0000 0.0000 0.0000
0.0000 0.0024 0.1500 0.6750 0.1646 0.0078 0.0003 0.0000 0.0000 0.0000 0.0000
0.0000 0.0000 0.0056 0.1646 0.6436 0.1747 0.0108 0.0006 0.0000 0.0000 0.0000
0.0000 0.0000 0.0001 0.0078 0.1747 0.6164 0.1797 0.0195 0.0018 0.0001 0.0000
0.0000 0.0000 0.0000 0.0003 0.0108 0.1797 0.5474 0.2219 0.0376 0.0023 0.0000
0.0000 0.0000 0.0000 0.0000 0.0006 0.0195 0.2219 0.4778 0.2397 0.0386 0.0019
0.0000 0.0000 0.0000 0.0000 0.0000 0.0018 0.0376 0.2397 0.4422 0.2406 0.0381
0.0000 0.0000 0.0000 0.0000 0.0000 0.0001 0.0023 0.0386 0.2406 0.4552 0.2633
0.0000 0.0000 0.0000 0.0000 0.0000 0.0000 0.0000 0.0019 0.0381 0.2633 0.6967
#DG from neighbouring lambda in kcal/mol
0.0000 0.1000 -3.1266 0.0266
0.1000 0.2000 -0.5549 0.0209
0.2000 0.3000 -0.1560 0.0180
0.3000 0.4000 -0.1146 0.0165
0.4000 0.5000 -0.2365 0.0154
0.5000 0.6000 -0.2582 0.0144
0.6000 0.7000 0.0153 0.0110
0.7000 0.8000 0.3133 0.0096
0.8000 0.9000 0.2115 0.0096
0.9000 1.0000 0.0927 0.0101
#PMF from MBAR in kcal/mol
0.0000 0.0000 0.0000
0.1000 -3.1266 0.0266
0.2000 -3.6815 0.0359
0.3000 -3.8376 0.0417
0.4000 -3.9522 0.0462
0.5000 -4.1887 0.0498
0.6000 -4.4469 0.0529
0.7000 -4.4316 0.0549
0.8000 -4.1183 0.0565
0.9000 -3.9068 0.0581
1.0000 -3.8141 0.0597
#TI average gradients and standard deviation in kcal/mol
0.0000 -62.0489 22.0786
0.1000 -11.9441 17.8579
0.2000 -2.5082 16.5241
0.3000 -0.7383 14.8310
0.4000 -2.0265 15.2606
0.5000 -2.3783 14.2733
0.6000 -1.6175 12.6895
0.7000 2.4120 9.6634
0.8000 3.0407 9.8648
0.9000 1.2693 9.4924
1.0000 14.8560 10.5413
#PMF from TI in kcal/mol
0.0000 0.0000
0.1000 -3.6996
0.2000 -4.4223
0.3000 -4.5846
0.4000 -4.7228
0.5000 -4.9431
0.6000 -5.1429
0.7000 -5.1031
0.8000 -4.8305
0.9000 -4.6150
1.0000 -3.8087
#MBAR free energy difference in kcal/mol: 
-3.814112, 0.059688  #WARNING SUBSAMPLING DISABLED, CONSIDER RERUN WITH SUBSAMPLING OPTION
#TI free energy difference in kcal/mol: 
-3.808734  #WARNING SUBSAMPLING DISABLED, CONSIDER RERUN WITH SUBSAMPLING OPTION 
Starting /export/users/common/BioSimSpace/sire.app/bin/analyse_freenrg: number of threads equals 32
