# Analysing data contained in file(s) ['lambda_0.0000/simfile.dat', 'lambda_0.1000/simfile.dat', 'lambda_0.2000/simfile.dat', 'lambda_0.3000/simfile.dat', 'lambda_0.4000/simfile.dat', 'lambda_0.5000/simfile.dat', 'lambda_0.6000/simfile.dat', 'lambda_0.7000/simfile.dat', 'lambda_0.8000/simfile.dat', 'lambda_0.9000/simfile.dat', 'lambda_1.0000/simfile.dat']
#Overlap matrix
0.8080 0.1876 0.0044 0.0000 0.0000 0.0000 0.0000 0.0000 0.0000 0.0000 0.0000
0.1876 0.6246 0.1828 0.0050 0.0000 0.0000 0.0000 0.0000 0.0000 0.0000 0.0000
0.0044 0.1828 0.6137 0.1919 0.0071 0.0000 0.0000 0.0000 0.0000 0.0000 0.0000
0.0000 0.0050 0.1919 0.5950 0.2004 0.0076 0.0000 0.0000 0.0000 0.0000 0.0000
0.0000 0.0000 0.0071 0.2004 0.5848 0.1987 0.0090 0.0001 0.0000 0.0000 0.0000
0.0000 0.0000 0.0000 0.0076 0.1987 0.5780 0.2065 0.0092 0.0001 0.0000 0.0000
0.0000 0.0000 0.0000 0.0000 0.0090 0.2065 0.5741 0.2021 0.0082 0.0000 0.0000
0.0000 0.0000 0.0000 0.0000 0.0001 0.0092 0.2021 0.5894 0.1930 0.0062 0.0000
0.0000 0.0000 0.0000 0.0000 0.0000 0.0001 0.0082 0.1930 0.6230 0.1732 0.0025
0.0000 0.0000 0.0000 0.0000 0.0000 0.0000 0.0000 0.0062 0.1732 0.6861 0.1345
0.0000 0.0000 0.0000 0.0000 0.0000 0.0000 0.0000 0.0000 0.0025 0.1345 0.8630
#DG from neighbouring lambda in kcal/mol
0.0000 0.1000 0.8652 0.0155
0.1000 0.2000 0.8256 0.0155
0.2000 0.3000 0.7174 0.0148
0.3000 0.4000 0.7035 0.0141
0.4000 0.5000 0.6233 0.0141
0.5000 0.6000 0.5634 0.0136
0.6000 0.7000 0.5526 0.0139
0.7000 0.8000 0.7075 0.0146
0.8000 0.9000 1.2296 0.0162
0.9000 1.0000 2.3505 0.0199
#PMF from MBAR in kcal/mol
0.0000 0.0000 0.0000
0.1000 0.8652 0.0155
0.2000 1.6908 0.0247
0.3000 2.4082 0.0310
0.4000 3.1117 0.0358
0.5000 3.7350 0.0401
0.6000 4.2984 0.0438
0.7000 4.8510 0.0472
0.8000 5.5585 0.0507
0.9000 6.7882 0.0543
1.0000 9.1387 0.0590
#TI average gradients and standard deviation in kcal/mol
0.0000 4.3114 13.9481
0.1000 8.9478 13.9952
0.2000 7.7263 13.4914
0.3000 6.6005 12.8972
0.4000 7.0144 13.3967
0.5000 5.7400 12.5487
0.6000 5.6130 12.6552
0.7000 5.7708 12.7555
0.8000 8.7697 13.4223
0.9000 16.5521 15.5196
1.0000 32.5894 18.6482
#PMF from TI in kcal/mol
0.0000 0.0000
0.1000 0.6630
0.2000 1.4967
0.3000 2.2130
0.4000 2.8937
0.5000 3.5315
0.6000 4.0991
0.7000 4.6683
0.8000 5.3953
0.9000 6.6614
1.0000 9.1185
#MBAR free energy difference in kcal/mol: 
9.138684, 0.059030  #WARNING SUBSAMPLING DISABLED, CONSIDER RERUN WITH SUBSAMPLING OPTION
#TI free energy difference in kcal/mol: 
9.118495  #WARNING SUBSAMPLING DISABLED, CONSIDER RERUN WITH SUBSAMPLING OPTION 
Starting /export/users/common/BioSimSpace/sire.app/bin/analyse_freenrg: number of threads equals 32
