# Analysing data contained in file(s) ['lambda_0.0000/simfile.dat', 'lambda_0.1000/simfile.dat', 'lambda_0.2000/simfile.dat', 'lambda_0.3000/simfile.dat', 'lambda_0.4000/simfile.dat', 'lambda_0.5000/simfile.dat', 'lambda_0.6000/simfile.dat', 'lambda_0.7000/simfile.dat', 'lambda_0.8000/simfile.dat', 'lambda_0.9000/simfile.dat', 'lambda_1.0000/simfile.dat']
#Overlap matrix
0.9766 0.0234 0.0000 0.0000 0.0000 0.0000 0.0000 0.0000 0.0000 0.0000 0.0000
0.0234 0.9683 0.0084 0.0000 0.0000 0.0000 0.0000 0.0000 0.0000 0.0000 0.0000
0.0000 0.0084 0.9881 0.0035 0.0000 0.0000 0.0000 0.0000 0.0000 0.0000 0.0000
0.0000 0.0000 0.0035 0.9964 0.0000 0.0000 0.0000 0.0000 0.0000 0.0000 0.0000
0.0000 0.0000 0.0000 0.0000 0.8711 0.0989 0.0224 0.0069 0.0007 0.0000 0.0000
0.0000 0.0000 0.0000 0.0000 0.0989 0.5855 0.2537 0.0569 0.0049 0.0000 0.0000
0.0000 0.0000 0.0000 0.0000 0.0224 0.2537 0.4291 0.2463 0.0477 0.0007 0.0000
0.0000 0.0000 0.0000 0.0000 0.0069 0.0569 0.2463 0.4268 0.2513 0.0118 0.0000
0.0000 0.0000 0.0000 0.0000 0.0007 0.0049 0.0477 0.2513 0.5587 0.1344 0.0023
0.0000 0.0000 0.0000 0.0000 0.0000 0.0000 0.0007 0.0118 0.1344 0.5847 0.2683
0.0000 0.0000 0.0000 0.0000 0.0000 0.0000 0.0000 0.0000 0.0023 0.2683 0.7294
#DG from neighbouring lambda in kcal/mol
0.0000 0.1000 -2.0169 0.0552
0.1000 0.2000 -2.5358 0.0938
0.2000 0.3000 -3.0740 0.1449
0.3000 0.4000 -15.7460 1.9964
0.4000 0.5000 5.4790 0.0210
0.5000 0.6000 12.6486 0.0089
0.6000 0.7000 11.4270 0.0083
0.7000 0.8000 8.8176 0.0097
0.8000 0.9000 5.6606 0.0188
0.9000 1.0000 2.5922 0.0113
#PMF from MBAR in kcal/mol
0.0000 0.0000 0.0000
0.1000 -2.0169 0.0552
0.2000 -4.5528 0.1095
0.3000 -7.6268 0.1821
0.4000 -23.3728 2.0047
0.5000 -17.8938 2.0047
0.6000 -5.2452 2.0047
0.7000 6.1818 2.0047
0.8000 14.9994 2.0047
0.9000 20.6601 2.0047
1.0000 23.2522 2.0048
#TI average gradients and standard deviation in kcal/mol
0.0000 -22.2219 25.5751
0.1000 -20.5471 28.7164
0.2000 -32.0019 33.7183
0.3000 -31.0885 36.5636
0.4000 -46.4777 29.6782
0.5000 115.4345 11.4665
0.6000 125.4758 8.5693
0.7000 101.6264 9.0838
0.8000 75.0546 10.7215
0.9000 35.1420 15.4578
1.0000 26.8431 8.3816
#PMF from TI in kcal/mol
0.0000 0.0000
0.1000 -2.1384
0.2000 -4.7659
0.3000 -7.9204
0.4000 -11.7987
0.5000 -8.3509
0.6000 3.6946
0.7000 15.0497
0.8000 23.8838
0.9000 29.3936
1.0000 32.4929
#MBAR free energy difference in kcal/mol: 
23.252228, 2.004813  #WARNING SUBSAMPLING DISABLED, CONSIDER RERUN WITH SUBSAMPLING OPTION
#TI free energy difference in kcal/mol: 
32.492870  #WARNING SUBSAMPLING DISABLED, CONSIDER RERUN WITH SUBSAMPLING OPTION 
Starting /export/users/common/BioSimSpace/sire.app/bin/analyse_freenrg: number of threads equals 32
