# Analysing data contained in file(s) ['lambda_0.0000/simfile.dat', 'lambda_0.1000/simfile.dat', 'lambda_0.2000/simfile.dat', 'lambda_0.3000/simfile.dat', 'lambda_0.4000/simfile.dat', 'lambda_0.5000/simfile.dat', 'lambda_0.6000/simfile.dat', 'lambda_0.7000/simfile.dat', 'lambda_0.8000/simfile.dat', 'lambda_0.9000/simfile.dat', 'lambda_1.0000/simfile.dat']
#Overlap matrix
0.9368 0.0632 0.0001 0.0000 0.0000 0.0000 0.0000 0.0000 0.0000 0.0000 0.0000
0.0632 0.8561 0.0806 0.0001 0.0000 0.0000 0.0000 0.0000 0.0000 0.0000 0.0000
0.0001 0.0806 0.8266 0.0924 0.0003 0.0000 0.0000 0.0000 0.0000 0.0000 0.0000
0.0000 0.0001 0.0924 0.8025 0.1045 0.0005 0.0000 0.0000 0.0000 0.0000 0.0000
0.0000 0.0000 0.0003 0.1045 0.7896 0.1053 0.0003 0.0000 0.0000 0.0000 0.0000
0.0000 0.0000 0.0000 0.0005 0.1053 0.8327 0.0592 0.0022 0.0000 0.0000 0.0000
0.0000 0.0000 0.0000 0.0000 0.0003 0.0592 0.7651 0.1700 0.0054 0.0000 0.0000
0.0000 0.0000 0.0000 0.0000 0.0000 0.0022 0.1700 0.6508 0.1725 0.0044 0.0000
0.0000 0.0000 0.0000 0.0000 0.0000 0.0000 0.0054 0.1725 0.6210 0.1906 0.0104
0.0000 0.0000 0.0000 0.0000 0.0000 0.0000 0.0000 0.0044 0.1906 0.5705 0.2345
0.0000 0.0000 0.0000 0.0000 0.0000 0.0000 0.0000 0.0000 0.0104 0.2345 0.7550
#DG from neighbouring lambda in kcal/mol
0.0000 0.1000 -1.8889 0.0322
0.1000 0.2000 -0.8147 0.0279
0.2000 0.3000 -0.4510 0.0256
0.3000 0.4000 -0.1997 0.0237
0.4000 0.5000 -0.2030 0.0236
0.5000 0.6000 -0.8409 0.0326
0.6000 0.7000 0.5371 0.0165
0.7000 0.8000 1.1452 0.0162
0.8000 0.9000 0.4507 0.0147
0.9000 1.0000 0.0949 0.0125
#PMF from MBAR in kcal/mol
0.0000 0.0000 0.0000
0.1000 -1.8889 0.0322
0.2000 -2.7035 0.0443
0.3000 -3.1545 0.0525
0.4000 -3.3542 0.0589
0.5000 -3.5572 0.0645
0.6000 -4.3981 0.0733
0.7000 -3.8609 0.0759
0.8000 -2.7158 0.0784
0.9000 -2.2651 0.0806
1.0000 -2.1702 0.0823
#TI average gradients and standard deviation in kcal/mol
0.0000 -27.0517 21.7220
0.1000 -12.0884 20.4489
0.2000 -5.5808 19.3548
0.3000 -2.8716 18.4334
0.4000 -1.6778 17.9486
0.5000 -2.7025 18.5190
0.6000 -8.1852 17.3612
0.7000 12.7000 13.8020
0.8000 7.9158 13.9004
0.9000 2.0489 12.1175
1.0000 5.9167 11.1779
#PMF from TI in kcal/mol
0.0000 0.0000
0.1000 -1.9570
0.2000 -2.8405
0.3000 -3.2631
0.4000 -3.4906
0.5000 -3.7096
0.6000 -4.2540
0.7000 -4.0282
0.8000 -2.9974
0.9000 -2.4992
1.0000 -2.1009
#MBAR free energy difference in kcal/mol: 
-2.170244, 0.082290  #WARNING SUBSAMPLING DISABLED, CONSIDER RERUN WITH SUBSAMPLING OPTION
#TI free energy difference in kcal/mol: 
-2.100913  #WARNING SUBSAMPLING DISABLED, CONSIDER RERUN WITH SUBSAMPLING OPTION 
Starting /export/users/common/BioSimSpace/sire.app/bin/analyse_freenrg: number of threads equals 32
