# Analysing data contained in file(s) ['lambda_0.0000/simfile.dat', 'lambda_0.1000/simfile.dat', 'lambda_0.2000/simfile.dat', 'lambda_0.3000/simfile.dat', 'lambda_0.4000/simfile.dat', 'lambda_0.5000/simfile.dat', 'lambda_0.6000/simfile.dat', 'lambda_0.7000/simfile.dat', 'lambda_0.8000/simfile.dat', 'lambda_0.9000/simfile.dat', 'lambda_1.0000/simfile.dat']
#Overlap matrix
1.0000 0.0000 0.0000 0.0000 0.0000 0.0000 0.0000 0.0000 0.0000 0.0000 0.0000
0.0000 0.9758 0.0242 0.0000 0.0000 0.0000 0.0000 0.0000 0.0000 0.0000 0.0000
0.0000 0.0242 0.9181 0.0577 0.0000 0.0000 0.0000 0.0000 0.0000 0.0000 0.0000
0.0000 0.0000 0.0577 0.8676 0.0747 0.0000 0.0000 0.0000 0.0000 0.0000 0.0000
0.0000 0.0000 0.0000 0.0747 0.8866 0.0388 0.0000 0.0000 0.0000 0.0000 0.0000
0.0000 0.0000 0.0000 0.0000 0.0388 0.9038 0.0574 0.0000 0.0000 0.0000 0.0000
0.0000 0.0000 0.0000 0.0000 0.0000 0.0574 0.8845 0.0581 0.0000 0.0000 0.0000
0.0000 0.0000 0.0000 0.0000 0.0000 0.0000 0.0581 0.8788 0.0631 0.0000 0.0000
0.0000 0.0000 0.0000 0.0000 0.0000 0.0000 0.0000 0.0631 0.8768 0.0601 0.0000
0.0000 0.0000 0.0000 0.0000 0.0000 0.0000 0.0000 0.0000 0.0601 0.8899 0.0499
0.0000 0.0000 0.0000 0.0000 0.0000 0.0000 0.0000 0.0000 0.0000 0.0499 0.9500
#DG from neighbouring lambda in kcal/mol
0.0000 0.1000 25.4548 0.0718
0.1000 0.2000 5.4893 0.0543
0.2000 0.3000 5.6559 0.0339
0.3000 0.4000 5.8354 0.0292
0.4000 0.5000 6.2140 0.0422
0.5000 0.6000 5.2366 0.0340
0.6000 0.7000 4.3905 0.0337
0.7000 0.8000 3.9222 0.0322
0.8000 0.9000 4.3009 0.0331
0.9000 1.0000 6.6177 0.0367
#PMF from MBAR in kcal/mol
0.0000 0.0000 0.0000
0.1000 25.4548 0.0718
0.2000 30.9440 0.0518
0.3000 36.6000 0.0436
0.4000 42.4354 0.0388
0.5000 48.6494 0.0334
0.6000 53.8860 0.0334
0.7000 58.2765 0.0371
0.8000 62.1988 0.0430
0.9000 66.4997 0.0509
1.0000 73.1173 0.0616
#TI average gradients and standard deviation in kcal/mol
0.0000 2514.6580 1444.6222
0.1000 50.2843 31.9179
0.2000 57.2157 24.0646
0.3000 55.9045 21.1607
0.4000 65.4602 22.3634
0.5000 55.7865 24.0356
0.6000 48.5560 22.6061
0.7000 40.2291 21.8438
0.8000 38.8864 21.4605
0.9000 48.7023 23.3123
1.0000 101.7682 24.4181
#PMF from TI in kcal/mol
0.0000 0.0000
0.1000 128.2471
0.2000 133.6221
0.3000 139.2781
0.4000 145.3464
0.5000 151.4087
0.6000 156.6258
0.7000 161.0651
0.8000 165.0209
0.9000 169.4003
1.0000 176.9238
#MBAR free energy difference in kcal/mol: 
73.117319, 0.061578  #WARNING SUBSAMPLING DISABLED, CONSIDER RERUN WITH SUBSAMPLING OPTION
#TI free energy difference in kcal/mol: 
176.923807  #WARNING SUBSAMPLING DISABLED, CONSIDER RERUN WITH SUBSAMPLING OPTION 
Starting /export/users/common/BioSimSpace/sire.app/bin/analyse_freenrg: number of threads equals 32
