# Analysing data contained in file(s) ['lambda_0.0000/simfile.dat', 'lambda_0.1000/simfile.dat', 'lambda_0.2000/simfile.dat', 'lambda_0.3000/simfile.dat', 'lambda_0.4000/simfile.dat', 'lambda_0.5000/simfile.dat', 'lambda_0.6000/simfile.dat', 'lambda_0.7000/simfile.dat', 'lambda_0.8000/simfile.dat', 'lambda_0.9000/simfile.dat', 'lambda_1.0000/simfile.dat']
#Overlap matrix
0.9670 0.0330 0.0000 0.0000 0.0000 0.0000 0.0000 0.0000 0.0000 0.0000 0.0000
0.0330 0.9236 0.0434 0.0000 0.0000 0.0000 0.0000 0.0000 0.0000 0.0000 0.0000
0.0000 0.0434 0.9117 0.0449 0.0000 0.0000 0.0000 0.0000 0.0000 0.0000 0.0000
0.0000 0.0000 0.0449 0.9003 0.0547 0.0000 0.0000 0.0000 0.0000 0.0000 0.0000
0.0000 0.0000 0.0000 0.0547 0.8861 0.0592 0.0000 0.0000 0.0000 0.0000 0.0000
0.0000 0.0000 0.0000 0.0000 0.0592 0.8805 0.0600 0.0003 0.0000 0.0000 0.0000
0.0000 0.0000 0.0000 0.0000 0.0000 0.0600 0.8198 0.1196 0.0006 0.0000 0.0000
0.0000 0.0000 0.0000 0.0000 0.0000 0.0003 0.1196 0.7558 0.1235 0.0008 0.0000
0.0000 0.0000 0.0000 0.0000 0.0000 0.0000 0.0006 0.1235 0.7217 0.1523 0.0019
0.0000 0.0000 0.0000 0.0000 0.0000 0.0000 0.0000 0.0008 0.1523 0.6780 0.1688
0.0000 0.0000 0.0000 0.0000 0.0000 0.0000 0.0000 0.0000 0.0019 0.1688 0.8293
#DG from neighbouring lambda in kcal/mol
0.0000 0.1000 -3.3264 0.0460
0.1000 0.2000 -1.8560 0.0397
0.2000 0.3000 -1.1538 0.0389
0.3000 0.4000 -1.1174 0.0349
0.4000 0.5000 -0.9237 0.0334
0.5000 0.6000 -0.7344 0.0330
0.6000 0.7000 0.3603 0.0217
0.7000 0.8000 0.4830 0.0212
0.8000 0.9000 -0.0718 0.0182
0.9000 1.0000 -0.5040 0.0170
#PMF from MBAR in kcal/mol
0.0000 0.0000 0.0000
0.1000 -3.3264 0.0460
0.2000 -5.1824 0.0620
0.3000 -6.3361 0.0742
0.4000 -7.4535 0.0829
0.5000 -8.3773 0.0902
0.6000 -9.1117 0.0968
0.7000 -8.7514 0.0999
0.8000 -8.2684 0.1029
0.9000 -8.3402 0.1052
1.0000 -8.8442 0.1072
#TI average gradients and standard deviation in kcal/mol
0.0000 -47.2183 25.1936
0.1000 -24.8074 24.6166
0.2000 -12.9666 22.6520
0.3000 -12.1040 23.2920
0.4000 -9.9951 23.0335
0.5000 -7.2569 21.7262
0.6000 -4.1106 18.8902
0.7000 7.1731 16.7855
0.8000 1.4471 16.0740
0.9000 -3.1428 15.3515
1.0000 -0.5480 13.9209
#PMF from TI in kcal/mol
0.0000 0.0000
0.1000 -3.6013
0.2000 -5.4900
0.3000 -6.7435
0.4000 -7.8485
0.5000 -8.7111
0.6000 -9.2794
0.7000 -9.1263
0.8000 -8.6953
0.9000 -8.7801
1.0000 -8.9646
#MBAR free energy difference in kcal/mol: 
-8.844184, 0.107169  #WARNING SUBSAMPLING DISABLED, CONSIDER RERUN WITH SUBSAMPLING OPTION
#TI free energy difference in kcal/mol: 
-8.964630  #WARNING SUBSAMPLING DISABLED, CONSIDER RERUN WITH SUBSAMPLING OPTION 
Starting /export/users/common/BioSimSpace/sire.app/bin/analyse_freenrg: number of threads equals 32
