# Analysing data contained in file(s) ['lambda_0.0000/simfile.dat', 'lambda_0.1000/simfile.dat', 'lambda_0.2000/simfile.dat', 'lambda_0.3000/simfile.dat', 'lambda_0.4000/simfile.dat', 'lambda_0.5000/simfile.dat', 'lambda_0.6000/simfile.dat', 'lambda_0.7000/simfile.dat', 'lambda_0.8000/simfile.dat', 'lambda_0.9000/simfile.dat', 'lambda_1.0000/simfile.dat']
#Overlap matrix
0.9268 0.0731 0.0001 0.0000 0.0000 0.0000 0.0000 0.0000 0.0000 0.0000 0.0000
0.0731 0.8299 0.0966 0.0004 0.0000 0.0000 0.0000 0.0000 0.0000 0.0000 0.0000
0.0001 0.0966 0.7765 0.1260 0.0007 0.0000 0.0000 0.0000 0.0000 0.0000 0.0000
0.0000 0.0004 0.1260 0.7357 0.1372 0.0008 0.0000 0.0000 0.0000 0.0000 0.0000
0.0000 0.0000 0.0007 0.1372 0.7325 0.1289 0.0007 0.0000 0.0000 0.0000 0.0000
0.0000 0.0000 0.0000 0.0008 0.1289 0.7422 0.1274 0.0008 0.0000 0.0000 0.0000
0.0000 0.0000 0.0000 0.0000 0.0007 0.1274 0.7438 0.1275 0.0006 0.0000 0.0000
0.0000 0.0000 0.0000 0.0000 0.0000 0.0008 0.1275 0.7527 0.1189 0.0002 0.0000
0.0000 0.0000 0.0000 0.0000 0.0000 0.0000 0.0006 0.1189 0.8006 0.0799 0.0000
0.0000 0.0000 0.0000 0.0000 0.0000 0.0000 0.0000 0.0002 0.0799 0.8882 0.0317
0.0000 0.0000 0.0000 0.0000 0.0000 0.0000 0.0000 0.0000 0.0000 0.0317 0.9683
#DG from neighbouring lambda in kcal/mol
0.0000 0.1000 -7.7147 0.0295
0.1000 0.2000 -5.9619 0.0249
0.2000 0.3000 -5.1716 0.0210
0.3000 0.4000 -4.9924 0.0197
0.4000 0.5000 -5.1627 0.0206
0.5000 0.6000 -5.4297 0.0208
0.6000 0.7000 -5.5610 0.0208
0.7000 0.8000 -5.4220 0.0218
0.8000 0.9000 -4.2833 0.0280
0.9000 1.0000 -1.2652 0.0470
#PMF from MBAR in kcal/mol
0.0000 0.0000 0.0000
0.1000 -7.7147 0.0295
0.2000 -13.6767 0.0405
0.3000 -18.8483 0.0472
0.4000 -23.8406 0.0525
0.5000 -29.0033 0.0577
0.6000 -34.4330 0.0624
0.7000 -39.9940 0.0669
0.8000 -45.4160 0.0714
0.9000 -49.6993 0.0776
1.0000 -50.9645 0.0916
#TI average gradients and standard deviation in kcal/mol
0.0000 -99.3492 31.3802
0.1000 -65.3706 19.6370
0.2000 -54.5186 17.1053
0.3000 -50.3271 16.3929
0.4000 -50.0388 16.5589
0.5000 -53.0237 16.5440
0.6000 -55.1873 16.7270
0.7000 -56.0653 16.9827
0.8000 -50.9009 18.5951
0.9000 -32.1112 22.6399
1.0000 17.9754 33.1022
#PMF from TI in kcal/mol
0.0000 0.0000
0.1000 -8.2360
0.2000 -14.2305
0.3000 -19.4727
0.4000 -24.4910
0.5000 -29.6442
0.6000 -35.0547
0.7000 -40.6174
0.8000 -45.9657
0.9000 -50.1163
1.0000 -50.8231
#MBAR free energy difference in kcal/mol: 
-50.964481, 0.091552  #WARNING SUBSAMPLING DISABLED, CONSIDER RERUN WITH SUBSAMPLING OPTION
#TI free energy difference in kcal/mol: 
-50.823059  #WARNING SUBSAMPLING DISABLED, CONSIDER RERUN WITH SUBSAMPLING OPTION 
Starting /export/users/common/BioSimSpace/sire.app/bin/analyse_freenrg: number of threads equals 32
