# Analysing data contained in file(s) ['lambda_0.0000/simfile.dat', 'lambda_0.1000/simfile.dat', 'lambda_0.2000/simfile.dat', 'lambda_0.3000/simfile.dat', 'lambda_0.4000/simfile.dat', 'lambda_0.5000/simfile.dat', 'lambda_0.6000/simfile.dat', 'lambda_0.7000/simfile.dat', 'lambda_0.8000/simfile.dat', 'lambda_0.9000/simfile.dat', 'lambda_1.0000/simfile.dat']
#Overlap matrix
0.8693 0.1285 0.0022 0.0000 0.0000 0.0000 0.0000 0.0000 0.0000 0.0000 0.0000
0.1285 0.6966 0.1685 0.0063 0.0000 0.0000 0.0000 0.0000 0.0000 0.0000 0.0000
0.0022 0.1685 0.6240 0.1966 0.0086 0.0001 0.0000 0.0000 0.0000 0.0000 0.0000
0.0000 0.0063 0.1966 0.5851 0.2025 0.0095 0.0001 0.0000 0.0000 0.0000 0.0000
0.0000 0.0000 0.0086 0.2025 0.5732 0.2069 0.0088 0.0000 0.0000 0.0000 0.0000
0.0000 0.0000 0.0001 0.0095 0.2069 0.5746 0.2017 0.0073 0.0000 0.0000 0.0000
0.0000 0.0000 0.0000 0.0001 0.0088 0.2017 0.5850 0.1979 0.0066 0.0000 0.0000
0.0000 0.0000 0.0000 0.0000 0.0000 0.0073 0.1979 0.6019 0.1875 0.0052 0.0000
0.0000 0.0000 0.0000 0.0000 0.0000 0.0000 0.0066 0.1875 0.6127 0.1885 0.0047
0.0000 0.0000 0.0000 0.0000 0.0000 0.0000 0.0000 0.0052 0.1885 0.6238 0.1824
0.0000 0.0000 0.0000 0.0000 0.0000 0.0000 0.0000 0.0000 0.0047 0.1824 0.8129
#DG from neighbouring lambda in kcal/mol
0.0000 0.1000 -3.3912 0.0206
0.1000 0.2000 -2.4970 0.0165
0.2000 0.3000 -1.9877 0.0143
0.3000 0.4000 -1.8194 0.0138
0.4000 0.5000 -1.8354 0.0136
0.5000 0.6000 -1.9087 0.0140
0.6000 0.7000 -2.0117 0.0143
0.7000 0.8000 -2.0699 0.0150
0.8000 0.9000 -2.1483 0.0151
0.9000 1.0000 -2.1517 0.0158
#PMF from MBAR in kcal/mol
0.0000 0.0000 0.0000
0.1000 -3.3912 0.0206
0.2000 -5.8882 0.0288
0.3000 -7.8759 0.0341
0.4000 -9.6953 0.0384
0.5000 -11.5307 0.0422
0.6000 -13.4395 0.0458
0.7000 -15.4512 0.0493
0.8000 -17.5211 0.0527
0.9000 -19.6694 0.0560
1.0000 -21.8211 0.0593
#TI average gradients and standard deviation in kcal/mol
0.0000 -39.8332 17.6082
0.1000 -28.4428 15.4632
0.2000 -21.8769 13.5136
0.3000 -18.5266 12.7994
0.4000 -18.2171 12.4588
0.5000 -18.7212 12.9539
0.6000 -19.3710 13.2288
0.7000 -20.0676 12.7254
0.8000 -21.5767 13.3762
0.9000 -21.4883 13.7803
1.0000 -18.0859 14.2871
#PMF from TI in kcal/mol
0.0000 0.0000
0.1000 -3.4138
0.2000 -5.9298
0.3000 -7.9500
0.4000 -9.7871
0.5000 -11.6340
0.6000 -13.5387
0.7000 -15.5106
0.8000 -17.5928
0.9000 -19.7460
1.0000 -21.7248
#MBAR free energy difference in kcal/mol: 
-21.821090, 0.059330  #WARNING SUBSAMPLING DISABLED, CONSIDER RERUN WITH SUBSAMPLING OPTION
#TI free energy difference in kcal/mol: 
-21.724753  #WARNING SUBSAMPLING DISABLED, CONSIDER RERUN WITH SUBSAMPLING OPTION 
Starting /export/users/common/BioSimSpace/sire.app/bin/analyse_freenrg: number of threads equals 32
