# Analysing data contained in file(s) ['lambda_0.0000/simfile.dat', 'lambda_0.1000/simfile.dat', 'lambda_0.2000/simfile.dat', 'lambda_0.3000/simfile.dat', 'lambda_0.4000/simfile.dat', 'lambda_0.5000/simfile.dat', 'lambda_0.6000/simfile.dat', 'lambda_0.7000/simfile.dat', 'lambda_0.8000/simfile.dat', 'lambda_0.9000/simfile.dat', 'lambda_1.0000/simfile.dat']
#Overlap matrix
0.9741 0.0259 0.0000 0.0000 0.0000 0.0000 0.0000 0.0000 0.0000 0.0000 0.0000
0.0259 0.9456 0.0285 0.0000 0.0000 0.0000 0.0000 0.0000 0.0000 0.0000 0.0000
0.0000 0.0285 0.9682 0.0033 0.0000 0.0000 0.0000 0.0000 0.0000 0.0000 0.0000
0.0000 0.0000 0.0033 0.9457 0.0508 0.0002 0.0000 0.0000 0.0000 0.0000 0.0000
0.0000 0.0000 0.0000 0.0508 0.8009 0.1458 0.0024 0.0000 0.0000 0.0000 0.0000
0.0000 0.0000 0.0000 0.0002 0.1458 0.6811 0.1665 0.0062 0.0001 0.0000 0.0000
0.0000 0.0000 0.0000 0.0000 0.0024 0.1665 0.5962 0.2100 0.0235 0.0013 0.0000
0.0000 0.0000 0.0000 0.0000 0.0000 0.0062 0.2100 0.4915 0.2424 0.0462 0.0038
0.0000 0.0000 0.0000 0.0000 0.0000 0.0001 0.0235 0.2424 0.4255 0.2507 0.0577
0.0000 0.0000 0.0000 0.0000 0.0000 0.0000 0.0013 0.0462 0.2507 0.4204 0.2814
0.0000 0.0000 0.0000 0.0000 0.0000 0.0000 0.0000 0.0038 0.0577 0.2814 0.6571
#DG from neighbouring lambda in kcal/mol
0.0000 0.1000 24.0370 0.0523
0.1000 0.2000 20.8974 0.0498
0.2000 0.3000 15.0989 0.1497
0.3000 0.4000 4.0976 0.0363
0.4000 0.5000 1.5195 0.0188
0.5000 0.6000 -0.8873 0.0167
0.6000 0.7000 -2.8580 0.0128
0.7000 0.8000 -3.9536 0.0097
0.8000 0.9000 -4.6080 0.0084
0.9000 1.0000 -5.0812 0.0087
#PMF from MBAR in kcal/mol
0.0000 0.0000 0.0000
0.1000 24.0370 0.0523
0.2000 44.9345 0.0732
0.3000 60.0334 0.1671
0.4000 64.1310 0.1714
0.5000 65.6505 0.1729
0.6000 64.7633 0.1741
0.7000 61.9053 0.1749
0.8000 57.9516 0.1754
0.9000 53.3437 0.1759
1.0000 48.2624 0.1763
#TI average gradients and standard deviation in kcal/mol
0.0000 249.1607 26.7293
0.1000 226.1714 26.8434
0.2000 190.7623 26.7541
0.3000 66.6126 32.9907
0.4000 26.3020 17.3895
0.5000 3.4699 14.6837
0.6000 -20.5059 13.3568
0.7000 -34.9979 10.5172
0.8000 -43.2286 8.9349
0.9000 -48.6483 8.3914
1.0000 -47.4486 8.5983
#PMF from TI in kcal/mol
0.0000 0.0000
0.1000 23.7666
0.2000 44.6133
0.3000 57.4820
0.4000 62.1278
0.5000 63.6164
0.6000 62.7646
0.7000 59.9894
0.8000 56.0781
0.9000 51.4842
1.0000 46.6794
#MBAR free energy difference in kcal/mol: 
48.262422, 0.176320  #WARNING SUBSAMPLING DISABLED, CONSIDER RERUN WITH SUBSAMPLING OPTION
#TI free energy difference in kcal/mol: 
46.679364  #WARNING SUBSAMPLING DISABLED, CONSIDER RERUN WITH SUBSAMPLING OPTION 
Starting /export/users/common/BioSimSpace/sire.app/bin/analyse_freenrg: number of threads equals 32
