# Analysing data contained in file(s) ['lambda_0.0000/simfile.dat', 'lambda_0.1000/simfile.dat', 'lambda_0.2000/simfile.dat', 'lambda_0.3000/simfile.dat', 'lambda_0.4000/simfile.dat', 'lambda_0.5000/simfile.dat', 'lambda_0.6000/simfile.dat', 'lambda_0.7000/simfile.dat', 'lambda_0.8000/simfile.dat', 'lambda_0.9000/simfile.dat', 'lambda_1.0000/simfile.dat']
#Overlap matrix
0.9452 0.0547 0.0000 0.0000 0.0000 0.0000 0.0000 0.0000 0.0000 0.0000 0.0000
0.0547 0.8479 0.0971 0.0002 0.0000 0.0000 0.0000 0.0000 0.0000 0.0000 0.0000
0.0000 0.0971 0.7831 0.1194 0.0004 0.0000 0.0000 0.0000 0.0000 0.0000 0.0000
0.0000 0.0002 0.1194 0.7583 0.1214 0.0006 0.0000 0.0000 0.0000 0.0000 0.0000
0.0000 0.0000 0.0004 0.1214 0.7357 0.1423 0.0003 0.0000 0.0000 0.0000 0.0000
0.0000 0.0000 0.0000 0.0006 0.1423 0.7591 0.0978 0.0002 0.0000 0.0000 0.0000
0.0000 0.0000 0.0000 0.0000 0.0003 0.0978 0.7829 0.1187 0.0003 0.0000 0.0000
0.0000 0.0000 0.0000 0.0000 0.0000 0.0002 0.1187 0.7608 0.1199 0.0004 0.0000
0.0000 0.0000 0.0000 0.0000 0.0000 0.0000 0.0003 0.1199 0.7610 0.1185 0.0003
0.0000 0.0000 0.0000 0.0000 0.0000 0.0000 0.0000 0.0004 0.1185 0.7775 0.1037
0.0000 0.0000 0.0000 0.0000 0.0000 0.0000 0.0000 0.0000 0.0003 0.1037 0.8961
#DG from neighbouring lambda in kcal/mol
0.0000 0.1000 30.5036 0.0349
0.1000 0.2000 28.0769 0.0249
0.2000 0.3000 25.9755 0.0218
0.3000 0.4000 23.6676 0.0215
0.4000 0.5000 21.4072 0.0193
0.5000 0.6000 18.5461 0.0247
0.6000 0.7000 15.5228 0.0219
0.7000 0.8000 12.9802 0.0217
0.8000 0.9000 10.7573 0.0219
0.9000 1.0000 8.7942 0.0239
#PMF from MBAR in kcal/mol
0.0000 0.0000 0.0000
0.1000 30.5036 0.0349
0.2000 58.5805 0.0445
0.3000 84.5560 0.0510
0.4000 108.2237 0.0567
0.5000 129.6308 0.0611
0.6000 148.1770 0.0670
0.7000 163.6998 0.0715
0.8000 176.6800 0.0757
0.9000 187.4373 0.0797
1.0000 196.2316 0.0841
#TI average gradients and standard deviation in kcal/mol
0.0000 315.0192 22.4738
0.1000 291.1046 19.6218
0.2000 270.2205 17.7816
0.3000 248.9332 16.6682
0.4000 223.6674 16.9044
0.5000 203.3101 18.0607
0.6000 168.7734 17.0047
0.7000 142.0690 16.7676
0.8000 118.0042 16.8559
0.9000 97.5950 17.6136
1.0000 80.1944 17.9329
#PMF from TI in kcal/mol
0.0000 0.0000
0.1000 30.3062
0.2000 58.3724
0.3000 84.3301
0.4000 107.9602
0.5000 129.3090
0.6000 147.9132
0.7000 163.4553
0.8000 176.4590
0.9000 187.2389
1.0000 196.1284
#MBAR free energy difference in kcal/mol: 
196.231567, 0.084099  #WARNING SUBSAMPLING DISABLED, CONSIDER RERUN WITH SUBSAMPLING OPTION
#TI free energy difference in kcal/mol: 
196.128416  #WARNING SUBSAMPLING DISABLED, CONSIDER RERUN WITH SUBSAMPLING OPTION 
Starting /export/users/common/BioSimSpace/sire.app/bin/analyse_freenrg: number of threads equals 32
