# Analysing data contained in file(s) ['lambda_0.0000/simfile.dat', 'lambda_0.1000/simfile.dat', 'lambda_0.2000/simfile.dat', 'lambda_0.3000/simfile.dat', 'lambda_0.4000/simfile.dat', 'lambda_0.5000/simfile.dat', 'lambda_0.6000/simfile.dat', 'lambda_0.7000/simfile.dat', 'lambda_0.8000/simfile.dat', 'lambda_0.9000/simfile.dat', 'lambda_1.0000/simfile.dat']
#Overlap matrix
0.9754 0.0246 0.0000 0.0000 0.0000 0.0000 0.0000 0.0000 0.0000 0.0000 0.0000
0.0246 0.9378 0.0376 0.0000 0.0000 0.0000 0.0000 0.0000 0.0000 0.0000 0.0000
0.0000 0.0376 0.9175 0.0449 0.0000 0.0000 0.0000 0.0000 0.0000 0.0000 0.0000
0.0000 0.0000 0.0449 0.8996 0.0555 0.0000 0.0000 0.0000 0.0000 0.0000 0.0000
0.0000 0.0000 0.0000 0.0555 0.8886 0.0559 0.0000 0.0000 0.0000 0.0000 0.0000
0.0000 0.0000 0.0000 0.0000 0.0559 0.9029 0.0411 0.0001 0.0000 0.0000 0.0000
0.0000 0.0000 0.0000 0.0000 0.0000 0.0411 0.8640 0.0946 0.0002 0.0000 0.0000
0.0000 0.0000 0.0000 0.0000 0.0000 0.0001 0.0946 0.8016 0.1035 0.0002 0.0000
0.0000 0.0000 0.0000 0.0000 0.0000 0.0000 0.0002 0.1035 0.8022 0.0940 0.0001
0.0000 0.0000 0.0000 0.0000 0.0000 0.0000 0.0000 0.0002 0.0940 0.8359 0.0699
0.0000 0.0000 0.0000 0.0000 0.0000 0.0000 0.0000 0.0000 0.0001 0.0699 0.9300
#DG from neighbouring lambda in kcal/mol
0.0000 0.1000 -6.1553 0.0538
0.1000 0.2000 -3.1522 0.0429
0.2000 0.3000 -2.1710 0.0389
0.3000 0.4000 -1.9062 0.0346
0.4000 0.5000 -1.8975 0.0345
0.5000 0.6000 -2.1970 0.0408
0.6000 0.7000 -0.9995 0.0253
0.7000 0.8000 -0.4454 0.0239
0.8000 0.9000 -1.0496 0.0254
0.9000 1.0000 -1.7510 0.0303
#PMF from MBAR in kcal/mol
0.0000 0.0000 0.0000
0.1000 -6.1553 0.0538
0.2000 -9.3075 0.0699
0.3000 -11.4785 0.0809
0.4000 -13.3847 0.0888
0.5000 -15.2822 0.0961
0.6000 -17.4792 0.1051
0.7000 -18.4787 0.1088
0.8000 -18.9241 0.1120
0.9000 -19.9737 0.1155
1.0000 -21.7247 0.1200
#TI average gradients and standard deviation in kcal/mol
0.0000 -92.2241 28.0006
0.1000 -41.4474 24.7730
0.2000 -24.8199 23.9501
0.3000 -20.6231 23.8031
0.4000 -18.3484 23.4991
0.5000 -18.5820 23.7563
0.6000 -20.7032 21.9080
0.7000 -3.2451 17.6340
0.8000 -6.9556 17.5863
0.9000 -14.5613 19.0884
1.0000 -13.6887 24.6020
#PMF from TI in kcal/mol
0.0000 0.0000
0.1000 -6.6836
0.2000 -9.9969
0.3000 -12.2691
0.4000 -14.2177
0.5000 -16.0642
0.6000 -18.0284
0.7000 -19.2258
0.8000 -19.7359
0.9000 -20.8117
1.0000 -22.2242
#MBAR free energy difference in kcal/mol: 
-21.724654, 0.120035  #WARNING SUBSAMPLING DISABLED, CONSIDER RERUN WITH SUBSAMPLING OPTION
#TI free energy difference in kcal/mol: 
-22.224229  #WARNING SUBSAMPLING DISABLED, CONSIDER RERUN WITH SUBSAMPLING OPTION 
Starting /export/users/common/BioSimSpace/sire.app/bin/analyse_freenrg: number of threads equals 32
