# Analysing data contained in file(s) ['lambda_0.0000/simfile.dat', 'lambda_0.1000/simfile.dat', 'lambda_0.2000/simfile.dat', 'lambda_0.3000/simfile.dat', 'lambda_0.4000/simfile.dat', 'lambda_0.5000/simfile.dat', 'lambda_0.6000/simfile.dat', 'lambda_0.7000/simfile.dat', 'lambda_0.8000/simfile.dat', 'lambda_0.9000/simfile.dat', 'lambda_1.0000/simfile.dat']
#Overlap matrix
0.9555 0.0445 0.0001 0.0000 0.0000 0.0000 0.0000 0.0000 0.0000 0.0000 0.0000
0.0445 0.8921 0.0633 0.0001 0.0000 0.0000 0.0000 0.0000 0.0000 0.0000 0.0000
0.0001 0.0633 0.8699 0.0665 0.0002 0.0000 0.0000 0.0000 0.0000 0.0000 0.0000
0.0000 0.0001 0.0665 0.8657 0.0675 0.0002 0.0000 0.0000 0.0000 0.0000 0.0000
0.0000 0.0000 0.0002 0.0675 0.8761 0.0558 0.0001 0.0000 0.0001 0.0001 0.0001
0.0000 0.0000 0.0000 0.0002 0.0558 0.8946 0.0359 0.0039 0.0052 0.0035 0.0009
0.0000 0.0000 0.0000 0.0000 0.0001 0.0359 0.6536 0.2309 0.0650 0.0130 0.0016
0.0000 0.0000 0.0000 0.0000 0.0000 0.0039 0.2309 0.4774 0.2275 0.0524 0.0079
0.0000 0.0000 0.0000 0.0000 0.0001 0.0052 0.0650 0.2275 0.3842 0.2375 0.0806
0.0000 0.0000 0.0000 0.0000 0.0001 0.0035 0.0130 0.0524 0.2375 0.3857 0.3078
0.0000 0.0000 0.0000 0.0000 0.0001 0.0009 0.0016 0.0079 0.0806 0.3078 0.6011
#DG from neighbouring lambda in kcal/mol
0.0000 0.1000 -6.4656 0.0391
0.1000 0.2000 -0.8089 0.0321
0.2000 0.3000 -0.1351 0.0311
0.3000 0.4000 -0.1160 0.0309
0.4000 0.5000 -0.4917 0.0343
0.5000 0.6000 -0.9126 0.0371
0.6000 0.7000 1.7860 0.0100
0.7000 0.8000 3.0380 0.0085
0.8000 0.9000 1.9984 0.0076
0.9000 1.0000 1.0703 0.0070
#PMF from MBAR in kcal/mol
0.0000 0.0000 0.0000
0.1000 -6.4656 0.0391
0.2000 -7.2745 0.0520
0.3000 -7.4096 0.0618
0.4000 -7.5256 0.0701
0.5000 -8.0174 0.0790
0.6000 -8.9299 0.0880
0.7000 -7.1439 0.0888
0.8000 -4.1059 0.0891
0.9000 -2.1075 0.0897
1.0000 -1.0372 0.0903
#TI average gradients and standard deviation in kcal/mol
0.0000 -142.3673 24.9859
0.1000 -21.2421 22.5016
0.2000 -2.0730 21.6237
0.3000 -0.4825 20.7339
0.4000 -2.4224 21.3718
0.5000 -6.7073 22.5892
0.6000 -4.1254 17.6912
0.7000 31.4672 9.3590
0.8000 26.3508 8.5652
0.9000 14.1291 7.4806
1.0000 36.5646 7.5852
#PMF from TI in kcal/mol
0.0000 0.0000
0.1000 -8.1805
0.2000 -9.3462
0.3000 -9.4740
0.4000 -9.6192
0.5000 -10.0757
0.6000 -10.6174
0.7000 -9.2503
0.8000 -6.3594
0.9000 -4.3354
1.0000 -1.8007
#MBAR free energy difference in kcal/mol: 
-1.037221, 0.090278  #WARNING SUBSAMPLING DISABLED, CONSIDER RERUN WITH SUBSAMPLING OPTION
#TI free energy difference in kcal/mol: 
-1.800687  #WARNING SUBSAMPLING DISABLED, CONSIDER RERUN WITH SUBSAMPLING OPTION 
Starting /export/users/common/BioSimSpace/sire.app/bin/analyse_freenrg: number of threads equals 32
