# Analysing data contained in file(s) ['lambda_0.0000/simfile.dat', 'lambda_0.1000/simfile.dat', 'lambda_0.2000/simfile.dat', 'lambda_0.3000/simfile.dat', 'lambda_0.4000/simfile.dat', 'lambda_0.5000/simfile.dat', 'lambda_0.6000/simfile.dat', 'lambda_0.7000/simfile.dat', 'lambda_0.8000/simfile.dat', 'lambda_0.9000/simfile.dat', 'lambda_1.0000/simfile.dat']
#Overlap matrix
0.9178 0.0821 0.0001 0.0000 0.0000 0.0000 0.0000 0.0000 0.0000 0.0000 0.0000
0.0821 0.7978 0.1196 0.0005 0.0000 0.0000 0.0000 0.0000 0.0000 0.0000 0.0000
0.0001 0.1196 0.7440 0.1352 0.0011 0.0000 0.0000 0.0000 0.0000 0.0000 0.0000
0.0000 0.0005 0.1352 0.7281 0.1354 0.0009 0.0000 0.0000 0.0000 0.0000 0.0000
0.0000 0.0000 0.0011 0.1354 0.7589 0.1041 0.0005 0.0000 0.0000 0.0000 0.0000
0.0000 0.0000 0.0000 0.0009 0.1041 0.7890 0.1055 0.0005 0.0000 0.0000 0.0000
0.0000 0.0000 0.0000 0.0000 0.0005 0.1055 0.7844 0.1090 0.0006 0.0000 0.0000
0.0000 0.0000 0.0000 0.0000 0.0000 0.0005 0.1090 0.7722 0.1178 0.0005 0.0000
0.0000 0.0000 0.0000 0.0000 0.0000 0.0000 0.0006 0.1178 0.7771 0.1042 0.0003
0.0000 0.0000 0.0000 0.0000 0.0000 0.0000 0.0000 0.0005 0.1042 0.8059 0.0894
0.0000 0.0000 0.0000 0.0000 0.0000 0.0000 0.0000 0.0000 0.0003 0.0894 0.9104
#DG from neighbouring lambda in kcal/mol
0.0000 0.1000 33.6685 0.0276
0.1000 0.2000 28.3316 0.0217
0.2000 0.3000 23.7839 0.0199
0.3000 0.4000 20.1796 0.0199
0.4000 0.5000 17.0127 0.0237
0.5000 0.6000 13.4401 0.0235
0.6000 0.7000 9.8244 0.0230
0.7000 0.8000 6.5753 0.0219
0.8000 0.9000 3.8476 0.0237
0.9000 1.0000 2.3671 0.0262
#PMF from MBAR in kcal/mol
0.0000 0.0000 0.0000
0.1000 33.6685 0.0276
0.2000 62.0001 0.0372
0.3000 85.7840 0.0439
0.4000 105.9637 0.0496
0.5000 122.9764 0.0562
0.6000 136.4164 0.0621
0.7000 146.2408 0.0673
0.8000 152.8162 0.0718
0.9000 156.6637 0.0765
1.0000 159.0308 0.0818
#TI average gradients and standard deviation in kcal/mol
0.0000 363.6811 23.5530
0.1000 307.8905 18.1438
0.2000 259.4895 17.1813
0.3000 217.9583 15.8337
0.4000 186.6993 18.0733
0.5000 152.7480 18.3924
0.6000 115.7403 17.8577
0.7000 80.8256 18.4732
0.8000 51.6434 18.2006
0.9000 27.4538 18.4686
1.0000 23.0366 21.0331
#PMF from TI in kcal/mol
0.0000 0.0000
0.1000 33.5786
0.2000 61.9476
0.3000 85.8200
0.4000 106.0529
0.5000 123.0252
0.6000 136.4496
0.7000 146.2779
0.8000 152.9014
0.9000 156.8562
1.0000 159.3808
#MBAR free energy difference in kcal/mol: 
159.030811, 0.081791  #WARNING SUBSAMPLING DISABLED, CONSIDER RERUN WITH SUBSAMPLING OPTION
#TI free energy difference in kcal/mol: 
159.380767  #WARNING SUBSAMPLING DISABLED, CONSIDER RERUN WITH SUBSAMPLING OPTION 
Starting /export/users/common/BioSimSpace/sire.app/bin/analyse_freenrg: number of threads equals 32
