# Analysing data contained in file(s) ['lambda_0.0000/simfile.dat', 'lambda_0.1000/simfile.dat', 'lambda_0.2000/simfile.dat', 'lambda_0.3000/simfile.dat', 'lambda_0.4000/simfile.dat', 'lambda_0.5000/simfile.dat', 'lambda_0.6000/simfile.dat', 'lambda_0.7000/simfile.dat', 'lambda_0.8000/simfile.dat', 'lambda_0.9000/simfile.dat', 'lambda_1.0000/simfile.dat']
#Overlap matrix
0.8402 0.1563 0.0035 0.0000 0.0000 0.0000 0.0000 0.0000 0.0000 0.0000 0.0000
0.1563 0.6563 0.1813 0.0060 0.0000 0.0000 0.0000 0.0000 0.0000 0.0000 0.0000
0.0035 0.1813 0.6128 0.1944 0.0080 0.0000 0.0000 0.0000 0.0000 0.0000 0.0000
0.0000 0.0060 0.1944 0.5887 0.2022 0.0086 0.0001 0.0000 0.0000 0.0000 0.0000
0.0000 0.0000 0.0080 0.2022 0.5785 0.2020 0.0092 0.0001 0.0000 0.0000 0.0000
0.0000 0.0000 0.0000 0.0086 0.2020 0.5723 0.2077 0.0092 0.0000 0.0000 0.0000
0.0000 0.0000 0.0000 0.0001 0.0092 0.2077 0.5761 0.1999 0.0070 0.0000 0.0000
0.0000 0.0000 0.0000 0.0000 0.0001 0.0092 0.1999 0.5960 0.1891 0.0057 0.0000
0.0000 0.0000 0.0000 0.0000 0.0000 0.0000 0.0070 0.1891 0.6227 0.1781 0.0032
0.0000 0.0000 0.0000 0.0000 0.0000 0.0000 0.0000 0.0057 0.1781 0.6652 0.1509
0.0000 0.0000 0.0000 0.0000 0.0000 0.0000 0.0000 0.0000 0.0032 0.1509 0.8459
#DG from neighbouring lambda in kcal/mol
0.0000 0.1000 -0.1146 0.0179
0.1000 0.2000 0.4720 0.0156
0.2000 0.3000 0.7299 0.0145
0.3000 0.4000 0.7975 0.0139
0.4000 0.5000 0.7426 0.0138
0.5000 0.6000 0.7002 0.0135
0.6000 0.7000 0.7391 0.0140
0.7000 0.8000 0.8157 0.0149
0.8000 0.9000 1.1712 0.0158
0.9000 1.0000 1.7637 0.0183
#PMF from MBAR in kcal/mol
0.0000 0.0000 0.0000
0.1000 -0.1146 0.0179
0.2000 0.3574 0.0263
0.3000 1.0873 0.0321
0.4000 1.8848 0.0367
0.5000 2.6274 0.0408
0.6000 3.3276 0.0444
0.7000 4.0667 0.0478
0.8000 4.8825 0.0513
0.9000 6.0537 0.0549
1.0000 7.8174 0.0590
#TI average gradients and standard deviation in kcal/mol
0.0000 -7.5772 15.7281
0.1000 2.2150 14.4458
0.2000 6.6894 13.3032
0.3000 7.6535 12.6417
0.4000 7.8729 12.6435
0.5000 6.7583 12.8659
0.6000 7.4250 12.5922
0.7000 7.5648 13.1869
0.8000 9.1973 13.4817
0.9000 14.1175 14.8426
1.0000 22.1351 17.9274
#PMF from TI in kcal/mol
0.0000 0.0000
0.1000 -0.2681
0.2000 0.1771
0.3000 0.8943
0.4000 1.6706
0.5000 2.4021
0.6000 3.1113
0.7000 3.8608
0.8000 4.6989
0.9000 5.8646
1.0000 7.6773
#MBAR free energy difference in kcal/mol: 
7.817406, 0.059017  #WARNING SUBSAMPLING DISABLED, CONSIDER RERUN WITH SUBSAMPLING OPTION
#TI free energy difference in kcal/mol: 
7.677276  #WARNING SUBSAMPLING DISABLED, CONSIDER RERUN WITH SUBSAMPLING OPTION 
Starting /export/users/common/BioSimSpace/sire.app/bin/analyse_freenrg: number of threads equals 32
