# Analysing data contained in file(s) ['lambda_0.0000/simfile.dat', 'lambda_0.1000/simfile.dat', 'lambda_0.2000/simfile.dat', 'lambda_0.3000/simfile.dat', 'lambda_0.4000/simfile.dat', 'lambda_0.5000/simfile.dat', 'lambda_0.6000/simfile.dat', 'lambda_0.7000/simfile.dat', 'lambda_0.8000/simfile.dat', 'lambda_0.9000/simfile.dat', 'lambda_1.0000/simfile.dat']
#Overlap matrix
0.9168 0.0832 0.0000 0.0000 0.0000 0.0000 0.0000 0.0000 0.0000 0.0000 0.0000
0.0832 0.8504 0.0663 0.0000 0.0000 0.0000 0.0000 0.0000 0.0000 0.0000 0.0000
0.0000 0.0663 0.8797 0.0539 0.0000 0.0000 0.0000 0.0000 0.0000 0.0000 0.0000
0.0000 0.0000 0.0539 0.8962 0.0499 0.0000 0.0000 0.0000 0.0000 0.0000 0.0000
0.0000 0.0000 0.0000 0.0499 0.9027 0.0475 0.0000 0.0000 0.0000 0.0000 0.0000
0.0000 0.0000 0.0000 0.0000 0.0475 0.9218 0.0307 0.0000 0.0000 0.0000 0.0000
0.0000 0.0000 0.0000 0.0000 0.0000 0.0307 0.9595 0.0098 0.0000 0.0000 0.0000
0.0000 0.0000 0.0000 0.0000 0.0000 0.0000 0.0098 0.9823 0.0079 0.0000 0.0000
0.0000 0.0000 0.0000 0.0000 0.0000 0.0000 0.0000 0.0079 0.9854 0.0068 0.0000
0.0000 0.0000 0.0000 0.0000 0.0000 0.0000 0.0000 0.0000 0.0068 0.9877 0.0055
0.0000 0.0000 0.0000 0.0000 0.0000 0.0000 0.0000 0.0000 0.0000 0.0055 0.9945
#DG from neighbouring lambda in kcal/mol
0.0000 0.1000 4.6530 0.0274
0.1000 0.2000 3.2127 0.0313
0.2000 0.3000 1.4819 0.0352
0.3000 0.4000 -0.3934 0.0368
0.4000 0.5000 -1.6075 0.0378
0.5000 0.6000 -1.4780 0.0478
0.6000 0.7000 -0.1409 0.0864
0.7000 0.8000 0.1989 0.0967
0.8000 0.9000 -0.2889 0.1045
0.9000 1.0000 0.1362 0.1157
#PMF from MBAR in kcal/mol
0.0000 0.0000 0.0000
0.1000 4.6530 0.0274
0.2000 7.8657 0.0433
0.3000 9.3476 0.0571
0.4000 8.9542 0.0690
0.5000 7.3466 0.0796
0.6000 5.8687 0.0937
0.7000 5.7277 0.1280
0.8000 5.9266 0.1609
0.9000 5.6377 0.1922
1.0000 5.7740 0.2247
#TI average gradients and standard deviation in kcal/mol
0.0000 46.3315 18.9245
0.1000 40.0495 20.2346
0.2000 24.0541 21.1298
0.3000 5.5522 21.8091
0.4000 -12.0716 21.9428
0.5000 -19.0483 24.1745
0.6000 -7.6037 28.1135
0.7000 0.5435 32.6586
0.8000 0.7077 33.7608
0.9000 -3.1604 33.4468
1.0000 10.6520 34.4823
#PMF from TI in kcal/mol
0.0000 0.0000
0.1000 4.3191
0.2000 7.5242
0.3000 9.0046
0.4000 8.6786
0.5000 7.1226
0.6000 5.7900
0.7000 5.4370
0.8000 5.4995
0.9000 5.3769
1.0000 5.7515
#MBAR free energy difference in kcal/mol: 
5.773955, 0.224683  #WARNING SUBSAMPLING DISABLED, CONSIDER RERUN WITH SUBSAMPLING OPTION
#TI free energy difference in kcal/mol: 
5.751486  #WARNING SUBSAMPLING DISABLED, CONSIDER RERUN WITH SUBSAMPLING OPTION 
Starting /export/users/common/BioSimSpace/sire.app/bin/analyse_freenrg: number of threads equals 32
