# Analysing data contained in file(s) ['lambda_0.0000/simfile.dat', 'lambda_0.1000/simfile.dat', 'lambda_0.2000/simfile.dat', 'lambda_0.3000/simfile.dat', 'lambda_0.4000/simfile.dat', 'lambda_0.5000/simfile.dat', 'lambda_0.6000/simfile.dat', 'lambda_0.7000/simfile.dat', 'lambda_0.8000/simfile.dat', 'lambda_0.9000/simfile.dat', 'lambda_1.0000/simfile.dat']
#Overlap matrix
0.8636 0.1354 0.0010 0.0000 0.0000 0.0000 0.0000 0.0000 0.0000 0.0000 0.0000
0.1354 0.7147 0.1484 0.0015 0.0000 0.0000 0.0000 0.0000 0.0000 0.0000 0.0000
0.0010 0.1484 0.6955 0.1537 0.0014 0.0000 0.0000 0.0000 0.0000 0.0000 0.0000
0.0000 0.0015 0.1537 0.6961 0.1476 0.0012 0.0000 0.0000 0.0000 0.0000 0.0000
0.0000 0.0000 0.0014 0.1476 0.7182 0.1323 0.0005 0.0000 0.0000 0.0000 0.0000
0.0000 0.0000 0.0000 0.0012 0.1323 0.7671 0.0993 0.0001 0.0000 0.0000 0.0000
0.0000 0.0000 0.0000 0.0000 0.0005 0.0993 0.8316 0.0686 0.0000 0.0000 0.0000
0.0000 0.0000 0.0000 0.0000 0.0000 0.0001 0.0686 0.9079 0.0234 0.0000 0.0000
0.0000 0.0000 0.0000 0.0000 0.0000 0.0000 0.0000 0.0234 0.9725 0.0042 0.0000
0.0000 0.0000 0.0000 0.0000 0.0000 0.0000 0.0000 0.0000 0.0042 0.9947 0.0012
0.0000 0.0000 0.0000 0.0000 0.0000 0.0000 0.0000 0.0000 0.0000 0.0012 0.9988
#DG from neighbouring lambda in kcal/mol
0.0000 0.1000 -9.0591 0.0200
0.1000 0.2000 -4.7531 0.0186
0.2000 0.3000 -0.7216 0.0181
0.3000 0.4000 2.9891 0.0187
0.4000 0.5000 6.6834 0.0202
0.5000 0.6000 10.1139 0.0245
0.6000 0.7000 12.5367 0.0307
0.7000 0.8000 12.5072 0.0552
0.8000 0.9000 7.4106 0.1335
0.9000 1.0000 -1.1473 0.2542
#PMF from MBAR in kcal/mol
0.0000 0.0000 0.0000
0.1000 -9.0591 0.0200
0.2000 -13.8122 0.0298
0.3000 -14.5338 0.0368
0.4000 -11.5447 0.0430
0.5000 -4.8613 0.0489
0.6000 5.2526 0.0560
0.7000 17.7894 0.0650
0.8000 30.2966 0.0862
0.9000 37.7072 0.1594
1.0000 36.5600 0.3003
#TI average gradients and standard deviation in kcal/mol
0.0000 -119.4968 18.0610
0.1000 -68.5418 16.0805
0.2000 -26.9728 15.5464
0.3000 11.8939 15.5884
0.4000 48.2475 15.6380
0.5000 85.0151 17.5950
0.6000 114.8404 19.7671
0.7000 131.4369 23.5178
0.8000 109.5506 31.4036
0.9000 36.9945 36.9945
1.0000 -55.2318 45.1761
#PMF from TI in kcal/mol
0.0000 0.0000
0.1000 -9.4019
0.2000 -14.1777
0.3000 -14.9316
0.4000 -11.9245
0.5000 -5.2614
0.6000 4.7314
0.7000 17.0452
0.8000 29.0946
0.9000 36.4219
1.0000 35.5100
#MBAR free energy difference in kcal/mol: 
36.559973, 0.300286  #WARNING SUBSAMPLING DISABLED, CONSIDER RERUN WITH SUBSAMPLING OPTION
#TI free energy difference in kcal/mol: 
35.510005  #WARNING SUBSAMPLING DISABLED, CONSIDER RERUN WITH SUBSAMPLING OPTION 
Starting /export/users/common/BioSimSpace/sire.app/bin/analyse_freenrg: number of threads equals 32
