# Analysing data contained in file(s) ['lambda_0.0000/simfile.dat', 'lambda_0.1000/simfile.dat', 'lambda_0.2000/simfile.dat', 'lambda_0.3000/simfile.dat', 'lambda_0.4000/simfile.dat', 'lambda_0.5000/simfile.dat', 'lambda_0.6000/simfile.dat', 'lambda_0.7000/simfile.dat', 'lambda_0.8000/simfile.dat', 'lambda_0.9000/simfile.dat', 'lambda_1.0000/simfile.dat']
#Overlap matrix
0.9991 0.0009 0.0000 0.0000 0.0000 0.0000 0.0000 0.0000 0.0000 0.0000 0.0000
0.0009 0.9576 0.0415 0.0000 0.0000 0.0000 0.0000 0.0000 0.0000 0.0000 0.0000
0.0000 0.0415 0.8903 0.0681 0.0000 0.0000 0.0000 0.0000 0.0000 0.0000 0.0000
0.0000 0.0000 0.0681 0.8417 0.0901 0.0001 0.0000 0.0000 0.0000 0.0000 0.0000
0.0000 0.0000 0.0000 0.0901 0.8764 0.0334 0.0000 0.0000 0.0000 0.0000 0.0000
0.0000 0.0000 0.0000 0.0001 0.0334 0.9174 0.0491 0.0000 0.0000 0.0000 0.0000
0.0000 0.0000 0.0000 0.0000 0.0000 0.0491 0.8924 0.0585 0.0000 0.0000 0.0000
0.0000 0.0000 0.0000 0.0000 0.0000 0.0000 0.0585 0.8902 0.0513 0.0000 0.0000
0.0000 0.0000 0.0000 0.0000 0.0000 0.0000 0.0000 0.0513 0.8898 0.0589 0.0000
0.0000 0.0000 0.0000 0.0000 0.0000 0.0000 0.0000 0.0000 0.0589 0.8919 0.0492
0.0000 0.0000 0.0000 0.0000 0.0000 0.0000 0.0000 0.0000 0.0000 0.0492 0.9508
#DG from neighbouring lambda in kcal/mol
0.0000 0.1000 18.5987 0.2855
0.1000 0.2000 9.4200 0.0407
0.2000 0.3000 5.5394 0.0308
0.3000 0.4000 4.1077 0.0261
0.4000 0.5000 4.3225 0.0456
0.5000 0.6000 2.8186 0.0371
0.6000 0.7000 1.8507 0.0336
0.7000 0.8000 1.2314 0.0362
0.8000 0.9000 1.1826 0.0335
0.9000 1.0000 3.6990 0.0370
#PMF from MBAR in kcal/mol
0.0000 0.0000 0.0000
0.1000 18.5987 0.2855
0.2000 28.0187 0.2886
0.3000 33.5581 0.2905
0.4000 37.6658 0.2919
0.5000 41.9883 0.2957
0.6000 44.8069 0.2983
0.7000 46.6576 0.3004
0.8000 47.8890 0.3028
0.9000 49.0716 0.3049
1.0000 52.7706 0.3074
#TI average gradients and standard deviation in kcal/mol
0.0000 2024.3831 945.7988
0.1000 119.3849 24.3687
0.2000 71.2725 21.8019
0.3000 41.4216 20.6784
0.4000 47.9905 22.2528
0.5000 33.9277 23.1869
0.6000 22.1728 22.6063
0.7000 15.8119 22.1873
0.8000 9.3940 22.0573
0.9000 18.1339 22.6018
1.0000 69.5916 24.0348
#PMF from TI in kcal/mol
0.0000 0.0000
0.1000 107.1884
0.2000 116.7213
0.3000 122.3560
0.4000 126.8266
0.5000 130.9225
0.6000 133.7275
0.7000 135.6268
0.8000 136.8871
0.9000 138.2634
1.0000 142.6497
#MBAR free energy difference in kcal/mol: 
52.770576, 0.307393  #WARNING SUBSAMPLING DISABLED, CONSIDER RERUN WITH SUBSAMPLING OPTION
#TI free energy difference in kcal/mol: 
142.649723  #WARNING SUBSAMPLING DISABLED, CONSIDER RERUN WITH SUBSAMPLING OPTION 
Starting /export/users/common/BioSimSpace/sire.app/bin/analyse_freenrg: number of threads equals 32
