# Analysing data contained in file(s) ['lambda_0.0000/simfile.dat', 'lambda_0.1000/simfile.dat', 'lambda_0.2000/simfile.dat', 'lambda_0.3000/simfile.dat', 'lambda_0.4000/simfile.dat', 'lambda_0.5000/simfile.dat', 'lambda_0.6000/simfile.dat', 'lambda_0.7000/simfile.dat', 'lambda_0.8000/simfile.dat', 'lambda_0.9000/simfile.dat', 'lambda_1.0000/simfile.dat']
#Overlap matrix
0.9925 0.0075 0.0000 0.0000 0.0000 0.0000 0.0000 0.0000 0.0000 0.0000 0.0000
0.0075 0.9813 0.0112 0.0000 0.0000 0.0000 0.0000 0.0000 0.0000 0.0000 0.0000
0.0000 0.0112 0.9760 0.0128 0.0000 0.0000 0.0000 0.0000 0.0000 0.0000 0.0000
0.0000 0.0000 0.0128 0.9734 0.0138 0.0000 0.0000 0.0000 0.0000 0.0000 0.0000
0.0000 0.0000 0.0000 0.0138 0.9781 0.0081 0.0000 0.0000 0.0000 0.0000 0.0000
0.0000 0.0000 0.0000 0.0000 0.0081 0.9860 0.0060 0.0000 0.0000 0.0000 0.0000
0.0000 0.0000 0.0000 0.0000 0.0000 0.0060 0.9878 0.0062 0.0000 0.0000 0.0000
0.0000 0.0000 0.0000 0.0000 0.0000 0.0000 0.0062 0.9861 0.0077 0.0000 0.0000
0.0000 0.0000 0.0000 0.0000 0.0000 0.0000 0.0000 0.0077 0.9858 0.0065 0.0000
0.0000 0.0000 0.0000 0.0000 0.0000 0.0000 0.0000 0.0000 0.0065 0.9888 0.0047
0.0000 0.0000 0.0000 0.0000 0.0000 0.0000 0.0000 0.0000 0.0000 0.0047 0.9953
#DG from neighbouring lambda in kcal/mol
0.0000 0.1000 -1.8629 0.0988
0.1000 0.2000 -2.3633 0.0809
0.2000 0.3000 -3.1156 0.0755
0.3000 0.4000 -2.4939 0.0725
0.4000 0.5000 -1.2677 0.0956
0.5000 0.6000 -1.0033 0.1111
0.6000 0.7000 -1.5378 0.1089
0.7000 0.8000 -1.7822 0.0977
0.8000 0.9000 -1.4480 0.1066
0.9000 1.0000 0.2932 0.1260
#PMF from MBAR in kcal/mol
0.0000 0.0000 0.0000
0.1000 -1.8629 0.0988
0.2000 -4.2262 0.1283
0.3000 -7.3418 0.1493
0.4000 -9.8358 0.1664
0.5000 -11.1035 0.1923
0.6000 -12.1067 0.2225
0.7000 -13.6445 0.2480
0.8000 -15.4267 0.2668
0.9000 -16.8747 0.2876
1.0000 -16.5815 0.3142
#TI average gradients and standard deviation in kcal/mol
0.0000 147713028541.9441 10170718668758.3535
0.1000 -21.8344 29.5846
0.2000 -27.4218 29.8117
0.3000 -30.9164 28.5184
0.4000 -17.8000 30.4870
0.5000 -10.8705 32.9461
0.6000 -14.1140 32.7116
0.7000 -19.6732 31.6445
0.8000 -16.4421 32.5821
0.9000 -6.8150 32.7316
1.0000 18.9785 35.0371
#PMF from TI in kcal/mol
0.0000 0.0000
0.1000 7385651426.0055
0.2000 7385651423.5427
0.3000 7385651420.6258
0.4000 7385651418.1899
0.5000 7385651416.7564
0.6000 7385651415.5072
0.7000 7385651413.8178
0.8000 7385651412.0121
0.9000 7385651410.8492
1.0000 7385651411.4574
#MBAR free energy difference in kcal/mol: 
-16.581484, 0.314219  #WARNING SUBSAMPLING DISABLED, CONSIDER RERUN WITH SUBSAMPLING OPTION
#TI free energy difference in kcal/mol: 
7385651411.457388  #WARNING SUBSAMPLING DISABLED, CONSIDER RERUN WITH SUBSAMPLING OPTION 
Starting /export/users/common/BioSimSpace/sire.app/bin/analyse_freenrg: number of threads equals 32
