# Analysing data contained in file(s) ['lambda_0.0000/simfile.dat', 'lambda_0.1000/simfile.dat', 'lambda_0.2000/simfile.dat', 'lambda_0.3000/simfile.dat', 'lambda_0.4000/simfile.dat', 'lambda_0.5000/simfile.dat', 'lambda_0.6000/simfile.dat', 'lambda_0.7000/simfile.dat', 'lambda_0.8000/simfile.dat', 'lambda_0.9000/simfile.dat', 'lambda_1.0000/simfile.dat']
#Overlap matrix
0.8982 0.1014 0.0003 0.0000 0.0000 0.0000 0.0000 0.0000 0.0000 0.0000 0.0000
0.1014 0.7645 0.1332 0.0009 0.0000 0.0000 0.0000 0.0000 0.0000 0.0000 0.0000
0.0003 0.1332 0.7223 0.1420 0.0022 0.0000 0.0000 0.0000 0.0000 0.0000 0.0000
0.0000 0.0009 0.1420 0.7104 0.1460 0.0006 0.0000 0.0000 0.0000 0.0000 0.0000
0.0000 0.0000 0.0022 0.1460 0.8084 0.0433 0.0001 0.0000 0.0000 0.0000 0.0000
0.0000 0.0000 0.0000 0.0006 0.0433 0.8843 0.0715 0.0002 0.0000 0.0000 0.0000
0.0000 0.0000 0.0000 0.0000 0.0001 0.0715 0.8478 0.0804 0.0001 0.0000 0.0000
0.0000 0.0000 0.0000 0.0000 0.0000 0.0002 0.0804 0.8503 0.0690 0.0001 0.0000
0.0000 0.0000 0.0000 0.0000 0.0000 0.0000 0.0001 0.0690 0.8762 0.0547 0.0000
0.0000 0.0000 0.0000 0.0000 0.0000 0.0000 0.0000 0.0001 0.0547 0.9187 0.0265
0.0000 0.0000 0.0000 0.0000 0.0000 0.0000 0.0000 0.0000 0.0000 0.0265 0.9735
#DG from neighbouring lambda in kcal/mol
0.0000 0.1000 6.9308 0.0242
0.1000 0.2000 5.0227 0.0202
0.2000 0.3000 3.6426 0.0191
0.3000 0.4000 4.1603 0.0188
0.4000 0.5000 5.3379 0.0394
0.5000 0.6000 4.4365 0.0299
0.6000 0.7000 4.0946 0.0279
0.7000 0.8000 4.0277 0.0305
0.8000 0.9000 5.5466 0.0349
0.9000 1.0000 10.8703 0.0517
#PMF from MBAR in kcal/mol
0.0000 0.0000 0.0000
0.1000 6.9308 0.0242
0.2000 11.9535 0.0337
0.3000 15.5961 0.0406
0.4000 19.7564 0.0462
0.5000 25.0943 0.0618
0.6000 29.5308 0.0697
0.7000 33.6254 0.0760
0.8000 37.6531 0.0828
0.9000 43.1996 0.0906
1.0000 54.0699 0.1051
#TI average gradients and standard deviation in kcal/mol
0.0000 66.7882 20.8869
0.1000 59.0374 17.0086
0.2000 42.2794 15.7408
0.3000 32.6867 15.7231
0.4000 57.0682 21.3214
0.5000 47.3588 21.1247
0.6000 41.5165 20.6319
0.7000 40.3472 20.7889
0.8000 43.2712 20.8600
0.9000 70.1994 25.0703
1.0000 172.4106 29.2689
#PMF from TI in kcal/mol
0.0000 0.0000
0.1000 6.2913
0.2000 11.3571
0.3000 15.1054
0.4000 19.5932
0.5000 24.8145
0.6000 29.2583
0.7000 33.3515
0.8000 37.5324
0.9000 43.2059
1.0000 55.3364
#MBAR free energy difference in kcal/mol: 
54.069923, 0.105077  #WARNING SUBSAMPLING DISABLED, CONSIDER RERUN WITH SUBSAMPLING OPTION
#TI free energy difference in kcal/mol: 
55.336422  #WARNING SUBSAMPLING DISABLED, CONSIDER RERUN WITH SUBSAMPLING OPTION 
Starting /export/users/common/BioSimSpace/sire.app/bin/analyse_freenrg: number of threads equals 32
