# Analysing data contained in file(s) ['lambda_0.0000/simfile.dat', 'lambda_0.1000/simfile.dat', 'lambda_0.2000/simfile.dat', 'lambda_0.3000/simfile.dat', 'lambda_0.4000/simfile.dat', 'lambda_0.5000/simfile.dat', 'lambda_0.6000/simfile.dat', 'lambda_0.7000/simfile.dat', 'lambda_0.8000/simfile.dat', 'lambda_0.9000/simfile.dat', 'lambda_1.0000/simfile.dat']
#Overlap matrix
0.9871 0.0129 0.0000 0.0000 0.0000 0.0000 0.0000 0.0000 0.0000 0.0000 0.0000
0.0129 0.9740 0.0131 0.0000 0.0000 0.0000 0.0000 0.0000 0.0000 0.0000 0.0000
0.0000 0.0131 0.9684 0.0185 0.0000 0.0000 0.0000 0.0000 0.0000 0.0000 0.0000
0.0000 0.0000 0.0185 0.9812 0.0002 0.0000 0.0000 0.0000 0.0000 0.0000 0.0000
0.0000 0.0000 0.0000 0.0002 0.8970 0.1027 0.0002 0.0000 0.0000 0.0000 0.0000
0.0000 0.0000 0.0000 0.0000 0.1027 0.8150 0.0823 0.0001 0.0000 0.0000 0.0000
0.0000 0.0000 0.0000 0.0000 0.0002 0.0823 0.8452 0.0724 0.0000 0.0000 0.0000
0.0000 0.0000 0.0000 0.0000 0.0000 0.0001 0.0724 0.8849 0.0427 0.0000 0.0000
0.0000 0.0000 0.0000 0.0000 0.0000 0.0000 0.0000 0.0427 0.9101 0.0471 0.0000
0.0000 0.0000 0.0000 0.0000 0.0000 0.0000 0.0000 0.0000 0.0471 0.9005 0.0524
0.0000 0.0000 0.0000 0.0000 0.0000 0.0000 0.0000 0.0000 0.0000 0.0524 0.9476
#DG from neighbouring lambda in kcal/mol
0.0000 0.1000 -1.7020 0.0752
0.1000 0.2000 -0.8923 0.0746
0.2000 0.3000 0.0963 0.0623
0.3000 0.4000 -1.7502 0.5411
0.4000 0.5000 5.2576 0.0240
0.5000 0.6000 6.2465 0.0275
0.6000 0.7000 4.7163 0.0297
0.7000 0.8000 4.2952 0.0400
0.8000 0.9000 4.3129 0.0379
0.9000 1.0000 5.2271 0.0358
#PMF from MBAR in kcal/mol
0.0000 0.0000 0.0000
0.1000 -1.7020 0.0752
0.2000 -2.5942 0.1066
0.3000 -2.4980 0.1241
0.4000 -4.2482 0.5553
0.5000 1.0094 0.5558
0.6000 7.2559 0.5567
0.7000 11.9722 0.5576
0.8000 16.2674 0.5592
0.9000 20.5803 0.5606
1.0000 25.8074 0.5618
#TI average gradients and standard deviation in kcal/mol
0.0000 -25.7339 29.2004
0.1000 -12.7590 30.1659
0.2000 -5.7405 30.4862
0.3000 15.1608 23.8060
0.4000 6.4812 22.0064
0.5000 71.3617 19.0607
0.6000 52.2378 19.3825
0.7000 44.6999 22.6127
0.8000 41.2149 23.7682
0.9000 46.1808 23.8657
1.0000 64.0085 22.9671
#PMF from TI in kcal/mol
0.0000 0.0000
0.1000 -1.9246
0.2000 -2.8496
0.3000 -2.3786
0.4000 -1.2965
0.5000 2.5956
0.6000 8.7756
0.7000 13.6225
0.8000 17.9182
0.9000 22.2880
1.0000 27.7975
#MBAR free energy difference in kcal/mol: 
25.807364, 0.561843  #WARNING SUBSAMPLING DISABLED, CONSIDER RERUN WITH SUBSAMPLING OPTION
#TI free energy difference in kcal/mol: 
27.797488  #WARNING SUBSAMPLING DISABLED, CONSIDER RERUN WITH SUBSAMPLING OPTION 
Starting /export/users/common/BioSimSpace/sire.app/bin/analyse_freenrg: number of threads equals 32
