# Analysing data contained in file(s) ['lambda_0.0000/simfile.dat', 'lambda_0.1000/simfile.dat', 'lambda_0.2000/simfile.dat', 'lambda_0.3000/simfile.dat', 'lambda_0.4000/simfile.dat', 'lambda_0.5000/simfile.dat', 'lambda_0.6000/simfile.dat', 'lambda_0.7000/simfile.dat', 'lambda_0.8000/simfile.dat', 'lambda_0.9000/simfile.dat', 'lambda_1.0000/simfile.dat']
#Overlap matrix
0.8898 0.1096 0.0006 0.0000 0.0000 0.0000 0.0000 0.0000 0.0000 0.0000 0.0000
0.1096 0.7588 0.1305 0.0012 0.0000 0.0000 0.0000 0.0000 0.0000 0.0000 0.0000
0.0006 0.1305 0.7222 0.1453 0.0014 0.0000 0.0000 0.0000 0.0000 0.0000 0.0000
0.0000 0.0012 0.1453 0.7030 0.1492 0.0014 0.0000 0.0000 0.0000 0.0000 0.0000
0.0000 0.0000 0.0014 0.1492 0.7022 0.1458 0.0015 0.0000 0.0000 0.0000 0.0000
0.0000 0.0000 0.0000 0.0014 0.1458 0.7023 0.1492 0.0013 0.0000 0.0000 0.0000
0.0000 0.0000 0.0000 0.0000 0.0015 0.1492 0.6981 0.1502 0.0010 0.0000 0.0000
0.0000 0.0000 0.0000 0.0000 0.0000 0.0013 0.1502 0.7064 0.1415 0.0006 0.0000
0.0000 0.0000 0.0000 0.0000 0.0000 0.0000 0.0010 0.1415 0.7350 0.1223 0.0001
0.0000 0.0000 0.0000 0.0000 0.0000 0.0000 0.0000 0.0006 0.1223 0.7989 0.0782
0.0000 0.0000 0.0000 0.0000 0.0000 0.0000 0.0000 0.0000 0.0001 0.0782 0.9217
#DG from neighbouring lambda in kcal/mol
0.0000 0.1000 1.5202 0.0230
0.1000 0.2000 1.6564 0.0204
0.2000 0.3000 0.9936 0.0189
0.3000 0.4000 -0.0909 0.0185
0.4000 0.5000 -1.4487 0.0188
0.5000 0.6000 -2.8772 0.0185
0.6000 0.7000 -4.4600 0.0185
0.7000 0.8000 -6.1881 0.0193
0.8000 0.9000 -8.0953 0.0214
0.9000 1.0000 -10.5272 0.0284
#PMF from MBAR in kcal/mol
0.0000 0.0000 0.0000
0.1000 1.5202 0.0230
0.2000 3.1766 0.0330
0.3000 4.1702 0.0398
0.4000 4.0793 0.0455
0.5000 2.6306 0.0506
0.6000 -0.2466 0.0552
0.7000 -4.7065 0.0594
0.8000 -10.8947 0.0636
0.9000 -18.9899 0.0682
1.0000 -29.5172 0.0748
#TI average gradients and standard deviation in kcal/mol
0.0000 8.9494 19.9881
0.1000 18.1996 17.4680
0.2000 14.1894 16.2414
0.3000 5.1968 15.9926
0.4000 -7.2035 15.8214
0.5000 -21.4843 15.4349
0.6000 -36.6338 15.7643
0.7000 -52.7104 15.5380
0.8000 -71.1595 16.2557
0.9000 -91.5161 18.1041
1.0000 -118.0171 22.0569
#PMF from TI in kcal/mol
0.0000 0.0000
0.1000 1.3574
0.2000 2.9769
0.3000 3.9462
0.4000 3.8459
0.5000 2.4115
0.6000 -0.4944
0.7000 -4.9616
0.8000 -11.1551
0.9000 -19.2889
1.0000 -29.7656
#MBAR free energy difference in kcal/mol: 
-29.517161, 0.074838  #WARNING SUBSAMPLING DISABLED, CONSIDER RERUN WITH SUBSAMPLING OPTION
#TI free energy difference in kcal/mol: 
-29.765565  #WARNING SUBSAMPLING DISABLED, CONSIDER RERUN WITH SUBSAMPLING OPTION 
Starting /export/users/common/BioSimSpace/sire.app/bin/analyse_freenrg: number of threads equals 32
