# Analysing data contained in file(s) ['lambda_0.0000/simfile.dat', 'lambda_0.1000/simfile.dat', 'lambda_0.2000/simfile.dat', 'lambda_0.3000/simfile.dat', 'lambda_0.4000/simfile.dat', 'lambda_0.5000/simfile.dat', 'lambda_0.6000/simfile.dat', 'lambda_0.7000/simfile.dat', 'lambda_0.8000/simfile.dat', 'lambda_0.9000/simfile.dat', 'lambda_1.0000/simfile.dat']
#Overlap matrix
0.7363 0.2389 0.0240 0.0008 0.0000 0.0000 0.0000 0.0000 0.0000 0.0000 0.0000
0.2389 0.5016 0.2286 0.0296 0.0013 0.0000 0.0000 0.0000 0.0000 0.0000 0.0000
0.0240 0.2286 0.4713 0.2387 0.0356 0.0017 0.0000 0.0000 0.0000 0.0000 0.0000
0.0008 0.0296 0.2387 0.4523 0.2384 0.0383 0.0019 0.0000 0.0000 0.0000 0.0000
0.0000 0.0013 0.0356 0.2384 0.4419 0.2406 0.0401 0.0021 0.0000 0.0000 0.0000
0.0000 0.0000 0.0017 0.0383 0.2406 0.4372 0.2397 0.0402 0.0022 0.0000 0.0000
0.0000 0.0000 0.0000 0.0019 0.0401 0.2397 0.4337 0.2398 0.0423 0.0023 0.0000
0.0000 0.0000 0.0000 0.0000 0.0021 0.0402 0.2398 0.4344 0.2420 0.0398 0.0017
0.0000 0.0000 0.0000 0.0000 0.0000 0.0022 0.0423 0.2420 0.4437 0.2390 0.0307
0.0000 0.0000 0.0000 0.0000 0.0000 0.0000 0.0023 0.0398 0.2390 0.4832 0.2357
0.0000 0.0000 0.0000 0.0000 0.0000 0.0000 0.0000 0.0017 0.0307 0.2357 0.7319
#DG from neighbouring lambda in kcal/mol
0.0000 0.1000 -2.7703 0.0117
0.1000 0.2000 -2.3523 0.0109
0.2000 0.3000 -1.9420 0.0100
0.3000 0.4000 -1.5478 0.0097
0.4000 0.5000 -1.2147 0.0094
0.5000 0.6000 -0.9230 0.0094
0.6000 0.7000 -0.6713 0.0093
0.7000 0.8000 -0.3543 0.0093
0.8000 0.9000 0.0855 0.0098
0.9000 1.0000 0.6895 0.0115
#PMF from MBAR in kcal/mol
0.0000 0.0000 0.0000
0.1000 -2.7703 0.0117
0.2000 -5.1227 0.0188
0.3000 -7.0647 0.0235
0.4000 -8.6124 0.0272
0.5000 -9.8272 0.0303
0.6000 -10.7502 0.0331
0.7000 -11.4215 0.0357
0.8000 -11.7758 0.0381
0.9000 -11.6903 0.0404
1.0000 -11.0008 0.0431
#TI average gradients and standard deviation in kcal/mol
0.0000 -30.6011 11.1684
0.1000 -25.5261 10.5405
0.2000 -21.9115 10.2635
0.3000 -16.9768 9.7601
0.4000 -14.0447 9.3632
0.5000 -10.5689 9.5282
0.6000 -7.9249 9.5111
0.7000 -5.2773 9.2603
0.8000 -1.6256 9.3073
0.9000 3.8253 10.1322
1.0000 10.7483 11.3026
#PMF from TI in kcal/mol
0.0000 0.0000
0.1000 -2.8064
0.2000 -5.1782
0.3000 -7.1227
0.4000 -8.6737
0.5000 -9.9044
0.6000 -10.8291
0.7000 -11.4892
0.8000 -11.8344
0.9000 -11.7244
1.0000 -10.9957
#MBAR free energy difference in kcal/mol: 
-11.000780, 0.043150  #WARNING SUBSAMPLING DISABLED, CONSIDER RERUN WITH SUBSAMPLING OPTION
#TI free energy difference in kcal/mol: 
-10.995696  #WARNING SUBSAMPLING DISABLED, CONSIDER RERUN WITH SUBSAMPLING OPTION 
Starting /export/users/common/BioSimSpace/sire.app/bin/analyse_freenrg: number of threads equals 32
