# Analysing data contained in file(s) ['lambda_0.0000/simfile.dat', 'lambda_0.1000/simfile.dat', 'lambda_0.2000/simfile.dat', 'lambda_0.3000/simfile.dat', 'lambda_0.4000/simfile.dat', 'lambda_0.5000/simfile.dat', 'lambda_0.6000/simfile.dat', 'lambda_0.7000/simfile.dat', 'lambda_0.8000/simfile.dat', 'lambda_0.9000/simfile.dat', 'lambda_1.0000/simfile.dat']
#Overlap matrix
0.9082 0.0917 0.0001 0.0000 0.0000 0.0000 0.0000 0.0000 0.0000 0.0000 0.0000
0.0917 0.8058 0.1024 0.0002 0.0000 0.0000 0.0000 0.0000 0.0000 0.0000 0.0000
0.0001 0.1024 0.7864 0.1110 0.0002 0.0000 0.0000 0.0000 0.0000 0.0000 0.0000
0.0000 0.0002 0.1110 0.7893 0.0995 0.0001 0.0000 0.0000 0.0000 0.0000 0.0000
0.0000 0.0000 0.0002 0.0995 0.8199 0.0803 0.0001 0.0000 0.0000 0.0000 0.0000
0.0000 0.0000 0.0000 0.0001 0.0803 0.8405 0.0790 0.0001 0.0000 0.0000 0.0000
0.0000 0.0000 0.0000 0.0000 0.0001 0.0790 0.8476 0.0733 0.0001 0.0000 0.0000
0.0000 0.0000 0.0000 0.0000 0.0000 0.0001 0.0733 0.8546 0.0720 0.0000 0.0000
0.0000 0.0000 0.0000 0.0000 0.0000 0.0000 0.0001 0.0720 0.8706 0.0574 0.0000
0.0000 0.0000 0.0000 0.0000 0.0000 0.0000 0.0000 0.0000 0.0574 0.8988 0.0438
0.0000 0.0000 0.0000 0.0000 0.0000 0.0000 0.0000 0.0000 0.0000 0.0438 0.9562
#DG from neighbouring lambda in kcal/mol
0.0000 0.1000 35.6822 0.0258
0.1000 0.2000 30.0862 0.0241
0.2000 0.3000 24.5319 0.0229
0.3000 0.4000 19.1826 0.0245
0.4000 0.5000 13.8052 0.0279
0.5000 0.6000 8.1129 0.0282
0.6000 0.7000 2.3534 0.0295
0.7000 0.8000 -3.3585 0.0298
0.8000 0.9000 -8.6776 0.0340
0.9000 1.0000 -13.4749 0.0395
#PMF from MBAR in kcal/mol
0.0000 0.0000 0.0000
0.1000 35.6822 0.0258
0.2000 65.7684 0.0373
0.3000 90.3004 0.0454
0.4000 109.4830 0.0530
0.5000 123.2882 0.0611
0.6000 131.4011 0.0684
0.7000 133.7544 0.0755
0.8000 130.3959 0.0821
0.9000 121.7183 0.0897
1.0000 108.2434 0.0987
#TI average gradients and standard deviation in kcal/mol
0.0000 374.2222 19.6567
0.1000 328.8379 18.3191
0.2000 272.5008 18.1108
0.3000 218.4127 18.4128
0.4000 165.8587 19.3386
0.5000 109.5592 20.2535
0.6000 52.2634 19.1257
0.7000 -5.8148 20.0778
0.8000 -60.5490 20.6897
0.9000 -112.6262 22.2422
1.0000 -154.4208 24.9904
#PMF from TI in kcal/mol
0.0000 0.0000
0.1000 35.1530
0.2000 65.2199
0.3000 89.7656
0.4000 108.9792
0.5000 122.7501
0.6000 130.8412
0.7000 133.1636
0.8000 129.8454
0.9000 121.1867
1.0000 107.8343
#MBAR free energy difference in kcal/mol: 
108.243447, 0.098717  #WARNING SUBSAMPLING DISABLED, CONSIDER RERUN WITH SUBSAMPLING OPTION
#TI free energy difference in kcal/mol: 
107.834332  #WARNING SUBSAMPLING DISABLED, CONSIDER RERUN WITH SUBSAMPLING OPTION 
Starting /export/users/common/BioSimSpace/sire.app/bin/analyse_freenrg: number of threads equals 32
