# Analysing data contained in file(s) ['lambda_0.0000/simfile.dat', 'lambda_0.1000/simfile.dat', 'lambda_0.2000/simfile.dat', 'lambda_0.3000/simfile.dat', 'lambda_0.4000/simfile.dat', 'lambda_0.5000/simfile.dat', 'lambda_0.6000/simfile.dat', 'lambda_0.7000/simfile.dat', 'lambda_0.8000/simfile.dat', 'lambda_0.9000/simfile.dat', 'lambda_1.0000/simfile.dat']
#Overlap matrix
0.9327 0.0671 0.0001 0.0000 0.0000 0.0000 0.0000 0.0000 0.0000 0.0000 0.0000
0.0671 0.8265 0.1058 0.0006 0.0000 0.0000 0.0000 0.0000 0.0000 0.0000 0.0000
0.0001 0.1058 0.7655 0.1272 0.0014 0.0000 0.0000 0.0000 0.0000 0.0000 0.0000
0.0000 0.0006 0.1272 0.7198 0.1509 0.0015 0.0000 0.0000 0.0000 0.0000 0.0000
0.0000 0.0000 0.0014 0.1509 0.6959 0.1505 0.0014 0.0000 0.0000 0.0000 0.0000
0.0000 0.0000 0.0000 0.0015 0.1505 0.7011 0.1456 0.0012 0.0000 0.0000 0.0000
0.0000 0.0000 0.0000 0.0000 0.0014 0.1456 0.7028 0.1491 0.0012 0.0000 0.0000
0.0000 0.0000 0.0000 0.0000 0.0000 0.0012 0.1491 0.7061 0.1430 0.0006 0.0000
0.0000 0.0000 0.0000 0.0000 0.0000 0.0000 0.0012 0.1430 0.7362 0.1195 0.0001
0.0000 0.0000 0.0000 0.0000 0.0000 0.0000 0.0000 0.0006 0.1195 0.8119 0.0679
0.0000 0.0000 0.0000 0.0000 0.0000 0.0000 0.0000 0.0000 0.0001 0.0679 0.9320
#DG from neighbouring lambda in kcal/mol
0.0000 0.1000 2.1192 0.0310
0.1000 0.2000 2.4374 0.0235
0.2000 0.3000 1.2706 0.0207
0.3000 0.4000 -0.4700 0.0184
0.4000 0.5000 -2.7462 0.0184
0.5000 0.6000 -5.2968 0.0188
0.6000 0.7000 -8.0069 0.0186
0.7000 0.8000 -10.7084 0.0192
0.8000 0.9000 -13.5447 0.0217
0.9000 1.0000 -16.8467 0.0308
#PMF from MBAR in kcal/mol
0.0000 0.0000 0.0000
0.1000 2.1192 0.0310
0.2000 4.5567 0.0408
0.3000 5.8273 0.0473
0.4000 5.3572 0.0521
0.5000 2.6111 0.0565
0.6000 -2.6857 0.0607
0.7000 -10.6926 0.0646
0.8000 -21.4010 0.0684
0.9000 -34.9457 0.0728
1.0000 -51.7924 0.0800
#TI average gradients and standard deviation in kcal/mol
0.0000 10.7329 22.9292
0.1000 25.8088 19.6202
0.2000 20.5863 17.4713
0.3000 4.7536 15.3029
0.4000 -15.4120 15.4905
0.5000 -39.6777 15.5788
0.6000 -66.6331 15.8008
0.7000 -93.4171 15.8015
0.8000 -120.7451 16.3237
0.9000 -150.1777 18.0443
1.0000 -185.0828 23.0506
#PMF from TI in kcal/mol
0.0000 0.0000
0.1000 1.8271
0.2000 4.1468
0.3000 5.4138
0.4000 4.8809
0.5000 2.1264
0.6000 -3.1891
0.7000 -11.1916
0.8000 -21.8997
0.9000 -35.4459
1.0000 -52.2089
#MBAR free energy difference in kcal/mol: 
-51.792390, 0.079980  #WARNING SUBSAMPLING DISABLED, CONSIDER RERUN WITH SUBSAMPLING OPTION
#TI free energy difference in kcal/mol: 
-52.208901  #WARNING SUBSAMPLING DISABLED, CONSIDER RERUN WITH SUBSAMPLING OPTION 
Starting /export/users/common/BioSimSpace/sire.app/bin/analyse_freenrg: number of threads equals 32
