# Analysing data contained in file(s) ['lambda_0.0000/simfile.dat', 'lambda_0.1000/simfile.dat', 'lambda_0.2000/simfile.dat', 'lambda_0.3000/simfile.dat', 'lambda_0.4000/simfile.dat', 'lambda_0.5000/simfile.dat', 'lambda_0.6000/simfile.dat', 'lambda_0.7000/simfile.dat', 'lambda_0.8000/simfile.dat', 'lambda_0.9000/simfile.dat', 'lambda_1.0000/simfile.dat']
#Overlap matrix
0.9150 0.0850 0.0000 0.0000 0.0000 0.0000 0.0000 0.0000 0.0000 0.0000 0.0000
0.0850 0.8546 0.0604 0.0000 0.0000 0.0000 0.0000 0.0000 0.0000 0.0000 0.0000
0.0000 0.0604 0.8812 0.0584 0.0000 0.0000 0.0000 0.0000 0.0000 0.0000 0.0000
0.0000 0.0000 0.0584 0.8959 0.0458 0.0000 0.0000 0.0000 0.0000 0.0000 0.0000
0.0000 0.0000 0.0000 0.0458 0.9312 0.0231 0.0000 0.0000 0.0000 0.0000 0.0000
0.0000 0.0000 0.0000 0.0000 0.0231 0.9614 0.0155 0.0000 0.0000 0.0000 0.0000
0.0000 0.0000 0.0000 0.0000 0.0000 0.0155 0.9685 0.0160 0.0000 0.0000 0.0000
0.0000 0.0000 0.0000 0.0000 0.0000 0.0000 0.0160 0.9739 0.0101 0.0000 0.0000
0.0000 0.0000 0.0000 0.0000 0.0000 0.0000 0.0000 0.0101 0.9799 0.0100 0.0000
0.0000 0.0000 0.0000 0.0000 0.0000 0.0000 0.0000 0.0000 0.0100 0.9849 0.0051
0.0000 0.0000 0.0000 0.0000 0.0000 0.0000 0.0000 0.0000 0.0000 0.0051 0.9949
#DG from neighbouring lambda in kcal/mol
0.0000 0.1000 -1.0821 0.0270
0.1000 0.2000 -1.8555 0.0330
0.2000 0.3000 -3.0158 0.0336
0.3000 0.4000 -3.4728 0.0385
0.4000 0.5000 -3.5801 0.0556
0.5000 0.6000 -4.7484 0.0683
0.6000 0.7000 -6.1510 0.0673
0.7000 0.8000 -7.5709 0.0852
0.8000 0.9000 -7.4569 0.0856
0.9000 1.0000 -5.0348 0.1211
#PMF from MBAR in kcal/mol
0.0000 0.0000 0.0000
0.1000 -1.0821 0.0270
0.2000 -2.9375 0.0444
0.3000 -5.9533 0.0570
0.4000 -9.4261 0.0699
0.5000 -13.0061 0.0901
0.6000 -17.7546 0.1138
0.7000 -23.9056 0.1328
0.8000 -31.4765 0.1583
0.9000 -38.9334 0.1804
1.0000 -43.9681 0.2176
#TI average gradients and standard deviation in kcal/mol
0.0000 -21.9208 20.3044
0.1000 -12.4717 19.0273
0.2000 -25.0136 20.4697
0.3000 -34.8455 22.3571
0.4000 -32.8642 25.6749
0.5000 -39.1565 28.1362
0.6000 -55.9833 28.1447
0.7000 -67.7886 29.4329
0.8000 -80.4518 29.7528
0.9000 -69.1150 34.3202
1.0000 -14.8787 35.7391
#PMF from TI in kcal/mol
0.0000 0.0000
0.1000 -1.7196
0.2000 -3.5939
0.3000 -6.5868
0.4000 -9.9723
0.5000 -13.5734
0.6000 -18.3304
0.7000 -24.5190
0.8000 -31.9310
0.9000 -39.4093
1.0000 -43.6090
#MBAR free energy difference in kcal/mol: 
-43.968141, 0.217577  #WARNING SUBSAMPLING DISABLED, CONSIDER RERUN WITH SUBSAMPLING OPTION
#TI free energy difference in kcal/mol: 
-43.609008  #WARNING SUBSAMPLING DISABLED, CONSIDER RERUN WITH SUBSAMPLING OPTION 
Starting /export/users/common/BioSimSpace/sire.app/bin/analyse_freenrg: number of threads equals 32
