# Analysing data contained in file(s) ['lambda_0.0000/simfile.dat', 'lambda_0.1000/simfile.dat', 'lambda_0.2000/simfile.dat', 'lambda_0.3000/simfile.dat', 'lambda_0.4000/simfile.dat', 'lambda_0.5000/simfile.dat', 'lambda_0.6000/simfile.dat', 'lambda_0.7000/simfile.dat', 'lambda_0.8000/simfile.dat', 'lambda_0.9000/simfile.dat', 'lambda_1.0000/simfile.dat']
#Overlap matrix
0.9807 0.0193 0.0000 0.0000 0.0000 0.0000 0.0000 0.0000 0.0000 0.0000 0.0000
0.0193 0.9682 0.0125 0.0000 0.0000 0.0000 0.0000 0.0000 0.0000 0.0000 0.0000
0.0000 0.0125 0.9660 0.0214 0.0000 0.0000 0.0000 0.0000 0.0000 0.0000 0.0000
0.0000 0.0000 0.0214 0.9785 0.0000 0.0000 0.0000 0.0000 0.0000 0.0000 0.0000
0.0000 0.0000 0.0000 0.0000 0.8439 0.1527 0.0033 0.0000 0.0000 0.0000 0.0000
0.0000 0.0000 0.0000 0.0000 0.1527 0.7353 0.1115 0.0005 0.0000 0.0000 0.0000
0.0000 0.0000 0.0000 0.0000 0.0033 0.1115 0.8009 0.0842 0.0001 0.0000 0.0000
0.0000 0.0000 0.0000 0.0000 0.0000 0.0005 0.0842 0.8381 0.0771 0.0001 0.0000
0.0000 0.0000 0.0000 0.0000 0.0000 0.0000 0.0001 0.0771 0.8558 0.0668 0.0001
0.0000 0.0000 0.0000 0.0000 0.0000 0.0000 0.0000 0.0001 0.0668 0.8742 0.0589
0.0000 0.0000 0.0000 0.0000 0.0000 0.0000 0.0000 0.0000 0.0001 0.0589 0.9410
#DG from neighbouring lambda in kcal/mol
0.0000 0.1000 8.2116 0.0611
0.1000 0.2000 5.7207 0.0762
0.2000 0.3000 4.6642 0.0578
0.3000 0.4000 -0.6916 2.0364
0.4000 0.5000 6.9494 0.0182
0.5000 0.6000 7.6792 0.0224
0.6000 0.7000 3.6285 0.0271
0.7000 0.8000 -0.8588 0.0286
0.8000 0.9000 -4.2387 0.0311
0.9000 1.0000 -6.1948 0.0334
#PMF from MBAR in kcal/mol
0.0000 0.0000 0.0000
0.1000 8.2116 0.0611
0.2000 13.9324 0.0985
0.3000 18.5965 0.1148
0.4000 17.9049 2.0397
0.5000 24.8543 2.0397
0.6000 32.5335 2.0399
0.7000 36.1620 2.0401
0.8000 35.3032 2.0403
0.9000 31.0645 2.0406
1.0000 24.8698 2.0409
#TI average gradients and standard deviation in kcal/mol
0.0000 19067468.9736 1138824685.5363
0.1000 70.9182 29.4332
0.2000 47.9295 29.8295
0.3000 48.4053 25.7382
0.4000 19.1131 21.3199
0.5000 89.5871 16.7911
0.6000 59.2376 18.7409
0.7000 12.4027 20.4887
0.8000 -27.0508 20.2759
0.9000 -55.3004 19.9416
1.0000 -7122.9850 293769.6935
#PMF from TI in kcal/mol
0.0000 0.0000
0.1000 953376.9946
0.2000 953382.9370
0.3000 953387.7537
0.4000 953391.1296
0.5000 953396.5647
0.6000 953404.0059
0.7000 953407.5879
0.8000 953406.8555
0.9000 953402.7379
1.0000 953043.8237
#MBAR free energy difference in kcal/mol: 
24.869784, 2.040906  #WARNING SUBSAMPLING DISABLED, CONSIDER RERUN WITH SUBSAMPLING OPTION
#TI free energy difference in kcal/mol: 
953043.823675  #WARNING SUBSAMPLING DISABLED, CONSIDER RERUN WITH SUBSAMPLING OPTION 
Starting /export/users/common/BioSimSpace/sire.app/bin/analyse_freenrg: number of threads equals 32
