# Analysing data contained in file(s) ['lambda_0.0000/simfile.dat', 'lambda_0.1000/simfile.dat', 'lambda_0.2000/simfile.dat', 'lambda_0.3000/simfile.dat', 'lambda_0.4000/simfile.dat', 'lambda_0.5000/simfile.dat', 'lambda_0.6000/simfile.dat', 'lambda_0.7000/simfile.dat', 'lambda_0.8000/simfile.dat', 'lambda_0.9000/simfile.dat', 'lambda_1.0000/simfile.dat']
#Overlap matrix
0.9156 0.0843 0.0001 0.0000 0.0000 0.0000 0.0000 0.0000 0.0000 0.0000 0.0000
0.0843 0.8153 0.1002 0.0002 0.0000 0.0000 0.0000 0.0000 0.0000 0.0000 0.0000
0.0001 0.1002 0.7908 0.1086 0.0003 0.0000 0.0000 0.0000 0.0000 0.0000 0.0000
0.0000 0.0002 0.1086 0.7818 0.1091 0.0003 0.0000 0.0000 0.0000 0.0000 0.0000
0.0000 0.0000 0.0003 0.1091 0.7947 0.0958 0.0001 0.0000 0.0000 0.0000 0.0000
0.0000 0.0000 0.0000 0.0003 0.0958 0.8207 0.0831 0.0001 0.0000 0.0000 0.0000
0.0000 0.0000 0.0000 0.0000 0.0001 0.0831 0.8248 0.0918 0.0002 0.0000 0.0000
0.0000 0.0000 0.0000 0.0000 0.0000 0.0001 0.0918 0.8271 0.0810 0.0001 0.0000
0.0000 0.0000 0.0000 0.0000 0.0000 0.0000 0.0002 0.0810 0.8552 0.0636 0.0000
0.0000 0.0000 0.0000 0.0000 0.0000 0.0000 0.0000 0.0001 0.0636 0.8856 0.0507
0.0000 0.0000 0.0000 0.0000 0.0000 0.0000 0.0000 0.0000 0.0000 0.0507 0.9492
#DG from neighbouring lambda in kcal/mol
0.0000 0.1000 -0.7212 0.0272
0.1000 0.2000 -0.1264 0.0244
0.2000 0.3000 0.1762 0.0232
0.3000 0.4000 0.4277 0.0231
0.4000 0.5000 0.7024 0.0251
0.5000 0.6000 0.4560 0.0273
0.6000 0.7000 0.2156 0.0258
0.7000 0.8000 0.3523 0.0278
0.8000 0.9000 0.7711 0.0320
0.9000 1.0000 2.7191 0.0364
#PMF from MBAR in kcal/mol
0.0000 0.0000 0.0000
0.1000 -0.7212 0.0272
0.2000 -0.8476 0.0385
0.3000 -0.6713 0.0465
0.4000 -0.2436 0.0533
0.5000 0.4587 0.0601
0.6000 0.9147 0.0672
0.7000 1.1303 0.0729
0.8000 1.4826 0.0790
0.9000 2.2536 0.0861
1.0000 4.9727 0.0943
#TI average gradients and standard deviation in kcal/mol
0.0000 54758113479.0949 3762150482345.0684
0.1000 -3.1971 19.6111
0.2000 0.6052 18.2193
0.3000 2.7114 17.7728
0.4000 5.9576 18.4902
0.5000 7.0337 19.9197
0.6000 2.2321 19.4048
0.7000 2.7317 19.3241
0.8000 4.8844 20.2830
0.9000 11.5090 21.3972
1.0000 51.1252 26.1511
#PMF from TI in kcal/mol
0.0000 0.0000
0.1000 2737905673.7949
0.2000 2737905673.6653
0.3000 2737905673.8311
0.4000 2737905674.2646
0.5000 2737905674.9141
0.6000 2737905675.3774
0.7000 2737905675.6256
0.8000 2737905676.0064
0.9000 2737905676.8261
1.0000 2737905679.9578
#MBAR free energy difference in kcal/mol: 
4.972714, 0.094251  #WARNING SUBSAMPLING DISABLED, CONSIDER RERUN WITH SUBSAMPLING OPTION
#TI free energy difference in kcal/mol: 
2737905679.957789  #WARNING SUBSAMPLING DISABLED, CONSIDER RERUN WITH SUBSAMPLING OPTION 
Starting /export/users/common/BioSimSpace/sire.app/bin/analyse_freenrg: number of threads equals 32
