# Analysing data contained in file(s) ['lambda_0.0000/simfile.dat', 'lambda_0.1000/simfile.dat', 'lambda_0.2000/simfile.dat', 'lambda_0.3000/simfile.dat', 'lambda_0.4000/simfile.dat', 'lambda_0.5000/simfile.dat', 'lambda_0.6000/simfile.dat', 'lambda_0.7000/simfile.dat', 'lambda_0.8000/simfile.dat', 'lambda_0.9000/simfile.dat', 'lambda_1.0000/simfile.dat']
#Overlap matrix
0.9896 0.0104 0.0000 0.0000 0.0000 0.0000 0.0000 0.0000 0.0000 0.0000 0.0000
0.0104 0.9813 0.0084 0.0000 0.0000 0.0000 0.0000 0.0000 0.0000 0.0000 0.0000
0.0000 0.0084 0.9799 0.0117 0.0000 0.0000 0.0000 0.0000 0.0000 0.0000 0.0000
0.0000 0.0000 0.0117 0.9882 0.0000 0.0000 0.0000 0.0000 0.0000 0.0000 0.0000
0.0000 0.0000 0.0000 0.0000 0.9387 0.0613 0.0000 0.0000 0.0000 0.0000 0.0000
0.0000 0.0000 0.0000 0.0000 0.0613 0.8864 0.0523 0.0000 0.0000 0.0000 0.0000
0.0000 0.0000 0.0000 0.0000 0.0000 0.0523 0.8925 0.0551 0.0000 0.0000 0.0000
0.0000 0.0000 0.0000 0.0000 0.0000 0.0000 0.0551 0.8827 0.0622 0.0000 0.0000
0.0000 0.0000 0.0000 0.0000 0.0000 0.0000 0.0000 0.0622 0.8809 0.0570 0.0000
0.0000 0.0000 0.0000 0.0000 0.0000 0.0000 0.0000 0.0000 0.0570 0.9074 0.0356
0.0000 0.0000 0.0000 0.0000 0.0000 0.0000 0.0000 0.0000 0.0000 0.0356 0.9644
#DG from neighbouring lambda in kcal/mol
0.0000 0.1000 -5.4631 0.0840
0.1000 0.2000 -7.9059 0.0938
0.2000 0.3000 -10.1632 0.0789
0.3000 0.4000 -19.5696 1.2617
0.4000 0.5000 -13.1244 0.0327
0.5000 0.6000 -14.4639 0.0358
0.6000 0.7000 -20.5297 0.0347
0.7000 0.8000 -26.6375 0.0325
0.8000 0.9000 -31.1932 0.0341
0.9000 1.0000 -35.0446 0.0442
#PMF from MBAR in kcal/mol
0.0000 0.0000 0.0000
0.1000 -5.4631 0.0840
0.2000 -13.3690 0.1265
0.3000 -23.5322 0.1496
0.4000 -43.1018 1.2706
0.5000 -56.2262 1.2711
0.6000 -70.6901 1.2716
0.7000 -91.2197 1.2722
0.8000 -117.8572 1.2726
0.9000 -149.0504 1.2731
1.0000 -184.0950 1.2740
#TI average gradients and standard deviation in kcal/mol
0.0000 -49.8811 30.5080
0.1000 -65.5026 30.6923
0.2000 -92.1414 32.0815
0.3000 -108.2011 30.1214
0.4000 -172.3398 26.3012
0.5000 -120.9295 21.4336
0.6000 -173.9249 21.7791
0.7000 -238.1755 22.6503
0.8000 -290.9394 21.0535
0.9000 -332.0643 22.8551
1.0000 -366.9141 89.5051
#PMF from TI in kcal/mol
0.0000 0.0000
0.1000 -5.7692
0.2000 -13.6514
0.3000 -23.6685
0.4000 -37.6956
0.5000 -52.3590
0.6000 -67.1017
0.7000 -87.7068
0.8000 -114.1625
0.9000 -145.3127
1.0000 -180.2616
#MBAR free energy difference in kcal/mol: 
-184.094982, 1.273971  #WARNING SUBSAMPLING DISABLED, CONSIDER RERUN WITH SUBSAMPLING OPTION
#TI free energy difference in kcal/mol: 
-180.261620  #WARNING SUBSAMPLING DISABLED, CONSIDER RERUN WITH SUBSAMPLING OPTION 
Starting /export/users/common/BioSimSpace/sire.app/bin/analyse_freenrg: number of threads equals 32
