# Analysing data contained in file(s) ['lambda_0.0000/simfile.dat', 'lambda_0.1000/simfile.dat', 'lambda_0.2000/simfile.dat', 'lambda_0.3000/simfile.dat', 'lambda_0.4000/simfile.dat', 'lambda_0.5000/simfile.dat', 'lambda_0.6000/simfile.dat', 'lambda_0.7000/simfile.dat', 'lambda_0.8000/simfile.dat', 'lambda_0.9000/simfile.dat', 'lambda_1.0000/simfile.dat']
#Overlap matrix
0.8264 0.1711 0.0024 0.0000 0.0000 0.0000 0.0000 0.0000 0.0000 0.0000 0.0000
0.1711 0.6556 0.1699 0.0033 0.0000 0.0000 0.0000 0.0000 0.0000 0.0000 0.0000
0.0024 0.1699 0.6461 0.1776 0.0040 0.0000 0.0000 0.0000 0.0000 0.0000 0.0000
0.0000 0.0033 0.1776 0.6323 0.1814 0.0054 0.0000 0.0000 0.0000 0.0000 0.0000
0.0000 0.0000 0.0040 0.1814 0.6152 0.1943 0.0052 0.0000 0.0000 0.0000 0.0000
0.0000 0.0000 0.0000 0.0054 0.1943 0.6168 0.1783 0.0052 0.0000 0.0000 0.0000
0.0000 0.0000 0.0000 0.0000 0.0052 0.1783 0.6258 0.1859 0.0048 0.0000 0.0000
0.0000 0.0000 0.0000 0.0000 0.0000 0.0052 0.1859 0.6368 0.1695 0.0025 0.0000
0.0000 0.0000 0.0000 0.0000 0.0000 0.0000 0.0048 0.1695 0.6918 0.1333 0.0005
0.0000 0.0000 0.0000 0.0000 0.0000 0.0000 0.0000 0.0025 0.1333 0.7732 0.0909
0.0000 0.0000 0.0000 0.0000 0.0000 0.0000 0.0000 0.0000 0.0005 0.0909 0.9085
#DG from neighbouring lambda in kcal/mol
0.0000 0.1000 0.9928 0.0168
0.1000 0.2000 0.7496 0.0166
0.2000 0.3000 0.5220 0.0160
0.3000 0.4000 0.2976 0.0156
0.4000 0.5000 0.1880 0.0147
0.5000 0.6000 0.0326 0.0157
0.6000 0.7000 -0.0440 0.0153
0.7000 0.8000 0.2192 0.0165
0.8000 0.9000 1.0896 0.0200
0.9000 1.0000 3.5389 0.0258
#PMF from MBAR in kcal/mol
0.0000 0.0000 0.0000
0.1000 0.9928 0.0168
0.2000 1.7423 0.0264
0.3000 2.2643 0.0329
0.4000 2.5619 0.0382
0.5000 2.7498 0.0425
0.6000 2.7825 0.0467
0.7000 2.7384 0.0505
0.8000 2.9576 0.0543
0.9000 4.0472 0.0590
1.0000 7.5861 0.0655
#TI average gradients and standard deviation in kcal/mol
0.0000 3.2933 14.5982
0.1000 9.0671 14.6946
0.2000 6.2477 14.0011
0.3000 3.9735 14.0745
0.4000 1.8680 13.6125
0.5000 1.9539 13.6633
0.6000 -1.0993 13.3730
0.7000 0.1475 14.3571
0.8000 5.5943 15.3127
0.9000 18.8138 17.4897
1.0000 59.7276 22.6735
#PMF from TI in kcal/mol
0.0000 0.0000
0.1000 0.6180
0.2000 1.3838
0.3000 1.8948
0.4000 2.1869
0.5000 2.3780
0.6000 2.4207
0.7000 2.3731
0.8000 2.6602
0.9000 3.8806
1.0000 7.8077
#MBAR free energy difference in kcal/mol: 
7.586117, 0.065522  #WARNING SUBSAMPLING DISABLED, CONSIDER RERUN WITH SUBSAMPLING OPTION
#TI free energy difference in kcal/mol: 
7.807700  #WARNING SUBSAMPLING DISABLED, CONSIDER RERUN WITH SUBSAMPLING OPTION 
Starting /export/users/common/BioSimSpace/sire.app/bin/analyse_freenrg: number of threads equals 32
