# Analysing data contained in file(s) ['lambda_0.0000/simfile.dat', 'lambda_0.1000/simfile.dat', 'lambda_0.2000/simfile.dat', 'lambda_0.3000/simfile.dat', 'lambda_0.4000/simfile.dat', 'lambda_0.5000/simfile.dat', 'lambda_0.6000/simfile.dat', 'lambda_0.7000/simfile.dat', 'lambda_0.8000/simfile.dat', 'lambda_0.9000/simfile.dat', 'lambda_1.0000/simfile.dat']
#Overlap matrix
0.9880 0.0120 0.0000 0.0000 0.0000 0.0000 0.0000 0.0000 0.0000 0.0000 0.0000
0.0120 0.9840 0.0040 0.0000 0.0000 0.0000 0.0000 0.0000 0.0000 0.0000 0.0000
0.0000 0.0040 0.9942 0.0018 0.0000 0.0000 0.0000 0.0000 0.0000 0.0000 0.0000
0.0000 0.0000 0.0018 0.9982 0.0000 0.0000 0.0000 0.0000 0.0000 0.0000 0.0000
0.0000 0.0000 0.0000 0.0000 0.9747 0.0250 0.0001 0.0001 0.0001 0.0000 0.0000
0.0000 0.0000 0.0000 0.0000 0.0250 0.9133 0.0509 0.0075 0.0032 0.0001 0.0000
0.0000 0.0000 0.0000 0.0000 0.0001 0.0509 0.6784 0.2405 0.0298 0.0002 0.0000
0.0000 0.0000 0.0000 0.0000 0.0001 0.0075 0.2405 0.5416 0.2064 0.0040 0.0000
0.0000 0.0000 0.0000 0.0000 0.0001 0.0032 0.0298 0.2064 0.6264 0.1302 0.0039
0.0000 0.0000 0.0000 0.0000 0.0000 0.0001 0.0002 0.0040 0.1302 0.5944 0.2711
0.0000 0.0000 0.0000 0.0000 0.0000 0.0000 0.0000 0.0000 0.0039 0.2711 0.7249
#DG from neighbouring lambda in kcal/mol
0.0000 0.1000 -3.1594 0.0781
0.1000 0.2000 -1.8397 0.1360
0.2000 0.3000 -3.0645 0.2055
0.3000 0.4000 -19.1522 199.3370
0.4000 0.5000 2.0386 0.0530
0.5000 0.6000 8.8610 0.0327
0.6000 0.7000 9.5207 0.0111
0.7000 0.8000 6.8633 0.0128
0.8000 0.9000 1.7256 0.0198
0.9000 1.0000 -2.4536 0.0111
#PMF from MBAR in kcal/mol
0.0000 0.0000 0.0000
0.1000 -3.1594 0.0781
0.2000 -4.9991 0.1573
0.3000 -8.0636 0.2591
0.4000 -27.2157 199.3371
0.5000 -25.1771 199.3371
0.6000 -16.3161 199.3371
0.7000 -6.7954 199.3371
0.8000 0.0679 199.3371
0.9000 1.7934 199.3371
1.0000 -0.6602 199.3371
#TI average gradients and standard deviation in kcal/mol
0.0000 -75.0155 27.8447
0.1000 -12.7597 31.6972
0.2000 -24.3305 35.1645
0.3000 -36.1642 39.0376
0.4000 -76.6947 35.8111
0.5000 80.1775 23.1585
0.6000 91.7549 16.8086
0.7000 88.6778 10.6139
0.8000 45.5165 13.2197
0.9000 -9.7966 13.2628
1.0000 -15.3418 9.8546
#PMF from TI in kcal/mol
0.0000 0.0000
0.1000 -4.3888
0.2000 -6.2433
0.3000 -9.2680
0.4000 -14.9109
0.5000 -14.7368
0.6000 -6.1402
0.7000 2.8814
0.8000 9.5912
0.9000 11.3772
1.0000 10.1202
#MBAR free energy difference in kcal/mol: 
-0.660162, 199.337118  #WARNING SUBSAMPLING DISABLED, CONSIDER RERUN WITH SUBSAMPLING OPTION
#TI free energy difference in kcal/mol: 
10.120231  #WARNING SUBSAMPLING DISABLED, CONSIDER RERUN WITH SUBSAMPLING OPTION 
Starting /export/users/common/BioSimSpace/sire.app/bin/analyse_freenrg: number of threads equals 32
