# Analysing data contained in file(s) ['lambda_0.0000/simfile.dat', 'lambda_0.1000/simfile.dat', 'lambda_0.2000/simfile.dat', 'lambda_0.3000/simfile.dat', 'lambda_0.4000/simfile.dat', 'lambda_0.5000/simfile.dat', 'lambda_0.6000/simfile.dat', 'lambda_0.7000/simfile.dat', 'lambda_0.8000/simfile.dat', 'lambda_0.9000/simfile.dat', 'lambda_1.0000/simfile.dat']
#Overlap matrix
0.9385 0.0615 0.0000 0.0000 0.0000 0.0000 0.0000 0.0000 0.0000 0.0000 0.0000
0.0615 0.8684 0.0701 0.0000 0.0000 0.0000 0.0000 0.0000 0.0000 0.0000 0.0000
0.0000 0.0701 0.8469 0.0829 0.0001 0.0000 0.0000 0.0000 0.0000 0.0000 0.0000
0.0000 0.0000 0.0829 0.8231 0.0939 0.0001 0.0000 0.0000 0.0000 0.0000 0.0000
0.0000 0.0000 0.0001 0.0939 0.8151 0.0907 0.0001 0.0000 0.0000 0.0000 0.0000
0.0000 0.0000 0.0000 0.0001 0.0907 0.8211 0.0879 0.0001 0.0000 0.0000 0.0000
0.0000 0.0000 0.0000 0.0000 0.0001 0.0879 0.8214 0.0904 0.0001 0.0000 0.0000
0.0000 0.0000 0.0000 0.0000 0.0000 0.0001 0.0904 0.8245 0.0848 0.0001 0.0000
0.0000 0.0000 0.0000 0.0000 0.0000 0.0000 0.0001 0.0848 0.8232 0.0918 0.0001
0.0000 0.0000 0.0000 0.0000 0.0000 0.0000 0.0000 0.0001 0.0918 0.8466 0.0615
0.0000 0.0000 0.0000 0.0000 0.0000 0.0000 0.0000 0.0000 0.0001 0.0615 0.9384
#DG from neighbouring lambda in kcal/mol
0.0000 0.1000 0.8641 0.0327
0.1000 0.2000 0.8568 0.0303
0.2000 0.3000 0.6304 0.0274
0.3000 0.4000 0.0752 0.0254
0.4000 0.5000 -0.5072 0.0259
0.5000 0.6000 -0.7672 0.0264
0.6000 0.7000 -1.0931 0.0260
0.7000 0.8000 -1.8904 0.0270
0.8000 0.9000 -2.7170 0.0258
0.9000 1.0000 -3.5208 0.0326
#PMF from MBAR in kcal/mol
0.0000 0.0000 0.0000
0.1000 0.8641 0.0327
0.2000 1.7210 0.0462
0.3000 2.3513 0.0551
0.4000 2.4265 0.0619
0.5000 1.9193 0.0682
0.6000 1.1521 0.0741
0.7000 0.0590 0.0795
0.8000 -1.8314 0.0848
0.9000 -4.5484 0.0895
1.0000 -8.0692 0.0960
#TI average gradients and standard deviation in kcal/mol
0.0000 4.0628 22.9847
0.1000 9.6876 21.4704
0.2000 7.7158 19.6105
0.3000 3.1756 19.5721
0.4000 -2.1156 19.7863
0.5000 -6.8022 19.5095
0.6000 -9.1750 19.7084
0.7000 -14.2480 19.5257
0.8000 -24.0548 19.4333
0.9000 -29.9348 19.9890
1.0000 -36.9055 21.7640
#PMF from TI in kcal/mol
0.0000 0.0000
0.1000 0.6875
0.2000 1.5577
0.3000 2.1023
0.4000 2.1553
0.5000 1.7094
0.6000 0.9105
0.7000 -0.2606
0.8000 -2.1758
0.9000 -4.8753
1.0000 -8.2173
#MBAR free energy difference in kcal/mol: 
-8.069245, 0.096021  #WARNING SUBSAMPLING DISABLED, CONSIDER RERUN WITH SUBSAMPLING OPTION
#TI free energy difference in kcal/mol: 
-8.217282  #WARNING SUBSAMPLING DISABLED, CONSIDER RERUN WITH SUBSAMPLING OPTION 
Starting /export/users/common/BioSimSpace/sire.app/bin/analyse_freenrg: number of threads equals 32
