# Analysing data contained in file(s) ['lambda_0.0000/simfile.dat', 'lambda_0.1000/simfile.dat', 'lambda_0.2000/simfile.dat', 'lambda_0.3000/simfile.dat', 'lambda_0.4000/simfile.dat', 'lambda_0.5000/simfile.dat', 'lambda_0.6000/simfile.dat', 'lambda_0.7000/simfile.dat', 'lambda_0.8000/simfile.dat', 'lambda_0.9000/simfile.dat', 'lambda_1.0000/simfile.dat']
#Overlap matrix
0.9748 0.0252 0.0000 0.0000 0.0000 0.0000 0.0000 0.0000 0.0000 0.0000 0.0000
0.0252 0.9670 0.0077 0.0000 0.0000 0.0000 0.0000 0.0000 0.0000 0.0000 0.0000
0.0000 0.0077 0.9858 0.0065 0.0000 0.0000 0.0000 0.0000 0.0000 0.0000 0.0000
0.0000 0.0000 0.0065 0.9857 0.0078 0.0000 0.0000 0.0000 0.0000 0.0000 0.0000
0.0000 0.0000 0.0000 0.0078 0.9817 0.0105 0.0000 0.0000 0.0000 0.0000 0.0000
0.0000 0.0000 0.0000 0.0000 0.0105 0.9886 0.0004 0.0001 0.0003 0.0001 0.0000
0.0000 0.0000 0.0000 0.0000 0.0000 0.0004 0.7835 0.2039 0.0121 0.0000 0.0000
0.0000 0.0000 0.0000 0.0000 0.0000 0.0001 0.2039 0.6215 0.1735 0.0010 0.0000
0.0000 0.0000 0.0000 0.0000 0.0000 0.0003 0.0121 0.1735 0.7203 0.0929 0.0010
0.0000 0.0000 0.0000 0.0000 0.0000 0.0001 0.0000 0.0010 0.0929 0.6638 0.2422
0.0000 0.0000 0.0000 0.0000 0.0000 0.0000 0.0000 0.0000 0.0010 0.2422 0.7569
#DG from neighbouring lambda in kcal/mol
0.0000 0.1000 -0.4184 0.0531
0.1000 0.2000 0.4486 0.0977
0.2000 0.3000 -0.6464 0.1068
0.3000 0.4000 -0.6290 0.0969
0.4000 0.5000 0.7024 0.0837
0.5000 0.6000 -3.3577 0.2829
0.6000 0.7000 5.9321 0.0141
0.7000 0.8000 6.6442 0.0159
0.8000 0.9000 1.6804 0.0253
0.9000 1.0000 -2.9299 0.0126
#PMF from MBAR in kcal/mol
0.0000 0.0000 0.0000
0.1000 -0.4184 0.0531
0.2000 0.0302 0.1118
0.3000 -0.6162 0.1551
0.4000 -1.2451 0.1833
0.5000 -0.5427 0.2019
0.6000 -3.9003 0.3477
0.7000 2.0318 0.3477
0.8000 8.6759 0.3477
0.9000 10.3563 0.3486
1.0000 7.4263 0.3490
#TI average gradients and standard deviation in kcal/mol
0.0000 -33.3461 28.7718
0.1000 13.1722 26.2184
0.2000 -2.7518 30.9903
0.3000 -10.1844 33.2360
0.4000 1.8571 30.1686
0.5000 -2.9969 38.1260
0.6000 6.6076 14.5227
0.7000 78.5257 13.3150
0.8000 46.9138 15.0832
0.9000 -13.9280 15.2379
1.0000 -25.1057 11.4831
#PMF from TI in kcal/mol
0.0000 0.0000
0.1000 -1.0087
0.2000 -0.4877
0.3000 -1.1345
0.4000 -1.5508
0.5000 -1.6078
0.6000 -1.4273
0.7000 2.8294
0.8000 9.1013
0.9000 10.7506
1.0000 8.7989
#MBAR free energy difference in kcal/mol: 
7.426339, 0.349033  #WARNING SUBSAMPLING DISABLED, CONSIDER RERUN WITH SUBSAMPLING OPTION
#TI free energy difference in kcal/mol: 
8.798947  #WARNING SUBSAMPLING DISABLED, CONSIDER RERUN WITH SUBSAMPLING OPTION 
Starting /export/users/common/BioSimSpace/sire.app/bin/analyse_freenrg: number of threads equals 32
