# Analysing data contained in file(s) ['lambda_0.0000/simfile.dat', 'lambda_0.1000/simfile.dat', 'lambda_0.2000/simfile.dat', 'lambda_0.3000/simfile.dat', 'lambda_0.4000/simfile.dat', 'lambda_0.5000/simfile.dat', 'lambda_0.6000/simfile.dat', 'lambda_0.7000/simfile.dat', 'lambda_0.8000/simfile.dat', 'lambda_0.9000/simfile.dat', 'lambda_1.0000/simfile.dat']
#Overlap matrix
0.9937 0.0063 0.0000 0.0000 0.0000 0.0000 0.0000 0.0000 0.0000 0.0000 0.0000
0.0120 0.9555 0.0326 0.0000 0.0000 0.0000 0.0000 0.0000 0.0000 0.0000 0.0000
0.0000 0.0171 0.9623 0.0206 0.0000 0.0000 0.0000 0.0000 0.0000 0.0000 0.0000
0.0000 0.0000 0.0206 0.9136 0.0657 0.0001 0.0000 0.0000 0.0000 0.0000 0.0000
0.0000 0.0000 0.0000 0.0657 0.8140 0.1201 0.0001 0.0000 0.0000 0.0000 0.0000
0.0000 0.0000 0.0000 0.0001 0.1201 0.8057 0.0741 0.0000 0.0000 0.0000 0.0000
0.0000 0.0000 0.0000 0.0000 0.0001 0.0741 0.9093 0.0165 0.0000 0.0000 0.0000
0.0000 0.0000 0.0000 0.0000 0.0000 0.0000 0.0165 0.9816 0.0019 0.0000 0.0000
0.0000 0.0000 0.0000 0.0000 0.0000 0.0000 0.0000 0.0019 0.9864 0.0117 0.0000
0.0000 0.0000 0.0000 0.0000 0.0000 0.0000 0.0000 0.0000 0.0117 0.9882 0.0001
0.0000 0.0000 0.0000 0.0000 0.0000 0.0000 0.0000 0.0000 0.0000 0.0001 0.9999
#DG from neighbouring lambda in kcal/mol
0.0000 0.1000 37.3182 0.1080
0.1000 0.2000 25.8885 0.0645
0.2000 0.3000 16.2396 0.0590
0.3000 0.4000 8.1653 0.0314
0.4000 0.5000 4.5257 0.0217
0.5000 0.6000 1.1443 0.0293
0.6000 0.7000 -5.5568 0.0662
0.7000 0.8000 -15.9332 0.1987
0.8000 0.9000 -34.4636 0.0790
0.9000 1.0000 -56.2617 0.8148
#PMF from MBAR in kcal/mol
0.0000 0.0000 0.0000
0.1000 37.3182 0.1080
0.2000 63.2066 0.1269
0.3000 79.4463 0.1405
0.4000 87.6116 0.1445
0.5000 92.1373 0.1466
0.6000 93.2816 0.1500
0.7000 87.7248 0.1644
0.8000 71.7916 0.2582
0.9000 37.3280 0.2703
1.0000 -18.9337 0.8586
#TI average gradients and standard deviation in kcal/mol
0.0000 445.3310 33.9282
0.1000 162.9405 156.4450
0.2000 212.9854 27.1525
0.3000 113.2482 25.7652
0.4000 59.6258 17.4863
0.5000 31.0912 17.4122
0.6000 -12.6293 20.8427
0.7000 -96.7863 22.3157
0.8000 -267.9942 38.7671
0.9000 -419.2984 38.8603
1.0000 -716.3344 51.2034
#PMF from TI in kcal/mol
0.0000 0.0000
0.1000 30.4136
0.2000 49.2099
0.3000 65.5216
0.4000 74.1653
0.5000 78.7011
0.6000 79.6242
0.7000 74.1534
0.8000 55.9144
0.9000 21.5498
1.0000 -35.2319
#MBAR free energy difference in kcal/mol: 
-18.933740, 0.858555  #WARNING SUBSAMPLING DISABLED, CONSIDER RERUN WITH SUBSAMPLING OPTION
#TI free energy difference in kcal/mol: 
-35.231872  #WARNING SUBSAMPLING DISABLED, CONSIDER RERUN WITH SUBSAMPLING OPTION 
Starting /export/users/common/BioSimSpace/sire.app/bin/analyse_freenrg: number of threads equals 32
