# Analysing data contained in file(s) ['lambda_0.0000/simfile.dat', 'lambda_0.1000/simfile.dat', 'lambda_0.2000/simfile.dat', 'lambda_0.3000/simfile.dat', 'lambda_0.4000/simfile.dat', 'lambda_0.5000/simfile.dat', 'lambda_0.6000/simfile.dat', 'lambda_0.7000/simfile.dat', 'lambda_0.8000/simfile.dat', 'lambda_0.9000/simfile.dat', 'lambda_1.0000/simfile.dat']
#Overlap matrix
0.9862 0.0138 0.0000 0.0000 0.0000 0.0000 0.0000 0.0000 0.0000 0.0000 0.0000
0.0138 0.9734 0.0128 0.0000 0.0000 0.0000 0.0000 0.0000 0.0000 0.0000 0.0000
0.0000 0.0128 0.9731 0.0141 0.0000 0.0000 0.0000 0.0000 0.0000 0.0000 0.0000
0.0000 0.0000 0.0141 0.9688 0.0171 0.0000 0.0000 0.0000 0.0000 0.0000 0.0000
0.0000 0.0000 0.0000 0.0171 0.9648 0.0181 0.0000 0.0000 0.0000 0.0000 0.0000
0.0000 0.0000 0.0000 0.0000 0.0181 0.9745 0.0074 0.0000 0.0000 0.0000 0.0000
0.0000 0.0000 0.0000 0.0000 0.0000 0.0074 0.9675 0.0251 0.0000 0.0000 0.0000
0.0000 0.0000 0.0000 0.0000 0.0000 0.0000 0.0251 0.9560 0.0189 0.0000 0.0000
0.0000 0.0000 0.0000 0.0000 0.0000 0.0000 0.0000 0.0189 0.9596 0.0215 0.0000
0.0000 0.0000 0.0000 0.0000 0.0000 0.0000 0.0000 0.0000 0.0215 0.9614 0.0172
0.0000 0.0000 0.0000 0.0000 0.0000 0.0000 0.0000 0.0000 0.0000 0.0172 0.9828
#DG from neighbouring lambda in kcal/mol
0.0000 0.1000 -12.0874 0.0726
0.1000 0.2000 -7.9144 0.0756
0.2000 0.3000 -8.1599 0.0717
0.3000 0.4000 -8.7485 0.0650
0.4000 0.5000 -9.0784 0.0631
0.5000 0.6000 -8.3103 0.0998
0.6000 0.7000 -5.2679 0.0533
0.7000 0.8000 -3.4323 0.0616
0.8000 0.9000 -4.1101 0.0578
0.9000 1.0000 -5.3615 0.0648
#PMF from MBAR in kcal/mol
0.0000 0.0000 0.0000
0.1000 -12.0874 0.0726
0.2000 -20.0018 0.1055
0.3000 -28.1617 0.1282
0.4000 -36.9102 0.1442
0.5000 -45.9886 0.1579
0.6000 -54.2989 0.1872
0.7000 -59.5668 0.1950
0.8000 -62.9992 0.2049
0.9000 -67.1093 0.2132
1.0000 -72.4708 0.2232
#TI average gradients and standard deviation in kcal/mol
0.0000 -179.7184 29.2140
0.1000 -86.9709 28.6621
0.2000 -77.0766 28.7277
0.3000 -84.5950 28.3398
0.4000 -91.4955 29.0093
0.5000 -85.0764 30.0395
0.6000 -79.3628 30.8703
0.7000 -34.6252 26.8825
0.8000 -37.2518 27.4305
0.9000 -46.1973 27.9045
1.0000 -45.4666 29.5604
#PMF from TI in kcal/mol
0.0000 0.0000
0.1000 -13.3345
0.2000 -21.5368
0.3000 -29.6204
0.4000 -38.4249
0.5000 -47.2535
0.6000 -55.4755
0.7000 -61.1749
0.8000 -64.7687
0.9000 -68.9412
1.0000 -73.5244
#MBAR free energy difference in kcal/mol: 
-72.470763, 0.223210  #WARNING SUBSAMPLING DISABLED, CONSIDER RERUN WITH SUBSAMPLING OPTION
#TI free energy difference in kcal/mol: 
-73.524392  #WARNING SUBSAMPLING DISABLED, CONSIDER RERUN WITH SUBSAMPLING OPTION 
Starting /export/users/common/BioSimSpace/sire.app/bin/analyse_freenrg: number of threads equals 32
