# Analysing data contained in file(s) ['lambda_0.0000/simfile.dat', 'lambda_0.1000/simfile.dat', 'lambda_0.2000/simfile.dat', 'lambda_0.3000/simfile.dat', 'lambda_0.4000/simfile.dat', 'lambda_0.5000/simfile.dat', 'lambda_0.6000/simfile.dat', 'lambda_0.7000/simfile.dat', 'lambda_0.8000/simfile.dat', 'lambda_0.9000/simfile.dat', 'lambda_1.0000/simfile.dat']
#Overlap matrix
0.7612 0.2237 0.0149 0.0002 0.0000 0.0000 0.0000 0.0000 0.0000 0.0000 0.0000
0.2237 0.5362 0.2216 0.0182 0.0003 0.0000 0.0000 0.0000 0.0000 0.0000 0.0000
0.0149 0.2216 0.5186 0.2247 0.0198 0.0004 0.0000 0.0000 0.0000 0.0000 0.0000
0.0002 0.0182 0.2247 0.5151 0.2239 0.0176 0.0003 0.0000 0.0000 0.0000 0.0000
0.0000 0.0003 0.0198 0.2239 0.5437 0.2006 0.0116 0.0002 0.0000 0.0000 0.0000
0.0000 0.0000 0.0004 0.0176 0.2006 0.5881 0.1845 0.0086 0.0001 0.0000 0.0000
0.0000 0.0000 0.0000 0.0003 0.0116 0.1845 0.6212 0.1764 0.0060 0.0001 0.0000
0.0000 0.0000 0.0000 0.0000 0.0002 0.0086 0.1764 0.6512 0.1592 0.0044 0.0000
0.0000 0.0000 0.0000 0.0000 0.0000 0.0001 0.0060 0.1592 0.6836 0.1491 0.0019
0.0000 0.0000 0.0000 0.0000 0.0000 0.0000 0.0001 0.0044 0.1491 0.7326 0.1138
0.0000 0.0000 0.0000 0.0000 0.0000 0.0000 0.0000 0.0000 0.0019 0.1138 0.8842
#DG from neighbouring lambda in kcal/mol
0.0000 0.1000 -3.4545 0.0128
0.1000 0.2000 -3.1607 0.0121
0.2000 0.3000 -2.8560 0.0117
0.3000 0.4000 -2.4182 0.0118
0.4000 0.5000 -1.8709 0.0133
0.5000 0.6000 -1.4556 0.0147
0.6000 0.7000 -1.1180 0.0156
0.7000 0.8000 -0.7366 0.0171
0.8000 0.9000 -0.1150 0.0182
0.9000 1.0000 1.2887 0.0223
#PMF from MBAR in kcal/mol
0.0000 0.0000 0.0000
0.1000 -3.4545 0.0128
0.2000 -6.6152 0.0206
0.3000 -9.4712 0.0259
0.4000 -11.8894 0.0303
0.5000 -13.7603 0.0346
0.6000 -15.2159 0.0391
0.7000 -16.3339 0.0435
0.8000 -17.0705 0.0480
0.9000 -17.1856 0.0525
1.0000 -15.8969 0.0582
#TI average gradients and standard deviation in kcal/mol
0.0000 -44.8631 11.8554
0.1000 -32.9759 11.0867
0.2000 -30.4895 11.1091
0.3000 -26.6721 11.1930
0.4000 -21.2785 11.7248
0.5000 -16.4079 13.3887
0.6000 -13.0450 13.6379
0.7000 -9.4382 14.4138
0.8000 -5.4750 14.6175
0.9000 4.5268 17.0089
1.0000 24.7429 19.0556
#PMF from TI in kcal/mol
0.0000 0.0000
0.1000 -3.8919
0.2000 -7.0652
0.3000 -9.9233
0.4000 -12.3208
0.5000 -14.2052
0.6000 -15.6778
0.7000 -16.8020
0.8000 -17.5476
0.9000 -17.5950
1.0000 -16.1315
#MBAR free energy difference in kcal/mol: 
-15.896905, 0.058228  #WARNING SUBSAMPLING DISABLED, CONSIDER RERUN WITH SUBSAMPLING OPTION
#TI free energy difference in kcal/mol: 
-16.131536  #WARNING SUBSAMPLING DISABLED, CONSIDER RERUN WITH SUBSAMPLING OPTION 
Starting /export/users/common/BioSimSpace/sire.app/bin/analyse_freenrg: number of threads equals 32
