# Analysing data contained in file(s) ['lambda_0.0000/simfile.dat', 'lambda_0.1000/simfile.dat', 'lambda_0.2000/simfile.dat', 'lambda_0.3000/simfile.dat', 'lambda_0.4000/simfile.dat', 'lambda_0.5000/simfile.dat', 'lambda_0.6000/simfile.dat', 'lambda_0.7000/simfile.dat', 'lambda_0.8000/simfile.dat', 'lambda_0.9000/simfile.dat', 'lambda_1.0000/simfile.dat']
#Overlap matrix
0.9694 0.0306 0.0000 0.0000 0.0000 0.0000 0.0000 0.0000 0.0000 0.0000 0.0000
0.0306 0.9408 0.0286 0.0000 0.0000 0.0000 0.0000 0.0000 0.0000 0.0000 0.0000
0.0000 0.0286 0.9481 0.0233 0.0000 0.0000 0.0000 0.0000 0.0000 0.0000 0.0000
0.0000 0.0000 0.0233 0.9561 0.0206 0.0000 0.0000 0.0000 0.0000 0.0000 0.0000
0.0000 0.0000 0.0000 0.0206 0.9464 0.0329 0.0000 0.0000 0.0000 0.0000 0.0000
0.0000 0.0000 0.0000 0.0000 0.0329 0.9192 0.0478 0.0000 0.0000 0.0000 0.0000
0.0000 0.0000 0.0000 0.0000 0.0000 0.0478 0.8907 0.0615 0.0000 0.0000 0.0000
0.0000 0.0000 0.0000 0.0000 0.0000 0.0000 0.0615 0.8709 0.0676 0.0000 0.0000
0.0000 0.0000 0.0000 0.0000 0.0000 0.0000 0.0000 0.0676 0.8649 0.0674 0.0000
0.0000 0.0000 0.0000 0.0000 0.0000 0.0000 0.0000 0.0000 0.0674 0.8892 0.0434
0.0000 0.0000 0.0000 0.0000 0.0000 0.0000 0.0000 0.0000 0.0000 0.0434 0.9566
#DG from neighbouring lambda in kcal/mol
0.0000 0.1000 -8.9352 0.0479
0.1000 0.2000 -9.5458 0.0496
0.2000 0.3000 -11.9434 0.0554
0.3000 0.4000 -15.0649 0.0590
0.4000 0.5000 -17.4622 0.0461
0.5000 0.6000 -19.8724 0.0376
0.6000 0.7000 -22.4619 0.0327
0.7000 0.8000 -25.4997 0.0309
0.8000 0.9000 -28.6656 0.0310
0.9000 1.0000 -32.2972 0.0397
#PMF from MBAR in kcal/mol
0.0000 0.0000 0.0000
0.1000 -8.9352 0.0479
0.2000 -18.4811 0.0701
0.3000 -30.4245 0.0902
0.4000 -45.4894 0.1084
0.5000 -62.9516 0.1184
0.6000 -82.8240 0.1249
0.7000 -105.2859 0.1296
0.8000 -130.7856 0.1338
0.9000 -159.4512 0.1379
1.0000 -191.7484 0.1440
#TI average gradients and standard deviation in kcal/mol
0.0000 -101.1286 25.3641
0.1000 -86.5107 25.1432
0.2000 -105.3315 25.7976
0.3000 -134.7595 27.3273
0.4000 -163.8330 26.0102
0.5000 -186.3585 24.1539
0.6000 -211.1391 22.2525
0.7000 -239.8010 21.1563
0.8000 -270.8223 20.1717
0.9000 -303.3227 21.6131
1.0000 -331.3530 24.3546
#PMF from TI in kcal/mol
0.0000 0.0000
0.1000 -9.3820
0.2000 -18.9741
0.3000 -30.9786
0.4000 -45.9083
0.5000 -63.4178
0.6000 -83.2927
0.7000 -105.8397
0.8000 -131.3709
0.9000 -160.0781
1.0000 -191.8119
#MBAR free energy difference in kcal/mol: 
-191.748420, 0.144032  #WARNING SUBSAMPLING DISABLED, CONSIDER RERUN WITH SUBSAMPLING OPTION
#TI free energy difference in kcal/mol: 
-191.811916  #WARNING SUBSAMPLING DISABLED, CONSIDER RERUN WITH SUBSAMPLING OPTION 
Starting /export/users/common/BioSimSpace/sire.app/bin/analyse_freenrg: number of threads equals 32
