# Analysing data contained in file(s) ['lambda_0.0000/simfile.dat', 'lambda_0.1000/simfile.dat', 'lambda_0.2000/simfile.dat', 'lambda_0.3000/simfile.dat', 'lambda_0.4000/simfile.dat', 'lambda_0.5000/simfile.dat', 'lambda_0.6000/simfile.dat', 'lambda_0.7000/simfile.dat', 'lambda_0.8000/simfile.dat', 'lambda_0.9000/simfile.dat', 'lambda_1.0000/simfile.dat']
#Overlap matrix
0.9344 0.0656 0.0000 0.0000 0.0000 0.0000 0.0000 0.0000 0.0000 0.0000 0.0000
0.0656 0.8628 0.0716 0.0000 0.0000 0.0000 0.0000 0.0000 0.0000 0.0000 0.0000
0.0000 0.0716 0.8442 0.0842 0.0000 0.0000 0.0000 0.0000 0.0000 0.0000 0.0000
0.0000 0.0000 0.0842 0.8268 0.0889 0.0001 0.0000 0.0000 0.0000 0.0000 0.0000
0.0000 0.0000 0.0000 0.0889 0.8109 0.1000 0.0001 0.0000 0.0000 0.0000 0.0000
0.0000 0.0000 0.0000 0.0001 0.1000 0.7985 0.1012 0.0003 0.0000 0.0000 0.0000
0.0000 0.0000 0.0000 0.0000 0.0001 0.1012 0.7748 0.1234 0.0005 0.0000 0.0000
0.0000 0.0000 0.0000 0.0000 0.0000 0.0003 0.1234 0.7506 0.1249 0.0007 0.0000
0.0000 0.0000 0.0000 0.0000 0.0000 0.0000 0.0005 0.1249 0.7247 0.1481 0.0017
0.0000 0.0000 0.0000 0.0000 0.0000 0.0000 0.0000 0.0007 0.1481 0.6812 0.1699
0.0000 0.0000 0.0000 0.0000 0.0000 0.0000 0.0000 0.0000 0.0017 0.1699 0.8283
#DG from neighbouring lambda in kcal/mol
0.0000 0.1000 -0.1461 0.0315
0.1000 0.2000 -0.0095 0.0299
0.2000 0.3000 -0.0940 0.0272
0.3000 0.4000 -0.0462 0.0263
0.4000 0.5000 -0.1124 0.0244
0.5000 0.6000 -0.1432 0.0242
0.6000 0.7000 -0.1461 0.0213
0.7000 0.8000 -0.1235 0.0211
0.8000 0.9000 -0.2115 0.0186
0.9000 1.0000 -0.1446 0.0169
#PMF from MBAR in kcal/mol
0.0000 0.0000 0.0000
0.1000 -0.1461 0.0315
0.2000 -0.1556 0.0451
0.3000 -0.2497 0.0541
0.4000 -0.2958 0.0613
0.5000 -0.4082 0.0671
0.6000 -0.5514 0.0724
0.7000 -0.6975 0.0764
0.8000 -0.8210 0.0802
0.9000 -1.0324 0.0832
1.0000 -1.1770 0.0857
#TI average gradients and standard deviation in kcal/mol
0.0000 -1.7856 20.3482
0.1000 -0.7545 20.0372
0.2000 -0.8490 20.1415
0.3000 -0.4032 18.8085
0.4000 -0.8815 18.5675
0.5000 -0.4618 17.4900
0.6000 -2.0624 16.6423
0.7000 -0.5214 15.7381
0.8000 -2.4352 15.5920
0.9000 -2.0284 15.2399
1.0000 -0.9287 13.7934
#PMF from TI in kcal/mol
0.0000 0.0000
0.1000 -0.1270
0.2000 -0.2072
0.3000 -0.2698
0.4000 -0.3340
0.5000 -0.4012
0.6000 -0.5274
0.7000 -0.6566
0.8000 -0.8044
0.9000 -1.0276
1.0000 -1.1755
#MBAR free energy difference in kcal/mol: 
-1.176983, 0.085719  #WARNING SUBSAMPLING DISABLED, CONSIDER RERUN WITH SUBSAMPLING OPTION
#TI free energy difference in kcal/mol: 
-1.175452  #WARNING SUBSAMPLING DISABLED, CONSIDER RERUN WITH SUBSAMPLING OPTION 
Starting /export/users/common/BioSimSpace/sire.app/bin/analyse_freenrg: number of threads equals 32
