# Analysing data contained in file(s) ['lambda_0.0000/simfile.dat', 'lambda_0.1000/simfile.dat', 'lambda_0.2000/simfile.dat', 'lambda_0.3000/simfile.dat', 'lambda_0.4000/simfile.dat', 'lambda_0.5000/simfile.dat', 'lambda_0.6000/simfile.dat', 'lambda_0.7000/simfile.dat', 'lambda_0.8000/simfile.dat', 'lambda_0.9000/simfile.dat', 'lambda_1.0000/simfile.dat']
#Overlap matrix
0.9222 0.0777 0.0002 0.0000 0.0000 0.0000 0.0000 0.0000 0.0000 0.0000 0.0000
0.0777 0.8109 0.1109 0.0006 0.0000 0.0000 0.0000 0.0000 0.0000 0.0000 0.0000
0.0002 0.1109 0.7571 0.1311 0.0008 0.0000 0.0000 0.0000 0.0000 0.0000 0.0000
0.0000 0.0006 0.1311 0.7359 0.1317 0.0008 0.0000 0.0000 0.0000 0.0000 0.0000
0.0000 0.0000 0.0008 0.1317 0.7306 0.1359 0.0010 0.0000 0.0000 0.0000 0.0000
0.0000 0.0000 0.0000 0.0008 0.1359 0.7251 0.1375 0.0007 0.0000 0.0000 0.0000
0.0000 0.0000 0.0000 0.0000 0.0010 0.1375 0.7253 0.1358 0.0005 0.0000 0.0000
0.0000 0.0000 0.0000 0.0000 0.0000 0.0007 0.1358 0.7401 0.1232 0.0003 0.0000
0.0000 0.0000 0.0000 0.0000 0.0000 0.0000 0.0005 0.1232 0.7663 0.1100 0.0000
0.0000 0.0000 0.0000 0.0000 0.0000 0.0000 0.0000 0.0003 0.1100 0.8877 0.0020
0.0000 0.0000 0.0000 0.0000 0.0000 0.0000 0.0000 0.0000 0.0000 0.0020 0.9980
#DG from neighbouring lambda in kcal/mol
0.0000 0.1000 -3.0634 0.0285
0.1000 0.2000 -0.5920 0.0228
0.2000 0.3000 0.8151 0.0204
0.3000 0.4000 1.5840 0.0203
0.4000 0.5000 1.9879 0.0198
0.5000 0.6000 2.4099 0.0197
0.6000 0.7000 2.5451 0.0199
0.7000 0.8000 2.6175 0.0213
0.8000 0.9000 2.7056 0.0230
0.9000 1.0000 -0.6369 0.1918
#PMF from MBAR in kcal/mol
0.0000 0.0000 0.0000
0.1000 -3.0634 0.0285
0.2000 -3.6554 0.0385
0.3000 -2.8403 0.0452
0.4000 -1.2563 0.0509
0.5000 0.7315 0.0559
0.6000 3.1414 0.0605
0.7000 5.6866 0.0648
0.8000 8.3041 0.0693
0.9000 11.0097 0.0740
1.0000 10.3728 0.2059
#TI average gradients and standard deviation in kcal/mol
0.0000 -51.6692 21.2980
0.1000 -15.6798 18.6854
0.2000 2.1368 17.4043
0.3000 13.4251 16.0285
0.4000 18.1447 15.8213
0.5000 21.4768 15.5268
0.6000 24.9217 17.2137
0.7000 26.2195 16.8067
0.8000 25.8978 18.1444
0.9000 28.9997 19.1650
1.0000 -808.6197 448.0277
#PMF from TI in kcal/mol
0.0000 0.0000
0.1000 -3.3674
0.2000 -4.0446
0.3000 -3.2665
0.4000 -1.6880
0.5000 0.2931
0.6000 2.6130
0.7000 5.1701
0.8000 7.7759
0.9000 10.5208
1.0000 -28.4602
#MBAR free energy difference in kcal/mol: 
10.372825, 0.205907  #WARNING SUBSAMPLING DISABLED, CONSIDER RERUN WITH SUBSAMPLING OPTION
#TI free energy difference in kcal/mol: 
-28.460210  #WARNING SUBSAMPLING DISABLED, CONSIDER RERUN WITH SUBSAMPLING OPTION 
Starting /export/users/common/BioSimSpace/sire.app/bin/analyse_freenrg: number of threads equals 32
