# Analysing data contained in file(s) ['lambda_0.0000/simfile.dat', 'lambda_0.1000/simfile.dat', 'lambda_0.2000/simfile.dat', 'lambda_0.3000/simfile.dat', 'lambda_0.4000/simfile.dat', 'lambda_0.5000/simfile.dat', 'lambda_0.6000/simfile.dat', 'lambda_0.7000/simfile.dat', 'lambda_0.8000/simfile.dat', 'lambda_0.9000/simfile.dat', 'lambda_1.0000/simfile.dat']
#Overlap matrix
0.9836 0.0164 0.0000 0.0000 0.0000 0.0000 0.0000 0.0000 0.0000 0.0000 0.0000
0.0164 0.9393 0.0443 0.0000 0.0000 0.0000 0.0000 0.0000 0.0000 0.0000 0.0000
0.0000 0.0443 0.9154 0.0403 0.0000 0.0000 0.0000 0.0000 0.0000 0.0000 0.0000
0.0000 0.0000 0.0403 0.9257 0.0340 0.0000 0.0000 0.0000 0.0000 0.0000 0.0000
0.0000 0.0000 0.0000 0.0340 0.9163 0.0497 0.0000 0.0000 0.0000 0.0000 0.0000
0.0000 0.0000 0.0000 0.0000 0.0497 0.9014 0.0489 0.0000 0.0000 0.0000 0.0000
0.0000 0.0000 0.0000 0.0000 0.0000 0.0489 0.9511 0.0000 0.0000 0.0000 0.0000
0.0000 0.0000 0.0000 0.0000 0.0000 0.0000 0.0000 0.9983 0.0017 0.0000 0.0000
0.0000 0.0000 0.0000 0.0000 0.0000 0.0000 0.0000 0.0017 0.9954 0.0029 0.0000
0.0000 0.0000 0.0000 0.0000 0.0000 0.0000 0.0000 0.0000 0.0029 0.9950 0.0021
0.0000 0.0000 0.0000 0.0000 0.0000 0.0000 0.0000 0.0000 0.0000 0.0021 0.9979
#DG from neighbouring lambda in kcal/mol
0.0000 0.1000 15.2533 0.0664
0.1000 0.2000 12.5555 0.0392
0.2000 0.3000 9.0834 0.0413
0.3000 0.4000 3.6800 0.0453
0.4000 0.5000 -1.5737 0.0368
0.5000 0.6000 -0.4010 0.0372
0.6000 0.7000 10.1742 9.3720
0.7000 0.8000 5.7654 0.2086
0.8000 0.9000 5.8103 0.1600
0.9000 1.0000 8.0737 0.1895
#PMF from MBAR in kcal/mol
0.0000 0.0000 0.0000
0.1000 15.2533 0.0664
0.2000 27.8088 0.0781
0.3000 36.8922 0.0892
0.4000 40.5723 0.1008
0.5000 38.9986 0.1080
0.6000 38.5976 0.1149
0.7000 48.7718 9.3727
0.8000 54.5371 9.3750
0.9000 60.3474 9.3764
1.0000 68.4211 9.3783
#TI average gradients and standard deviation in kcal/mol
0.0000 23384.5103 1211479.6507
0.1000 137.5503 24.0374
0.2000 111.4110 23.2406
0.3000 66.7893 23.9489
0.4000 5.7195 23.8974
0.5000 -28.2045 22.6101
0.6000 52.8771 28.9225
0.7000 50.5146 34.8360
0.8000 57.7024 38.6120
0.9000 67.8519 35.6470
1.0000 94.6955 36.9142
#PMF from TI in kcal/mol
0.0000 0.0000
0.1000 1176.1030
0.2000 1188.5511
0.3000 1197.4611
0.4000 1201.0866
0.5000 1199.9623
0.6000 1201.1959
0.7000 1206.3655
0.8000 1211.7764
0.9000 1218.0541
1.0000 1226.1814
#MBAR free energy difference in kcal/mol: 
68.421102, 9.378302  #WARNING SUBSAMPLING DISABLED, CONSIDER RERUN WITH SUBSAMPLING OPTION
#TI free energy difference in kcal/mol: 
1226.181448  #WARNING SUBSAMPLING DISABLED, CONSIDER RERUN WITH SUBSAMPLING OPTION 
Starting /export/users/common/BioSimSpace/sire.app/bin/analyse_freenrg: number of threads equals 32
