# Analysing data contained in file(s) ['lambda_0.0000/simfile.dat', 'lambda_0.1000/simfile.dat', 'lambda_0.2000/simfile.dat', 'lambda_0.3000/simfile.dat', 'lambda_0.4000/simfile.dat', 'lambda_0.5000/simfile.dat', 'lambda_0.6000/simfile.dat', 'lambda_0.7000/simfile.dat', 'lambda_0.8000/simfile.dat', 'lambda_0.9000/simfile.dat', 'lambda_1.0000/simfile.dat']
#Overlap matrix
0.9423 0.0577 0.0000 0.0000 0.0000 0.0000 0.0000 0.0000 0.0000 0.0000 0.0000
0.0577 0.8806 0.0617 0.0000 0.0000 0.0000 0.0000 0.0000 0.0000 0.0000 0.0000
0.0000 0.0617 0.8710 0.0673 0.0000 0.0000 0.0000 0.0000 0.0000 0.0000 0.0000
0.0000 0.0000 0.0673 0.8560 0.0767 0.0000 0.0000 0.0000 0.0000 0.0000 0.0000
0.0000 0.0000 0.0000 0.0767 0.8391 0.0841 0.0001 0.0000 0.0000 0.0000 0.0000
0.0000 0.0000 0.0000 0.0000 0.0841 0.8190 0.0967 0.0001 0.0000 0.0000 0.0000
0.0000 0.0000 0.0000 0.0000 0.0001 0.0967 0.7989 0.1042 0.0002 0.0000 0.0000
0.0000 0.0000 0.0000 0.0000 0.0000 0.0001 0.1042 0.7758 0.1196 0.0003 0.0000
0.0000 0.0000 0.0000 0.0000 0.0000 0.0000 0.0002 0.1196 0.7607 0.1191 0.0004
0.0000 0.0000 0.0000 0.0000 0.0000 0.0000 0.0000 0.0003 0.1191 0.7700 0.1106
0.0000 0.0000 0.0000 0.0000 0.0000 0.0000 0.0000 0.0000 0.0004 0.1106 0.8890
#DG from neighbouring lambda in kcal/mol
0.0000 0.1000 -6.4973 0.0339
0.1000 0.2000 -5.9859 0.0326
0.2000 0.3000 -5.7736 0.0310
0.3000 0.4000 -5.3086 0.0287
0.4000 0.5000 -4.8848 0.0272
0.5000 0.6000 -4.4609 0.0250
0.6000 0.7000 -4.0700 0.0238
0.7000 0.8000 -3.4159 0.0218
0.8000 0.9000 -2.5952 0.0218
0.9000 1.0000 -1.6839 0.0229
#PMF from MBAR in kcal/mol
0.0000 0.0000 0.0000
0.1000 -6.4973 0.0339
0.2000 -12.4832 0.0486
0.3000 -18.2568 0.0589
0.4000 -23.5654 0.0667
0.5000 -28.4501 0.0730
0.6000 -32.9110 0.0781
0.7000 -36.9811 0.0826
0.8000 -40.3969 0.0863
0.9000 -42.9921 0.0898
1.0000 -44.6760 0.0934
#TI average gradients and standard deviation in kcal/mol
0.0000 -67.6907 22.2054
0.1000 -62.0271 20.7796
0.2000 -58.6545 21.0037
0.3000 -55.5131 19.5210
0.4000 -51.5349 19.4418
0.5000 -47.4707 19.4567
0.6000 -42.8031 19.6732
0.7000 -37.9353 18.4571
0.8000 -29.8387 17.6309
0.9000 -21.0794 16.8404
1.0000 -12.0906 16.8790
#PMF from TI in kcal/mol
0.0000 0.0000
0.1000 -6.4859
0.2000 -12.5200
0.3000 -18.2284
0.4000 -23.5807
0.5000 -28.5310
0.6000 -33.0447
0.7000 -37.0816
0.8000 -40.4703
0.9000 -43.0162
1.0000 -44.6747
#MBAR free energy difference in kcal/mol: 
-44.675977, 0.093443  #WARNING SUBSAMPLING DISABLED, CONSIDER RERUN WITH SUBSAMPLING OPTION
#TI free energy difference in kcal/mol: 
-44.674743  #WARNING SUBSAMPLING DISABLED, CONSIDER RERUN WITH SUBSAMPLING OPTION 
Starting /export/users/common/BioSimSpace/sire.app/bin/analyse_freenrg: number of threads equals 32
