# Analysing data contained in file(s) ['lambda_0.0000/simfile.dat', 'lambda_0.1000/simfile.dat', 'lambda_0.2000/simfile.dat', 'lambda_0.3000/simfile.dat', 'lambda_0.4000/simfile.dat', 'lambda_0.5000/simfile.dat', 'lambda_0.6000/simfile.dat', 'lambda_0.7000/simfile.dat', 'lambda_0.8000/simfile.dat', 'lambda_0.9000/simfile.dat', 'lambda_1.0000/simfile.dat']
#Overlap matrix
0.9907 0.0093 0.0000 0.0000 0.0000 0.0000 0.0000 0.0000 0.0000 0.0000 0.0000
0.0093 0.9791 0.0116 0.0000 0.0000 0.0000 0.0000 0.0000 0.0000 0.0000 0.0000
0.0000 0.0116 0.9719 0.0165 0.0000 0.0000 0.0000 0.0000 0.0000 0.0000 0.0000
0.0000 0.0000 0.0165 0.9623 0.0212 0.0000 0.0000 0.0000 0.0000 0.0000 0.0000
0.0000 0.0000 0.0000 0.0212 0.9538 0.0251 0.0000 0.0000 0.0000 0.0000 0.0000
0.0000 0.0000 0.0000 0.0000 0.0251 0.9412 0.0338 0.0000 0.0000 0.0000 0.0000
0.0000 0.0000 0.0000 0.0000 0.0000 0.0338 0.9210 0.0452 0.0000 0.0000 0.0000
0.0000 0.0000 0.0000 0.0000 0.0000 0.0000 0.0452 0.8998 0.0550 0.0000 0.0000
0.0000 0.0000 0.0000 0.0000 0.0000 0.0000 0.0000 0.0550 0.8833 0.0617 0.0000
0.0000 0.0000 0.0000 0.0000 0.0000 0.0000 0.0000 0.0000 0.0617 0.8627 0.0756
0.0000 0.0000 0.0000 0.0000 0.0000 0.0000 0.0000 0.0000 0.0000 0.0756 0.9244
#DG from neighbouring lambda in kcal/mol
0.0000 0.1000 -9.6348 0.0886
0.1000 0.2000 -6.3651 0.0795
0.2000 0.3000 -4.9921 0.0662
0.3000 0.4000 -4.4624 0.0582
0.4000 0.5000 -3.9239 0.0533
0.5000 0.6000 -3.4686 0.0454
0.6000 0.7000 -3.1977 0.0388
0.7000 0.8000 -3.2024 0.0348
0.8000 0.9000 -3.1087 0.0326
0.9000 1.0000 -3.2095 0.0290
#PMF from MBAR in kcal/mol
0.0000 0.0000 0.0000
0.1000 -9.6348 0.0886
0.2000 -15.9999 0.1197
0.3000 -20.9920 0.1373
0.4000 -25.4544 0.1496
0.5000 -29.3783 0.1593
0.6000 -32.8469 0.1661
0.7000 -36.0446 0.1710
0.8000 -39.2470 0.1749
0.9000 -42.3557 0.1784
1.0000 -45.5651 0.1811
#TI average gradients and standard deviation in kcal/mol
0.0000 -125.5339 33.9176
0.1000 -72.7969 30.5878
0.2000 -55.3169 28.8235
0.3000 -47.1762 28.0039
0.4000 -41.2869 26.2517
0.5000 -36.8074 24.8694
0.6000 -33.1824 23.7059
0.7000 -32.0833 23.0851
0.8000 -31.1601 21.4809
0.9000 -32.3921 21.5061
1.0000 -19.7359 19.6771
#PMF from TI in kcal/mol
0.0000 0.0000
0.1000 -9.9165
0.2000 -16.3222
0.3000 -21.4469
0.4000 -25.8700
0.5000 -29.7748
0.6000 -33.2742
0.7000 -36.5375
0.8000 -39.6997
0.9000 -42.8773
1.0000 -45.4837
#MBAR free energy difference in kcal/mol: 
-45.565124, 0.181120  #WARNING SUBSAMPLING DISABLED, CONSIDER RERUN WITH SUBSAMPLING OPTION
#TI free energy difference in kcal/mol: 
-45.483702  #WARNING SUBSAMPLING DISABLED, CONSIDER RERUN WITH SUBSAMPLING OPTION 
Starting /export/users/common/BioSimSpace/sire.app/bin/analyse_freenrg: number of threads equals 32
