# Analysing data contained in file(s) ['lambda_0.0000/simfile.dat', 'lambda_0.1000/simfile.dat', 'lambda_0.2000/simfile.dat', 'lambda_0.3000/simfile.dat', 'lambda_0.4000/simfile.dat', 'lambda_0.5000/simfile.dat', 'lambda_0.6000/simfile.dat', 'lambda_0.7000/simfile.dat', 'lambda_0.8000/simfile.dat', 'lambda_0.9000/simfile.dat', 'lambda_1.0000/simfile.dat']
#Overlap matrix
0.9881 0.0119 0.0000 0.0000 0.0000 0.0000 0.0000 0.0000 0.0000 0.0000 0.0000
0.0119 0.9255 0.0626 0.0000 0.0000 0.0000 0.0000 0.0000 0.0000 0.0000 0.0000
0.0000 0.0626 0.8580 0.0793 0.0001 0.0000 0.0000 0.0000 0.0000 0.0000 0.0000
0.0000 0.0000 0.0793 0.8317 0.0889 0.0001 0.0000 0.0000 0.0000 0.0000 0.0000
0.0000 0.0000 0.0001 0.0889 0.8731 0.0379 0.0000 0.0000 0.0000 0.0000 0.0000
0.0000 0.0000 0.0000 0.0001 0.0379 0.9137 0.0483 0.0000 0.0000 0.0000 0.0000
0.0000 0.0000 0.0000 0.0000 0.0000 0.0483 0.8847 0.0670 0.0001 0.0000 0.0000
0.0000 0.0000 0.0000 0.0000 0.0000 0.0000 0.0670 0.8664 0.0665 0.0000 0.0000
0.0000 0.0000 0.0000 0.0000 0.0000 0.0000 0.0001 0.0665 0.8700 0.0634 0.0000
0.0000 0.0000 0.0000 0.0000 0.0000 0.0000 0.0000 0.0000 0.0634 0.8906 0.0460
0.0000 0.0000 0.0000 0.0000 0.0000 0.0000 0.0000 0.0000 0.0000 0.0460 0.9540
#DG from neighbouring lambda in kcal/mol
0.0000 0.1000 11.0321 0.0785
0.1000 0.2000 6.1099 0.0323
0.2000 0.3000 4.3004 0.0282
0.3000 0.4000 4.5145 0.0263
0.4000 0.5000 5.7104 0.0426
0.5000 0.6000 4.7002 0.0374
0.6000 0.7000 4.1859 0.0311
0.7000 0.8000 4.3726 0.0312
0.8000 0.9000 5.0166 0.0321
0.9000 1.0000 8.5237 0.0384
#PMF from MBAR in kcal/mol
0.0000 0.0000 0.0000
0.1000 11.0321 0.0785
0.2000 17.1420 0.0857
0.3000 21.4424 0.0911
0.4000 25.9569 0.0956
0.5000 31.6672 0.1053
0.6000 36.3674 0.1124
0.7000 40.5534 0.1173
0.8000 44.9260 0.1220
0.9000 49.9426 0.1267
1.0000 58.4664 0.1330
#TI average gradients and standard deviation in kcal/mol
0.0000 179.7089 62.2378
0.1000 76.3011 25.0260
0.2000 51.1491 20.4333
0.3000 38.3399 18.8086
0.4000 56.1235 22.6902
0.5000 51.8089 23.7504
0.6000 42.4411 22.8563
0.7000 42.0798 21.6826
0.8000 44.7198 22.2720
0.9000 60.5730 21.9269
1.0000 124.8336 24.2703
#PMF from TI in kcal/mol
0.0000 0.0000
0.1000 12.8005
0.2000 19.1730
0.3000 23.6475
0.4000 28.3706
0.5000 33.7672
0.6000 38.4797
0.7000 42.7058
0.8000 47.0458
0.9000 52.3104
1.0000 61.5807
#MBAR free energy difference in kcal/mol: 
58.466387, 0.132972  #WARNING SUBSAMPLING DISABLED, CONSIDER RERUN WITH SUBSAMPLING OPTION
#TI free energy difference in kcal/mol: 
61.580746  #WARNING SUBSAMPLING DISABLED, CONSIDER RERUN WITH SUBSAMPLING OPTION 
Starting /export/users/common/BioSimSpace/sire.app/bin/analyse_freenrg: number of threads equals 32
