# Analysing data contained in file(s) ['lambda_0.0000/simfile.dat', 'lambda_0.1000/simfile.dat', 'lambda_0.2000/simfile.dat', 'lambda_0.3000/simfile.dat', 'lambda_0.4000/simfile.dat', 'lambda_0.5000/simfile.dat', 'lambda_0.6000/simfile.dat', 'lambda_0.7000/simfile.dat', 'lambda_0.8000/simfile.dat', 'lambda_0.9000/simfile.dat', 'lambda_1.0000/simfile.dat']
#Overlap matrix
0.9512 0.0488 0.0000 0.0000 0.0000 0.0000 0.0000 0.0000 0.0000 0.0000 0.0000
0.0488 0.8557 0.0953 0.0002 0.0000 0.0000 0.0000 0.0000 0.0000 0.0000 0.0000
0.0000 0.0953 0.7822 0.1221 0.0005 0.0000 0.0000 0.0000 0.0000 0.0000 0.0000
0.0000 0.0002 0.1221 0.7503 0.1266 0.0009 0.0000 0.0000 0.0000 0.0000 0.0000
0.0000 0.0000 0.0005 0.1266 0.7365 0.1354 0.0011 0.0000 0.0000 0.0000 0.0000
0.0000 0.0000 0.0000 0.0009 0.1354 0.7269 0.1360 0.0009 0.0000 0.0000 0.0000
0.0000 0.0000 0.0000 0.0000 0.0011 0.1360 0.7216 0.1401 0.0012 0.0000 0.0000
0.0000 0.0000 0.0000 0.0000 0.0000 0.0009 0.1401 0.7187 0.1392 0.0011 0.0000
0.0000 0.0000 0.0000 0.0000 0.0000 0.0000 0.0012 0.1392 0.7360 0.1232 0.0005
0.0000 0.0000 0.0000 0.0000 0.0000 0.0000 0.0000 0.0011 0.1232 0.7762 0.0995
0.0000 0.0000 0.0000 0.0000 0.0000 0.0000 0.0000 0.0000 0.0005 0.0995 0.9000
#DG from neighbouring lambda in kcal/mol
0.0000 0.1000 15.8257 0.0372
0.1000 0.2000 12.2516 0.0252
0.2000 0.3000 9.7300 0.0215
0.3000 0.4000 7.7416 0.0209
0.4000 0.5000 6.2549 0.0199
0.5000 0.6000 4.9329 0.0198
0.6000 0.7000 3.4945 0.0194
0.7000 0.8000 2.4815 0.0195
0.8000 0.9000 1.9484 0.0212
0.9000 1.0000 2.0557 0.0245
#PMF from MBAR in kcal/mol
0.0000 0.0000 0.0000
0.1000 15.8257 0.0372
0.2000 28.0773 0.0465
0.3000 37.8073 0.0527
0.4000 45.5489 0.0579
0.5000 51.8038 0.0624
0.6000 56.7367 0.0665
0.7000 60.2312 0.0703
0.8000 62.7127 0.0739
0.9000 64.6611 0.0778
1.0000 66.7168 0.0825
#TI average gradients and standard deviation in kcal/mol
0.0000 181.2360 24.0123
0.1000 136.6661 19.2972
0.2000 108.6940 17.8705
0.3000 86.7621 16.7741
0.4000 68.8704 16.5547
0.5000 56.1112 16.7780
0.6000 41.7147 16.9621
0.7000 29.5786 16.0835
0.8000 21.3762 16.0011
0.9000 18.4346 17.7091
1.0000 25.8813 19.1604
#PMF from TI in kcal/mol
0.0000 0.0000
0.1000 15.8951
0.2000 28.1631
0.3000 37.9359
0.4000 45.7175
0.5000 51.9666
0.6000 56.8579
0.7000 60.4226
0.8000 62.9703
0.9000 64.9609
1.0000 67.1767
#MBAR free energy difference in kcal/mol: 
66.716830, 0.082455  #WARNING SUBSAMPLING DISABLED, CONSIDER RERUN WITH SUBSAMPLING OPTION
#TI free energy difference in kcal/mol: 
67.176652  #WARNING SUBSAMPLING DISABLED, CONSIDER RERUN WITH SUBSAMPLING OPTION 
Starting /export/users/common/BioSimSpace/sire.app/bin/analyse_freenrg: number of threads equals 32
