# Analysing data contained in file(s) ['lambda_0.0000/simfile.dat', 'lambda_0.1000/simfile.dat', 'lambda_0.2000/simfile.dat', 'lambda_0.3000/simfile.dat', 'lambda_0.4000/simfile.dat', 'lambda_0.5000/simfile.dat', 'lambda_0.6000/simfile.dat', 'lambda_0.7000/simfile.dat', 'lambda_0.8000/simfile.dat', 'lambda_0.9000/simfile.dat', 'lambda_1.0000/simfile.dat']
#Overlap matrix
0.9719 0.0281 0.0000 0.0000 0.0000 0.0000 0.0000 0.0000 0.0000 0.0000 0.0000
0.0281 0.9443 0.0277 0.0000 0.0000 0.0000 0.0000 0.0000 0.0000 0.0000 0.0000
0.0000 0.0277 0.9466 0.0257 0.0000 0.0000 0.0000 0.0000 0.0000 0.0000 0.0000
0.0000 0.0000 0.0257 0.9303 0.0439 0.0002 0.0000 0.0000 0.0000 0.0000 0.0000
0.0000 0.0000 0.0000 0.0439 0.8917 0.0626 0.0013 0.0004 0.0000 0.0000 0.0000
0.0000 0.0000 0.0000 0.0002 0.0626 0.7917 0.1299 0.0151 0.0005 0.0000 0.0000
0.0000 0.0000 0.0000 0.0000 0.0013 0.1299 0.6405 0.2195 0.0087 0.0000 0.0000
0.0000 0.0000 0.0000 0.0000 0.0004 0.0151 0.2195 0.5960 0.1627 0.0062 0.0001
0.0000 0.0000 0.0000 0.0000 0.0000 0.0005 0.0087 0.1627 0.5926 0.2197 0.0158
0.0000 0.0000 0.0000 0.0000 0.0000 0.0000 0.0000 0.0062 0.2197 0.5407 0.2333
0.0000 0.0000 0.0000 0.0000 0.0000 0.0000 0.0000 0.0001 0.0158 0.2333 0.7508
#DG from neighbouring lambda in kcal/mol
0.0000 0.1000 -0.3826 0.0502
0.1000 0.2000 1.5460 0.0505
0.2000 0.3000 2.0814 0.0526
0.3000 0.4000 3.2085 0.0393
0.4000 0.5000 4.6244 0.0318
0.5000 0.6000 5.6719 0.0190
0.6000 0.7000 6.8861 0.0126
0.7000 0.8000 5.6321 0.0165
0.8000 0.9000 3.8435 0.0127
0.9000 1.0000 2.8903 0.0123
#PMF from MBAR in kcal/mol
0.0000 0.0000 0.0000
0.1000 -0.3826 0.0502
0.2000 1.1635 0.0722
0.3000 3.2448 0.0902
0.4000 6.4533 0.0991
0.5000 11.0776 0.1048
0.6000 16.7496 0.1070
0.7000 23.6357 0.1082
0.8000 29.2678 0.1099
0.9000 33.1113 0.1113
1.0000 36.0016 0.1124
#TI average gradients and standard deviation in kcal/mol
0.0000 -22.5873 26.8327
0.1000 10.2926 25.7918
0.2000 19.8072 26.3552
0.3000 24.8950 25.5576
0.4000 41.8450 21.4782
0.5000 48.1371 21.5895
0.6000 66.8749 12.6436
0.7000 67.4639 12.6661
0.8000 45.2145 12.7344
0.9000 32.9945 11.0583
1.0000 37.2153 11.8146
#PMF from TI in kcal/mol
0.0000 0.0000
0.1000 -0.6147
0.2000 0.8903
0.3000 3.1254
0.4000 6.4624
0.5000 10.9615
0.6000 16.7121
0.7000 23.4290
0.8000 29.0629
0.9000 32.9734
1.0000 36.4839
#MBAR free energy difference in kcal/mol: 
36.001563, 0.112431  #WARNING SUBSAMPLING DISABLED, CONSIDER RERUN WITH SUBSAMPLING OPTION
#TI free energy difference in kcal/mol: 
36.483872  #WARNING SUBSAMPLING DISABLED, CONSIDER RERUN WITH SUBSAMPLING OPTION 
Starting /export/users/common/BioSimSpace/sire.app/bin/analyse_freenrg: number of threads equals 32
