# Analysing data contained in file(s) ['lambda_0.0000/simfile.dat', 'lambda_0.1000/simfile.dat', 'lambda_0.2000/simfile.dat', 'lambda_0.3000/simfile.dat', 'lambda_0.4000/simfile.dat', 'lambda_0.5000/simfile.dat', 'lambda_0.6000/simfile.dat', 'lambda_0.7000/simfile.dat', 'lambda_0.8000/simfile.dat', 'lambda_0.9000/simfile.dat', 'lambda_1.0000/simfile.dat']
#Overlap matrix
0.8634 0.1354 0.0012 0.0000 0.0000 0.0000 0.0000 0.0000 0.0000 0.0000 0.0000
0.1354 0.7091 0.1540 0.0015 0.0000 0.0000 0.0000 0.0000 0.0000 0.0000 0.0000
0.0012 0.1540 0.6939 0.1496 0.0013 0.0000 0.0000 0.0000 0.0000 0.0000 0.0000
0.0000 0.0015 0.1496 0.6980 0.1495 0.0013 0.0000 0.0000 0.0000 0.0000 0.0000
0.0000 0.0000 0.0013 0.1495 0.6951 0.1528 0.0013 0.0000 0.0000 0.0000 0.0000
0.0000 0.0000 0.0000 0.0013 0.1528 0.6937 0.1506 0.0016 0.0000 0.0000 0.0000
0.0000 0.0000 0.0000 0.0000 0.0013 0.1506 0.6919 0.1545 0.0017 0.0000 0.0000
0.0000 0.0000 0.0000 0.0000 0.0000 0.0016 0.1545 0.6872 0.1549 0.0018 0.0000
0.0000 0.0000 0.0000 0.0000 0.0000 0.0000 0.0017 0.1549 0.6818 0.1596 0.0021
0.0000 0.0000 0.0000 0.0000 0.0000 0.0000 0.0000 0.0018 0.1596 0.6712 0.1675
0.0000 0.0000 0.0000 0.0000 0.0000 0.0000 0.0000 0.0000 0.0021 0.1675 0.8304
#DG from neighbouring lambda in kcal/mol
0.0000 0.1000 -3.9751 0.0200
0.1000 0.2000 -4.6630 0.0181
0.2000 0.3000 -5.4504 0.0185
0.3000 0.4000 -6.4362 0.0185
0.4000 0.5000 -7.4312 0.0182
0.5000 0.6000 -8.4183 0.0184
0.6000 0.7000 -9.2640 0.0180
0.7000 0.8000 -10.0855 0.0180
0.8000 0.9000 -10.8601 0.0176
0.9000 1.0000 -11.5077 0.0171
#PMF from MBAR in kcal/mol
0.0000 0.0000 0.0000
0.1000 -3.9751 0.0200
0.2000 -8.6382 0.0295
0.3000 -14.0885 0.0367
0.4000 -20.5247 0.0428
0.5000 -27.9560 0.0480
0.6000 -36.3743 0.0528
0.7000 -45.6383 0.0570
0.8000 -55.7238 0.0609
0.9000 -66.5839 0.0645
1.0000 -78.0916 0.0678
#TI average gradients and standard deviation in kcal/mol
0.0000 -35.3728 16.6578
0.1000 -43.4719 15.5742
0.2000 -49.9505 15.1391
0.3000 -59.5001 15.5736
0.4000 -69.4821 15.4733
0.5000 -79.0996 15.5952
0.6000 -88.4851 14.6757
0.7000 -96.7926 14.8957
0.8000 -104.8451 14.6672
0.9000 -112.1852 14.5220
1.0000 -116.7873 14.1853
#PMF from TI in kcal/mol
0.0000 0.0000
0.1000 -3.9422
0.2000 -8.6134
0.3000 -14.0859
0.4000 -20.5350
0.5000 -27.9641
0.6000 -36.3433
0.7000 -45.6072
0.8000 -55.6891
0.9000 -66.5406
1.0000 -77.9892
#MBAR free energy difference in kcal/mol: 
-78.091587, 0.067753  #WARNING SUBSAMPLING DISABLED, CONSIDER RERUN WITH SUBSAMPLING OPTION
#TI free energy difference in kcal/mol: 
-77.989209  #WARNING SUBSAMPLING DISABLED, CONSIDER RERUN WITH SUBSAMPLING OPTION 
Starting /export/users/common/BioSimSpace/sire.app/bin/analyse_freenrg: number of threads equals 32
