# Analysing data contained in file(s) ['lambda_0.0000/simfile.dat', 'lambda_0.1000/simfile.dat', 'lambda_0.2000/simfile.dat', 'lambda_0.3000/simfile.dat', 'lambda_0.4000/simfile.dat', 'lambda_0.5000/simfile.dat', 'lambda_0.6000/simfile.dat', 'lambda_0.7000/simfile.dat', 'lambda_0.8000/simfile.dat', 'lambda_0.9000/simfile.dat', 'lambda_1.0000/simfile.dat']
#Overlap matrix
0.9572 0.0428 0.0000 0.0000 0.0000 0.0000 0.0000 0.0000 0.0000 0.0000 0.0000
0.0428 0.8665 0.0903 0.0005 0.0000 0.0000 0.0000 0.0000 0.0000 0.0000 0.0000
0.0000 0.0903 0.7688 0.1397 0.0012 0.0000 0.0000 0.0000 0.0000 0.0000 0.0000
0.0000 0.0005 0.1397 0.7200 0.1391 0.0008 0.0000 0.0000 0.0000 0.0000 0.0000
0.0000 0.0000 0.0012 0.1391 0.7556 0.1039 0.0002 0.0000 0.0000 0.0000 0.0000
0.0000 0.0000 0.0000 0.0008 0.1039 0.8103 0.0849 0.0001 0.0000 0.0000 0.0000
0.0000 0.0000 0.0000 0.0000 0.0002 0.0849 0.8340 0.0808 0.0001 0.0000 0.0000
0.0000 0.0000 0.0000 0.0000 0.0000 0.0001 0.0808 0.8385 0.0805 0.0001 0.0000
0.0000 0.0000 0.0000 0.0000 0.0000 0.0000 0.0001 0.0805 0.8563 0.0631 0.0000
0.0000 0.0000 0.0000 0.0000 0.0000 0.0000 0.0000 0.0001 0.0631 0.8928 0.0440
0.0000 0.0000 0.0000 0.0000 0.0000 0.0000 0.0000 0.0000 0.0000 0.0440 0.9560
#DG from neighbouring lambda in kcal/mol
0.0000 0.1000 -3.2079 0.0400
0.1000 0.2000 -1.3476 0.0260
0.2000 0.3000 -0.3206 0.0195
0.3000 0.4000 0.2379 0.0195
0.4000 0.5000 0.5608 0.0237
0.5000 0.6000 0.1266 0.0270
0.6000 0.7000 -0.4550 0.0278
0.7000 0.8000 -0.9634 0.0279
0.8000 0.9000 -0.8602 0.0322
0.9000 1.0000 0.5697 0.0394
#PMF from MBAR in kcal/mol
0.0000 0.0000 0.0000
0.1000 -3.2079 0.0400
0.2000 -4.5555 0.0492
0.3000 -4.8761 0.0543
0.4000 -4.6382 0.0589
0.5000 -4.0773 0.0646
0.6000 -3.9508 0.0710
0.7000 -4.4057 0.0772
0.8000 -5.3691 0.0830
0.9000 -6.2293 0.0899
1.0000 -5.6596 0.0989
#TI average gradients and standard deviation in kcal/mol
0.0000 170704420009.9351 8858223004115.6660
0.1000 -19.9261 21.1639
0.2000 -7.5671 16.8227
0.3000 -0.3228 16.4230
0.4000 5.0433 17.5697
0.5000 4.7955 19.7781
0.6000 -1.8949 19.1122
0.7000 -8.1229 19.7306
0.8000 -10.2481 20.4724
0.9000 -5.8870 22.5905
1.0000 32.0886 25.2001
#PMF from TI in kcal/mol
0.0000 0.0000
0.1000 8535220999.5005
0.2000 8535220998.1258
0.3000 8535220997.7313
0.4000 8535220997.9673
0.5000 8535220998.4593
0.6000 8535220998.6043
0.7000 8535220998.1034
0.8000 8535220997.1849
0.9000 8535220996.3781
1.0000 8535220997.6882
#MBAR free energy difference in kcal/mol: 
-5.659640, 0.098853  #WARNING SUBSAMPLING DISABLED, CONSIDER RERUN WITH SUBSAMPLING OPTION
#TI free energy difference in kcal/mol: 
8535220997.688180  #WARNING SUBSAMPLING DISABLED, CONSIDER RERUN WITH SUBSAMPLING OPTION 
Starting /export/users/common/BioSimSpace/sire.app/bin/analyse_freenrg: number of threads equals 32
