# Analysing data contained in file(s) ['lambda_0.0000/simfile.dat', 'lambda_0.1000/simfile.dat', 'lambda_0.2000/simfile.dat', 'lambda_0.3000/simfile.dat', 'lambda_0.4000/simfile.dat', 'lambda_0.5000/simfile.dat', 'lambda_0.6000/simfile.dat', 'lambda_0.7000/simfile.dat', 'lambda_0.8000/simfile.dat', 'lambda_0.9000/simfile.dat', 'lambda_1.0000/simfile.dat']
#Overlap matrix
0.9958 0.0042 0.0000 0.0000 0.0000 0.0000 0.0000 0.0000 0.0000 0.0000 0.0000
0.0042 0.9896 0.0062 0.0000 0.0000 0.0000 0.0000 0.0000 0.0000 0.0000 0.0000
0.0000 0.0062 0.9886 0.0052 0.0000 0.0000 0.0000 0.0000 0.0000 0.0000 0.0000
0.0000 0.0000 0.0052 0.9791 0.0156 0.0000 0.0000 0.0000 0.0000 0.0000 0.0000
0.0000 0.0000 0.0000 0.0156 0.9452 0.0392 0.0000 0.0000 0.0000 0.0000 0.0000
0.0000 0.0000 0.0000 0.0000 0.0392 0.9087 0.0521 0.0000 0.0000 0.0000 0.0000
0.0000 0.0000 0.0000 0.0000 0.0000 0.0521 0.8738 0.0740 0.0001 0.0000 0.0000
0.0000 0.0000 0.0000 0.0000 0.0000 0.0000 0.0740 0.8075 0.1180 0.0005 0.0000
0.0000 0.0000 0.0000 0.0000 0.0000 0.0000 0.0001 0.1180 0.7488 0.1321 0.0009
0.0000 0.0000 0.0000 0.0000 0.0000 0.0000 0.0000 0.0005 0.1321 0.7189 0.1485
0.0000 0.0000 0.0000 0.0000 0.0000 0.0000 0.0000 0.0000 0.0009 0.1485 0.8506
#DG from neighbouring lambda in kcal/mol
0.0000 0.1000 -0.5550 0.1333
0.1000 0.2000 1.4297 0.1092
0.2000 0.3000 1.0321 0.1189
0.3000 0.4000 2.0114 0.0681
0.4000 0.5000 3.5732 0.0419
0.5000 0.6000 2.4702 0.0359
0.6000 0.7000 0.1961 0.0293
0.7000 0.8000 -1.5479 0.0219
0.8000 0.9000 -3.3579 0.0203
0.9000 1.0000 -5.0998 0.0187
#PMF from MBAR in kcal/mol
0.0000 0.0000 0.0000
0.1000 -0.5550 0.1333
0.2000 0.8746 0.1728
0.3000 1.9067 0.2101
0.4000 3.9181 0.2212
0.5000 7.4912 0.2254
0.6000 9.9615 0.2286
0.7000 10.1576 0.2308
0.8000 8.6097 0.2322
0.9000 5.2518 0.2333
1.0000 0.1520 0.2344
#TI average gradients and standard deviation in kcal/mol
0.0000 -30.8432 36.8133
0.1000 9.8219 33.4653
0.2000 14.8004 33.5144
0.3000 11.3149 31.6041
0.4000 31.9461 25.1348
0.5000 33.6870 23.4089
0.6000 12.6377 21.9722
0.7000 -7.4219 18.1997
0.8000 -24.1418 16.7980
0.9000 -43.1442 16.2403
1.0000 -40.5619 15.5524
#PMF from TI in kcal/mol
0.0000 0.0000
0.1000 -1.0511
0.2000 0.1801
0.3000 1.4858
0.4000 3.6489
0.5000 6.9305
0.6000 9.2468
0.7000 9.5076
0.8000 7.9294
0.9000 4.5651
1.0000 0.3798
#MBAR free energy difference in kcal/mol: 
0.152028, 0.234405  #WARNING SUBSAMPLING DISABLED, CONSIDER RERUN WITH SUBSAMPLING OPTION
#TI free energy difference in kcal/mol: 
0.379764  #WARNING SUBSAMPLING DISABLED, CONSIDER RERUN WITH SUBSAMPLING OPTION 
Starting /export/users/common/BioSimSpace/sire.app/bin/analyse_freenrg: number of threads equals 32
