# Analysing data contained in file(s) ['lambda_0.0000/simfile.dat', 'lambda_0.1000/simfile.dat', 'lambda_0.2000/simfile.dat', 'lambda_0.3000/simfile.dat', 'lambda_0.4000/simfile.dat', 'lambda_0.5000/simfile.dat', 'lambda_0.6000/simfile.dat', 'lambda_0.7000/simfile.dat', 'lambda_0.8000/simfile.dat', 'lambda_0.9000/simfile.dat', 'lambda_1.0000/simfile.dat']
#Overlap matrix
0.8949 0.1048 0.0003 0.0000 0.0000 0.0000 0.0000 0.0000 0.0000 0.0000 0.0000
0.1048 0.7832 0.1114 0.0006 0.0000 0.0000 0.0000 0.0000 0.0000 0.0000 0.0000
0.0003 0.1114 0.7588 0.1285 0.0009 0.0000 0.0000 0.0000 0.0000 0.0000 0.0000
0.0000 0.0006 0.1285 0.7232 0.1462 0.0014 0.0000 0.0000 0.0000 0.0000 0.0000
0.0000 0.0000 0.0009 0.1462 0.7062 0.1450 0.0016 0.0000 0.0000 0.0000 0.0000
0.0000 0.0000 0.0000 0.0014 0.1450 0.7070 0.1449 0.0016 0.0000 0.0000 0.0000
0.0000 0.0000 0.0000 0.0000 0.0016 0.1449 0.7069 0.1452 0.0013 0.0000 0.0000
0.0000 0.0000 0.0000 0.0000 0.0000 0.0016 0.1452 0.7415 0.1109 0.0008 0.0000
0.0000 0.0000 0.0000 0.0000 0.0000 0.0000 0.0013 0.1109 0.7523 0.1345 0.0009
0.0000 0.0000 0.0000 0.0000 0.0000 0.0000 0.0000 0.0008 0.1345 0.7645 0.1002
0.0000 0.0000 0.0000 0.0000 0.0000 0.0000 0.0000 0.0000 0.0009 0.1002 0.8989
#DG from neighbouring lambda in kcal/mol
0.0000 0.1000 -0.4365 0.0237
0.1000 0.2000 -0.3716 0.0227
0.2000 0.3000 -0.3264 0.0206
0.3000 0.4000 -0.3864 0.0188
0.4000 0.5000 -0.4098 0.0189
0.5000 0.6000 -0.4795 0.0189
0.6000 0.7000 -0.4782 0.0189
0.7000 0.8000 -0.3038 0.0226
0.8000 0.9000 -0.3287 0.0200
0.9000 1.0000 0.8639 0.0243
#PMF from MBAR in kcal/mol
0.0000 0.0000 0.0000
0.1000 -0.4365 0.0237
0.2000 -0.8081 0.0350
0.3000 -1.1345 0.0424
0.4000 -1.5209 0.0479
0.5000 -1.9307 0.0528
0.6000 -2.4102 0.0573
0.7000 -2.8884 0.0614
0.8000 -3.1922 0.0665
0.9000 -3.5209 0.0705
1.0000 -2.6569 0.0755
#TI average gradients and standard deviation in kcal/mol
0.0000 -10.1464 18.5167
0.1000 -3.0539 17.6613
0.2000 -3.6531 16.5431
0.3000 -3.7920 16.3362
0.4000 -3.5215 15.0170
0.5000 -4.9166 14.9745
0.6000 -5.2724 16.3005
0.7000 -2.5142 15.9272
0.8000 -6.1299 16.3378
0.9000 1.3169 16.9305
1.0000 18.3101 20.1186
#PMF from TI in kcal/mol
0.0000 0.0000
0.1000 -0.6600
0.2000 -0.9954
0.3000 -1.3676
0.4000 -1.7333
0.5000 -2.1552
0.6000 -2.6647
0.7000 -3.0540
0.8000 -3.4862
0.9000 -3.7268
1.0000 -2.7455
#MBAR free energy difference in kcal/mol: 
-2.656928, 0.075475  #WARNING SUBSAMPLING DISABLED, CONSIDER RERUN WITH SUBSAMPLING OPTION
#TI free energy difference in kcal/mol: 
-2.745492  #WARNING SUBSAMPLING DISABLED, CONSIDER RERUN WITH SUBSAMPLING OPTION 
Starting /export/users/common/BioSimSpace/sire.app/bin/analyse_freenrg: number of threads equals 32
