# Analysing data contained in file(s) ['lambda_0.0000/simfile.dat', 'lambda_0.1000/simfile.dat', 'lambda_0.2000/simfile.dat', 'lambda_0.3000/simfile.dat', 'lambda_0.4000/simfile.dat', 'lambda_0.5000/simfile.dat', 'lambda_0.6000/simfile.dat', 'lambda_0.7000/simfile.dat', 'lambda_0.8000/simfile.dat', 'lambda_0.9000/simfile.dat', 'lambda_1.0000/simfile.dat']
#Overlap matrix
0.9455 0.0544 0.0000 0.0000 0.0000 0.0000 0.0000 0.0000 0.0000 0.0000 0.0000
0.0544 0.8979 0.0476 0.0000 0.0000 0.0000 0.0000 0.0000 0.0000 0.0000 0.0000
0.0000 0.0476 0.9102 0.0421 0.0001 0.0000 0.0000 0.0000 0.0000 0.0000 0.0000
0.0000 0.0000 0.0421 0.9014 0.0556 0.0008 0.0001 0.0000 0.0000 0.0000 0.0000
0.0000 0.0000 0.0001 0.0556 0.8214 0.1134 0.0089 0.0007 0.0000 0.0000 0.0000
0.0000 0.0000 0.0000 0.0008 0.1134 0.6618 0.2055 0.0183 0.0001 0.0000 0.0000
0.0000 0.0000 0.0000 0.0001 0.0089 0.2055 0.5840 0.1957 0.0059 0.0000 0.0000
0.0000 0.0000 0.0000 0.0000 0.0007 0.0183 0.1957 0.6109 0.1703 0.0041 0.0000
0.0000 0.0000 0.0000 0.0000 0.0000 0.0001 0.0059 0.1703 0.6455 0.1761 0.0021
0.0000 0.0000 0.0000 0.0000 0.0000 0.0000 0.0000 0.0041 0.1761 0.6901 0.1298
0.0000 0.0000 0.0000 0.0000 0.0000 0.0000 0.0000 0.0000 0.0021 0.1298 0.8682
#DG from neighbouring lambda in kcal/mol
0.0000 0.1000 -4.2876 0.0350
0.1000 0.2000 -1.7419 0.0377
0.2000 0.3000 0.0813 0.0403
0.3000 0.4000 2.4041 0.0342
0.4000 0.5000 5.5300 0.0214
0.5000 0.6000 8.2095 0.0132
0.6000 0.7000 9.6937 0.0139
0.7000 0.8000 9.6328 0.0163
0.8000 0.9000 9.7088 0.0162
0.9000 1.0000 9.9178 0.0204
#PMF from MBAR in kcal/mol
0.0000 0.0000 0.0000
0.1000 -4.2876 0.0350
0.2000 -6.0295 0.0528
0.3000 -5.9482 0.0675
0.4000 -3.5441 0.0766
0.5000 1.9858 0.0804
0.6000 10.1954 0.0821
0.7000 19.8891 0.0838
0.8000 29.5219 0.0861
0.9000 39.2307 0.0883
1.0000 49.1485 0.0914
#TI average gradients and standard deviation in kcal/mol
0.0000 -61.5957 22.9764
0.1000 -27.4228 22.5083
0.2000 -8.7269 23.9162
0.3000 10.5854 24.6176
0.4000 39.7029 19.6949
0.5000 68.1543 16.6704
0.6000 93.9526 11.8151
0.7000 97.4964 13.5684
0.8000 95.5836 14.0052
0.9000 98.9336 15.1595
1.0000 104.9602 17.5563
#PMF from TI in kcal/mol
0.0000 0.0000
0.1000 -4.4509
0.2000 -6.2584
0.3000 -6.1655
0.4000 -3.6511
0.5000 1.7418
0.6000 9.8471
0.7000 19.4196
0.8000 29.0736
0.9000 38.7994
1.0000 48.9941
#MBAR free energy difference in kcal/mol: 
49.148517, 0.091436  #WARNING SUBSAMPLING DISABLED, CONSIDER RERUN WITH SUBSAMPLING OPTION
#TI free energy difference in kcal/mol: 
48.994121  #WARNING SUBSAMPLING DISABLED, CONSIDER RERUN WITH SUBSAMPLING OPTION 
Starting /export/users/common/BioSimSpace/sire.app/bin/analyse_freenrg: number of threads equals 32
