# Analysing data contained in file(s) ['lambda_0.0000/simfile.dat', 'lambda_0.1000/simfile.dat', 'lambda_0.2000/simfile.dat', 'lambda_0.3000/simfile.dat', 'lambda_0.4000/simfile.dat', 'lambda_0.5000/simfile.dat', 'lambda_0.6000/simfile.dat', 'lambda_0.7000/simfile.dat', 'lambda_0.8000/simfile.dat', 'lambda_0.9000/simfile.dat', 'lambda_1.0000/simfile.dat']
#Overlap matrix
0.9768 0.0232 0.0000 0.0000 0.0000 0.0000 0.0000 0.0000 0.0000 0.0000 0.0000
0.0232 0.9493 0.0276 0.0000 0.0000 0.0000 0.0000 0.0000 0.0000 0.0000 0.0000
0.0000 0.0276 0.9432 0.0292 0.0000 0.0000 0.0000 0.0000 0.0000 0.0000 0.0000
0.0000 0.0000 0.0292 0.9452 0.0256 0.0000 0.0000 0.0000 0.0000 0.0000 0.0000
0.0000 0.0000 0.0000 0.0256 0.9605 0.0139 0.0000 0.0000 0.0000 0.0000 0.0000
0.0000 0.0000 0.0000 0.0000 0.0139 0.9811 0.0050 0.0000 0.0000 0.0000 0.0000
0.0000 0.0000 0.0000 0.0000 0.0000 0.0050 0.9317 0.0632 0.0000 0.0000 0.0000
0.0000 0.0000 0.0000 0.0000 0.0000 0.0000 0.0632 0.8850 0.0518 0.0000 0.0000
0.0000 0.0000 0.0000 0.0000 0.0000 0.0000 0.0000 0.0518 0.8736 0.0746 0.0000
0.0000 0.0000 0.0000 0.0000 0.0000 0.0000 0.0000 0.0000 0.0746 0.8375 0.0879
0.0000 0.0000 0.0000 0.0000 0.0000 0.0000 0.0000 0.0000 0.0000 0.0879 0.9120
#DG from neighbouring lambda in kcal/mol
0.0000 0.1000 -8.1339 0.0555
0.1000 0.2000 3.1671 0.0506
0.2000 0.3000 5.1095 0.0491
0.3000 0.4000 5.3487 0.0526
0.4000 0.5000 5.1095 0.0725
0.5000 0.6000 4.3496 0.1212
0.6000 0.7000 8.2592 0.0321
0.7000 0.8000 9.0101 0.0360
0.8000 0.9000 5.6732 0.0292
0.9000 1.0000 3.6958 0.0265
#PMF from MBAR in kcal/mol
0.0000 0.0000 0.0000
0.1000 -8.1339 0.0555
0.2000 -4.9669 0.0761
0.3000 0.1426 0.0914
0.4000 5.4913 0.1062
0.5000 10.6009 0.1291
0.6000 14.9505 0.1775
0.7000 23.2097 0.1808
0.8000 32.2198 0.1848
0.9000 37.8930 0.1875
1.0000 41.5888 0.1897
#TI average gradients and standard deviation in kcal/mol
0.0000 -238.8715 28.0832
0.1000 7.1641 26.6497
0.2000 45.9968 25.8336
0.3000 53.3167 26.4385
0.4000 53.2420 28.5249
0.5000 48.4828 31.6738
0.6000 48.8613 28.0188
0.7000 100.3466 20.6393
0.8000 72.0533 22.1183
0.9000 44.5480 19.4057
1.0000 65.3515 20.0439
#PMF from TI in kcal/mol
0.0000 0.0000
0.1000 -11.5854
0.2000 -8.9273
0.3000 -3.9617
0.4000 1.3663
0.5000 6.4525
0.6000 11.3197
0.7000 18.7801
0.8000 27.4001
0.9000 33.2302
1.0000 38.7251
#MBAR free energy difference in kcal/mol: 
41.588779, 0.189707  #WARNING SUBSAMPLING DISABLED, CONSIDER RERUN WITH SUBSAMPLING OPTION
#TI free energy difference in kcal/mol: 
38.725146  #WARNING SUBSAMPLING DISABLED, CONSIDER RERUN WITH SUBSAMPLING OPTION 
Starting /export/users/common/BioSimSpace/sire.app/bin/analyse_freenrg: number of threads equals 32
