# Analysing data contained in file(s) ['lambda_0.0000/simfile.dat', 'lambda_0.1000/simfile.dat', 'lambda_0.2000/simfile.dat', 'lambda_0.3000/simfile.dat', 'lambda_0.4000/simfile.dat', 'lambda_0.5000/simfile.dat', 'lambda_0.6000/simfile.dat', 'lambda_0.7000/simfile.dat', 'lambda_0.8000/simfile.dat', 'lambda_0.9000/simfile.dat', 'lambda_1.0000/simfile.dat']
#Overlap matrix
0.8242 0.1682 0.0075 0.0001 0.0000 0.0000 0.0000 0.0000 0.0000 0.0000 0.0000
0.1682 0.6141 0.2046 0.0129 0.0002 0.0000 0.0000 0.0000 0.0000 0.0000 0.0000
0.0075 0.2046 0.5533 0.2172 0.0171 0.0003 0.0000 0.0000 0.0000 0.0000 0.0000
0.0001 0.0129 0.2172 0.5271 0.2237 0.0187 0.0003 0.0000 0.0000 0.0000 0.0000
0.0000 0.0002 0.0171 0.2237 0.5163 0.2236 0.0188 0.0003 0.0000 0.0000 0.0000
0.0000 0.0000 0.0003 0.0187 0.2236 0.5117 0.2284 0.0172 0.0002 0.0000 0.0000
0.0000 0.0000 0.0000 0.0003 0.0188 0.2284 0.5217 0.2161 0.0146 0.0001 0.0000
0.0000 0.0000 0.0000 0.0000 0.0003 0.0172 0.2161 0.5368 0.2162 0.0133 0.0001
0.0000 0.0000 0.0000 0.0000 0.0000 0.0002 0.0146 0.2162 0.5405 0.2165 0.0120
0.0000 0.0000 0.0000 0.0000 0.0000 0.0000 0.0001 0.0133 0.2165 0.5554 0.2147
0.0000 0.0000 0.0000 0.0000 0.0000 0.0000 0.0000 0.0001 0.0120 0.2147 0.7732
#DG from neighbouring lambda in kcal/mol
0.0000 0.1000 0.9324 0.0166
0.1000 0.2000 1.7457 0.0136
0.2000 0.3000 2.1155 0.0124
0.3000 0.4000 2.2446 0.0119
0.4000 0.5000 2.2864 0.0118
0.5000 0.6000 2.3269 0.0116
0.6000 0.7000 2.3584 0.0124
0.7000 0.8000 2.3524 0.0126
0.8000 0.9000 2.3692 0.0127
0.9000 1.0000 2.4171 0.0135
#PMF from MBAR in kcal/mol
0.0000 0.0000 0.0000
0.1000 0.9324 0.0166
0.2000 2.6782 0.0241
0.3000 4.7937 0.0292
0.4000 7.0383 0.0332
0.5000 9.3247 0.0367
0.6000 11.6516 0.0399
0.7000 14.0100 0.0431
0.8000 16.3623 0.0462
0.9000 18.7315 0.0491
1.0000 21.1486 0.0521
#TI average gradients and standard deviation in kcal/mol
0.0000 3.8300 15.3642
0.1000 13.9790 12.7186
0.2000 19.7568 12.7227
0.3000 22.5694 11.5690
0.4000 22.7850 10.7055
0.5000 22.8256 11.0360
0.6000 23.5345 11.1155
0.7000 23.6769 11.6570
0.8000 23.1332 11.8271
0.9000 24.1247 12.3209
1.0000 26.9803 12.7874
#PMF from TI in kcal/mol
0.0000 0.0000
0.1000 0.8904
0.2000 2.5772
0.3000 4.6935
0.4000 6.9613
0.5000 9.2418
0.6000 11.5598
0.7000 13.9204
0.8000 16.2609
0.9000 18.6238
1.0000 21.1790
#MBAR free energy difference in kcal/mol: 
21.148597, 0.052058  #WARNING SUBSAMPLING DISABLED, CONSIDER RERUN WITH SUBSAMPLING OPTION
#TI free energy difference in kcal/mol: 
21.179024  #WARNING SUBSAMPLING DISABLED, CONSIDER RERUN WITH SUBSAMPLING OPTION 
Starting /export/users/common/BioSimSpace/sire.app/bin/analyse_freenrg: number of threads equals 32
