# Analysing data contained in file(s) ['lambda_0.0000/simfile.dat', 'lambda_0.1000/simfile.dat', 'lambda_0.2000/simfile.dat', 'lambda_0.3000/simfile.dat', 'lambda_0.4000/simfile.dat', 'lambda_0.5000/simfile.dat', 'lambda_0.6000/simfile.dat', 'lambda_0.7000/simfile.dat', 'lambda_0.8000/simfile.dat', 'lambda_0.9000/simfile.dat', 'lambda_1.0000/simfile.dat']
#Overlap matrix
0.8625 0.1369 0.0006 0.0000 0.0000 0.0000 0.0000 0.0000 0.0000 0.0000 0.0000
0.1369 0.7508 0.1122 0.0001 0.0000 0.0000 0.0000 0.0000 0.0000 0.0000 0.0000
0.0006 0.1122 0.7827 0.1044 0.0001 0.0000 0.0000 0.0000 0.0000 0.0000 0.0000
0.0000 0.0001 0.1044 0.8079 0.0875 0.0000 0.0000 0.0000 0.0000 0.0000 0.0000
0.0000 0.0000 0.0001 0.0875 0.8386 0.0738 0.0000 0.0000 0.0000 0.0000 0.0000
0.0000 0.0000 0.0000 0.0000 0.0738 0.8614 0.0648 0.0000 0.0000 0.0000 0.0000
0.0000 0.0000 0.0000 0.0000 0.0000 0.0648 0.8756 0.0596 0.0000 0.0000 0.0000
0.0000 0.0000 0.0000 0.0000 0.0000 0.0000 0.0596 0.8935 0.0469 0.0000 0.0000
0.0000 0.0000 0.0000 0.0000 0.0000 0.0000 0.0000 0.0469 0.9137 0.0394 0.0000
0.0000 0.0000 0.0000 0.0000 0.0000 0.0000 0.0000 0.0000 0.0394 0.9272 0.0333
0.0000 0.0000 0.0000 0.0000 0.0000 0.0000 0.0000 0.0000 0.0000 0.0333 0.9667
#DG from neighbouring lambda in kcal/mol
0.0000 0.1000 -0.5234 0.0199
0.1000 0.2000 -0.4058 0.0226
0.2000 0.3000 -0.5411 0.0238
0.3000 0.4000 -0.4036 0.0265
0.4000 0.5000 -0.6624 0.0294
0.5000 0.6000 -0.5666 0.0317
0.6000 0.7000 -0.4350 0.0333
0.7000 0.8000 -0.2654 0.0380
0.8000 0.9000 -0.0088 0.0418
0.9000 1.0000 0.6008 0.0458
#PMF from MBAR in kcal/mol
0.0000 0.0000 0.0000
0.1000 -0.5234 0.0199
0.2000 -0.9293 0.0324
0.3000 -1.4703 0.0420
0.4000 -1.8739 0.0512
0.5000 -2.5363 0.0602
0.6000 -3.1030 0.0692
0.7000 -3.5380 0.0777
0.8000 -3.8034 0.0874
0.9000 -3.8122 0.0976
1.0000 -3.2114 0.1085
#TI average gradients and standard deviation in kcal/mol
0.0000 -6.5669 16.6398
0.1000 -4.4099 16.7388
0.2000 -4.9852 18.9819
0.3000 -4.4594 18.6496
0.4000 -4.7951 20.9726
0.5000 -6.5067 20.3362
0.6000 -5.7195 21.7006
0.7000 -2.6335 22.7655
0.8000 -2.1222 24.0320
0.9000 2.0925 25.7650
1.0000 11.3690 27.4674
#PMF from TI in kcal/mol
0.0000 0.0000
0.1000 -0.5488
0.2000 -1.0186
0.3000 -1.4908
0.4000 -1.9535
0.5000 -2.5186
0.6000 -3.1299
0.7000 -3.5476
0.8000 -3.7854
0.9000 -3.7869
1.0000 -3.1138
#MBAR free energy difference in kcal/mol: 
-3.211432, 0.108521  #WARNING SUBSAMPLING DISABLED, CONSIDER RERUN WITH SUBSAMPLING OPTION
#TI free energy difference in kcal/mol: 
-3.113788  #WARNING SUBSAMPLING DISABLED, CONSIDER RERUN WITH SUBSAMPLING OPTION 
Starting /export/users/common/BioSimSpace/sire.app/bin/analyse_freenrg: number of threads equals 32
