# Analysing data contained in file(s) ['lambda_0.0000/simfile.dat', 'lambda_0.1000/simfile.dat', 'lambda_0.2000/simfile.dat', 'lambda_0.3000/simfile.dat', 'lambda_0.4000/simfile.dat', 'lambda_0.5000/simfile.dat', 'lambda_0.6000/simfile.dat', 'lambda_0.7000/simfile.dat', 'lambda_0.8000/simfile.dat', 'lambda_0.9000/simfile.dat', 'lambda_1.0000/simfile.dat']
#Overlap matrix
0.8694 0.1281 0.0025 0.0000 0.0000 0.0000 0.0000 0.0000 0.0000 0.0000 0.0000
0.1281 0.7141 0.1544 0.0034 0.0000 0.0000 0.0000 0.0000 0.0000 0.0000 0.0000
0.0025 0.1544 0.6809 0.1586 0.0035 0.0000 0.0000 0.0000 0.0000 0.0000 0.0000
0.0000 0.0034 0.1586 0.6643 0.1695 0.0041 0.0000 0.0000 0.0000 0.0000 0.0000
0.0000 0.0000 0.0035 0.1695 0.6540 0.1694 0.0035 0.0000 0.0000 0.0000 0.0000
0.0000 0.0000 0.0000 0.0041 0.1694 0.6516 0.1710 0.0038 0.0000 0.0000 0.0000
0.0000 0.0000 0.0000 0.0000 0.0035 0.1710 0.6426 0.1794 0.0034 0.0000 0.0000
0.0000 0.0000 0.0000 0.0000 0.0000 0.0038 0.1794 0.6397 0.1740 0.0031 0.0000
0.0000 0.0000 0.0000 0.0000 0.0000 0.0000 0.0034 0.1740 0.6489 0.1704 0.0033
0.0000 0.0000 0.0000 0.0000 0.0000 0.0000 0.0000 0.0031 0.1704 0.6391 0.1873
0.0000 0.0000 0.0000 0.0000 0.0000 0.0000 0.0000 0.0000 0.0033 0.1873 0.8094
#DG from neighbouring lambda in kcal/mol
0.0000 0.1000 -3.0022 0.0206
0.1000 0.2000 -1.5349 0.0178
0.2000 0.3000 -0.7666 0.0174
0.3000 0.4000 -0.3974 0.0165
0.4000 0.5000 -0.1381 0.0165
0.5000 0.6000 -0.0166 0.0164
0.6000 0.7000 0.1352 0.0159
0.7000 0.8000 0.2114 0.0163
0.8000 0.9000 0.3140 0.0165
0.9000 1.0000 0.6149 0.0156
#PMF from MBAR in kcal/mol
0.0000 0.0000 0.0000
0.1000 -3.0022 0.0206
0.2000 -4.5370 0.0295
0.3000 -5.3036 0.0361
0.4000 -5.7010 0.0414
0.5000 -5.8391 0.0460
0.6000 -5.8558 0.0502
0.7000 -5.7206 0.0539
0.8000 -5.5091 0.0575
0.9000 -5.1951 0.0609
1.0000 -4.5802 0.0639
#TI average gradients and standard deviation in kcal/mol
0.0000 -40.6711 17.6274
0.1000 -21.5985 16.1939
0.2000 -10.0427 15.2514
0.3000 -5.4838 14.7939
0.4000 -2.4200 14.0711
0.5000 -0.6941 14.6610
0.6000 0.5549 13.9714
0.7000 1.8393 14.3639
0.8000 2.6768 14.1863
0.9000 3.6955 14.4749
1.0000 14.8153 13.5894
#PMF from TI in kcal/mol
0.0000 0.0000
0.1000 -3.1135
0.2000 -4.6955
0.3000 -5.4719
0.4000 -5.8670
0.5000 -6.0228
0.6000 -6.0297
0.7000 -5.9100
0.8000 -5.6842
0.9000 -5.3656
1.0000 -4.4400
#MBAR free energy difference in kcal/mol: 
-4.580165, 0.063939  #WARNING SUBSAMPLING DISABLED, CONSIDER RERUN WITH SUBSAMPLING OPTION
#TI free energy difference in kcal/mol: 
-4.440039  #WARNING SUBSAMPLING DISABLED, CONSIDER RERUN WITH SUBSAMPLING OPTION 
Starting /export/users/common/BioSimSpace/sire.app/bin/analyse_freenrg: number of threads equals 32
