# Analysing data contained in file(s) ['lambda_0.0000/simfile.dat', 'lambda_0.1000/simfile.dat', 'lambda_0.2000/simfile.dat', 'lambda_0.3000/simfile.dat', 'lambda_0.4000/simfile.dat', 'lambda_0.5000/simfile.dat', 'lambda_0.6000/simfile.dat', 'lambda_0.7000/simfile.dat', 'lambda_0.8000/simfile.dat', 'lambda_0.9000/simfile.dat', 'lambda_1.0000/simfile.dat']
#Overlap matrix
0.9291 0.0709 0.0000 0.0000 0.0000 0.0000 0.0000 0.0000 0.0000 0.0000 0.0000
0.0709 0.8417 0.0874 0.0000 0.0000 0.0000 0.0000 0.0000 0.0000 0.0000 0.0000
0.0000 0.0874 0.8312 0.0812 0.0002 0.0000 0.0000 0.0000 0.0000 0.0000 0.0000
0.0000 0.0000 0.0812 0.8242 0.0946 0.0000 0.0000 0.0000 0.0000 0.0000 0.0000
0.0000 0.0000 0.0002 0.0946 0.9011 0.0042 0.0000 0.0000 0.0000 0.0000 0.0000
0.0000 0.0000 0.0000 0.0000 0.0042 0.9780 0.0177 0.0000 0.0000 0.0000 0.0000
0.0000 0.0000 0.0000 0.0000 0.0000 0.0177 0.9542 0.0281 0.0000 0.0000 0.0000
0.0000 0.0000 0.0000 0.0000 0.0000 0.0000 0.0281 0.9482 0.0238 0.0000 0.0000
0.0000 0.0000 0.0000 0.0000 0.0000 0.0000 0.0000 0.0238 0.9514 0.0248 0.0000
0.0000 0.0000 0.0000 0.0000 0.0000 0.0000 0.0000 0.0000 0.0248 0.9587 0.0165
0.0000 0.0000 0.0000 0.0000 0.0000 0.0000 0.0000 0.0000 0.0000 0.0165 0.9835
#DG from neighbouring lambda in kcal/mol
0.0000 0.1000 4.6843 0.0301
0.1000 0.2000 2.1811 0.0266
0.2000 0.3000 -0.6368 0.0277
0.3000 0.4000 -0.0290 0.0253
0.4000 0.5000 4.4462 0.1318
0.5000 0.6000 2.3259 0.0638
0.6000 0.7000 2.2737 0.0502
0.7000 0.8000 2.4429 0.0547
0.8000 0.9000 3.5973 0.0535
0.9000 1.0000 8.9908 0.0663
#PMF from MBAR in kcal/mol
0.0000 0.0000 0.0000
0.1000 4.6843 0.0301
0.2000 6.8654 0.0419
0.3000 6.2286 0.0517
0.4000 6.1996 0.0589
0.5000 10.6458 0.1448
0.6000 12.9717 0.1587
0.7000 15.2454 0.1669
0.8000 17.6883 0.1760
0.9000 21.2856 0.1844
1.0000 30.2764 0.1963
#TI average gradients and standard deviation in kcal/mol
0.0000 58740.2342 3290994.6857
0.1000 34.9359 18.1110
0.2000 7.0813 19.0599
0.3000 -16.1765 19.3056
0.4000 34.2597 24.5489
0.5000 29.7571 31.0125
0.6000 20.6248 26.7153
0.7000 23.8733 26.8360
0.8000 26.1484 26.6661
0.9000 49.1481 27.1997
1.0000 156.1955 30.2595
#PMF from TI in kcal/mol
0.0000 0.0000
0.1000 2938.7585
0.2000 2940.8594
0.3000 2940.4046
0.4000 2941.3088
0.5000 2944.5096
0.6000 2947.0287
0.7000 2949.2536
0.8000 2951.7547
0.9000 2955.5195
1.0000 2965.7867
#MBAR free energy difference in kcal/mol: 
30.276421, 0.196326  #WARNING SUBSAMPLING DISABLED, CONSIDER RERUN WITH SUBSAMPLING OPTION
#TI free energy difference in kcal/mol: 
2965.786699  #WARNING SUBSAMPLING DISABLED, CONSIDER RERUN WITH SUBSAMPLING OPTION 
Starting /export/users/common/BioSimSpace/sire.app/bin/analyse_freenrg: number of threads equals 32
