# Analysing data contained in file(s) ['lambda_0.0000/simfile.dat', 'lambda_0.1000/simfile.dat', 'lambda_0.2000/simfile.dat', 'lambda_0.3000/simfile.dat', 'lambda_0.4000/simfile.dat', 'lambda_0.5000/simfile.dat', 'lambda_0.6000/simfile.dat', 'lambda_0.7000/simfile.dat', 'lambda_0.8000/simfile.dat', 'lambda_0.9000/simfile.dat', 'lambda_1.0000/simfile.dat']
#Overlap matrix
0.9875 0.0125 0.0000 0.0000 0.0000 0.0000 0.0000 0.0000 0.0000 0.0000 0.0000
0.0125 0.9655 0.0220 0.0000 0.0000 0.0000 0.0000 0.0000 0.0000 0.0000 0.0000
0.0000 0.0220 0.9445 0.0335 0.0000 0.0000 0.0000 0.0000 0.0000 0.0000 0.0000
0.0000 0.0000 0.0335 0.9232 0.0432 0.0000 0.0000 0.0000 0.0000 0.0000 0.0000
0.0000 0.0000 0.0000 0.0432 0.8726 0.0841 0.0001 0.0000 0.0000 0.0000 0.0000
0.0000 0.0000 0.0000 0.0000 0.0841 0.8308 0.0850 0.0000 0.0000 0.0000 0.0000
0.0000 0.0000 0.0000 0.0000 0.0001 0.0850 0.8273 0.0876 0.0000 0.0000 0.0000
0.0000 0.0000 0.0000 0.0000 0.0000 0.0000 0.0876 0.8322 0.0801 0.0000 0.0000
0.0000 0.0000 0.0000 0.0000 0.0000 0.0000 0.0000 0.0801 0.8469 0.0730 0.0000
0.0000 0.0000 0.0000 0.0000 0.0000 0.0000 0.0000 0.0000 0.0730 0.8630 0.0640
0.0000 0.0000 0.0000 0.0000 0.0000 0.0000 0.0000 0.0000 0.0000 0.0640 0.9360
#DG from neighbouring lambda in kcal/mol
0.0000 0.1000 15.7160 0.0765
0.1000 0.2000 15.7846 0.0570
0.2000 0.3000 16.4254 0.0457
0.3000 0.4000 16.7812 0.0397
0.4000 0.5000 16.9437 0.0272
0.5000 0.6000 15.3743 0.0270
0.6000 0.7000 12.9615 0.0265
0.7000 0.8000 10.7700 0.0280
0.8000 0.9000 8.6015 0.0296
0.9000 1.0000 6.3122 0.0319
#PMF from MBAR in kcal/mol
0.0000 0.0000 0.0000
0.1000 15.7160 0.0765
0.2000 31.5006 0.0961
0.3000 47.9260 0.1071
0.4000 64.7073 0.1149
0.5000 81.6509 0.1187
0.6000 97.0252 0.1224
0.7000 109.9867 0.1258
0.8000 120.7567 0.1294
0.9000 129.3582 0.1333
1.0000 135.6704 0.1377
#TI average gradients and standard deviation in kcal/mol
0.0000 162.4928 31.2627
0.1000 155.4445 28.3520
0.2000 159.7441 26.7618
0.3000 167.7222 24.7963
0.4000 170.0787 20.1867
0.5000 164.3208 18.7528
0.6000 141.4981 19.4315
0.7000 118.5864 18.8326
0.8000 96.9037 19.3323
0.9000 74.7041 20.3671
1.0000 53.6728 20.6072
#PMF from TI in kcal/mol
0.0000 0.0000
0.1000 15.8969
0.2000 31.6563
0.3000 48.0296
0.4000 64.9197
0.5000 81.6396
0.6000 96.9306
0.7000 109.9348
0.8000 120.7093
0.9000 129.2897
1.0000 135.7085
#MBAR free energy difference in kcal/mol: 
135.670392, 0.137654  #WARNING SUBSAMPLING DISABLED, CONSIDER RERUN WITH SUBSAMPLING OPTION
#TI free energy difference in kcal/mol: 
135.708548  #WARNING SUBSAMPLING DISABLED, CONSIDER RERUN WITH SUBSAMPLING OPTION 
Starting /export/users/common/BioSimSpace/sire.app/bin/analyse_freenrg: number of threads equals 32
