# Analysing data contained in file(s) ['lambda_0.0000/simfile.dat', 'lambda_0.1000/simfile.dat', 'lambda_0.2000/simfile.dat', 'lambda_0.3000/simfile.dat', 'lambda_0.4000/simfile.dat', 'lambda_0.5000/simfile.dat', 'lambda_0.6000/simfile.dat', 'lambda_0.7000/simfile.dat', 'lambda_0.8000/simfile.dat', 'lambda_0.9000/simfile.dat', 'lambda_1.0000/simfile.dat']
#Overlap matrix
0.9845 0.0155 0.0000 0.0000 0.0000 0.0000 0.0000 0.0000 0.0000 0.0000 0.0000
0.0155 0.9733 0.0112 0.0000 0.0000 0.0000 0.0000 0.0000 0.0000 0.0000 0.0000
0.0000 0.0112 0.9739 0.0149 0.0000 0.0000 0.0000 0.0000 0.0000 0.0000 0.0000
0.0000 0.0000 0.0149 0.9851 0.0000 0.0000 0.0000 0.0000 0.0000 0.0000 0.0000
0.0000 0.0000 0.0000 0.0000 0.8998 0.0995 0.0007 0.0000 0.0000 0.0000 0.0000
0.0000 0.0000 0.0000 0.0000 0.0995 0.8316 0.0684 0.0005 0.0000 0.0000 0.0000
0.0000 0.0000 0.0000 0.0000 0.0007 0.0684 0.8109 0.1196 0.0004 0.0000 0.0000
0.0000 0.0000 0.0000 0.0000 0.0000 0.0005 0.1196 0.7519 0.1263 0.0017 0.0000
0.0000 0.0000 0.0000 0.0000 0.0000 0.0000 0.0004 0.1263 0.6943 0.1763 0.0027
0.0000 0.0000 0.0000 0.0000 0.0000 0.0000 0.0000 0.0017 0.1763 0.6597 0.1623
0.0000 0.0000 0.0000 0.0000 0.0000 0.0000 0.0000 0.0000 0.0027 0.1623 0.8350
#DG from neighbouring lambda in kcal/mol
0.0000 0.1000 -0.8604 0.0684
0.1000 0.2000 1.6991 0.0810
0.2000 0.3000 3.7706 0.0698
0.3000 0.4000 1.6204 1.6965
0.4000 0.5000 11.0705 0.0244
0.5000 0.6000 13.9831 0.0304
0.6000 0.7000 13.1263 0.0217
0.7000 0.8000 11.3434 0.0208
0.8000 0.9000 9.9841 0.0163
0.9000 1.0000 9.0295 0.0174
#PMF from MBAR in kcal/mol
0.0000 0.0000 0.0000
0.1000 -0.8604 0.0684
0.2000 0.8387 0.1067
0.3000 4.6093 0.1281
0.4000 6.2298 1.7014
0.5000 17.3003 1.7016
0.6000 31.2834 1.7019
0.7000 44.4097 1.7021
0.8000 55.7531 1.7023
0.9000 65.7373 1.7024
1.0000 74.7668 1.7025
#TI average gradients and standard deviation in kcal/mol
0.0000 -33.6922 28.9307
0.1000 9.1777 30.7130
0.2000 25.9612 31.0064
0.3000 54.4192 27.1348
0.4000 49.7758 22.8871
0.5000 142.3888 18.7543
0.6000 133.1673 19.4867
0.7000 124.6735 17.4930
0.8000 104.7386 14.3042
0.9000 95.0679 14.1697
1.0000 92.1943 17.0515
#PMF from TI in kcal/mol
0.0000 0.0000
0.1000 -1.2257
0.2000 0.5312
0.3000 4.5502
0.4000 9.7600
0.5000 19.3682
0.6000 33.1460
0.7000 46.0381
0.8000 57.5087
0.9000 67.4990
1.0000 76.8621
#MBAR free energy difference in kcal/mol: 
74.766772, 1.702532  #WARNING SUBSAMPLING DISABLED, CONSIDER RERUN WITH SUBSAMPLING OPTION
#TI free energy difference in kcal/mol: 
76.862109  #WARNING SUBSAMPLING DISABLED, CONSIDER RERUN WITH SUBSAMPLING OPTION 
Starting /export/users/common/BioSimSpace/sire.app/bin/analyse_freenrg: number of threads equals 32
