# Analysing data contained in file(s) ['lambda_0.0000/simfile.dat', 'lambda_0.1000/simfile.dat', 'lambda_0.2000/simfile.dat', 'lambda_0.3000/simfile.dat', 'lambda_0.4000/simfile.dat', 'lambda_0.5000/simfile.dat', 'lambda_0.6000/simfile.dat', 'lambda_0.7000/simfile.dat', 'lambda_0.8000/simfile.dat', 'lambda_0.9000/simfile.dat', 'lambda_1.0000/simfile.dat']
#Overlap matrix
0.7988 0.2000 0.0011 0.0000 0.0000 0.0000 0.0000 0.0000 0.0000 0.0000 0.0000
0.2000 0.6741 0.1245 0.0013 0.0000 0.0000 0.0000 0.0000 0.0000 0.0000 0.0000
0.0011 0.1245 0.7044 0.1626 0.0072 0.0001 0.0000 0.0000 0.0000 0.0000 0.0000
0.0000 0.0013 0.1626 0.6059 0.2149 0.0148 0.0005 0.0000 0.0000 0.0000 0.0000
0.0000 0.0000 0.0072 0.2149 0.5557 0.2141 0.0080 0.0000 0.0000 0.0000 0.0000
0.0000 0.0000 0.0001 0.0148 0.2141 0.6864 0.0846 0.0000 0.0000 0.0000 0.0000
0.0000 0.0000 0.0000 0.0005 0.0080 0.0846 0.9068 0.0000 0.0000 0.0000 0.0000
0.0000 0.0000 0.0000 0.0000 0.0000 0.0000 0.0000 0.9972 0.0028 0.0000 0.0000
0.0000 0.0000 0.0000 0.0000 0.0000 0.0000 0.0000 0.0028 0.9924 0.0047 0.0000
0.0000 0.0000 0.0000 0.0000 0.0000 0.0000 0.0000 0.0000 0.0047 0.9773 0.0180
0.0000 0.0000 0.0000 0.0000 0.0000 0.0000 0.0000 0.0000 0.0000 0.0180 0.9820
#DG from neighbouring lambda in kcal/mol
0.0000 0.1000 1.3800 0.0149
0.1000 0.2000 -1.3991 0.0210
0.2000 0.3000 -5.0774 0.0170
0.3000 0.4000 -8.3651 0.0129
0.4000 0.5000 -9.9529 0.0130
0.5000 0.6000 -3.1803 0.0256
0.6000 0.7000 14.1377 161.1168
0.7000 0.8000 5.5283 0.1624
0.8000 0.9000 5.0486 0.1252
0.9000 1.0000 4.1889 0.0634
#PMF from MBAR in kcal/mol
0.0000 0.0000 0.0000
0.1000 1.3800 0.0149
0.2000 -0.0191 0.0284
0.3000 -5.0965 0.0351
0.4000 -13.4615 0.0390
0.5000 -23.4145 0.0424
0.6000 -26.5948 0.0505
0.7000 -12.4570 161.1168
0.8000 -6.9287 161.1169
0.9000 -1.8801 161.1170
1.0000 2.3088 161.1170
#TI average gradients and standard deviation in kcal/mol
0.0000 11.4245 12.7324
0.1000 4.6706 15.8777
0.2000 -31.5260 15.6657
0.3000 -68.9808 12.3584
0.4000 -96.9360 11.9819
0.5000 -90.0145 13.7721
0.6000 68.2385 29.9725
0.7000 54.2028 37.7515
0.8000 56.9606 36.0031
0.9000 42.1865 30.4770
1.0000 46.8520 27.3504
#PMF from TI in kcal/mol
0.0000 0.0000
0.1000 0.8048
0.2000 -0.5380
0.3000 -5.5634
0.4000 -13.8592
0.5000 -23.2067
0.6000 -24.2955
0.7000 -18.1735
0.8000 -12.6153
0.9000 -7.6579
1.0000 -3.2060
#MBAR free energy difference in kcal/mol: 
2.308809, 161.116990  #WARNING SUBSAMPLING DISABLED, CONSIDER RERUN WITH SUBSAMPLING OPTION
#TI free energy difference in kcal/mol: 
-3.206012  #WARNING SUBSAMPLING DISABLED, CONSIDER RERUN WITH SUBSAMPLING OPTION 
Starting /export/users/common/BioSimSpace/sire.app/bin/analyse_freenrg: number of threads equals 32
