# Analysing data contained in file(s) ['lambda_0.0000/simfile.dat', 'lambda_0.1000/simfile.dat', 'lambda_0.2000/simfile.dat', 'lambda_0.3000/simfile.dat', 'lambda_0.4000/simfile.dat', 'lambda_0.5000/simfile.dat', 'lambda_0.6000/simfile.dat', 'lambda_0.7000/simfile.dat', 'lambda_0.8000/simfile.dat', 'lambda_0.9000/simfile.dat', 'lambda_1.0000/simfile.dat']
#Overlap matrix
0.8527 0.1424 0.0048 0.0001 0.0000 0.0000 0.0000 0.0000 0.0000 0.0000 0.0000
0.1424 0.6258 0.2118 0.0194 0.0005 0.0000 0.0000 0.0000 0.0000 0.0000 0.0000
0.0048 0.2118 0.5253 0.2329 0.0246 0.0007 0.0000 0.0000 0.0000 0.0000 0.0000
0.0001 0.0194 0.2329 0.4896 0.2302 0.0270 0.0008 0.0000 0.0000 0.0000 0.0000
0.0000 0.0005 0.0246 0.2302 0.4791 0.2356 0.0291 0.0009 0.0000 0.0000 0.0000
0.0000 0.0000 0.0007 0.0270 0.2356 0.4712 0.2351 0.0295 0.0010 0.0000 0.0000
0.0000 0.0000 0.0000 0.0008 0.0291 0.2351 0.4718 0.2330 0.0291 0.0009 0.0000
0.0000 0.0000 0.0000 0.0000 0.0009 0.0295 0.2330 0.4754 0.2346 0.0259 0.0005
0.0000 0.0000 0.0000 0.0000 0.0000 0.0010 0.0291 0.2346 0.4943 0.2250 0.0160
0.0000 0.0000 0.0000 0.0000 0.0000 0.0000 0.0009 0.0259 0.2250 0.5436 0.2045
0.0000 0.0000 0.0000 0.0000 0.0000 0.0000 0.0000 0.0005 0.0160 0.2045 0.7789
#DG from neighbouring lambda in kcal/mol
0.0000 0.1000 6.1586 0.0189
0.1000 0.2000 5.2024 0.0130
0.2000 0.3000 4.8321 0.0111
0.3000 0.4000 4.4505 0.0109
0.4000 0.5000 4.0764 0.0105
0.5000 0.6000 3.7834 0.0104
0.6000 0.7000 3.5782 0.0105
0.7000 0.8000 3.5422 0.0106
0.8000 0.9000 3.7536 0.0115
0.9000 1.0000 4.1428 0.0138
#PMF from MBAR in kcal/mol
0.0000 0.0000 0.0000
0.1000 6.1586 0.0189
0.2000 11.3610 0.0256
0.3000 16.1931 0.0297
0.4000 20.6435 0.0333
0.5000 24.7199 0.0363
0.6000 28.5033 0.0390
0.7000 32.0814 0.0416
0.8000 35.6237 0.0441
0.9000 39.3772 0.0466
1.0000 43.5201 0.0498
#TI average gradients and standard deviation in kcal/mol
0.0000 68.1077 16.4079
0.1000 55.0701 13.5745
0.2000 49.9279 11.0780
0.3000 46.7118 10.4388
0.4000 42.3033 10.4037
0.5000 39.0962 10.2912
0.6000 36.7358 10.6111
0.7000 35.4086 10.2622
0.8000 35.7344 10.4818
0.9000 39.6951 12.0586
1.0000 44.6247 13.1330
#PMF from TI in kcal/mol
0.0000 0.0000
0.1000 6.1589
0.2000 11.4088
0.3000 16.2408
0.4000 20.6915
0.5000 24.7615
0.6000 28.5531
0.7000 32.1603
0.8000 35.7175
0.9000 39.4889
1.0000 43.7049
#MBAR free energy difference in kcal/mol: 
43.520074, 0.049759  #WARNING SUBSAMPLING DISABLED, CONSIDER RERUN WITH SUBSAMPLING OPTION
#TI free energy difference in kcal/mol: 
43.704934  #WARNING SUBSAMPLING DISABLED, CONSIDER RERUN WITH SUBSAMPLING OPTION 
Starting /export/users/common/BioSimSpace/sire.app/bin/analyse_freenrg: number of threads equals 32
