# Analysing data contained in file(s) ['lambda_0.0000/simfile.dat', 'lambda_0.1000/simfile.dat', 'lambda_0.2000/simfile.dat', 'lambda_0.3000/simfile.dat', 'lambda_0.4000/simfile.dat', 'lambda_0.5000/simfile.dat', 'lambda_0.6000/simfile.dat', 'lambda_0.7000/simfile.dat', 'lambda_0.8000/simfile.dat', 'lambda_0.9000/simfile.dat', 'lambda_1.0000/simfile.dat']
#Overlap matrix
0.9972 0.0028 0.0000 0.0000 0.0000 0.0000 0.0000 0.0000 0.0000 0.0000 0.0000
0.0028 0.9944 0.0028 0.0000 0.0000 0.0000 0.0000 0.0000 0.0000 0.0000 0.0000
0.0000 0.0028 0.9941 0.0031 0.0000 0.0000 0.0000 0.0000 0.0000 0.0000 0.0000
0.0000 0.0000 0.0031 0.9870 0.0100 0.0000 0.0000 0.0000 0.0000 0.0000 0.0000
0.0000 0.0000 0.0000 0.0100 0.9649 0.0251 0.0000 0.0000 0.0000 0.0000 0.0000
0.0000 0.0000 0.0000 0.0000 0.0251 0.9496 0.0252 0.0000 0.0000 0.0000 0.0000
0.0000 0.0000 0.0000 0.0000 0.0000 0.0252 0.9329 0.0419 0.0000 0.0000 0.0000
0.0000 0.0000 0.0000 0.0000 0.0000 0.0000 0.0419 0.8920 0.0661 0.0000 0.0000
0.0000 0.0000 0.0000 0.0000 0.0000 0.0000 0.0000 0.0661 0.8540 0.0799 0.0000
0.0000 0.0000 0.0000 0.0000 0.0000 0.0000 0.0000 0.0000 0.0799 0.8555 0.0646
0.0000 0.0000 0.0000 0.0000 0.0000 0.0000 0.0000 0.0000 0.0000 0.0646 0.9354
#DG from neighbouring lambda in kcal/mol
0.0000 0.1000 -5.7480 0.1635
0.1000 0.2000 -3.2255 0.1616
0.2000 0.3000 -2.5313 0.1558
0.3000 0.4000 -0.7661 0.0858
0.4000 0.5000 2.3365 0.0532
0.5000 0.6000 1.7991 0.0531
0.6000 0.7000 0.8931 0.0404
0.7000 0.8000 0.7510 0.0313
0.8000 0.9000 0.5192 0.0280
0.9000 1.0000 0.5427 0.0318
#PMF from MBAR in kcal/mol
0.0000 0.0000 0.0000
0.1000 -5.7480 0.1635
0.2000 -8.9735 0.2302
0.3000 -11.5049 0.2783
0.4000 -12.2710 0.2915
0.5000 -9.9345 0.2965
0.6000 -8.1354 0.3015
0.7000 -7.2423 0.3044
0.8000 -6.4913 0.3063
0.9000 -5.9721 0.3078
1.0000 -5.4294 0.3097
#TI average gradients and standard deviation in kcal/mol
0.0000 -92.3720 38.1114
0.1000 -37.0652 34.2836
0.2000 -26.3481 34.8812
0.3000 -19.9773 33.9960
0.4000 11.4791 26.8396
0.5000 25.1762 27.1263
0.6000 11.5185 25.0287
0.7000 8.7145 21.3713
0.8000 5.3894 19.9543
0.9000 4.9028 20.0011
1.0000 -28524675746.1925 1953959137196.8774
#PMF from TI in kcal/mol
0.0000 0.0000
0.1000 -6.4719
0.2000 -9.6425
0.3000 -11.9588
0.4000 -12.3837
0.5000 -10.5509
0.6000 -8.7162
0.7000 -7.7045
0.8000 -6.9994
0.9000 -6.4848
1.0000 -1426233793.5492
#MBAR free energy difference in kcal/mol: 
-5.429352, 0.309676  #WARNING SUBSAMPLING DISABLED, CONSIDER RERUN WITH SUBSAMPLING OPTION
#TI free energy difference in kcal/mol: 
-1426233793.549239  #WARNING SUBSAMPLING DISABLED, CONSIDER RERUN WITH SUBSAMPLING OPTION 
Starting /export/users/common/BioSimSpace/sire.app/bin/analyse_freenrg: number of threads equals 32
