# Analysing data contained in file(s) ['lambda_0.0000/simfile.dat', 'lambda_0.1000/simfile.dat', 'lambda_0.2000/simfile.dat', 'lambda_0.3000/simfile.dat', 'lambda_0.4000/simfile.dat', 'lambda_0.5000/simfile.dat', 'lambda_0.6000/simfile.dat', 'lambda_0.7000/simfile.dat', 'lambda_0.8000/simfile.dat', 'lambda_0.9000/simfile.dat', 'lambda_1.0000/simfile.dat']
#Overlap matrix
0.9173 0.0827 0.0001 0.0000 0.0000 0.0000 0.0000 0.0000 0.0000 0.0000 0.0000
0.0827 0.8236 0.0936 0.0001 0.0000 0.0000 0.0000 0.0000 0.0000 0.0000 0.0000
0.0001 0.0936 0.7961 0.1100 0.0002 0.0000 0.0000 0.0000 0.0000 0.0000 0.0000
0.0000 0.0001 0.1100 0.7761 0.1134 0.0003 0.0000 0.0000 0.0000 0.0000 0.0000
0.0000 0.0000 0.0002 0.1134 0.7706 0.1154 0.0003 0.0000 0.0000 0.0000 0.0000
0.0000 0.0000 0.0000 0.0003 0.1154 0.7606 0.1233 0.0004 0.0000 0.0000 0.0000
0.0000 0.0000 0.0000 0.0000 0.0003 0.1233 0.7417 0.1342 0.0005 0.0000 0.0000
0.0000 0.0000 0.0000 0.0000 0.0000 0.0004 0.1342 0.7387 0.1261 0.0006 0.0000
0.0000 0.0000 0.0000 0.0000 0.0000 0.0000 0.0005 0.1261 0.7413 0.1312 0.0008
0.0000 0.0000 0.0000 0.0000 0.0000 0.0000 0.0000 0.0006 0.1312 0.7223 0.1459
0.0000 0.0000 0.0000 0.0000 0.0000 0.0000 0.0000 0.0000 0.0008 0.1459 0.8533
#DG from neighbouring lambda in kcal/mol
0.0000 0.1000 -0.6274 0.0275
0.1000 0.2000 -0.6000 0.0255
0.2000 0.3000 -0.7052 0.0230
0.3000 0.4000 -0.9285 0.0225
0.4000 0.5000 -1.3207 0.0223
0.5000 0.6000 -1.7913 0.0213
0.6000 0.7000 -2.2506 0.0201
0.7000 0.8000 -2.7763 0.0209
0.8000 0.9000 -3.3671 0.0204
0.9000 1.0000 -3.8624 0.0190
#PMF from MBAR in kcal/mol
0.0000 0.0000 0.0000
0.1000 -0.6274 0.0275
0.2000 -1.2273 0.0394
0.3000 -1.9325 0.0472
0.4000 -2.8610 0.0537
0.5000 -4.1817 0.0594
0.6000 -5.9730 0.0642
0.7000 -8.2236 0.0684
0.8000 -10.9999 0.0725
0.9000 -14.3670 0.0763
1.0000 -18.2294 0.0795
#TI average gradients and standard deviation in kcal/mol
0.0000 -7.8919 20.2939
0.1000 -5.3148 19.2536
0.2000 -6.4012 17.7590
0.3000 -7.4291 17.0013
0.4000 -10.9218 16.6482
0.5000 -15.7931 16.7444
0.6000 -21.0576 17.6771
0.7000 -23.8641 17.2398
0.8000 -30.7073 16.3427
0.9000 -36.7957 16.0709
1.0000 -38.3220 15.9573
#PMF from TI in kcal/mol
0.0000 0.0000
0.1000 -0.6603
0.2000 -1.2461
0.3000 -1.9376
0.4000 -2.8552
0.5000 -4.1909
0.6000 -6.0335
0.7000 -8.2796
0.8000 -11.0081
0.9000 -14.3833
1.0000 -18.1392
#MBAR free energy difference in kcal/mol: 
-18.229408, 0.079499  #WARNING SUBSAMPLING DISABLED, CONSIDER RERUN WITH SUBSAMPLING OPTION
#TI free energy difference in kcal/mol: 
-18.139166  #WARNING SUBSAMPLING DISABLED, CONSIDER RERUN WITH SUBSAMPLING OPTION 
Starting /export/users/common/BioSimSpace/sire.app/bin/analyse_freenrg: number of threads equals 32
