# Analysing data contained in file(s) ['lambda_0.0000/simfile.dat', 'lambda_0.1000/simfile.dat', 'lambda_0.2000/simfile.dat', 'lambda_0.3000/simfile.dat', 'lambda_0.4000/simfile.dat', 'lambda_0.5000/simfile.dat', 'lambda_0.6000/simfile.dat', 'lambda_0.7000/simfile.dat', 'lambda_0.8000/simfile.dat', 'lambda_0.9000/simfile.dat', 'lambda_1.0000/simfile.dat']
#Overlap matrix
0.8434 0.1563 0.0002 0.0000 0.0000 0.0000 0.0000 0.0000 0.0000 0.0000 0.0000
0.1563 0.7474 0.0955 0.0008 0.0000 0.0000 0.0000 0.0000 0.0000 0.0000 0.0000
0.0002 0.0955 0.7304 0.1700 0.0039 0.0000 0.0000 0.0000 0.0000 0.0000 0.0000
0.0000 0.0008 0.1700 0.6419 0.1812 0.0060 0.0001 0.0000 0.0000 0.0000 0.0000
0.0000 0.0000 0.0039 0.1812 0.6231 0.1873 0.0044 0.0000 0.0000 0.0000 0.0000
0.0000 0.0000 0.0000 0.0060 0.1873 0.7279 0.0788 0.0000 0.0000 0.0000 0.0000
0.0000 0.0000 0.0000 0.0001 0.0044 0.0788 0.9167 0.0000 0.0000 0.0000 0.0000
0.0000 0.0000 0.0000 0.0000 0.0000 0.0000 0.0000 0.9980 0.0020 0.0000 0.0000
0.0000 0.0000 0.0000 0.0000 0.0000 0.0000 0.0000 0.0020 0.9939 0.0040 0.0000
0.0000 0.0000 0.0000 0.0000 0.0000 0.0000 0.0000 0.0000 0.0040 0.9835 0.0124
0.0000 0.0000 0.0000 0.0000 0.0000 0.0000 0.0000 0.0000 0.0000 0.0124 0.9876
#DG from neighbouring lambda in kcal/mol
0.0000 0.1000 6.4694 0.0181
0.1000 0.2000 2.5668 0.0250
0.2000 0.3000 -1.7946 0.0167
0.3000 0.4000 -5.6765 0.0156
0.4000 0.5000 -8.1178 0.0151
0.5000 0.6000 -2.0675 0.0274
0.6000 0.7000 15.7202 642.9883
0.7000 0.8000 4.9637 0.1911
0.8000 0.9000 4.0673 0.1355
0.9000 1.0000 2.8951 0.0766
#PMF from MBAR in kcal/mol
0.0000 0.0000 0.0000
0.1000 6.4694 0.0181
0.2000 9.0363 0.0332
0.3000 7.2416 0.0390
0.4000 1.5651 0.0436
0.5000 -6.5527 0.0475
0.6000 -8.6201 0.0558
0.7000 7.1000 642.9883
0.8000 12.0637 642.9884
0.9000 16.1310 642.9884
1.0000 19.0261 642.9884
#TI average gradients and standard deviation in kcal/mol
0.0000 65.8147 14.4445
0.1000 50.4713 17.9634
0.2000 1.7495 15.8446
0.3000 -37.6551 13.9388
0.4000 -74.4012 13.5689
0.5000 -76.2833 15.0409
0.6000 76.3397 31.4284
0.7000 54.7489 38.5826
0.8000 47.5846 35.5466
0.9000 29.6024 32.1789
1.0000 34.3871 28.9380
#PMF from TI in kcal/mol
0.0000 0.0000
0.1000 5.8143
0.2000 8.4253
0.3000 6.6301
0.4000 1.0272
0.5000 -6.5070
0.6000 -6.5042
0.7000 0.0503
0.8000 5.1669
0.9000 9.0263
1.0000 12.2258
#MBAR free energy difference in kcal/mol: 
19.026111, 642.988393  #WARNING SUBSAMPLING DISABLED, CONSIDER RERUN WITH SUBSAMPLING OPTION
#TI free energy difference in kcal/mol: 
12.225754  #WARNING SUBSAMPLING DISABLED, CONSIDER RERUN WITH SUBSAMPLING OPTION 
Starting /export/users/common/BioSimSpace/sire.app/bin/analyse_freenrg: number of threads equals 32
