# Analysing data contained in file(s) ['lambda_0.0000/simfile.dat', 'lambda_0.1000/simfile.dat', 'lambda_0.2000/simfile.dat', 'lambda_0.3000/simfile.dat', 'lambda_0.4000/simfile.dat', 'lambda_0.5000/simfile.dat', 'lambda_0.6000/simfile.dat', 'lambda_0.7000/simfile.dat', 'lambda_0.8000/simfile.dat', 'lambda_0.9000/simfile.dat', 'lambda_1.0000/simfile.dat']
#Overlap matrix
0.9180 0.0818 0.0002 0.0000 0.0000 0.0000 0.0000 0.0000 0.0000 0.0000 0.0000
0.0818 0.8095 0.1078 0.0009 0.0000 0.0000 0.0000 0.0000 0.0000 0.0000 0.0000
0.0002 0.1078 0.7535 0.1365 0.0020 0.0000 0.0000 0.0000 0.0000 0.0000 0.0000
0.0000 0.0009 0.1365 0.7045 0.1551 0.0029 0.0000 0.0000 0.0000 0.0000 0.0000
0.0000 0.0000 0.0020 0.1551 0.6792 0.1588 0.0049 0.0000 0.0000 0.0000 0.0000
0.0000 0.0000 0.0000 0.0029 0.1588 0.6359 0.1953 0.0070 0.0000 0.0000 0.0000
0.0000 0.0000 0.0000 0.0000 0.0049 0.1953 0.6015 0.1921 0.0061 0.0000 0.0000
0.0000 0.0000 0.0000 0.0000 0.0000 0.0070 0.1921 0.6058 0.1902 0.0049 0.0000
0.0000 0.0000 0.0000 0.0000 0.0000 0.0000 0.0061 0.1902 0.6293 0.1705 0.0039
0.0000 0.0000 0.0000 0.0000 0.0000 0.0000 0.0000 0.0049 0.1705 0.6715 0.1531
0.0000 0.0000 0.0000 0.0000 0.0000 0.0000 0.0000 0.0000 0.0039 0.1531 0.8430
#DG from neighbouring lambda in kcal/mol
0.0000 0.1000 -0.5351 0.0276
0.1000 0.2000 0.5783 0.0232
0.2000 0.3000 0.9504 0.0197
0.3000 0.4000 0.8553 0.0178
0.4000 0.5000 0.4828 0.0173
0.5000 0.6000 0.1240 0.0146
0.6000 0.7000 -0.2028 0.0147
0.7000 0.8000 -0.6151 0.0149
0.8000 0.9000 -0.6998 0.0164
0.9000 1.0000 0.1747 0.0181
#PMF from MBAR in kcal/mol
0.0000 0.0000 0.0000
0.1000 -0.5351 0.0276
0.2000 0.0431 0.0380
0.3000 0.9935 0.0444
0.4000 1.8488 0.0493
0.5000 2.3316 0.0535
0.6000 2.4556 0.0566
0.7000 2.2527 0.0595
0.8000 1.6377 0.0624
0.9000 0.9379 0.0655
1.0000 1.1126 0.0689
#TI average gradients and standard deviation in kcal/mol
0.0000 -20.3015 21.6273
0.1000 2.6174 18.7603
0.2000 8.7463 16.4606
0.3000 9.1898 15.9916
0.4000 7.8731 14.6141
0.5000 1.8370 14.0968
0.6000 0.2038 13.2524
0.7000 -4.1738 13.0033
0.8000 -7.3731 13.3937
0.9000 -5.5821 13.9792
1.0000 -3347327639.0503 209278738942.4600
#PMF from TI in kcal/mol
0.0000 0.0000
0.1000 -0.8842
0.2000 -0.3160
0.3000 0.5808
0.4000 1.4339
0.5000 1.9194
0.6000 2.0215
0.7000 1.8230
0.8000 1.2456
0.9000 0.5979
1.0000 -167366381.6337
#MBAR free energy difference in kcal/mol: 
1.112612, 0.068897  #WARNING SUBSAMPLING DISABLED, CONSIDER RERUN WITH SUBSAMPLING OPTION
#TI free energy difference in kcal/mol: 
-167366381.633744  #WARNING SUBSAMPLING DISABLED, CONSIDER RERUN WITH SUBSAMPLING OPTION 
Starting /export/users/common/BioSimSpace/sire.app/bin/analyse_freenrg: number of threads equals 32
