# Analysing data contained in file(s) ['lambda_0.0000/simfile.dat', 'lambda_0.1000/simfile.dat', 'lambda_0.2000/simfile.dat', 'lambda_0.3000/simfile.dat', 'lambda_0.4000/simfile.dat', 'lambda_0.5000/simfile.dat', 'lambda_0.6000/simfile.dat', 'lambda_0.7000/simfile.dat', 'lambda_0.8000/simfile.dat', 'lambda_0.9000/simfile.dat', 'lambda_1.0000/simfile.dat']
#Overlap matrix
0.7369 0.2395 0.0230 0.0006 0.0000 0.0000 0.0000 0.0000 0.0000 0.0000 0.0000
0.2395 0.4993 0.2339 0.0265 0.0008 0.0000 0.0000 0.0000 0.0000 0.0000 0.0000
0.0230 0.2339 0.4809 0.2313 0.0297 0.0012 0.0000 0.0000 0.0000 0.0000 0.0000
0.0006 0.0265 0.2313 0.4679 0.2368 0.0351 0.0017 0.0000 0.0000 0.0000 0.0000
0.0000 0.0008 0.0297 0.2368 0.4509 0.2403 0.0393 0.0021 0.0000 0.0000 0.0000
0.0000 0.0000 0.0012 0.0351 0.2403 0.4393 0.2402 0.0416 0.0022 0.0000 0.0000
0.0000 0.0000 0.0000 0.0017 0.0393 0.2402 0.4365 0.2419 0.0385 0.0019 0.0000
0.0000 0.0000 0.0000 0.0000 0.0021 0.0416 0.2419 0.4448 0.2363 0.0322 0.0010
0.0000 0.0000 0.0000 0.0000 0.0000 0.0022 0.0385 0.2363 0.4804 0.2238 0.0187
0.0000 0.0000 0.0000 0.0000 0.0000 0.0000 0.0019 0.0322 0.2238 0.5379 0.2041
0.0000 0.0000 0.0000 0.0000 0.0000 0.0000 0.0000 0.0010 0.0187 0.2041 0.7762
#DG from neighbouring lambda in kcal/mol
0.0000 0.1000 6.7988 0.0117
0.1000 0.2000 6.0753 0.0108
0.2000 0.3000 5.3802 0.0107
0.3000 0.4000 4.7001 0.0101
0.4000 0.5000 4.0758 0.0096
0.5000 0.6000 3.4854 0.0094
0.6000 0.7000 2.9521 0.0093
0.7000 0.8000 2.5407 0.0099
0.8000 0.9000 2.3865 0.0112
0.9000 1.0000 2.5179 0.0137
#PMF from MBAR in kcal/mol
0.0000 0.0000 0.0000
0.1000 6.7988 0.0117
0.2000 12.8742 0.0189
0.3000 18.2544 0.0239
0.4000 22.9545 0.0278
0.5000 27.0303 0.0309
0.6000 30.5157 0.0337
0.7000 33.4677 0.0362
0.8000 36.0084 0.0387
0.9000 38.3949 0.0414
1.0000 40.9128 0.0448
#TI average gradients and standard deviation in kcal/mol
0.0000 69.3359 11.4425
0.1000 64.3558 10.9639
0.2000 57.4597 10.5296
0.3000 50.5364 9.7578
0.4000 43.4859 9.4696
0.5000 37.8739 9.4406
0.6000 32.0085 9.0990
0.7000 27.0104 9.6374
0.8000 24.1107 10.1289
0.9000 23.7430 11.4777
1.0000 27.2036 13.9759
#PMF from TI in kcal/mol
0.0000 0.0000
0.1000 6.6846
0.2000 12.7754
0.3000 18.1752
0.4000 22.8763
0.5000 26.9443
0.6000 30.4384
0.7000 33.3893
0.8000 35.9454
0.9000 38.3381
1.0000 40.8854
#MBAR free energy difference in kcal/mol: 
40.912759, 0.044804  #WARNING SUBSAMPLING DISABLED, CONSIDER RERUN WITH SUBSAMPLING OPTION
#TI free energy difference in kcal/mol: 
40.885414  #WARNING SUBSAMPLING DISABLED, CONSIDER RERUN WITH SUBSAMPLING OPTION 
Starting /export/users/common/BioSimSpace/sire.app/bin/analyse_freenrg: number of threads equals 32
