# Analysing data contained in file(s) ['lambda_0.0000/simfile.dat', 'lambda_0.1000/simfile.dat', 'lambda_0.2000/simfile.dat', 'lambda_0.3000/simfile.dat', 'lambda_0.4000/simfile.dat', 'lambda_0.5000/simfile.dat', 'lambda_0.6000/simfile.dat', 'lambda_0.7000/simfile.dat', 'lambda_0.8000/simfile.dat', 'lambda_0.9000/simfile.dat', 'lambda_1.0000/simfile.dat']
#Overlap matrix
0.9909 0.0091 0.0000 0.0000 0.0000 0.0000 0.0000 0.0000 0.0000 0.0000 0.0000
0.0091 0.9773 0.0137 0.0000 0.0000 0.0000 0.0000 0.0000 0.0000 0.0000 0.0000
0.0000 0.0137 0.9658 0.0206 0.0000 0.0000 0.0000 0.0000 0.0000 0.0000 0.0000
0.0000 0.0000 0.0206 0.9608 0.0186 0.0000 0.0000 0.0000 0.0000 0.0000 0.0000
0.0000 0.0000 0.0000 0.0186 0.9589 0.0225 0.0000 0.0000 0.0000 0.0000 0.0000
0.0000 0.0000 0.0000 0.0000 0.0225 0.9541 0.0234 0.0000 0.0000 0.0000 0.0000
0.0000 0.0000 0.0000 0.0000 0.0000 0.0234 0.9474 0.0292 0.0000 0.0000 0.0000
0.0000 0.0000 0.0000 0.0000 0.0000 0.0000 0.0292 0.9385 0.0323 0.0000 0.0000
0.0000 0.0000 0.0000 0.0000 0.0000 0.0000 0.0000 0.0323 0.9211 0.0466 0.0000
0.0000 0.0000 0.0000 0.0000 0.0000 0.0000 0.0000 0.0000 0.0466 0.9143 0.0390
0.0000 0.0000 0.0000 0.0000 0.0000 0.0000 0.0000 0.0000 0.0000 0.0390 0.9610
#DG from neighbouring lambda in kcal/mol
0.0000 0.1000 -4.5197 0.0900
0.1000 0.2000 -2.3272 0.0730
0.2000 0.3000 -1.4667 0.0590
0.3000 0.4000 -1.2979 0.0622
0.4000 0.5000 -1.6638 0.0563
0.5000 0.6000 -2.0980 0.0552
0.6000 0.7000 -2.1331 0.0491
0.7000 0.8000 -1.9299 0.0465
0.8000 0.9000 -1.0732 0.0381
0.9000 1.0000 -0.2549 0.0420
#PMF from MBAR in kcal/mol
0.0000 0.0000 0.0000
0.1000 -4.5197 0.0900
0.2000 -6.8469 0.1165
0.3000 -8.3136 0.1312
0.4000 -9.6115 0.1457
0.5000 -11.2753 0.1567
0.6000 -13.3733 0.1666
0.7000 -15.5064 0.1741
0.8000 -17.4364 0.1806
0.9000 -18.5096 0.1850
1.0000 -18.7646 0.1901
#TI average gradients and standard deviation in kcal/mol
0.0000 -65.5319 32.4392
0.1000 -31.1985 29.8409
0.2000 -18.5025 28.8408
0.3000 -12.2428 27.8737
0.4000 -16.1669 27.1253
0.5000 -19.7644 26.6954
0.6000 -22.1490 25.7427
0.7000 -20.1473 24.9129
0.8000 -16.9142 23.6095
0.9000 -4.4367 23.4274
1.0000 4.8609 23.7580
#PMF from TI in kcal/mol
0.0000 0.0000
0.1000 -4.8365
0.2000 -7.3216
0.3000 -8.8588
0.4000 -10.2793
0.5000 -12.0759
0.6000 -14.1716
0.7000 -16.2864
0.8000 -18.1394
0.9000 -19.2070
1.0000 -19.1858
#MBAR free energy difference in kcal/mol: 
-18.764554, 0.190131  #WARNING SUBSAMPLING DISABLED, CONSIDER RERUN WITH SUBSAMPLING OPTION
#TI free energy difference in kcal/mol: 
-19.185779  #WARNING SUBSAMPLING DISABLED, CONSIDER RERUN WITH SUBSAMPLING OPTION 
Starting /export/users/common/BioSimSpace/sire.app/bin/analyse_freenrg: number of threads equals 32
