# Analysing data contained in file(s) ['lambda_0.0000/simfile.dat', 'lambda_0.1000/simfile.dat', 'lambda_0.2000/simfile.dat', 'lambda_0.3000/simfile.dat', 'lambda_0.4000/simfile.dat', 'lambda_0.5000/simfile.dat', 'lambda_0.6000/simfile.dat', 'lambda_0.7000/simfile.dat', 'lambda_0.8000/simfile.dat', 'lambda_0.9000/simfile.dat', 'lambda_1.0000/simfile.dat']
#Overlap matrix
0.9216 0.0781 0.0002 0.0000 0.0000 0.0000 0.0000 0.0000 0.0000 0.0000 0.0000
0.0781 0.8352 0.0863 0.0004 0.0000 0.0000 0.0000 0.0000 0.0000 0.0000 0.0000
0.0002 0.0863 0.8277 0.0854 0.0003 0.0000 0.0000 0.0000 0.0000 0.0000 0.0000
0.0000 0.0004 0.0854 0.8334 0.0805 0.0003 0.0000 0.0000 0.0000 0.0000 0.0000
0.0000 0.0000 0.0003 0.0805 0.8373 0.0817 0.0001 0.0000 0.0000 0.0000 0.0000
0.0000 0.0000 0.0000 0.0003 0.0817 0.8835 0.0330 0.0014 0.0001 0.0000 0.0000
0.0000 0.0000 0.0000 0.0000 0.0001 0.0330 0.8184 0.1446 0.0039 0.0000 0.0000
0.0000 0.0000 0.0000 0.0000 0.0000 0.0014 0.1446 0.7050 0.1472 0.0018 0.0000
0.0000 0.0000 0.0000 0.0000 0.0000 0.0001 0.0039 0.1472 0.7119 0.1355 0.0013
0.0000 0.0000 0.0000 0.0000 0.0000 0.0000 0.0000 0.0018 0.1355 0.7312 0.1315
0.0000 0.0000 0.0000 0.0000 0.0000 0.0000 0.0000 0.0000 0.0013 0.1315 0.8672
#DG from neighbouring lambda in kcal/mol
0.0000 0.1000 -2.7365 0.0284
0.1000 0.2000 0.0608 0.0267
0.2000 0.3000 0.3658 0.0268
0.3000 0.4000 0.0633 0.0278
0.4000 0.5000 -0.2301 0.0276
0.5000 0.6000 -1.1469 0.0449
0.6000 0.7000 0.8048 0.0187
0.7000 0.8000 1.6247 0.0184
0.8000 0.9000 0.5720 0.0198
0.9000 1.0000 -0.2709 0.0203
#PMF from MBAR in kcal/mol
0.0000 0.0000 0.0000
0.1000 -2.7365 0.0284
0.2000 -2.6757 0.0407
0.3000 -2.3099 0.0502
0.4000 -2.2465 0.0586
0.5000 -2.4767 0.0659
0.6000 -3.6235 0.0806
0.7000 -2.8188 0.0834
0.8000 -1.1940 0.0861
0.9000 -0.6221 0.0891
1.0000 -0.8930 0.0922
#TI average gradients and standard deviation in kcal/mol
0.0000 -68.4819 19.6613
0.1000 -5.9019 19.8589
0.2000 4.1887 19.2610
0.3000 2.5752 19.5173
0.4000 -1.7009 20.3626
0.5000 -3.3599 22.0936
0.6000 -10.9427 20.2434
0.7000 17.8073 15.9990
0.8000 11.4477 16.1749
0.9000 0.1569 16.4025
1.0000 8.4950 17.3321
#PMF from TI in kcal/mol
0.0000 0.0000
0.1000 -3.7192
0.2000 -3.8049
0.3000 -3.4667
0.4000 -3.4230
0.5000 -3.6760
0.6000 -4.3911
0.7000 -4.0479
0.8000 -2.5851
0.9000 -2.0049
1.0000 -1.5723
#MBAR free energy difference in kcal/mol: 
-0.892986, 0.092191  #WARNING SUBSAMPLING DISABLED, CONSIDER RERUN WITH SUBSAMPLING OPTION
#TI free energy difference in kcal/mol: 
-1.572318  #WARNING SUBSAMPLING DISABLED, CONSIDER RERUN WITH SUBSAMPLING OPTION 
Starting /export/users/common/BioSimSpace/sire.app/bin/analyse_freenrg: number of threads equals 32
