# Analysing data contained in file(s) ['lambda_0.0000/simfile.dat', 'lambda_0.1000/simfile.dat', 'lambda_0.2000/simfile.dat', 'lambda_0.3000/simfile.dat', 'lambda_0.4000/simfile.dat', 'lambda_0.5000/simfile.dat', 'lambda_0.6000/simfile.dat', 'lambda_0.7000/simfile.dat', 'lambda_0.8000/simfile.dat', 'lambda_0.9000/simfile.dat', 'lambda_1.0000/simfile.dat']
#Overlap matrix
0.9960 0.0040 0.0000 0.0000 0.0000 0.0000 0.0000 0.0000 0.0000 0.0000 0.0000
0.0040 0.9885 0.0075 0.0000 0.0000 0.0000 0.0000 0.0000 0.0000 0.0000 0.0000
0.0000 0.0075 0.9837 0.0088 0.0000 0.0000 0.0000 0.0000 0.0000 0.0000 0.0000
0.0000 0.0000 0.0088 0.9800 0.0112 0.0000 0.0000 0.0000 0.0000 0.0000 0.0000
0.0000 0.0000 0.0000 0.0112 0.9806 0.0081 0.0000 0.0000 0.0000 0.0000 0.0000
0.0000 0.0000 0.0000 0.0000 0.0081 0.9851 0.0068 0.0000 0.0000 0.0000 0.0000
0.0000 0.0000 0.0000 0.0000 0.0000 0.0068 0.9863 0.0069 0.0000 0.0000 0.0000
0.0000 0.0000 0.0000 0.0000 0.0000 0.0000 0.0069 0.9905 0.0026 0.0000 0.0000
0.0000 0.0000 0.0000 0.0000 0.0000 0.0000 0.0000 0.0026 0.9950 0.0024 0.0000
0.0000 0.0000 0.0000 0.0000 0.0000 0.0000 0.0000 0.0000 0.0024 0.9965 0.0011
0.0000 0.0000 0.0000 0.0000 0.0000 0.0000 0.0000 0.0000 0.0000 0.0011 0.9989
#DG from neighbouring lambda in kcal/mol
0.0000 0.1000 9.9940 0.1363
0.1000 0.2000 9.5476 0.0990
0.2000 0.3000 7.6686 0.0916
0.3000 0.4000 4.2587 0.0807
0.4000 0.5000 1.3082 0.0952
0.5000 0.6000 -2.0349 0.1040
0.6000 0.7000 -3.6608 0.1037
0.7000 0.8000 -4.0783 0.1677
0.8000 0.9000 -5.6840 0.1776
0.9000 1.0000 -4.8156 0.2570
#PMF from MBAR in kcal/mol
0.0000 0.0000 0.0000
0.1000 9.9940 0.1363
0.2000 19.5416 0.1689
0.3000 27.2102 0.1925
0.4000 31.4689 0.2091
0.5000 32.7771 0.2301
0.6000 30.7423 0.2528
0.7000 27.0814 0.2735
0.8000 23.0031 0.3211
0.9000 17.3191 0.3671
1.0000 12.5035 0.4483
#TI average gradients and standard deviation in kcal/mol
0.0000 14749.2046 602810.9833
0.1000 102.0621 32.5497
0.2000 89.4013 30.6622
0.3000 59.2978 31.3208
0.4000 29.7619 30.7635
0.5000 -4.1311 31.8732
0.6000 -34.6587 31.5774
0.7000 -37.8723 34.0957
0.8000 -51.5560 36.8504
0.9000 -56.6504 37.3001
1.0000 -38.1228 40.0679
#PMF from TI in kcal/mol
0.0000 0.0000
0.1000 742.5633
0.2000 752.1365
0.3000 759.5715
0.4000 764.0245
0.5000 765.3060
0.6000 763.3665
0.7000 759.7399
0.8000 755.2685
0.9000 749.8582
1.0000 745.1196
#MBAR free energy difference in kcal/mol: 
12.503537, 0.448266  #WARNING SUBSAMPLING DISABLED, CONSIDER RERUN WITH SUBSAMPLING OPTION
#TI free energy difference in kcal/mol: 
745.119558  #WARNING SUBSAMPLING DISABLED, CONSIDER RERUN WITH SUBSAMPLING OPTION 
Starting /export/users/common/BioSimSpace/sire.app/bin/analyse_freenrg: number of threads equals 32
