# Analysing data contained in file(s) ['lambda_0.0000/simfile.dat', 'lambda_0.1000/simfile.dat', 'lambda_0.2000/simfile.dat', 'lambda_0.3000/simfile.dat', 'lambda_0.4000/simfile.dat', 'lambda_0.5000/simfile.dat', 'lambda_0.6000/simfile.dat', 'lambda_0.7000/simfile.dat', 'lambda_0.8000/simfile.dat', 'lambda_0.9000/simfile.dat', 'lambda_1.0000/simfile.dat']
#Overlap matrix
0.9889 0.0111 0.0000 0.0000 0.0000 0.0000 0.0000 0.0000 0.0000 0.0000 0.0000
0.0111 0.9739 0.0150 0.0000 0.0000 0.0000 0.0000 0.0000 0.0000 0.0000 0.0000
0.0000 0.0150 0.9721 0.0129 0.0000 0.0000 0.0000 0.0000 0.0000 0.0000 0.0000
0.0000 0.0000 0.0129 0.9735 0.0136 0.0000 0.0000 0.0000 0.0000 0.0000 0.0000
0.0000 0.0000 0.0000 0.0136 0.9782 0.0082 0.0000 0.0000 0.0000 0.0000 0.0000
0.0000 0.0000 0.0000 0.0000 0.0082 0.9918 0.0000 0.0000 0.0000 0.0000 0.0000
0.0000 0.0000 0.0000 0.0000 0.0000 0.0000 0.8280 0.1681 0.0039 0.0000 0.0000
0.0000 0.0000 0.0000 0.0000 0.0000 0.0000 0.1681 0.6634 0.1671 0.0014 0.0000
0.0000 0.0000 0.0000 0.0000 0.0000 0.0000 0.0039 0.1671 0.6956 0.1333 0.0001
0.0000 0.0000 0.0000 0.0000 0.0000 0.0000 0.0000 0.0014 0.1333 0.7813 0.0839
0.0000 0.0000 0.0000 0.0000 0.0000 0.0000 0.0000 0.0000 0.0001 0.0839 0.9159
#DG from neighbouring lambda in kcal/mol
0.0000 0.1000 -3.7582 0.0811
0.1000 0.2000 0.0753 0.0697
0.2000 0.3000 0.1034 0.0752
0.3000 0.4000 0.1012 0.0731
0.4000 0.5000 -0.2733 0.0948
0.5000 0.6000 -9.0464 4.1507
0.6000 0.7000 5.4390 0.0169
0.7000 0.8000 8.6032 0.0169
0.8000 0.9000 5.8589 0.0201
0.9000 1.0000 1.5325 0.0272
#PMF from MBAR in kcal/mol
0.0000 0.0000 0.0000
0.1000 -3.7582 0.0811
0.2000 -3.6830 0.1076
0.3000 -3.5796 0.1318
0.4000 -3.4784 0.1512
0.5000 -3.7517 0.1789
0.6000 -12.7981 4.1546
0.7000 -7.3591 4.1546
0.8000 1.2441 4.1547
0.9000 7.1030 4.1547
1.0000 8.6355 4.1548
#TI average gradients and standard deviation in kcal/mol
0.0000 -87.7961 33.1431
0.1000 -7.3147 29.5449
0.2000 2.7267 30.2607
0.3000 0.7000 30.9998
0.4000 1.7546 31.1048
0.5000 -21.3265 43.2483
0.6000 -19.2619 17.0402
0.7000 88.7753 14.2735
0.8000 76.0048 15.2969
0.9000 38.5835 18.8278
1.0000 27.1431 16.1780
#PMF from TI in kcal/mol
0.0000 0.0000
0.1000 -4.7555
0.2000 -4.9849
0.3000 -4.8136
0.4000 -4.6909
0.5000 -5.6695
0.6000 -7.6989
0.7000 -4.2232
0.8000 4.0158
0.9000 9.7452
1.0000 13.0315
#MBAR free energy difference in kcal/mol: 
8.635458, 4.154834  #WARNING SUBSAMPLING DISABLED, CONSIDER RERUN WITH SUBSAMPLING OPTION
#TI free energy difference in kcal/mol: 
13.031533  #WARNING SUBSAMPLING DISABLED, CONSIDER RERUN WITH SUBSAMPLING OPTION 
Starting /export/users/common/BioSimSpace/sire.app/bin/analyse_freenrg: number of threads equals 32
