# Analysing data contained in file(s) ['lambda_0.0000/simfile.dat', 'lambda_0.1000/simfile.dat', 'lambda_0.2000/simfile.dat', 'lambda_0.3000/simfile.dat', 'lambda_0.4000/simfile.dat', 'lambda_0.5000/simfile.dat', 'lambda_0.6000/simfile.dat', 'lambda_0.7000/simfile.dat', 'lambda_0.8000/simfile.dat', 'lambda_0.9000/simfile.dat', 'lambda_1.0000/simfile.dat']
#Overlap matrix
0.9724 0.0276 0.0000 0.0000 0.0000 0.0000 0.0000 0.0000 0.0000 0.0000 0.0000
0.0276 0.9194 0.0529 0.0000 0.0000 0.0000 0.0000 0.0000 0.0000 0.0000 0.0000
0.0000 0.0529 0.8986 0.0485 0.0000 0.0000 0.0000 0.0000 0.0000 0.0000 0.0000
0.0000 0.0000 0.0485 0.8886 0.0629 0.0000 0.0000 0.0000 0.0000 0.0000 0.0000
0.0000 0.0000 0.0000 0.0629 0.8753 0.0618 0.0000 0.0000 0.0000 0.0000 0.0000
0.0000 0.0000 0.0000 0.0000 0.0618 0.9073 0.0309 0.0000 0.0000 0.0000 0.0000
0.0000 0.0000 0.0000 0.0000 0.0000 0.0309 0.9628 0.0063 0.0000 0.0000 0.0000
0.0000 0.0000 0.0000 0.0000 0.0000 0.0000 0.0063 0.9921 0.0016 0.0000 0.0000
0.0000 0.0000 0.0000 0.0000 0.0000 0.0000 0.0000 0.0016 0.9968 0.0016 0.0000
0.0000 0.0000 0.0000 0.0000 0.0000 0.0000 0.0000 0.0000 0.0016 0.9974 0.0010
0.0000 0.0000 0.0000 0.0000 0.0000 0.0000 0.0000 0.0000 0.0000 0.0010 0.9990
#DG from neighbouring lambda in kcal/mol
0.0000 0.1000 4.0008 0.0506
0.1000 0.2000 0.1454 0.0356
0.2000 0.3000 -4.3231 0.0373
0.3000 0.4000 -8.9916 0.0323
0.4000 0.5000 -12.2861 0.0326
0.5000 0.6000 -12.4892 0.0477
0.6000 0.7000 -10.4069 0.1083
0.7000 0.8000 -6.7653 0.2148
0.8000 0.9000 -4.4065 0.2165
0.9000 1.0000 -0.4494 0.2747
#PMF from MBAR in kcal/mol
0.0000 0.0000 0.0000
0.1000 4.0008 0.0506
0.2000 4.1463 0.0630
0.3000 -0.1769 0.0743
0.4000 -9.1685 0.0819
0.5000 -21.4546 0.0890
0.6000 -33.9438 0.1017
0.7000 -44.3507 0.1491
0.8000 -51.1160 0.2617
0.9000 -55.5225 0.3399
1.0000 -55.9720 0.4372
#TI average gradients and standard deviation in kcal/mol
0.0000 62.1055 27.7057
0.1000 18.6724 21.3947
0.2000 -19.1719 22.6930
0.3000 -67.5838 21.9045
0.4000 -109.3864 20.8440
0.5000 -130.4969 22.3421
0.6000 -115.8119 30.1883
0.7000 -86.4189 34.7569
0.8000 -57.3129 38.6973
0.9000 -32.2281 38.5949
1.0000 36.4499 40.6303
#PMF from TI in kcal/mol
0.0000 0.0000
0.1000 4.0389
0.2000 4.0139
0.3000 -0.3239
0.4000 -9.1724
0.5000 -21.1666
0.6000 -33.4820
0.7000 -43.5935
0.8000 -50.7801
0.9000 -55.2572
1.0000 -55.0461
#MBAR free energy difference in kcal/mol: 
-55.971978, 0.437170  #WARNING SUBSAMPLING DISABLED, CONSIDER RERUN WITH SUBSAMPLING OPTION
#TI free energy difference in kcal/mol: 
-55.046094  #WARNING SUBSAMPLING DISABLED, CONSIDER RERUN WITH SUBSAMPLING OPTION 
Starting /export/users/common/BioSimSpace/sire.app/bin/analyse_freenrg: number of threads equals 32
