# Analysing data contained in file(s) ['lambda_0.0000/simfile.dat', 'lambda_0.1000/simfile.dat', 'lambda_0.2000/simfile.dat', 'lambda_0.3000/simfile.dat', 'lambda_0.4000/simfile.dat', 'lambda_0.5000/simfile.dat', 'lambda_0.6000/simfile.dat', 'lambda_0.7000/simfile.dat', 'lambda_0.8000/simfile.dat', 'lambda_0.9000/simfile.dat', 'lambda_1.0000/simfile.dat']
#Overlap matrix
0.9869 0.0131 0.0000 0.0000 0.0000 0.0000 0.0000 0.0000 0.0000 0.0000 0.0000
0.0131 0.9768 0.0102 0.0000 0.0000 0.0000 0.0000 0.0000 0.0000 0.0000 0.0000
0.0000 0.0102 0.9777 0.0121 0.0000 0.0000 0.0000 0.0000 0.0000 0.0000 0.0000
0.0000 0.0000 0.0121 0.9878 0.0001 0.0000 0.0000 0.0000 0.0000 0.0000 0.0000
0.0000 0.0000 0.0000 0.0001 0.8846 0.1150 0.0003 0.0000 0.0000 0.0000 0.0000
0.0000 0.0000 0.0000 0.0000 0.0604 0.8844 0.0549 0.0003 0.0000 0.0000 0.0000
0.0000 0.0000 0.0000 0.0000 0.0002 0.0549 0.8418 0.1027 0.0004 0.0000 0.0000
0.0000 0.0000 0.0000 0.0000 0.0000 0.0003 0.1027 0.7690 0.1277 0.0002 0.0000
0.0000 0.0000 0.0000 0.0000 0.0000 0.0000 0.0004 0.1277 0.7795 0.0923 0.0001
0.0000 0.0000 0.0000 0.0000 0.0000 0.0000 0.0000 0.0002 0.0923 0.7981 0.1094
0.0000 0.0000 0.0000 0.0000 0.0000 0.0000 0.0000 0.0000 0.0001 0.1094 0.8905
#DG from neighbouring lambda in kcal/mol
0.0000 0.1000 -2.7144 0.0746
0.1000 0.2000 0.2683 0.0849
0.2000 0.3000 1.6327 0.0776
0.3000 0.4000 0.1880 1.0266
0.4000 0.5000 7.8067 0.0319
0.5000 0.6000 9.7838 0.0347
0.6000 0.7000 8.4757 0.0240
0.7000 0.8000 6.0755 0.0208
0.8000 0.9000 2.8583 0.0257
0.9000 1.0000 -0.6376 0.0231
#PMF from MBAR in kcal/mol
0.0000 0.0000 0.0000
0.1000 -2.7144 0.0746
0.2000 -2.4461 0.1137
0.3000 -0.8134 0.1382
0.4000 -0.6254 1.0360
0.5000 7.1813 1.0366
0.6000 16.9651 1.0372
0.7000 25.4409 1.0376
0.8000 31.5164 1.0378
0.9000 34.3747 1.0382
1.0000 33.7370 1.0385
#TI average gradients and standard deviation in kcal/mol
0.0000 -68.9666 29.0480
0.1000 -4.8730 31.1511
0.2000 6.2168 31.5485
0.3000 30.7895 27.3956
0.4000 12.1771 20.3960
0.5000 103.6408 21.0946
0.6000 90.0327 19.7417
0.7000 73.9785 17.5069
0.8000 47.2262 17.0116
0.9000 9.2926 17.5224
1.0000 -5.0784 16.9554
#PMF from TI in kcal/mol
0.0000 0.0000
0.1000 -3.6920
0.2000 -3.6248
0.3000 -1.7745
0.4000 0.3738
0.5000 6.1647
0.6000 15.8484
0.7000 24.0490
0.8000 30.1092
0.9000 32.9351
1.0000 33.1458
#MBAR free energy difference in kcal/mol: 
33.737048, 1.038546  #WARNING SUBSAMPLING DISABLED, CONSIDER RERUN WITH SUBSAMPLING OPTION
#TI free energy difference in kcal/mol: 
33.145850  #WARNING SUBSAMPLING DISABLED, CONSIDER RERUN WITH SUBSAMPLING OPTION 
Starting /export/users/common/BioSimSpace/sire.app/bin/analyse_freenrg: number of threads equals 32
