# Analysing data contained in file(s) ['lambda_0.0000/simfile.dat', 'lambda_0.1000/simfile.dat', 'lambda_0.2000/simfile.dat', 'lambda_0.3000/simfile.dat', 'lambda_0.4000/simfile.dat', 'lambda_0.5000/simfile.dat', 'lambda_0.6000/simfile.dat', 'lambda_0.7000/simfile.dat', 'lambda_0.8000/simfile.dat', 'lambda_0.9000/simfile.dat', 'lambda_1.0000/simfile.dat']
#Overlap matrix
0.9484 0.0515 0.0000 0.0000 0.0000 0.0000 0.0000 0.0000 0.0000 0.0000 0.0000
0.0515 0.8823 0.0661 0.0000 0.0000 0.0000 0.0000 0.0000 0.0000 0.0000 0.0000
0.0000 0.0661 0.8731 0.0607 0.0000 0.0000 0.0000 0.0000 0.0000 0.0000 0.0000
0.0000 0.0000 0.0607 0.8829 0.0563 0.0000 0.0000 0.0000 0.0000 0.0000 0.0000
0.0000 0.0000 0.0000 0.0563 0.8866 0.0569 0.0002 0.0000 0.0000 0.0000 0.0000
0.0000 0.0000 0.0000 0.0000 0.0569 0.8515 0.0916 0.0000 0.0000 0.0000 0.0000
0.0000 0.0000 0.0000 0.0000 0.0002 0.0916 0.9082 0.0000 0.0000 0.0000 0.0000
0.0000 0.0000 0.0000 0.0000 0.0000 0.0000 0.0000 0.9791 0.0208 0.0000 0.0000
0.0000 0.0000 0.0000 0.0000 0.0000 0.0000 0.0000 0.0208 0.9631 0.0161 0.0000
0.0000 0.0000 0.0000 0.0000 0.0000 0.0000 0.0000 0.0000 0.0161 0.9667 0.0172
0.0000 0.0000 0.0000 0.0000 0.0000 0.0000 0.0000 0.0000 0.0000 0.0172 0.9828
#DG from neighbouring lambda in kcal/mol
0.0000 0.1000 -2.1197 0.0361
0.1000 0.2000 -1.0674 0.0313
0.2000 0.3000 -3.0543 0.0329
0.3000 0.4000 -6.8075 0.0343
0.4000 0.5000 -11.1123 0.0341
0.5000 0.6000 -10.7867 0.0258
0.6000 0.7000 -1.9462 1.2023
0.7000 0.8000 -6.6898 0.0587
0.8000 0.9000 -7.7477 0.0670
0.9000 1.0000 -9.9094 0.0649
#PMF from MBAR in kcal/mol
0.0000 0.0000 0.0000
0.1000 -2.1197 0.0361
0.2000 -3.1871 0.0493
0.3000 -6.2414 0.0605
0.4000 -13.0489 0.0706
0.5000 -24.1612 0.0793
0.6000 -34.9479 0.0843
0.7000 -36.8941 1.2052
0.8000 -43.5839 1.2067
0.9000 -51.3316 1.2086
1.0000 -61.2410 1.2104
#TI average gradients and standard deviation in kcal/mol
0.0000 -10.9515 978.2405
0.1000 -8.5948 21.9003
0.2000 -16.6356 21.7513
0.3000 -47.1550 21.3868
0.4000 -90.6268 21.9244
0.5000 -126.6393 21.3329
0.6000 -58.5795 21.6247
0.7000 -68.7026 23.8151
0.8000 -69.6806 28.9205
0.9000 -88.0406 29.3489
1.0000 -112.3702 535.8292
#PMF from TI in kcal/mol
0.0000 0.0000
0.1000 -0.9773
0.2000 -2.2388
0.3000 -5.4284
0.4000 -12.3175
0.5000 -23.1808
0.6000 -32.4417
0.7000 -38.8058
0.8000 -45.7250
0.9000 -53.6110
1.0000 -63.6316
#MBAR free energy difference in kcal/mol: 
-61.240981, 1.210400  #WARNING SUBSAMPLING DISABLED, CONSIDER RERUN WITH SUBSAMPLING OPTION
#TI free energy difference in kcal/mol: 
-63.631563  #WARNING SUBSAMPLING DISABLED, CONSIDER RERUN WITH SUBSAMPLING OPTION 
Starting /export/users/common/BioSimSpace/sire.app/bin/analyse_freenrg: number of threads equals 32
