# Analysing data contained in file(s) ['lambda_0.0000/simfile.dat', 'lambda_0.1000/simfile.dat', 'lambda_0.2000/simfile.dat', 'lambda_0.3000/simfile.dat', 'lambda_0.4000/simfile.dat', 'lambda_0.5000/simfile.dat', 'lambda_0.6000/simfile.dat', 'lambda_0.7000/simfile.dat', 'lambda_0.8000/simfile.dat', 'lambda_0.9000/simfile.dat', 'lambda_1.0000/simfile.dat']
#Overlap matrix
0.8877 0.1113 0.0010 0.0000 0.0000 0.0000 0.0000 0.0000 0.0000 0.0000 0.0000
0.1113 0.7526 0.1341 0.0020 0.0000 0.0000 0.0000 0.0000 0.0000 0.0000 0.0000
0.0010 0.1341 0.7151 0.1469 0.0029 0.0000 0.0000 0.0000 0.0000 0.0000 0.0000
0.0000 0.0020 0.1469 0.6873 0.1599 0.0039 0.0000 0.0000 0.0000 0.0000 0.0000
0.0000 0.0000 0.0029 0.1599 0.6607 0.1711 0.0054 0.0000 0.0000 0.0000 0.0000
0.0000 0.0000 0.0000 0.0039 0.1711 0.6359 0.1819 0.0071 0.0000 0.0000 0.0000
0.0000 0.0000 0.0000 0.0000 0.0054 0.1819 0.6022 0.2018 0.0087 0.0000 0.0000
0.0000 0.0000 0.0000 0.0000 0.0000 0.0071 0.2018 0.5856 0.1984 0.0071 0.0000
0.0000 0.0000 0.0000 0.0000 0.0000 0.0000 0.0087 0.1984 0.6020 0.1899 0.0011
0.0000 0.0000 0.0000 0.0000 0.0000 0.0000 0.0000 0.0071 0.1899 0.7272 0.0759
0.0000 0.0000 0.0000 0.0000 0.0000 0.0000 0.0000 0.0000 0.0011 0.0759 0.9230
#DG from neighbouring lambda in kcal/mol
0.0000 0.1000 -2.8549 0.0227
0.1000 0.2000 -1.4693 0.0199
0.2000 0.3000 -1.2750 0.0185
0.3000 0.4000 -1.4570 0.0173
0.4000 0.5000 -1.8121 0.0163
0.5000 0.6000 -2.1817 0.0154
0.6000 0.7000 -2.5326 0.0140
0.7000 0.8000 -2.9393 0.0142
0.8000 0.9000 -3.3033 0.0151
0.9000 1.0000 -4.2068 0.0287
#PMF from MBAR in kcal/mol
0.0000 0.0000 0.0000
0.1000 -2.8549 0.0227
0.2000 -4.3242 0.0324
0.3000 -5.5992 0.0391
0.4000 -7.0562 0.0443
0.5000 -8.8683 0.0486
0.6000 -11.0500 0.0522
0.7000 -13.5827 0.0551
0.8000 -16.5220 0.0580
0.9000 -19.8253 0.0610
1.0000 -24.0321 0.0684
#TI average gradients and standard deviation in kcal/mol
0.0000 -45.8928 19.6099
0.1000 -17.9628 17.1829
0.2000 -12.2964 15.7586
0.3000 -13.2189 15.0685
0.4000 -16.2788 14.9221
0.5000 -20.0250 13.8765
0.6000 -23.5044 13.1584
0.7000 -27.2831 12.4152
0.8000 -31.7403 13.1251
0.9000 -33.8663 14.1810
1.0000 -52.3897 22.9201
#PMF from TI in kcal/mol
0.0000 0.0000
0.1000 -3.1928
0.2000 -4.7057
0.3000 -5.9815
0.4000 -7.4564
0.5000 -9.2716
0.6000 -11.4481
0.7000 -13.9874
0.8000 -16.9386
0.9000 -20.2189
1.0000 -24.5317
#MBAR free energy difference in kcal/mol: 
-24.032090, 0.068413  #WARNING SUBSAMPLING DISABLED, CONSIDER RERUN WITH SUBSAMPLING OPTION
#TI free energy difference in kcal/mol: 
-24.531725  #WARNING SUBSAMPLING DISABLED, CONSIDER RERUN WITH SUBSAMPLING OPTION 
Starting /export/users/common/BioSimSpace/sire.app/bin/analyse_freenrg: number of threads equals 32
