# Analysing data contained in file(s) ['lambda_0.0000/simfile.dat', 'lambda_0.1000/simfile.dat', 'lambda_0.2000/simfile.dat', 'lambda_0.3000/simfile.dat', 'lambda_0.4000/simfile.dat', 'lambda_0.5000/simfile.dat', 'lambda_0.6000/simfile.dat', 'lambda_0.7000/simfile.dat', 'lambda_0.8000/simfile.dat', 'lambda_0.9000/simfile.dat', 'lambda_1.0000/simfile.dat']
#Overlap matrix
0.8316 0.1662 0.0023 0.0000 0.0000 0.0000 0.0000 0.0000 0.0000 0.0000 0.0000
0.1662 0.6716 0.1605 0.0017 0.0000 0.0000 0.0000 0.0000 0.0000 0.0000 0.0000
0.0023 0.1605 0.6807 0.1550 0.0015 0.0000 0.0000 0.0000 0.0000 0.0000 0.0000
0.0000 0.0017 0.1550 0.6900 0.1520 0.0012 0.0000 0.0000 0.0000 0.0000 0.0000
0.0000 0.0000 0.0015 0.1520 0.6926 0.1524 0.0014 0.0000 0.0000 0.0000 0.0000
0.0000 0.0000 0.0000 0.0012 0.1524 0.6966 0.1488 0.0009 0.0000 0.0000 0.0000
0.0000 0.0000 0.0000 0.0000 0.0014 0.1488 0.7103 0.1387 0.0008 0.0000 0.0000
0.0000 0.0000 0.0000 0.0000 0.0000 0.0009 0.1387 0.7211 0.1385 0.0008 0.0000
0.0000 0.0000 0.0000 0.0000 0.0000 0.0000 0.0008 0.1385 0.7189 0.1409 0.0009
0.0000 0.0000 0.0000 0.0000 0.0000 0.0000 0.0000 0.0008 0.1409 0.7223 0.1360
0.0000 0.0000 0.0000 0.0000 0.0000 0.0000 0.0000 0.0000 0.0009 0.1360 0.8631
#DG from neighbouring lambda in kcal/mol
0.0000 0.1000 -0.9502 0.0172
0.1000 0.2000 -0.7092 0.0175
0.2000 0.3000 -0.7597 0.0180
0.3000 0.4000 -0.9102 0.0183
0.4000 0.5000 -1.1701 0.0182
0.5000 0.6000 -1.2976 0.0186
0.6000 0.7000 -1.6510 0.0196
0.7000 0.8000 -1.9871 0.0196
0.8000 0.9000 -2.0752 0.0194
0.9000 1.0000 -1.7028 0.0199
#PMF from MBAR in kcal/mol
0.0000 0.0000 0.0000
0.1000 -0.9502 0.0172
0.2000 -1.6593 0.0272
0.3000 -2.4190 0.0346
0.4000 -3.3292 0.0409
0.5000 -4.4993 0.0464
0.6000 -5.7969 0.0513
0.7000 -7.4479 0.0562
0.8000 -9.4350 0.0607
0.9000 -11.5101 0.0649
1.0000 -13.2130 0.0689
#TI average gradients and standard deviation in kcal/mol
0.0000 -12.8099 14.6025
0.1000 -8.0499 15.4677
0.2000 -6.7622 15.8231
0.3000 -8.2940 15.6287
0.4000 -10.2975 16.0579
0.5000 -12.2881 15.1776
0.6000 -14.5941 16.2449
0.7000 -18.4202 16.6394
0.8000 -21.0119 16.4360
0.9000 -19.8010 16.5198
1.0000 -13.2118 17.1892
#PMF from TI in kcal/mol
0.0000 0.0000
0.1000 -1.0430
0.2000 -1.7836
0.3000 -2.5364
0.4000 -3.4660
0.5000 -4.5953
0.6000 -5.9394
0.7000 -7.5901
0.8000 -9.5617
0.9000 -11.6023
1.0000 -13.2530
#MBAR free energy difference in kcal/mol: 
-13.212980, 0.068906  #WARNING SUBSAMPLING DISABLED, CONSIDER RERUN WITH SUBSAMPLING OPTION
#TI free energy difference in kcal/mol: 
-13.252974  #WARNING SUBSAMPLING DISABLED, CONSIDER RERUN WITH SUBSAMPLING OPTION 
Starting /export/users/common/BioSimSpace/sire.app/bin/analyse_freenrg: number of threads equals 32
