# Analysing data contained in file(s) ['lambda_0.0000/simfile.dat', 'lambda_0.1000/simfile.dat', 'lambda_0.2000/simfile.dat', 'lambda_0.3000/simfile.dat', 'lambda_0.4000/simfile.dat', 'lambda_0.5000/simfile.dat', 'lambda_0.6000/simfile.dat', 'lambda_0.7000/simfile.dat', 'lambda_0.8000/simfile.dat', 'lambda_0.9000/simfile.dat', 'lambda_1.0000/simfile.dat']
#Overlap matrix
0.8686 0.1307 0.0007 0.0000 0.0000 0.0000 0.0000 0.0000 0.0000 0.0000 0.0000
0.1307 0.7319 0.1365 0.0009 0.0000 0.0000 0.0000 0.0000 0.0000 0.0000 0.0000
0.0007 0.1365 0.7104 0.1510 0.0013 0.0000 0.0000 0.0000 0.0000 0.0000 0.0000
0.0000 0.0009 0.1510 0.6922 0.1539 0.0020 0.0000 0.0000 0.0000 0.0000 0.0000
0.0000 0.0000 0.0013 0.1539 0.6779 0.1645 0.0024 0.0000 0.0000 0.0000 0.0000
0.0000 0.0000 0.0000 0.0020 0.1645 0.6582 0.1713 0.0041 0.0000 0.0000 0.0000
0.0000 0.0000 0.0000 0.0000 0.0024 0.1713 0.6377 0.1836 0.0051 0.0000 0.0000
0.0000 0.0000 0.0000 0.0000 0.0000 0.0041 0.1836 0.6175 0.1892 0.0056 0.0000
0.0000 0.0000 0.0000 0.0000 0.0000 0.0000 0.0051 0.1892 0.6088 0.1888 0.0081
0.0000 0.0000 0.0000 0.0000 0.0000 0.0000 0.0000 0.0056 0.1888 0.5917 0.2138
0.0000 0.0000 0.0000 0.0000 0.0000 0.0000 0.0000 0.0000 0.0081 0.2138 0.7780
#DG from neighbouring lambda in kcal/mol
0.0000 0.1000 5.0708 0.0205
0.1000 0.2000 4.3751 0.0198
0.2000 0.3000 3.6436 0.0184
0.3000 0.4000 2.9694 0.0181
0.4000 0.5000 2.3569 0.0171
0.5000 0.6000 1.6807 0.0165
0.6000 0.7000 1.1562 0.0155
0.7000 0.8000 0.5941 0.0150
0.8000 0.9000 -0.0920 0.0149
0.9000 1.0000 -0.7024 0.0137
#PMF from MBAR in kcal/mol
0.0000 0.0000 0.0000
0.1000 5.0708 0.0205
0.2000 9.4460 0.0309
0.3000 13.0895 0.0379
0.4000 16.0590 0.0437
0.5000 18.4158 0.0484
0.6000 20.0966 0.0524
0.7000 21.2528 0.0558
0.8000 21.8469 0.0589
0.9000 21.7549 0.0618
1.0000 21.0525 0.0643
#TI average gradients and standard deviation in kcal/mol
0.0000 54.4770 16.6876
0.1000 47.2690 15.9354
0.2000 39.5000 16.1771
0.3000 33.4253 15.4988
0.4000 26.5490 14.5006
0.5000 20.1166 14.6754
0.6000 14.0663 13.6971
0.7000 8.7968 13.4549
0.8000 2.9850 13.3359
0.9000 -4.6632 12.5763
1.0000 -9.2595 12.2845
#PMF from TI in kcal/mol
0.0000 0.0000
0.1000 5.0873
0.2000 9.4257
0.3000 13.0720
0.4000 16.0707
0.5000 18.4040
0.6000 20.1132
0.7000 21.2563
0.8000 21.8454
0.9000 21.7615
1.0000 21.0654
#MBAR free energy difference in kcal/mol: 
21.052539, 0.064304  #WARNING SUBSAMPLING DISABLED, CONSIDER RERUN WITH SUBSAMPLING OPTION
#TI free energy difference in kcal/mol: 
21.065355  #WARNING SUBSAMPLING DISABLED, CONSIDER RERUN WITH SUBSAMPLING OPTION 
Starting /export/users/common/BioSimSpace/sire.app/bin/analyse_freenrg: number of threads equals 32
