# Analysing data contained in file(s) ['lambda_0.0000/simfile.dat', 'lambda_0.1000/simfile.dat', 'lambda_0.2000/simfile.dat', 'lambda_0.3000/simfile.dat', 'lambda_0.4000/simfile.dat', 'lambda_0.5000/simfile.dat', 'lambda_0.6000/simfile.dat', 'lambda_0.7000/simfile.dat', 'lambda_0.8000/simfile.dat', 'lambda_0.9000/simfile.dat', 'lambda_1.0000/simfile.dat']
#Overlap matrix
0.9963 0.0037 0.0000 0.0000 0.0000 0.0000 0.0000 0.0000 0.0000 0.0000 0.0000
0.0037 0.8552 0.1409 0.0001 0.0000 0.0000 0.0000 0.0000 0.0000 0.0000 0.0000
0.0000 0.1409 0.7868 0.0723 0.0000 0.0000 0.0000 0.0000 0.0000 0.0000 0.0000
0.0000 0.0001 0.0723 0.8599 0.0677 0.0000 0.0000 0.0000 0.0000 0.0000 0.0000
0.0000 0.0000 0.0000 0.0677 0.9323 0.0000 0.0000 0.0000 0.0000 0.0000 0.0000
0.0000 0.0000 0.0000 0.0000 0.0000 0.9971 0.0029 0.0000 0.0000 0.0000 0.0000
0.0000 0.0000 0.0000 0.0000 0.0000 0.0029 0.9908 0.0063 0.0000 0.0000 0.0000
0.0000 0.0000 0.0000 0.0000 0.0000 0.0000 0.0063 0.9881 0.0056 0.0000 0.0000
0.0000 0.0000 0.0000 0.0000 0.0000 0.0000 0.0000 0.0056 0.9878 0.0066 0.0000
0.0000 0.0000 0.0000 0.0000 0.0000 0.0000 0.0000 0.0000 0.0066 0.9888 0.0046
0.0000 0.0000 0.0000 0.0000 0.0000 0.0000 0.0000 0.0000 0.0000 0.0046 0.9954
#DG from neighbouring lambda in kcal/mol
0.0000 0.1000 14.8131 0.1416
0.1000 0.2000 9.5055 0.0195
0.2000 0.3000 6.7526 0.0297
0.3000 0.4000 8.3939 0.0309
0.4000 0.5000 22.9310 46.6338
0.5000 0.6000 10.8002 0.1599
0.6000 0.7000 8.1674 0.1080
0.7000 0.8000 6.1641 0.1151
0.8000 0.9000 4.2395 0.1058
0.9000 1.0000 6.8944 0.1270
#PMF from MBAR in kcal/mol
0.0000 0.0000 0.0000
0.1000 14.8131 0.1416
0.2000 24.3186 0.1435
0.3000 31.0712 0.1470
0.4000 39.4651 0.1507
0.5000 62.3961 46.6340
0.6000 73.1962 46.6343
0.7000 81.3637 46.6344
0.8000 87.5278 46.6346
0.9000 91.7673 46.6347
1.0000 98.6616 46.6349
#TI average gradients and standard deviation in kcal/mol
0.0000 162.2000 22.3851
0.1000 94.3014 22.8915
0.2000 86.0799 20.7650
0.3000 56.5033 20.0522
0.4000 150.8498 23.0930
0.5000 138.0372 45.9759
0.6000 94.7160 35.0384
0.7000 73.2755 34.0475
0.8000 50.6072 33.6354
0.9000 42.1632 33.2726
1.0000 124.4921 37.1511
#PMF from TI in kcal/mol
0.0000 0.0000
0.1000 12.8251
0.2000 21.8441
0.3000 28.9733
0.4000 39.3409
0.5000 53.7853
0.6000 65.4230
0.7000 73.8225
0.8000 80.0167
0.9000 84.6552
1.0000 92.9880
#MBAR free energy difference in kcal/mol: 
98.661624, 46.634861  #WARNING SUBSAMPLING DISABLED, CONSIDER RERUN WITH SUBSAMPLING OPTION
#TI free energy difference in kcal/mol: 
92.987951  #WARNING SUBSAMPLING DISABLED, CONSIDER RERUN WITH SUBSAMPLING OPTION 
Starting /export/users/common/BioSimSpace/sire.app/bin/analyse_freenrg: number of threads equals 32
