# Analysing data contained in file(s) ['lambda_0.0000/simfile.dat', 'lambda_0.1000/simfile.dat', 'lambda_0.2000/simfile.dat', 'lambda_0.3000/simfile.dat', 'lambda_0.4000/simfile.dat', 'lambda_0.5000/simfile.dat', 'lambda_0.6000/simfile.dat', 'lambda_0.7000/simfile.dat', 'lambda_0.8000/simfile.dat', 'lambda_0.9000/simfile.dat', 'lambda_1.0000/simfile.dat']
#Overlap matrix
0.9670 0.0330 0.0000 0.0000 0.0000 0.0000 0.0000 0.0000 0.0000 0.0000 0.0000
0.0330 0.9264 0.0406 0.0000 0.0000 0.0000 0.0000 0.0000 0.0000 0.0000 0.0000
0.0000 0.0406 0.9217 0.0376 0.0000 0.0000 0.0000 0.0000 0.0000 0.0000 0.0000
0.0000 0.0000 0.0376 0.8933 0.0688 0.0003 0.0000 0.0000 0.0000 0.0000 0.0000
0.0000 0.0000 0.0000 0.0688 0.8190 0.1120 0.0002 0.0000 0.0000 0.0000 0.0000
0.0000 0.0000 0.0000 0.0003 0.1120 0.7814 0.1063 0.0001 0.0000 0.0000 0.0000
0.0000 0.0000 0.0000 0.0000 0.0002 0.1063 0.7944 0.0989 0.0001 0.0000 0.0000
0.0000 0.0000 0.0000 0.0000 0.0000 0.0001 0.0989 0.8043 0.0966 0.0001 0.0000
0.0000 0.0000 0.0000 0.0000 0.0000 0.0000 0.0001 0.0966 0.8206 0.0827 0.0000
0.0000 0.0000 0.0000 0.0000 0.0000 0.0000 0.0000 0.0001 0.0827 0.8662 0.0511
0.0000 0.0000 0.0000 0.0000 0.0000 0.0000 0.0000 0.0000 0.0000 0.0511 0.9489
#DG from neighbouring lambda in kcal/mol
0.0000 0.1000 2.5851 0.0460
0.1000 0.2000 3.6366 0.0411
0.2000 0.3000 3.7986 0.0429
0.3000 0.4000 4.5536 0.0306
0.4000 0.5000 5.6850 0.0227
0.5000 0.6000 5.0275 0.0235
0.6000 0.7000 3.4749 0.0246
0.7000 0.8000 2.4636 0.0250
0.8000 0.9000 2.3859 0.0275
0.9000 1.0000 3.3622 0.0363
#PMF from MBAR in kcal/mol
0.0000 0.0000 0.0000
0.1000 2.5851 0.0460
0.2000 6.2216 0.0629
0.3000 10.0202 0.0771
0.4000 14.5738 0.0838
0.5000 20.2588 0.0877
0.6000 25.2863 0.0916
0.7000 28.7612 0.0956
0.8000 31.2248 0.0996
0.9000 33.6106 0.1040
1.0000 36.9728 0.1108
#TI average gradients and standard deviation in kcal/mol
0.0000 13.2045 26.2612
0.1000 32.4466 24.8079
0.2000 38.1693 24.9310
0.3000 39.3348 23.7673
0.4000 53.3004 18.6153
0.5000 56.2386 17.7197
0.6000 42.5393 18.5600
0.7000 28.3481 18.4164
0.8000 22.2563 18.8008
0.9000 26.7477 21.0542
1.0000 46.8419 24.9248
#PMF from TI in kcal/mol
0.0000 0.0000
0.1000 2.2826
0.2000 5.8133
0.3000 9.6885
0.4000 14.3203
0.5000 19.7973
0.6000 24.7361
0.7000 28.2805
0.8000 30.8107
0.9000 33.2609
1.0000 36.9404
#MBAR free energy difference in kcal/mol: 
36.972821, 0.110811  #WARNING SUBSAMPLING DISABLED, CONSIDER RERUN WITH SUBSAMPLING OPTION
#TI free energy difference in kcal/mol: 
36.940416  #WARNING SUBSAMPLING DISABLED, CONSIDER RERUN WITH SUBSAMPLING OPTION 
Starting /export/users/common/BioSimSpace/sire.app/bin/analyse_freenrg: number of threads equals 32
