# Analysing data contained in file(s) ['lambda_0.0000/simfile.dat', 'lambda_0.1000/simfile.dat', 'lambda_0.2000/simfile.dat', 'lambda_0.3000/simfile.dat', 'lambda_0.4000/simfile.dat', 'lambda_0.5000/simfile.dat', 'lambda_0.6000/simfile.dat', 'lambda_0.7000/simfile.dat', 'lambda_0.8000/simfile.dat', 'lambda_0.9000/simfile.dat', 'lambda_1.0000/simfile.dat']
#Overlap matrix
0.8547 0.1444 0.0009 0.0000 0.0000 0.0000 0.0000 0.0000 0.0000 0.0000 0.0000
0.1444 0.7092 0.1452 0.0012 0.0000 0.0000 0.0000 0.0000 0.0000 0.0000 0.0000
0.0009 0.1452 0.7054 0.1472 0.0013 0.0000 0.0000 0.0000 0.0000 0.0000 0.0000
0.0000 0.0012 0.1472 0.6992 0.1511 0.0012 0.0000 0.0000 0.0000 0.0000 0.0000
0.0000 0.0000 0.0013 0.1511 0.7015 0.1451 0.0010 0.0000 0.0000 0.0000 0.0000
0.0000 0.0000 0.0000 0.0012 0.1451 0.7085 0.1443 0.0009 0.0000 0.0000 0.0000
0.0000 0.0000 0.0000 0.0000 0.0010 0.1443 0.7160 0.1380 0.0007 0.0000 0.0000
0.0000 0.0000 0.0000 0.0000 0.0000 0.0009 0.1380 0.7317 0.1291 0.0003 0.0000
0.0000 0.0000 0.0000 0.0000 0.0000 0.0000 0.0007 0.1291 0.7604 0.1096 0.0002
0.0000 0.0000 0.0000 0.0000 0.0000 0.0000 0.0000 0.0003 0.1096 0.8068 0.0833
0.0000 0.0000 0.0000 0.0000 0.0000 0.0000 0.0000 0.0000 0.0002 0.0833 0.9166
#DG from neighbouring lambda in kcal/mol
0.0000 0.1000 3.5691 0.0191
0.1000 0.2000 2.9857 0.0189
0.2000 0.3000 2.5475 0.0187
0.3000 0.4000 2.1970 0.0184
0.4000 0.5000 1.9449 0.0189
0.5000 0.6000 1.7252 0.0190
0.6000 0.7000 1.6826 0.0197
0.7000 0.8000 1.9155 0.0206
0.8000 0.9000 2.3204 0.0230
0.9000 1.0000 3.3192 0.0273
#PMF from MBAR in kcal/mol
0.0000 0.0000 0.0000
0.1000 3.5691 0.0191
0.2000 6.5548 0.0294
0.3000 9.1023 0.0369
0.4000 11.2993 0.0429
0.5000 13.2442 0.0483
0.6000 14.9694 0.0533
0.7000 16.6520 0.0581
0.8000 18.5675 0.0628
0.9000 20.8879 0.0679
1.0000 24.2071 0.0742
#TI average gradients and standard deviation in kcal/mol
0.0000 34.8871 15.1291
0.1000 32.7857 16.5756
0.2000 27.8104 15.5038
0.3000 23.4120 15.3309
0.4000 20.7363 15.3395
0.5000 17.8633 16.1307
0.6000 16.9157 16.6291
0.7000 17.4026 16.6373
0.8000 20.9421 17.6919
0.9000 27.5688 17.9389
1.0000 39.4007 20.5487
#PMF from TI in kcal/mol
0.0000 0.0000
0.1000 3.3836
0.2000 6.4134
0.3000 8.9746
0.4000 11.1820
0.5000 13.1120
0.6000 14.8509
0.7000 16.5668
0.8000 18.4841
0.9000 20.9096
1.0000 24.2581
#MBAR free energy difference in kcal/mol: 
24.207114, 0.074233  #WARNING SUBSAMPLING DISABLED, CONSIDER RERUN WITH SUBSAMPLING OPTION
#TI free energy difference in kcal/mol: 
24.258075  #WARNING SUBSAMPLING DISABLED, CONSIDER RERUN WITH SUBSAMPLING OPTION 
Starting /export/users/common/BioSimSpace/sire.app/bin/analyse_freenrg: number of threads equals 32
