# Analysing data contained in file(s) ['lambda_0.0000/simfile.dat', 'lambda_0.1000/simfile.dat', 'lambda_0.2000/simfile.dat', 'lambda_0.3000/simfile.dat', 'lambda_0.4000/simfile.dat', 'lambda_0.5000/simfile.dat', 'lambda_0.6000/simfile.dat', 'lambda_0.7000/simfile.dat', 'lambda_0.8000/simfile.dat', 'lambda_0.9000/simfile.dat', 'lambda_1.0000/simfile.dat']
#Overlap matrix
0.9404 0.0596 0.0001 0.0000 0.0000 0.0000 0.0000 0.0000 0.0000 0.0000 0.0000
0.0596 0.8788 0.0615 0.0001 0.0000 0.0000 0.0000 0.0000 0.0000 0.0000 0.0000
0.0001 0.0615 0.8700 0.0674 0.0010 0.0000 0.0000 0.0000 0.0000 0.0000 0.0000
0.0000 0.0001 0.0674 0.7898 0.1380 0.0046 0.0000 0.0000 0.0000 0.0000 0.0000
0.0000 0.0000 0.0010 0.1380 0.6808 0.1776 0.0026 0.0000 0.0000 0.0000 0.0000
0.0000 0.0000 0.0000 0.0046 0.1776 0.6642 0.1519 0.0016 0.0000 0.0000 0.0000
0.0000 0.0000 0.0000 0.0000 0.0026 0.1519 0.6874 0.1563 0.0019 0.0000 0.0000
0.0000 0.0000 0.0000 0.0000 0.0000 0.0016 0.1563 0.6812 0.1589 0.0020 0.0000
0.0000 0.0000 0.0000 0.0000 0.0000 0.0000 0.0019 0.1589 0.6709 0.1664 0.0020
0.0000 0.0000 0.0000 0.0000 0.0000 0.0000 0.0000 0.0020 0.1664 0.6741 0.1575
0.0000 0.0000 0.0000 0.0000 0.0000 0.0000 0.0000 0.0000 0.0020 0.1575 0.8405
#DG from neighbouring lambda in kcal/mol
0.0000 0.1000 -0.7791 0.0332
0.1000 0.2000 0.9962 0.0326
0.2000 0.3000 2.5362 0.0307
0.3000 0.4000 5.0734 0.0193
0.4000 0.5000 7.3067 0.0160
0.5000 0.6000 7.7441 0.0182
0.6000 0.7000 7.7032 0.0179
0.7000 0.8000 7.9541 0.0176
0.8000 0.9000 8.4327 0.0170
0.9000 1.0000 9.0719 0.0179
#PMF from MBAR in kcal/mol
0.0000 0.0000 0.0000
0.1000 -0.7791 0.0332
0.2000 0.2171 0.0481
0.3000 2.7533 0.0583
0.4000 7.8267 0.0625
0.5000 15.1333 0.0655
0.6000 22.8774 0.0689
0.7000 30.5806 0.0722
0.8000 38.5348 0.0752
0.9000 46.9675 0.0780
1.0000 56.0394 0.0809
#TI average gradients and standard deviation in kcal/mol
0.0000 -19.5746 22.3455
0.1000 2.2324 22.2783
0.2000 17.8981 22.1984
0.3000 35.5436 20.0436
0.4000 65.2460 14.5559
0.5000 77.6984 14.9802
0.6000 76.9413 15.2787
0.7000 78.1402 14.6559
0.8000 81.0793 14.8755
0.9000 87.6416 15.2087
1.0000 96.1102 15.0591
#PMF from TI in kcal/mol
0.0000 0.0000
0.1000 -0.8671
0.2000 0.1394
0.3000 2.8115
0.4000 7.8510
0.5000 14.9982
0.6000 22.7302
0.7000 30.4843
0.8000 38.4452
0.9000 46.8813
1.0000 56.0689
#MBAR free energy difference in kcal/mol: 
56.039364, 0.080915  #WARNING SUBSAMPLING DISABLED, CONSIDER RERUN WITH SUBSAMPLING OPTION
#TI free energy difference in kcal/mol: 
56.068865  #WARNING SUBSAMPLING DISABLED, CONSIDER RERUN WITH SUBSAMPLING OPTION 
Starting /export/users/common/BioSimSpace/sire.app/bin/analyse_freenrg: number of threads equals 32
