# Analysing data contained in file(s) ['lambda_0.0000/simfile.dat', 'lambda_0.1000/simfile.dat', 'lambda_0.2000/simfile.dat', 'lambda_0.3000/simfile.dat', 'lambda_0.4000/simfile.dat', 'lambda_0.5000/simfile.dat', 'lambda_0.6000/simfile.dat', 'lambda_0.7000/simfile.dat', 'lambda_0.8000/simfile.dat', 'lambda_0.9000/simfile.dat', 'lambda_1.0000/simfile.dat']
#Overlap matrix
0.5613 0.3024 0.1086 0.0237 0.0036 0.0005 0.0000 0.0000 0.0000 0.0000 0.0000
0.3024 0.3407 0.2375 0.0936 0.0218 0.0036 0.0004 0.0000 0.0000 0.0000 0.0000
0.1086 0.2375 0.3166 0.2351 0.0841 0.0159 0.0020 0.0002 0.0000 0.0000 0.0000
0.0237 0.0936 0.2351 0.3609 0.2314 0.0495 0.0054 0.0004 0.0000 0.0000 0.0000
0.0036 0.0218 0.0841 0.2314 0.4391 0.1983 0.0205 0.0011 0.0000 0.0000 0.0000
0.0005 0.0036 0.0159 0.0495 0.1983 0.5522 0.1705 0.0092 0.0003 0.0000 0.0000
0.0000 0.0004 0.0020 0.0054 0.0205 0.1705 0.6417 0.1529 0.0065 0.0001 0.0000
0.0000 0.0000 0.0002 0.0004 0.0011 0.0092 0.1529 0.6800 0.1520 0.0042 0.0000
0.0000 0.0000 0.0000 0.0000 0.0000 0.0003 0.0065 0.1520 0.7027 0.1366 0.0018
0.0000 0.0000 0.0000 0.0000 0.0000 0.0000 0.0001 0.0042 0.1366 0.7557 0.1034
0.0000 0.0000 0.0000 0.0000 0.0000 0.0000 0.0000 0.0000 0.0018 0.1034 0.8947
#DG from neighbouring lambda in kcal/mol
0.0000 0.1000 0.4823 0.0061
0.1000 0.2000 0.1500 0.0057
0.2000 0.3000 -0.2113 0.0060
0.3000 0.4000 -0.1988 0.0074
0.4000 0.5000 0.1350 0.0109
0.5000 0.6000 0.3708 0.0146
0.6000 0.7000 0.3332 0.0171
0.7000 0.8000 0.2837 0.0176
0.8000 0.9000 0.6474 0.0194
0.9000 1.0000 2.1772 0.0237
#PMF from MBAR in kcal/mol
0.0000 0.0000 0.0000
0.1000 0.4823 0.0061
0.2000 0.6323 0.0106
0.3000 0.4210 0.0142
0.4000 0.2223 0.0175
0.5000 0.3573 0.0219
0.6000 0.7281 0.0277
0.7000 1.0613 0.0340
0.8000 1.3449 0.0398
0.9000 1.9923 0.0456
1.0000 4.1695 0.0526
#TI average gradients and standard deviation in kcal/mol
0.0000 -6.2663 6.8350
0.1000 3.2652 6.4596
0.2000 -0.4048 6.7388
0.3000 -2.8938 7.1447
0.4000 -0.5026 10.2713
0.5000 3.3895 13.4353
0.6000 3.8601 14.8246
0.7000 2.2596 14.9066
0.8000 3.5164 15.8622
0.9000 11.5545 17.5624
1.0000 37.5248 18.8925
#PMF from TI in kcal/mol
0.0000 0.0000
0.1000 -0.1501
0.2000 -0.0070
0.3000 -0.1720
0.4000 -0.3418
0.5000 -0.1975
0.6000 0.1650
0.7000 0.4710
0.8000 0.7598
0.9000 1.5134
1.0000 3.9673
#MBAR free energy difference in kcal/mol: 
4.169488, 0.052625  #WARNING SUBSAMPLING DISABLED, CONSIDER RERUN WITH SUBSAMPLING OPTION
#TI free energy difference in kcal/mol: 
3.967328  #WARNING SUBSAMPLING DISABLED, CONSIDER RERUN WITH SUBSAMPLING OPTION 
Starting /export/users/common/BioSimSpace/sire.app/bin/analyse_freenrg: number of threads equals 32
