# Analysing data contained in file(s) ['lambda_0.0000/simfile.dat', 'lambda_0.1000/simfile.dat', 'lambda_0.2000/simfile.dat', 'lambda_0.3000/simfile.dat', 'lambda_0.4000/simfile.dat', 'lambda_0.5000/simfile.dat', 'lambda_0.6000/simfile.dat', 'lambda_0.7000/simfile.dat', 'lambda_0.8000/simfile.dat', 'lambda_0.9000/simfile.dat', 'lambda_1.0000/simfile.dat']
#Overlap matrix
0.8833 0.1164 0.0003 0.0000 0.0000 0.0000 0.0000 0.0000 0.0000 0.0000 0.0000
0.1164 0.7679 0.1154 0.0003 0.0000 0.0000 0.0000 0.0000 0.0000 0.0000 0.0000
0.0003 0.1154 0.7688 0.1151 0.0004 0.0000 0.0000 0.0000 0.0000 0.0000 0.0000
0.0000 0.0003 0.1151 0.7577 0.1264 0.0005 0.0000 0.0000 0.0000 0.0000 0.0000
0.0000 0.0000 0.0004 0.1264 0.7588 0.1141 0.0004 0.0000 0.0000 0.0000 0.0000
0.0000 0.0000 0.0000 0.0005 0.1141 0.7718 0.1132 0.0004 0.0000 0.0000 0.0000
0.0000 0.0000 0.0000 0.0000 0.0004 0.1132 0.7768 0.1094 0.0002 0.0000 0.0000
0.0000 0.0000 0.0000 0.0000 0.0000 0.0004 0.1094 0.8030 0.0871 0.0001 0.0000
0.0000 0.0000 0.0000 0.0000 0.0000 0.0000 0.0002 0.0871 0.8378 0.0749 0.0000
0.0000 0.0000 0.0000 0.0000 0.0000 0.0000 0.0000 0.0001 0.0749 0.8900 0.0350
0.0000 0.0000 0.0000 0.0000 0.0000 0.0000 0.0000 0.0000 0.0000 0.0350 0.9650
#DG from neighbouring lambda in kcal/mol
0.0000 0.1000 -3.5665 0.0222
0.1000 0.2000 -2.9606 0.0223
0.2000 0.3000 -2.6733 0.0223
0.3000 0.4000 -2.3713 0.0209
0.4000 0.5000 -1.9190 0.0224
0.5000 0.6000 -1.6684 0.0225
0.6000 0.7000 -1.1321 0.0230
0.7000 0.8000 -0.4541 0.0266
0.8000 0.9000 0.9266 0.0291
0.9000 1.0000 3.9812 0.0446
#PMF from MBAR in kcal/mol
0.0000 0.0000 0.0000
0.1000 -3.5665 0.0222
0.2000 -6.5272 0.0337
0.3000 -9.2004 0.0422
0.4000 -11.5717 0.0486
0.5000 -13.4907 0.0548
0.6000 -15.1591 0.0605
0.7000 -16.2912 0.0658
0.8000 -16.7454 0.0720
0.9000 -15.8188 0.0786
1.0000 -11.8376 0.0912
#TI average gradients and standard deviation in kcal/mol
0.0000 -48.6835 17.4704
0.1000 -32.1637 17.4585
0.2000 -27.8390 17.8301
0.3000 -25.8629 17.4274
0.4000 -21.0502 17.0278
0.5000 -18.2727 17.9431
0.6000 -14.7945 18.1419
0.7000 -7.6853 18.7285
0.8000 -0.1812 19.7964
0.9000 21.3680 22.3617
1.0000 64.5946 26.2997
#PMF from TI in kcal/mol
0.0000 0.0000
0.1000 -4.0424
0.2000 -7.0425
0.3000 -9.7276
0.4000 -12.0732
0.5000 -14.0394
0.6000 -15.6927
0.7000 -16.8167
0.8000 -17.2101
0.9000 -16.1507
1.0000 -11.8526
#MBAR free energy difference in kcal/mol: 
-11.837600, 0.091195  #WARNING SUBSAMPLING DISABLED, CONSIDER RERUN WITH SUBSAMPLING OPTION
#TI free energy difference in kcal/mol: 
-11.852602  #WARNING SUBSAMPLING DISABLED, CONSIDER RERUN WITH SUBSAMPLING OPTION 
Starting /export/users/common/BioSimSpace/sire.app/bin/analyse_freenrg: number of threads equals 32
