# Analysing data contained in file(s) ['lambda_0.0000/simfile.dat', 'lambda_0.1000/simfile.dat', 'lambda_0.2000/simfile.dat', 'lambda_0.3000/simfile.dat', 'lambda_0.4000/simfile.dat', 'lambda_0.5000/simfile.dat', 'lambda_0.6000/simfile.dat', 'lambda_0.7000/simfile.dat', 'lambda_0.8000/simfile.dat', 'lambda_0.9000/simfile.dat', 'lambda_1.0000/simfile.dat']
#Overlap matrix
0.9315 0.0685 0.0000 0.0000 0.0000 0.0000 0.0000 0.0000 0.0000 0.0000 0.0000
0.0685 0.8429 0.0886 0.0001 0.0000 0.0000 0.0000 0.0000 0.0000 0.0000 0.0000
0.0000 0.0886 0.8234 0.0880 0.0000 0.0000 0.0000 0.0000 0.0000 0.0000 0.0000
0.0000 0.0001 0.0880 0.9021 0.0099 0.0000 0.0000 0.0000 0.0000 0.0000 0.0000
0.0000 0.0000 0.0000 0.0099 0.9051 0.0849 0.0001 0.0000 0.0000 0.0000 0.0000
0.0000 0.0000 0.0000 0.0000 0.0849 0.7897 0.1247 0.0007 0.0000 0.0000 0.0000
0.0000 0.0000 0.0000 0.0000 0.0001 0.1247 0.7364 0.1383 0.0004 0.0000 0.0000
0.0000 0.0000 0.0000 0.0000 0.0000 0.0007 0.1383 0.7558 0.1053 0.0000 0.0000
0.0000 0.0000 0.0000 0.0000 0.0000 0.0000 0.0004 0.1053 0.8674 0.0269 0.0000
0.0000 0.0000 0.0000 0.0000 0.0000 0.0000 0.0000 0.0000 0.0269 0.9730 0.0001
0.0000 0.0000 0.0000 0.0000 0.0000 0.0000 0.0000 0.0000 0.0000 0.0001 0.9999
#DG from neighbouring lambda in kcal/mol
0.0000 0.1000 24.1031 0.0307
0.1000 0.2000 19.5878 0.0263
0.2000 0.3000 15.4029 0.0265
0.3000 0.4000 7.0877 0.0860
0.4000 0.5000 -1.0945 0.0270
0.5000 0.6000 -4.9432 0.0211
0.6000 0.7000 -7.8306 0.0197
0.7000 0.8000 -10.9378 0.0236
0.8000 0.9000 -16.7867 0.0513
0.9000 1.0000 -33.8092 1.0042
#PMF from MBAR in kcal/mol
0.0000 0.0000 0.0000
0.1000 24.1031 0.0307
0.2000 43.6908 0.0423
0.3000 59.0937 0.0513
0.4000 66.1814 0.1009
0.5000 65.0868 0.1052
0.6000 60.1437 0.1080
0.7000 52.3130 0.1104
0.8000 41.3752 0.1136
0.9000 24.5885 0.1252
1.0000 -9.2206 1.0120
#TI average gradients and standard deviation in kcal/mol
0.0000 263.0809 21.5690
0.1000 217.4140 20.8795
0.2000 175.3265 19.1508
0.3000 129.0524 22.7689
0.4000 15.5315 22.8419
0.5000 -32.7112 17.9969
0.6000 -64.3997 15.8858
0.7000 -92.5844 16.4402
0.8000 -130.2460 20.9461
0.9000 -218.6030 31.4647
1.0000 -492.8071 51.5368
#PMF from TI in kcal/mol
0.0000 0.0000
0.1000 24.0247
0.2000 43.6618
0.3000 58.8807
0.4000 66.1099
0.5000 65.2509
0.6000 60.3954
0.7000 52.5462
0.8000 41.4047
0.9000 23.9622
1.0000 -11.6083
#MBAR free energy difference in kcal/mol: 
-9.220644, 1.012038  #WARNING SUBSAMPLING DISABLED, CONSIDER RERUN WITH SUBSAMPLING OPTION
#TI free energy difference in kcal/mol: 
-11.608298  #WARNING SUBSAMPLING DISABLED, CONSIDER RERUN WITH SUBSAMPLING OPTION 
Starting /export/users/common/BioSimSpace/sire.app/bin/analyse_freenrg: number of threads equals 32
