# Analysing data contained in file(s) ['lambda_0.0000/simfile.dat', 'lambda_0.1000/simfile.dat', 'lambda_0.2000/simfile.dat', 'lambda_0.3000/simfile.dat', 'lambda_0.4000/simfile.dat', 'lambda_0.5000/simfile.dat', 'lambda_0.6000/simfile.dat', 'lambda_0.7000/simfile.dat', 'lambda_0.8000/simfile.dat', 'lambda_0.9000/simfile.dat', 'lambda_1.0000/simfile.dat']
#Overlap matrix
0.9047 0.0951 0.0002 0.0000 0.0000 0.0000 0.0000 0.0000 0.0000 0.0000 0.0000
0.0951 0.7820 0.1223 0.0005 0.0000 0.0000 0.0000 0.0000 0.0000 0.0000 0.0000
0.0002 0.1223 0.7475 0.1293 0.0006 0.0000 0.0000 0.0000 0.0000 0.0000 0.0000
0.0000 0.0005 0.1293 0.7390 0.1305 0.0006 0.0000 0.0000 0.0000 0.0000 0.0000
0.0000 0.0000 0.0006 0.1305 0.7439 0.1246 0.0004 0.0000 0.0000 0.0000 0.0000
0.0000 0.0000 0.0000 0.0006 0.1246 0.7641 0.1103 0.0003 0.0000 0.0000 0.0000
0.0000 0.0000 0.0000 0.0000 0.0004 0.1103 0.7833 0.1056 0.0003 0.0000 0.0000
0.0000 0.0000 0.0000 0.0000 0.0000 0.0003 0.1056 0.7943 0.0996 0.0001 0.0000
0.0000 0.0000 0.0000 0.0000 0.0000 0.0000 0.0003 0.0996 0.8165 0.0836 0.0001
0.0000 0.0000 0.0000 0.0000 0.0000 0.0000 0.0000 0.0001 0.0836 0.8484 0.0679
0.0000 0.0000 0.0000 0.0000 0.0000 0.0000 0.0000 0.0000 0.0001 0.0679 0.9321
#DG from neighbouring lambda in kcal/mol
0.0000 0.1000 13.7622 0.0252
0.1000 0.2000 10.2602 0.0214
0.2000 0.3000 6.4888 0.0206
0.3000 0.4000 2.5447 0.0205
0.4000 0.5000 -1.1889 0.0211
0.5000 0.6000 -4.8265 0.0229
0.6000 0.7000 -8.4374 0.0236
0.7000 0.8000 -11.7078 0.0245
0.8000 0.9000 -14.7716 0.0273
0.9000 1.0000 -17.2057 0.0308
#PMF from MBAR in kcal/mol
0.0000 0.0000 0.0000
0.1000 13.7622 0.0252
0.2000 24.0224 0.0352
0.3000 30.5112 0.0425
0.4000 33.0559 0.0487
0.5000 31.8670 0.0544
0.6000 27.0405 0.0603
0.7000 18.6031 0.0658
0.8000 6.8952 0.0712
0.9000 -7.8764 0.0772
1.0000 -25.0821 0.0841
#TI average gradients and standard deviation in kcal/mol
0.0000 196.7086 1957.5893
0.1000 120.4174 18.0609
0.2000 84.4350 16.7328
0.3000 45.1279 16.4883
0.4000 6.2089 16.6469
0.5000 -30.0201 17.6667
0.6000 -66.3872 17.8020
0.7000 -101.4635 17.9502
0.8000 -132.9293 19.5823
0.9000 -161.4610 19.8515
1.0000 -180.0681 22.2595
#PMF from TI in kcal/mol
0.0000 0.0000
0.1000 15.8563
0.2000 26.0989
0.3000 32.5771
0.4000 35.1439
0.5000 33.9533
0.6000 29.1330
0.7000 20.7404
0.8000 9.0208
0.9000 -5.6987
1.0000 -22.7752
#MBAR free energy difference in kcal/mol: 
-25.082076, 0.084062  #WARNING SUBSAMPLING DISABLED, CONSIDER RERUN WITH SUBSAMPLING OPTION
#TI free energy difference in kcal/mol: 
-22.775172  #WARNING SUBSAMPLING DISABLED, CONSIDER RERUN WITH SUBSAMPLING OPTION 
Starting /export/users/common/BioSimSpace/sire.app/bin/analyse_freenrg: number of threads equals 32
