# Analysing data contained in file(s) ['lambda_0.0000/simfile.dat', 'lambda_0.1000/simfile.dat', 'lambda_0.2000/simfile.dat', 'lambda_0.3000/simfile.dat', 'lambda_0.4000/simfile.dat', 'lambda_0.5000/simfile.dat', 'lambda_0.6000/simfile.dat', 'lambda_0.7000/simfile.dat', 'lambda_0.8000/simfile.dat', 'lambda_0.9000/simfile.dat', 'lambda_1.0000/simfile.dat']
#Overlap matrix
0.8929 0.1069 0.0002 0.0000 0.0000 0.0000 0.0000 0.0000 0.0000 0.0000 0.0000
0.1069 0.7627 0.1286 0.0018 0.0000 0.0000 0.0000 0.0000 0.0000 0.0000 0.0000
0.0002 0.1286 0.6841 0.1814 0.0057 0.0000 0.0000 0.0000 0.0000 0.0000 0.0000
0.0000 0.0018 0.1814 0.6136 0.1967 0.0061 0.0005 0.0000 0.0000 0.0000 0.0000
0.0000 0.0000 0.0057 0.1967 0.6453 0.1462 0.0061 0.0000 0.0000 0.0000 0.0000
0.0000 0.0000 0.0000 0.0116 0.2784 0.6520 0.0580 0.0000 0.0000 0.0000 0.0000
0.0000 0.0000 0.0000 0.0005 0.0061 0.0304 0.9630 0.0000 0.0000 0.0000 0.0000
0.0000 0.0000 0.0000 0.0000 0.0000 0.0000 0.0000 0.9980 0.0020 0.0000 0.0000
0.0000 0.0000 0.0000 0.0000 0.0000 0.0000 0.0000 0.0020 0.9934 0.0046 0.0000
0.0000 0.0000 0.0000 0.0000 0.0000 0.0000 0.0000 0.0000 0.0046 0.9740 0.0214
0.0000 0.0000 0.0000 0.0000 0.0000 0.0000 0.0000 0.0000 0.0000 0.0214 0.9786
#DG from neighbouring lambda in kcal/mol
0.0000 0.1000 -0.1677 0.0234
0.1000 0.2000 -5.0700 0.0206
0.2000 0.3000 -9.4807 0.0157
0.3000 0.4000 -13.5038 0.0145
0.4000 0.5000 -14.7927 0.0160
0.5000 0.6000 -2.0820 0.0426
0.6000 0.7000 16.0321 0.1641
0.7000 0.8000 0.8522 0.1920
0.8000 0.9000 -0.9782 0.1276
0.9000 1.0000 -2.3358 0.0578
#PMF from MBAR in kcal/mol
0.0000 0.0000 0.0000
0.1000 -0.1677 0.0234
0.2000 -5.2377 0.0335
0.3000 -14.7183 0.0388
0.4000 -28.2221 0.0429
0.5000 -43.0148 0.0471
0.6000 -45.0968 0.0644
0.7000 -29.0647 0.1613
0.8000 -28.2125 0.0867
0.9000 -29.1907 0.0867
1.0000 -31.5265 0.0963
#TI average gradients and standard deviation in kcal/mol
0.0000 11.1248 19.3385
0.1000 -25.3479 18.4295
0.2000 -73.6662 14.5789
0.3000 -115.9951 13.3148
0.4000 -150.9493 12.7476
0.5000 -65.3029 63.0246
0.6000 132.7024 46.7097
0.7000 21.5484 50.4408
0.8000 2.4955 36.2137
0.9000 -23.6482 30.4136
1.0000 -14.7355 25.9945
#PMF from TI in kcal/mol
0.0000 0.0000
0.1000 -0.7112
0.2000 -5.6619
0.3000 -15.1449
0.4000 -28.4921
0.5000 -39.3048
0.6000 -35.9348
0.7000 -28.2222
0.8000 -27.0200
0.9000 -28.0777
1.0000 -29.9969
#MBAR free energy difference in kcal/mol: 
-31.526515, 0.096279  #WARNING SUBSAMPLING DISABLED, CONSIDER RERUN WITH SUBSAMPLING OPTION
#TI free energy difference in kcal/mol: 
-29.996860  #WARNING SUBSAMPLING DISABLED, CONSIDER RERUN WITH SUBSAMPLING OPTION 
Starting /export/users/common/BioSimSpace/sire.app/bin/analyse_freenrg: number of threads equals 32
