# Analysing data contained in file(s) ['lambda_0.0000/simfile.dat', 'lambda_0.1000/simfile.dat', 'lambda_0.2000/simfile.dat', 'lambda_0.3000/simfile.dat', 'lambda_0.4000/simfile.dat', 'lambda_0.5000/simfile.dat', 'lambda_0.6000/simfile.dat', 'lambda_0.7000/simfile.dat', 'lambda_0.8000/simfile.dat', 'lambda_0.9000/simfile.dat', 'lambda_1.0000/simfile.dat']
#Overlap matrix
0.8224 0.1748 0.0028 0.0000 0.0000 0.0000 0.0000 0.0000 0.0000 0.0000 0.0000
0.1748 0.6549 0.1687 0.0015 0.0000 0.0000 0.0000 0.0000 0.0000 0.0000 0.0000
0.0028 0.1687 0.6890 0.1391 0.0004 0.0000 0.0000 0.0000 0.0000 0.0000 0.0000
0.0000 0.0015 0.1391 0.7359 0.1227 0.0009 0.0000 0.0000 0.0000 0.0000 0.0000
0.0000 0.0000 0.0004 0.1227 0.7180 0.1550 0.0038 0.0000 0.0000 0.0000 0.0000
0.0000 0.0000 0.0000 0.0009 0.1550 0.6755 0.1673 0.0013 0.0000 0.0000 0.0000
0.0000 0.0000 0.0000 0.0000 0.0038 0.1673 0.7854 0.0435 0.0000 0.0000 0.0000
0.0000 0.0000 0.0000 0.0000 0.0000 0.0013 0.0435 0.9340 0.0211 0.0000 0.0000
0.0000 0.0000 0.0000 0.0000 0.0000 0.0000 0.0000 0.0211 0.9591 0.0198 0.0000
0.0000 0.0000 0.0000 0.0000 0.0000 0.0000 0.0000 0.0000 0.0198 0.9645 0.0157
0.0000 0.0000 0.0000 0.0000 0.0000 0.0000 0.0000 0.0000 0.0000 0.0157 0.9843
#DG from neighbouring lambda in kcal/mol
0.0000 0.1000 -5.5125 0.0165
0.1000 0.2000 -6.9037 0.0168
0.2000 0.3000 -8.8310 0.0195
0.3000 0.4000 -11.7966 0.0213
0.4000 0.5000 -14.5482 0.0179
0.5000 0.6000 -14.9503 0.0169
0.6000 0.7000 -12.4193 0.0389
0.7000 0.8000 -11.6810 0.0582
0.8000 0.9000 -11.1283 0.0603
0.9000 1.0000 -9.4075 0.0679
#PMF from MBAR in kcal/mol
0.0000 0.0000 0.0000
0.1000 -5.5125 0.0165
0.2000 -12.4162 0.0263
0.3000 -21.2472 0.0348
0.4000 -33.0439 0.0426
0.5000 -47.5920 0.0477
0.6000 -62.5424 0.0518
0.7000 -74.9617 0.0658
0.8000 -86.6428 0.0887
0.9000 -97.7711 0.1080
1.0000 -107.1786 0.1281
#TI average gradients and standard deviation in kcal/mol
0.0000 -52.1404 13.9923
0.1000 -61.8045 14.1786
0.2000 -77.0418 14.8088
0.3000 -101.7153 16.7590
0.4000 -133.5097 15.9119
0.5000 -153.8849 14.0457
0.6000 -138.2443 17.5314
0.7000 -117.6488 27.7183
0.8000 -114.8010 27.6137
0.9000 -104.0497 27.9471
1.0000 -84.0851 29.7504
#PMF from TI in kcal/mol
0.0000 0.0000
0.1000 -5.6972
0.2000 -12.6396
0.3000 -21.5774
0.4000 -33.3387
0.5000 -47.7084
0.6000 -62.3149
0.7000 -75.1095
0.8000 -86.7320
0.9000 -97.6745
1.0000 -107.0813
#MBAR free energy difference in kcal/mol: 
-107.178625, 0.128135  #WARNING SUBSAMPLING DISABLED, CONSIDER RERUN WITH SUBSAMPLING OPTION
#TI free energy difference in kcal/mol: 
-107.081278  #WARNING SUBSAMPLING DISABLED, CONSIDER RERUN WITH SUBSAMPLING OPTION 
Starting /export/users/common/BioSimSpace/sire.app/bin/analyse_freenrg: number of threads equals 32
