# Analysing data contained in file(s) ['lambda_0.0000/simfile.dat', 'lambda_0.1000/simfile.dat', 'lambda_0.2000/simfile.dat', 'lambda_0.3000/simfile.dat', 'lambda_0.4000/simfile.dat', 'lambda_0.5000/simfile.dat', 'lambda_0.6000/simfile.dat', 'lambda_0.7000/simfile.dat', 'lambda_0.8000/simfile.dat', 'lambda_0.9000/simfile.dat', 'lambda_1.0000/simfile.dat']
#Overlap matrix
0.9848 0.0152 0.0000 0.0000 0.0000 0.0000 0.0000 0.0000 0.0000 0.0000 0.0000
0.0152 0.9673 0.0175 0.0000 0.0000 0.0000 0.0000 0.0000 0.0000 0.0000 0.0000
0.0000 0.0175 0.9614 0.0211 0.0000 0.0000 0.0000 0.0000 0.0000 0.0000 0.0000
0.0000 0.0000 0.0211 0.9601 0.0188 0.0000 0.0000 0.0000 0.0000 0.0000 0.0000
0.0000 0.0000 0.0000 0.0188 0.9559 0.0252 0.0000 0.0000 0.0000 0.0000 0.0000
0.0000 0.0000 0.0000 0.0000 0.0252 0.9484 0.0264 0.0000 0.0000 0.0000 0.0000
0.0000 0.0000 0.0000 0.0000 0.0000 0.0264 0.9424 0.0313 0.0000 0.0000 0.0000
0.0000 0.0000 0.0000 0.0000 0.0000 0.0000 0.0313 0.9325 0.0362 0.0000 0.0000
0.0000 0.0000 0.0000 0.0000 0.0000 0.0000 0.0000 0.0362 0.9287 0.0350 0.0000
0.0000 0.0000 0.0000 0.0000 0.0000 0.0000 0.0000 0.0000 0.0350 0.9286 0.0364
0.0000 0.0000 0.0000 0.0000 0.0000 0.0000 0.0000 0.0000 0.0000 0.0364 0.9636
#DG from neighbouring lambda in kcal/mol
0.0000 0.1000 41.4638 0.0691
0.1000 0.2000 36.3501 0.0642
0.2000 0.3000 31.3396 0.0583
0.3000 0.4000 26.7684 0.0619
0.4000 0.5000 21.9462 0.0530
0.5000 0.6000 17.5682 0.0519
0.6000 0.7000 13.0044 0.0473
0.7000 0.8000 9.0806 0.0438
0.8000 0.9000 4.7652 0.0446
0.9000 1.0000 0.6368 0.0437
#PMF from MBAR in kcal/mol
0.0000 0.0000 0.0000
0.1000 41.4638 0.0691
0.2000 77.8139 0.0952
0.3000 109.1534 0.1123
0.4000 135.9219 0.1288
0.5000 157.8681 0.1398
0.6000 175.4363 0.1496
0.7000 188.4407 0.1574
0.8000 197.5213 0.1638
0.9000 202.2864 0.1702
1.0000 202.9233 0.1762
#TI average gradients and standard deviation in kcal/mol
0.0000 440.9019 29.6141
0.1000 389.7871 29.4639
0.2000 339.3838 28.9654
0.3000 293.0444 27.0557
0.4000 242.1628 27.5537
0.5000 198.2391 26.2888
0.6000 152.5465 27.1456
0.7000 107.6020 25.1677
0.8000 68.9692 26.2645
0.9000 27.3108 24.3054
1.0000 -16.6568 25.3321
#PMF from TI in kcal/mol
0.0000 0.0000
0.1000 41.5344
0.2000 77.9930
0.3000 109.6144
0.4000 136.3748
0.5000 158.3949
0.6000 175.9341
0.7000 188.9416
0.8000 197.7701
0.9000 202.5841
1.0000 203.1168
#MBAR free energy difference in kcal/mol: 
202.923275, 0.176158  #WARNING SUBSAMPLING DISABLED, CONSIDER RERUN WITH SUBSAMPLING OPTION
#TI free energy difference in kcal/mol: 
203.116820  #WARNING SUBSAMPLING DISABLED, CONSIDER RERUN WITH SUBSAMPLING OPTION 
Starting /export/users/common/BioSimSpace/sire.app/bin/analyse_freenrg: number of threads equals 32
