# Analysing data contained in file(s) ['lambda_0.0000/simfile.dat', 'lambda_0.1000/simfile.dat', 'lambda_0.2000/simfile.dat', 'lambda_0.3000/simfile.dat', 'lambda_0.4000/simfile.dat', 'lambda_0.5000/simfile.dat', 'lambda_0.6000/simfile.dat', 'lambda_0.7000/simfile.dat', 'lambda_0.8000/simfile.dat', 'lambda_0.9000/simfile.dat', 'lambda_1.0000/simfile.dat']
#Overlap matrix
0.8453 0.1530 0.0017 0.0000 0.0000 0.0000 0.0000 0.0000 0.0000 0.0000 0.0000
0.1530 0.6808 0.1640 0.0023 0.0000 0.0000 0.0000 0.0000 0.0000 0.0000 0.0000
0.0017 0.1640 0.6705 0.1620 0.0018 0.0000 0.0000 0.0000 0.0000 0.0000 0.0000
0.0000 0.0023 0.1620 0.6773 0.1568 0.0016 0.0000 0.0000 0.0000 0.0000 0.0000
0.0000 0.0000 0.0018 0.1568 0.6989 0.1423 0.0002 0.0000 0.0000 0.0000 0.0000
0.0000 0.0000 0.0000 0.0016 0.1423 0.7956 0.0605 0.0000 0.0000 0.0000 0.0000
0.0000 0.0000 0.0000 0.0000 0.0002 0.0605 0.8918 0.0475 0.0000 0.0000 0.0000
0.0000 0.0000 0.0000 0.0000 0.0000 0.0000 0.0475 0.9419 0.0106 0.0000 0.0000
0.0000 0.0000 0.0000 0.0000 0.0000 0.0000 0.0000 0.0106 0.9892 0.0003 0.0000
0.0000 0.0000 0.0000 0.0000 0.0000 0.0000 0.0000 0.0000 0.0003 0.9997 0.0000
0.0000 0.0000 0.0000 0.0000 0.0000 0.0000 0.0000 0.0000 0.0000 0.0000 1.0000
#DG from neighbouring lambda in kcal/mol
0.0000 0.1000 9.4621 0.0183
0.1000 0.2000 7.5233 0.0172
0.2000 0.3000 5.6313 0.0173
0.3000 0.4000 3.6277 0.0178
0.4000 0.5000 1.9653 0.0192
0.5000 0.6000 0.2069 0.0329
0.6000 0.7000 -2.2583 0.0377
0.7000 0.8000 -1.5588 0.0833
0.8000 0.9000 -3.4019 0.5294
0.9000 1.0000 -32.3861 0.4828
#PMF from MBAR in kcal/mol
0.0000 0.0000 0.0000
0.1000 9.4621 0.0183
0.2000 16.9855 0.0277
0.3000 22.6168 0.0348
0.4000 26.2445 0.0408
0.5000 28.2098 0.0466
0.6000 28.4167 0.0583
0.7000 26.1584 0.0705
0.8000 24.5996 0.1099
0.9000 21.1978 0.5408
1.0000 -11.1883 0.0673
#TI average gradients and standard deviation in kcal/mol
0.0000 91.7809 15.5367
0.1000 84.6677 15.2414
0.2000 66.2057 14.6392
0.3000 46.2004 14.9924
0.4000 27.2053 14.7802
0.5000 12.2437 17.5883
0.6000 -14.8897 20.3142
0.7000 -21.9642 24.1071
0.8000 -14.4538 35.6441
0.9000 -76.0481 52.3117
1.0000 -25274.8865 4416.8413
#PMF from TI in kcal/mol
0.0000 0.0000
0.1000 8.8224
0.2000 16.3661
0.3000 21.9864
0.4000 25.6567
0.5000 27.6291
0.6000 27.4968
0.7000 25.6541
0.8000 23.8332
0.9000 19.3082
1.0000 -1248.2386
#MBAR free energy difference in kcal/mol: 
-11.188320, 0.067326  #WARNING SUBSAMPLING DISABLED, CONSIDER RERUN WITH SUBSAMPLING OPTION
#TI free energy difference in kcal/mol: 
-1248.238575  #WARNING SUBSAMPLING DISABLED, CONSIDER RERUN WITH SUBSAMPLING OPTION 
Starting /export/users/common/BioSimSpace/sire.app/bin/analyse_freenrg: number of threads equals 32
