# Analysing data contained in file(s) ['lambda_0.0000/simfile.dat', 'lambda_0.1000/simfile.dat', 'lambda_0.2000/simfile.dat', 'lambda_0.3000/simfile.dat', 'lambda_0.4000/simfile.dat', 'lambda_0.5000/simfile.dat', 'lambda_0.6000/simfile.dat', 'lambda_0.7000/simfile.dat', 'lambda_0.8000/simfile.dat', 'lambda_0.9000/simfile.dat', 'lambda_1.0000/simfile.dat']
#Overlap matrix
0.9952 0.0048 0.0000 0.0000 0.0000 0.0000 0.0000 0.0000 0.0000 0.0000 0.0000
0.0048 0.9941 0.0011 0.0000 0.0000 0.0000 0.0000 0.0000 0.0000 0.0000 0.0000
0.0000 0.0011 0.9988 0.0001 0.0000 0.0000 0.0000 0.0000 0.0000 0.0000 0.0000
0.0000 0.0000 0.0001 0.9999 0.0000 0.0000 0.0000 0.0000 0.0000 0.0000 0.0000
0.0000 0.0000 0.0000 0.0000 0.9819 0.0181 0.0000 0.0000 0.0000 0.0000 0.0000
0.0000 0.0000 0.0000 0.0000 0.0181 0.9392 0.0397 0.0029 0.0002 0.0000 0.0000
0.0000 0.0000 0.0000 0.0000 0.0000 0.0397 0.8124 0.1455 0.0024 0.0000 0.0000
0.0000 0.0000 0.0000 0.0000 0.0000 0.0029 0.1455 0.7302 0.1210 0.0004 0.0000
0.0000 0.0000 0.0000 0.0000 0.0000 0.0002 0.0024 0.1210 0.7585 0.1173 0.0007
0.0000 0.0000 0.0000 0.0000 0.0000 0.0000 0.0000 0.0004 0.1173 0.7112 0.1712
0.0000 0.0000 0.0000 0.0000 0.0000 0.0000 0.0000 0.0000 0.0007 0.1712 0.8282
#DG from neighbouring lambda in kcal/mol
0.0000 0.1000 -0.3405 0.1243
0.1000 0.2000 -0.8730 0.2613
0.2000 0.3000 -3.7718 0.8161
0.3000 0.4000 -13.5943 0.6300
0.4000 0.5000 5.9380 0.0631
0.5000 0.6000 12.7291 0.0400
0.6000 0.7000 13.2679 0.0186
0.7000 0.8000 9.6553 0.0213
0.8000 0.9000 3.9075 0.0220
0.9000 1.0000 -0.5104 0.0169
#PMF from MBAR in kcal/mol
0.0000 0.0000 0.0000
0.1000 -0.3405 0.1243
0.2000 -1.2135 0.2896
0.3000 -4.9854 0.8661
0.4000 -18.5796 0.2676
0.5000 -12.6416 0.2621
0.6000 0.0875 0.2607
0.7000 13.3554 0.2606
0.8000 23.0107 0.2607
0.9000 26.9182 0.2612
1.0000 26.4078 0.2618
#TI average gradients and standard deviation in kcal/mol
0.0000 -21.1510 31.7547
0.1000 1.4435 35.4805
0.2000 -16.1961 41.0129
0.3000 -40.8429 46.3374
0.4000 -44.7002 36.1641
0.5000 117.2686 25.8418
0.6000 131.4626 20.1019
0.7000 122.6196 15.9050
0.8000 67.3379 17.3237
0.9000 13.0436 16.4087
1.0000 -4.5841 12.6616
#PMF from TI in kcal/mol
0.0000 0.0000
0.1000 -0.9854
0.2000 -1.7230
0.3000 -4.5750
0.4000 -8.8521
0.5000 -5.2237
0.6000 7.2129
0.7000 19.9170
0.8000 29.4148
0.9000 33.4339
1.0000 33.8569
#MBAR free energy difference in kcal/mol: 
26.407775, 0.261807  #WARNING SUBSAMPLING DISABLED, CONSIDER RERUN WITH SUBSAMPLING OPTION
#TI free energy difference in kcal/mol: 
33.856898  #WARNING SUBSAMPLING DISABLED, CONSIDER RERUN WITH SUBSAMPLING OPTION 
Starting /export/users/common/BioSimSpace/sire.app/bin/analyse_freenrg: number of threads equals 32
