# Analysing data contained in file(s) ['lambda_0.0000/simfile.dat', 'lambda_0.1000/simfile.dat', 'lambda_0.2000/simfile.dat', 'lambda_0.3000/simfile.dat', 'lambda_0.4000/simfile.dat', 'lambda_0.5000/simfile.dat', 'lambda_0.6000/simfile.dat', 'lambda_0.7000/simfile.dat', 'lambda_0.8000/simfile.dat', 'lambda_0.9000/simfile.dat', 'lambda_1.0000/simfile.dat']
#Overlap matrix
0.9447 0.0552 0.0000 0.0000 0.0000 0.0000 0.0000 0.0000 0.0000 0.0000 0.0000
0.0552 0.8916 0.0531 0.0000 0.0000 0.0000 0.0000 0.0000 0.0000 0.0000 0.0000
0.0000 0.0531 0.8996 0.0471 0.0001 0.0000 0.0000 0.0000 0.0000 0.0000 0.0000
0.0000 0.0000 0.0471 0.8803 0.0708 0.0016 0.0000 0.0000 0.0000 0.0000 0.0000
0.0000 0.0000 0.0001 0.0708 0.7856 0.1402 0.0032 0.0000 0.0000 0.0000 0.0000
0.0000 0.0000 0.0000 0.0016 0.1402 0.7072 0.1487 0.0022 0.0000 0.0000 0.0000
0.0000 0.0000 0.0000 0.0000 0.0032 0.1487 0.7044 0.1408 0.0029 0.0000 0.0000
0.0000 0.0000 0.0000 0.0000 0.0000 0.0022 0.1408 0.6743 0.1774 0.0053 0.0000
0.0000 0.0000 0.0000 0.0000 0.0000 0.0000 0.0029 0.1774 0.6172 0.1955 0.0070
0.0000 0.0000 0.0000 0.0000 0.0000 0.0000 0.0000 0.0053 0.1955 0.5946 0.2046
0.0000 0.0000 0.0000 0.0000 0.0000 0.0000 0.0000 0.0000 0.0070 0.2046 0.7884
#DG from neighbouring lambda in kcal/mol
0.0000 0.1000 -3.2714 0.0347
0.1000 0.2000 -2.3345 0.0355
0.2000 0.3000 -1.9953 0.0378
0.3000 0.4000 -0.8735 0.0297
0.4000 0.5000 1.2194 0.0191
0.5000 0.6000 2.0039 0.0183
0.6000 0.7000 1.5194 0.0191
0.7000 0.8000 1.1125 0.0159
0.8000 0.9000 0.8589 0.0145
0.9000 1.0000 0.7834 0.0143
#PMF from MBAR in kcal/mol
0.0000 0.0000 0.0000
0.1000 -3.2714 0.0347
0.2000 -5.6059 0.0511
0.3000 -7.6012 0.0647
0.4000 -8.4747 0.0722
0.5000 -7.2554 0.0755
0.6000 -5.2515 0.0785
0.7000 -3.7321 0.0817
0.8000 -2.6196 0.0840
0.9000 -1.7607 0.0860
1.0000 -0.9773 0.0879
#TI average gradients and standard deviation in kcal/mol
0.0000 -42.0310 22.4237
0.1000 -25.7385 22.3287
0.2000 -21.4233 23.1743
0.3000 -17.1668 23.1795
0.4000 2.1734 18.0118
0.5000 19.6924 15.2578
0.6000 18.7731 15.5277
0.7000 12.5390 14.5854
0.8000 9.4489 13.7590
0.9000 8.0198 13.2569
1.0000 16.5589 13.1382
#PMF from TI in kcal/mol
0.0000 0.0000
0.1000 -3.3885
0.2000 -5.7466
0.3000 -7.6761
0.4000 -8.4257
0.5000 -7.3325
0.6000 -5.4092
0.7000 -3.8436
0.8000 -2.7442
0.9000 -1.8707
1.0000 -0.6418
#MBAR free energy difference in kcal/mol: 
-0.977336, 0.087902  #WARNING SUBSAMPLING DISABLED, CONSIDER RERUN WITH SUBSAMPLING OPTION
#TI free energy difference in kcal/mol: 
-0.641795  #WARNING SUBSAMPLING DISABLED, CONSIDER RERUN WITH SUBSAMPLING OPTION 
Starting /export/users/common/BioSimSpace/sire.app/bin/analyse_freenrg: number of threads equals 32
