# Analysing data contained in file(s) ['lambda_0.0000/simfile.dat', 'lambda_0.1000/simfile.dat', 'lambda_0.2000/simfile.dat', 'lambda_0.3000/simfile.dat', 'lambda_0.4000/simfile.dat', 'lambda_0.5000/simfile.dat', 'lambda_0.6000/simfile.dat', 'lambda_0.7000/simfile.dat', 'lambda_0.8000/simfile.dat', 'lambda_0.9000/simfile.dat', 'lambda_1.0000/simfile.dat']
#Overlap matrix
0.8608 0.1383 0.0009 0.0000 0.0000 0.0000 0.0000 0.0000 0.0000 0.0000 0.0000
0.1383 0.7151 0.1455 0.0011 0.0000 0.0000 0.0000 0.0000 0.0000 0.0000 0.0000
0.0009 0.1455 0.7079 0.1446 0.0012 0.0000 0.0000 0.0000 0.0000 0.0000 0.0000
0.0000 0.0011 0.1446 0.7269 0.1270 0.0005 0.0000 0.0000 0.0000 0.0000 0.0000
0.0000 0.0000 0.0012 0.1270 0.7837 0.0880 0.0002 0.0000 0.0000 0.0000 0.0000
0.0000 0.0000 0.0000 0.0005 0.0880 0.8354 0.0760 0.0001 0.0000 0.0000 0.0000
0.0000 0.0000 0.0000 0.0000 0.0002 0.0760 0.8570 0.0668 0.0000 0.0000 0.0000
0.0000 0.0000 0.0000 0.0000 0.0000 0.0001 0.0668 0.8811 0.0520 0.0000 0.0000
0.0000 0.0000 0.0000 0.0000 0.0000 0.0000 0.0000 0.0520 0.9121 0.0358 0.0000
0.0000 0.0000 0.0000 0.0000 0.0000 0.0000 0.0000 0.0000 0.0358 0.9511 0.0131
0.0000 0.0000 0.0000 0.0000 0.0000 0.0000 0.0000 0.0000 0.0000 0.0131 0.9869
#DG from neighbouring lambda in kcal/mol
0.0000 0.1000 1.8493 0.0197
0.1000 0.2000 1.0775 0.0189
0.2000 0.3000 0.3445 0.0190
0.3000 0.4000 0.1892 0.0208
0.4000 0.5000 0.1033 0.0264
0.5000 0.6000 -0.4800 0.0288
0.6000 0.7000 -1.0093 0.0311
0.7000 0.8000 -1.3455 0.0359
0.8000 0.9000 -0.3814 0.0440
0.9000 1.0000 5.4492 0.0746
#PMF from MBAR in kcal/mol
0.0000 0.0000 0.0000
0.1000 1.8493 0.0197
0.2000 2.9268 0.0298
0.3000 3.2713 0.0373
0.4000 3.4604 0.0443
0.5000 3.5638 0.0529
0.6000 3.0837 0.0615
0.7000 2.0744 0.0700
0.8000 0.7289 0.0796
0.9000 0.3475 0.0917
1.0000 5.7967 0.1189
#TI average gradients and standard deviation in kcal/mol
0.0000 -0.1168 16.5325
0.1000 14.7267 16.1781
0.2000 6.9683 15.9070
0.3000 1.4786 15.5512
0.4000 2.2906 18.5419
0.5000 -1.8283 20.0639
0.6000 -7.9405 21.1593
0.7000 -11.9585 22.8852
0.8000 -12.6574 23.2003
0.9000 11.1491 27.1151
1.0000 124.7462 34.6370
#PMF from TI in kcal/mol
0.0000 0.0000
0.1000 0.7305
0.2000 1.8152
0.3000 2.2376
0.4000 2.4260
0.5000 2.4492
0.6000 1.9607
0.7000 0.9658
0.8000 -0.2650
0.9000 -0.3404
1.0000 6.4543
#MBAR free energy difference in kcal/mol: 
5.796694, 0.118897  #WARNING SUBSAMPLING DISABLED, CONSIDER RERUN WITH SUBSAMPLING OPTION
#TI free energy difference in kcal/mol: 
6.454323  #WARNING SUBSAMPLING DISABLED, CONSIDER RERUN WITH SUBSAMPLING OPTION 
Starting /export/users/common/BioSimSpace/sire.app/bin/analyse_freenrg: number of threads equals 32
