# Analysing data contained in file(s) ['lambda_0.0000/simfile.dat', 'lambda_0.1000/simfile.dat', 'lambda_0.2000/simfile.dat', 'lambda_0.3000/simfile.dat', 'lambda_0.4000/simfile.dat', 'lambda_0.5000/simfile.dat', 'lambda_0.6000/simfile.dat', 'lambda_0.7000/simfile.dat', 'lambda_0.8000/simfile.dat', 'lambda_0.9000/simfile.dat', 'lambda_1.0000/simfile.dat']
#Overlap matrix
0.9909 0.0091 0.0000 0.0000 0.0000 0.0000 0.0000 0.0000 0.0000 0.0000 0.0000
0.0091 0.9863 0.0046 0.0000 0.0000 0.0000 0.0000 0.0000 0.0000 0.0000 0.0000
0.0000 0.0046 0.9945 0.0009 0.0000 0.0000 0.0000 0.0000 0.0000 0.0000 0.0000
0.0000 0.0000 0.0009 0.9991 0.0000 0.0000 0.0000 0.0000 0.0000 0.0000 0.0000
0.0000 0.0000 0.0000 0.0000 0.9523 0.0454 0.0021 0.0001 0.0000 0.0000 0.0000
0.0000 0.0000 0.0000 0.0000 0.0454 0.7732 0.1756 0.0057 0.0000 0.0000 0.0000
0.0000 0.0000 0.0000 0.0000 0.0021 0.1756 0.6399 0.1792 0.0032 0.0000 0.0000
0.0000 0.0000 0.0000 0.0000 0.0001 0.0057 0.1792 0.6536 0.1604 0.0009 0.0000
0.0000 0.0000 0.0000 0.0000 0.0000 0.0000 0.0032 0.1604 0.7279 0.1084 0.0001
0.0000 0.0000 0.0000 0.0000 0.0000 0.0000 0.0000 0.0009 0.1084 0.7988 0.0919
0.0000 0.0000 0.0000 0.0000 0.0000 0.0000 0.0000 0.0000 0.0001 0.0919 0.9080
#DG from neighbouring lambda in kcal/mol
0.0000 0.1000 -1.6623 0.0896
0.1000 0.2000 -1.9706 0.1273
0.2000 0.3000 -4.5018 0.2874
0.3000 0.4000 -18.7237 0.2294
0.4000 0.5000 2.5411 0.0377
0.5000 0.6000 9.9862 0.0161
0.6000 0.7000 7.4942 0.0158
0.7000 0.8000 2.7737 0.0175
0.8000 0.9000 -2.2908 0.0231
0.9000 1.0000 -7.6325 0.0258
#PMF from MBAR in kcal/mol
0.0000 0.0000 0.0000
0.1000 -1.6623 0.0896
0.2000 -3.6328 0.1562
0.3000 -8.1346 0.3273
0.4000 -26.8583 0.1239
0.5000 -24.3172 0.1194
0.6000 -14.3310 0.1187
0.7000 -6.8368 0.1185
0.8000 -4.0631 0.1187
0.9000 -6.3539 0.1199
1.0000 -13.9865 0.1223
#TI average gradients and standard deviation in kcal/mol
0.0000 -26.0826 29.4875
0.1000 -13.8155 32.9615
0.2000 -33.1276 38.5279
0.3000 -51.3476 42.1693
0.4000 -80.2765 35.4265
0.5000 89.5111 17.1556
0.6000 95.0331 14.0487
0.7000 52.5343 14.1523
0.8000 3.3684 14.9283
0.9000 -51.0725 18.6387
1.0000 -92.1742 20.2532
#PMF from TI in kcal/mol
0.0000 0.0000
0.1000 -1.9949
0.2000 -4.3421
0.3000 -8.5658
0.4000 -15.1470
0.5000 -14.6853
0.6000 -5.4581
0.7000 1.9203
0.8000 4.7154
0.9000 2.3302
1.0000 -4.8321
#MBAR free energy difference in kcal/mol: 
-13.986462, 0.122340  #WARNING SUBSAMPLING DISABLED, CONSIDER RERUN WITH SUBSAMPLING OPTION
#TI free energy difference in kcal/mol: 
-4.832112  #WARNING SUBSAMPLING DISABLED, CONSIDER RERUN WITH SUBSAMPLING OPTION 
Starting /export/users/common/BioSimSpace/sire.app/bin/analyse_freenrg: number of threads equals 32
