# Analysing data contained in file(s) ['lambda_0.0000/simfile.dat', 'lambda_0.1000/simfile.dat', 'lambda_0.2000/simfile.dat', 'lambda_0.3000/simfile.dat', 'lambda_0.4000/simfile.dat', 'lambda_0.5000/simfile.dat', 'lambda_0.6000/simfile.dat', 'lambda_0.7000/simfile.dat', 'lambda_0.8000/simfile.dat', 'lambda_0.9000/simfile.dat', 'lambda_1.0000/simfile.dat']
#Overlap matrix
0.9214 0.0785 0.0001 0.0000 0.0000 0.0000 0.0000 0.0000 0.0000 0.0000 0.0000
0.0785 0.8216 0.0997 0.0002 0.0000 0.0000 0.0000 0.0000 0.0000 0.0000 0.0000
0.0001 0.0997 0.7857 0.1142 0.0003 0.0000 0.0000 0.0000 0.0000 0.0000 0.0000
0.0000 0.0002 0.1142 0.7682 0.1169 0.0004 0.0000 0.0000 0.0000 0.0000 0.0000
0.0000 0.0000 0.0003 0.1169 0.7540 0.1283 0.0004 0.0000 0.0000 0.0000 0.0000
0.0000 0.0000 0.0000 0.0004 0.1283 0.7466 0.1241 0.0006 0.0000 0.0000 0.0000
0.0000 0.0000 0.0000 0.0000 0.0004 0.1241 0.7413 0.1337 0.0006 0.0000 0.0000
0.0000 0.0000 0.0000 0.0000 0.0000 0.0006 0.1337 0.7363 0.1291 0.0003 0.0000
0.0000 0.0000 0.0000 0.0000 0.0000 0.0000 0.0006 0.1291 0.7654 0.1049 0.0001
0.0000 0.0000 0.0000 0.0000 0.0000 0.0000 0.0000 0.0003 0.1049 0.8278 0.0670
0.0000 0.0000 0.0000 0.0000 0.0000 0.0000 0.0000 0.0000 0.0001 0.0670 0.9329
#DG from neighbouring lambda in kcal/mol
0.0000 0.1000 -3.3955 0.0283
0.1000 0.2000 -2.1790 0.0245
0.2000 0.3000 -1.8026 0.0224
0.3000 0.4000 -1.9225 0.0221
0.4000 0.5000 -2.1955 0.0207
0.5000 0.6000 -2.5702 0.0212
0.6000 0.7000 -2.8591 0.0201
0.7000 0.8000 -3.0557 0.0206
0.8000 0.9000 -2.9887 0.0237
0.9000 1.0000 -2.5121 0.0311
#PMF from MBAR in kcal/mol
0.0000 0.0000 0.0000
0.1000 -3.3955 0.0283
0.2000 -5.5745 0.0394
0.3000 -7.3772 0.0469
0.4000 -9.2997 0.0532
0.5000 -11.4952 0.0584
0.6000 -14.0654 0.0633
0.7000 -16.9244 0.0675
0.8000 -19.9801 0.0716
0.9000 -22.9689 0.0763
1.0000 -25.4810 0.0833
#TI average gradients and standard deviation in kcal/mol
0.0000 -48.6206 20.7110
0.1000 -25.7610 19.1921
0.2000 -19.2856 18.3068
0.3000 -17.8523 18.0325
0.4000 -20.7204 17.4233
0.5000 -23.2596 17.5947
0.6000 -27.5351 16.5438
0.7000 -29.7929 16.8008
0.8000 -30.5983 16.9394
0.9000 -28.5115 18.9009
1.0000 -20.1172 24.2819
#PMF from TI in kcal/mol
0.0000 0.0000
0.1000 -3.7191
0.2000 -5.9714
0.3000 -7.8283
0.4000 -9.7569
0.5000 -11.9559
0.6000 -14.4957
0.7000 -17.3621
0.8000 -20.3816
0.9000 -23.3371
1.0000 -25.7686
#MBAR free energy difference in kcal/mol: 
-25.480959, 0.083324  #WARNING SUBSAMPLING DISABLED, CONSIDER RERUN WITH SUBSAMPLING OPTION
#TI free energy difference in kcal/mol: 
-25.768566  #WARNING SUBSAMPLING DISABLED, CONSIDER RERUN WITH SUBSAMPLING OPTION 
Starting /export/users/common/BioSimSpace/sire.app/bin/analyse_freenrg: number of threads equals 32
