# Analysing data contained in file(s) ['lambda_0.0000/simfile.dat', 'lambda_0.1000/simfile.dat', 'lambda_0.2000/simfile.dat', 'lambda_0.3000/simfile.dat', 'lambda_0.4000/simfile.dat', 'lambda_0.5000/simfile.dat', 'lambda_0.6000/simfile.dat', 'lambda_0.7000/simfile.dat', 'lambda_0.8000/simfile.dat', 'lambda_0.9000/simfile.dat', 'lambda_1.0000/simfile.dat']
#Overlap matrix
0.9103 0.0894 0.0003 0.0000 0.0000 0.0000 0.0000 0.0000 0.0000 0.0000 0.0000
0.0894 0.8102 0.1000 0.0004 0.0000 0.0000 0.0000 0.0000 0.0000 0.0000 0.0000
0.0003 0.1000 0.8046 0.0947 0.0003 0.0000 0.0000 0.0000 0.0000 0.0000 0.0000
0.0000 0.0004 0.0947 0.8476 0.0573 0.0000 0.0000 0.0000 0.0000 0.0000 0.0000
0.0000 0.0000 0.0003 0.0573 0.9012 0.0411 0.0001 0.0000 0.0000 0.0000 0.0000
0.0000 0.0000 0.0000 0.0000 0.0411 0.8893 0.0693 0.0003 0.0000 0.0000 0.0000
0.0000 0.0000 0.0000 0.0000 0.0001 0.0693 0.9073 0.0233 0.0000 0.0000 0.0000
0.0000 0.0000 0.0000 0.0000 0.0000 0.0003 0.0233 0.9722 0.0043 0.0000 0.0000
0.0000 0.0000 0.0000 0.0000 0.0000 0.0000 0.0000 0.0043 0.9898 0.0059 0.0000
0.0000 0.0000 0.0000 0.0000 0.0000 0.0000 0.0000 0.0000 0.0059 0.9829 0.0112
0.0000 0.0000 0.0000 0.0000 0.0000 0.0000 0.0000 0.0000 0.0000 0.0112 0.9888
#DG from neighbouring lambda in kcal/mol
0.0000 0.1000 5.0527 0.0262
0.1000 0.2000 2.6264 0.0244
0.2000 0.3000 0.1888 0.0252
0.3000 0.4000 -1.6188 0.0339
0.4000 0.5000 -5.9364 0.0408
0.5000 0.6000 -8.4093 0.0304
0.6000 0.7000 -4.9078 0.0550
0.7000 0.8000 -2.6581 0.1318
0.8000 0.9000 -4.5409 0.1119
0.9000 1.0000 -5.6000 0.0806
#PMF from MBAR in kcal/mol
0.0000 0.0000 0.0000
0.1000 5.0527 0.0262
0.2000 7.6792 0.0377
0.3000 7.8680 0.0469
0.4000 6.2491 0.0591
0.5000 0.3128 0.0728
0.6000 -8.0965 0.0799
0.7000 -13.0043 0.0976
0.8000 -15.6625 0.1644
0.9000 -20.2033 0.1993
1.0000 -25.8033 0.2153
#TI average gradients and standard deviation in kcal/mol
0.0000 179937349897550.2188 11993415719331078.0000
0.1000 38.7916 18.4152
0.2000 13.9338 18.3899
0.3000 -7.2625 18.7894
0.4000 -33.1798 25.3343
0.5000 -81.1026 22.2297
0.6000 -74.5042 22.1774
0.7000 -27.3181 33.5129
0.8000 -32.8897 34.6828
0.9000 -55.6793 30.0170
1.0000 -487.4195 21989.2422
#PMF from TI in kcal/mol
0.0000 0.0000
0.1000 8996867494879.4512
0.2000 8996867494882.0859
0.3000 8996867494882.4199
0.4000 8996867494880.3965
0.5000 8996867494874.6836
0.6000 8996867494866.9043
0.7000 8996867494861.8125
0.8000 8996867494858.8027
0.9000 8996867494854.3750
1.0000 8996867494827.2188
#MBAR free energy difference in kcal/mol: 
-25.803329, 0.215338  #WARNING SUBSAMPLING DISABLED, CONSIDER RERUN WITH SUBSAMPLING OPTION
#TI free energy difference in kcal/mol: 
8996867494827.218750  #WARNING SUBSAMPLING DISABLED, CONSIDER RERUN WITH SUBSAMPLING OPTION 
Starting /export/users/common/BioSimSpace/sire.app/bin/analyse_freenrg: number of threads equals 32
