# Analysing data contained in file(s) ['lambda_0.0000/simfile.dat', 'lambda_0.1000/simfile.dat', 'lambda_0.2000/simfile.dat', 'lambda_0.3000/simfile.dat', 'lambda_0.4000/simfile.dat', 'lambda_0.5000/simfile.dat', 'lambda_0.6000/simfile.dat', 'lambda_0.7000/simfile.dat', 'lambda_0.8000/simfile.dat', 'lambda_0.9000/simfile.dat', 'lambda_1.0000/simfile.dat']
#Overlap matrix
0.9064 0.0930 0.0006 0.0000 0.0000 0.0000 0.0000 0.0000 0.0000 0.0000 0.0000
0.0930 0.7970 0.1088 0.0012 0.0000 0.0000 0.0000 0.0000 0.0000 0.0000 0.0000
0.0006 0.1088 0.7705 0.1189 0.0012 0.0000 0.0000 0.0000 0.0000 0.0000 0.0000
0.0000 0.0012 0.1189 0.7539 0.1242 0.0017 0.0000 0.0000 0.0000 0.0000 0.0000
0.0000 0.0000 0.0012 0.1242 0.7621 0.1120 0.0004 0.0000 0.0000 0.0000 0.0000
0.0000 0.0000 0.0000 0.0017 0.1120 0.8272 0.0573 0.0018 0.0000 0.0000 0.0000
0.0000 0.0000 0.0000 0.0000 0.0004 0.0573 0.7909 0.1497 0.0017 0.0000 0.0000
0.0000 0.0000 0.0000 0.0000 0.0000 0.0018 0.1497 0.7453 0.1030 0.0003 0.0000
0.0000 0.0000 0.0000 0.0000 0.0000 0.0000 0.0017 0.1030 0.7868 0.1076 0.0009
0.0000 0.0000 0.0000 0.0000 0.0000 0.0000 0.0000 0.0003 0.1076 0.7645 0.1277
0.0000 0.0000 0.0000 0.0000 0.0000 0.0000 0.0000 0.0000 0.0009 0.1277 0.8714
#DG from neighbouring lambda in kcal/mol
0.0000 0.1000 -6.1504 0.0255
0.1000 0.2000 -2.0654 0.0230
0.2000 0.3000 -1.4158 0.0216
0.3000 0.4000 -1.8972 0.0209
0.4000 0.5000 -2.4111 0.0225
0.5000 0.6000 -3.7594 0.0333
0.6000 0.7000 -3.2410 0.0184
0.7000 0.8000 -3.7189 0.0237
0.8000 0.9000 -6.2273 0.0232
0.9000 1.0000 -7.5380 0.0208
#PMF from MBAR in kcal/mol
0.0000 0.0000 0.0000
0.1000 -6.1504 0.0255
0.2000 -8.2158 0.0363
0.3000 -9.6316 0.0438
0.4000 -11.5288 0.0500
0.5000 -13.9399 0.0560
0.6000 -17.6992 0.0662
0.7000 -20.9403 0.0696
0.8000 -24.6592 0.0745
0.9000 -30.8864 0.0789
1.0000 -38.4244 0.0825
#TI average gradients and standard deviation in kcal/mol
0.0000 -117.4904 20.4974
0.1000 -30.4355 18.9874
0.2000 -14.8534 18.0377
0.3000 -16.0517 17.6364
0.4000 -21.1898 17.5599
0.5000 -28.1473 19.5212
0.6000 -41.5549 19.0522
0.7000 -28.1007 15.7134
0.8000 -50.2691 17.7469
0.9000 -71.4999 16.0574
1.0000 -67.6193 17.0324
#PMF from TI in kcal/mol
0.0000 0.0000
0.1000 -7.3963
0.2000 -9.6607
0.3000 -11.2060
0.4000 -13.0681
0.5000 -15.5349
0.6000 -19.0200
0.7000 -22.5028
0.8000 -26.4213
0.9000 -32.5098
1.0000 -39.4657
#MBAR free energy difference in kcal/mol: 
-38.424423, 0.082470  #WARNING SUBSAMPLING DISABLED, CONSIDER RERUN WITH SUBSAMPLING OPTION
#TI free energy difference in kcal/mol: 
-39.465720  #WARNING SUBSAMPLING DISABLED, CONSIDER RERUN WITH SUBSAMPLING OPTION 
Starting /export/users/common/BioSimSpace/sire.app/bin/analyse_freenrg: number of threads equals 32
