# Analysing data contained in file(s) ['lambda_0.0000/simfile.dat', 'lambda_0.1000/simfile.dat', 'lambda_0.2000/simfile.dat', 'lambda_0.3000/simfile.dat', 'lambda_0.4000/simfile.dat', 'lambda_0.5000/simfile.dat', 'lambda_0.6000/simfile.dat', 'lambda_0.7000/simfile.dat', 'lambda_0.8000/simfile.dat', 'lambda_0.9000/simfile.dat', 'lambda_1.0000/simfile.dat']
#Overlap matrix
0.9193 0.0804 0.0003 0.0000 0.0000 0.0000 0.0000 0.0000 0.0000 0.0000 0.0000
0.0804 0.8139 0.1048 0.0008 0.0000 0.0000 0.0000 0.0000 0.0000 0.0000 0.0000
0.0003 0.1048 0.7740 0.1195 0.0013 0.0000 0.0000 0.0000 0.0000 0.0000 0.0000
0.0000 0.0008 0.1195 0.7471 0.1310 0.0016 0.0000 0.0000 0.0000 0.0000 0.0000
0.0000 0.0000 0.0013 0.1310 0.7379 0.1281 0.0017 0.0000 0.0000 0.0000 0.0000
0.0000 0.0000 0.0000 0.0016 0.1281 0.7364 0.1311 0.0029 0.0000 0.0000 0.0000
0.0000 0.0000 0.0000 0.0000 0.0017 0.1311 0.7166 0.1495 0.0011 0.0000 0.0000
0.0000 0.0000 0.0000 0.0000 0.0000 0.0029 0.1495 0.7477 0.0995 0.0005 0.0000
0.0000 0.0000 0.0000 0.0000 0.0000 0.0000 0.0011 0.0995 0.7677 0.1313 0.0004
0.0000 0.0000 0.0000 0.0000 0.0000 0.0000 0.0000 0.0005 0.1313 0.7971 0.0711
0.0000 0.0000 0.0000 0.0000 0.0000 0.0000 0.0000 0.0000 0.0004 0.0711 0.9285
#DG from neighbouring lambda in kcal/mol
0.0000 0.1000 -0.3747 0.0279
0.1000 0.2000 1.8977 0.0236
0.2000 0.3000 1.7008 0.0216
0.3000 0.4000 0.7541 0.0202
0.4000 0.5000 -0.3775 0.0205
0.5000 0.6000 -1.3977 0.0201
0.6000 0.7000 -1.9305 0.0184
0.7000 0.8000 -3.3738 0.0243
0.8000 0.9000 -5.1437 0.0204
0.9000 1.0000 -5.9232 0.0299
#PMF from MBAR in kcal/mol
0.0000 0.0000 0.0000
0.1000 -0.3747 0.0279
0.2000 1.5231 0.0384
0.3000 3.2239 0.0456
0.4000 3.9780 0.0513
0.5000 3.6005 0.0564
0.6000 2.2028 0.0610
0.7000 0.2723 0.0647
0.8000 -3.1015 0.0701
0.9000 -8.2452 0.0740
1.0000 -14.1685 0.0808
#TI average gradients and standard deviation in kcal/mol
0.0000 -37.5172 21.6838
0.1000 14.6164 19.6710
0.2000 20.0723 18.4655
0.3000 12.6243 17.2135
0.4000 1.9981 17.3484
0.5000 -9.3841 17.3750
0.6000 -16.6635 15.9868
0.7000 -22.7269 15.7825
0.8000 -45.7532 17.3538
0.9000 -54.7204 17.0937
1.0000 -49.7874 20.2201
#PMF from TI in kcal/mol
0.0000 0.0000
0.1000 -1.1450
0.2000 0.5894
0.3000 2.2242
0.4000 2.9553
0.5000 2.5860
0.6000 1.2837
0.7000 -0.6859
0.8000 -4.1099
0.9000 -9.1335
1.0000 -14.3589
#MBAR free energy difference in kcal/mol: 
-14.168490, 0.080758  #WARNING SUBSAMPLING DISABLED, CONSIDER RERUN WITH SUBSAMPLING OPTION
#TI free energy difference in kcal/mol: 
-14.358937  #WARNING SUBSAMPLING DISABLED, CONSIDER RERUN WITH SUBSAMPLING OPTION 
Starting /export/users/common/BioSimSpace/sire.app/bin/analyse_freenrg: number of threads equals 32
