# Analysing data contained in file(s) ['lambda_0.0000/simfile.dat', 'lambda_0.1000/simfile.dat', 'lambda_0.2000/simfile.dat', 'lambda_0.3000/simfile.dat', 'lambda_0.4000/simfile.dat', 'lambda_0.5000/simfile.dat', 'lambda_0.6000/simfile.dat', 'lambda_0.7000/simfile.dat', 'lambda_0.8000/simfile.dat', 'lambda_0.9000/simfile.dat', 'lambda_1.0000/simfile.dat']
#Overlap matrix
0.8816 0.1181 0.0004 0.0000 0.0000 0.0000 0.0000 0.0000 0.0000 0.0000 0.0000
0.1181 0.7532 0.1281 0.0007 0.0000 0.0000 0.0000 0.0000 0.0000 0.0000 0.0000
0.0004 0.1281 0.7342 0.1362 0.0011 0.0000 0.0000 0.0000 0.0000 0.0000 0.0000
0.0000 0.0007 0.1362 0.7085 0.1528 0.0018 0.0000 0.0000 0.0000 0.0000 0.0000
0.0000 0.0000 0.0011 0.1528 0.6810 0.1621 0.0029 0.0000 0.0000 0.0000 0.0000
0.0000 0.0000 0.0000 0.0018 0.1621 0.6548 0.1759 0.0054 0.0000 0.0000 0.0000
0.0000 0.0000 0.0000 0.0000 0.0029 0.1759 0.6182 0.1953 0.0076 0.0001 0.0000
0.0000 0.0000 0.0000 0.0000 0.0000 0.0054 0.1953 0.5917 0.1966 0.0109 0.0002
0.0000 0.0000 0.0000 0.0000 0.0000 0.0000 0.0076 0.1966 0.5796 0.2053 0.0110
0.0000 0.0000 0.0000 0.0000 0.0000 0.0000 0.0001 0.0109 0.2053 0.5929 0.1908
0.0000 0.0000 0.0000 0.0000 0.0000 0.0000 0.0000 0.0002 0.0110 0.1908 0.7981
#DG from neighbouring lambda in kcal/mol
0.0000 0.1000 14.0596 0.0220
0.1000 0.2000 13.1003 0.0207
0.2000 0.3000 12.1803 0.0198
0.3000 0.4000 11.2402 0.0182
0.4000 0.5000 10.2830 0.0173
0.5000 0.6000 9.3490 0.0160
0.6000 0.7000 8.5185 0.0145
0.7000 0.8000 7.7415 0.0141
0.8000 0.9000 7.2793 0.0135
0.9000 1.0000 7.2778 0.0149
#PMF from MBAR in kcal/mol
0.0000 0.0000 0.0000
0.1000 14.0596 0.0220
0.2000 27.1599 0.0325
0.3000 39.3402 0.0399
0.4000 50.5803 0.0455
0.5000 60.8633 0.0501
0.6000 70.2123 0.0538
0.7000 78.7308 0.0569
0.8000 86.4723 0.0597
0.9000 93.7517 0.0621
1.0000 101.0294 0.0648
#TI average gradients and standard deviation in kcal/mol
0.0000 144.2132 17.8561
0.1000 135.9889 17.0184
0.2000 126.5773 15.8290
0.3000 116.7453 15.6490
0.4000 107.7303 15.0471
0.5000 98.2230 14.1989
0.6000 89.0976 13.0820
0.7000 81.1182 12.9698
0.8000 74.4315 12.0703
0.9000 71.9812 12.2622
1.0000 75.0862 14.0367
#PMF from TI in kcal/mol
0.0000 0.0000
0.1000 14.0101
0.2000 27.1384
0.3000 39.3045
0.4000 50.5283
0.5000 60.8260
0.6000 70.1920
0.7000 78.7028
0.8000 86.4803
0.9000 93.8009
1.0000 101.1543
#MBAR free energy difference in kcal/mol: 
101.029410, 0.064764  #WARNING SUBSAMPLING DISABLED, CONSIDER RERUN WITH SUBSAMPLING OPTION
#TI free energy difference in kcal/mol: 
101.154297  #WARNING SUBSAMPLING DISABLED, CONSIDER RERUN WITH SUBSAMPLING OPTION 
Starting /export/users/common/BioSimSpace/sire.app/bin/analyse_freenrg: number of threads equals 32
