# Analysing data contained in file(s) ['lambda_0.0000/simfile.dat', 'lambda_0.1000/simfile.dat', 'lambda_0.2000/simfile.dat', 'lambda_0.3000/simfile.dat', 'lambda_0.4000/simfile.dat', 'lambda_0.5000/simfile.dat', 'lambda_0.6000/simfile.dat', 'lambda_0.7000/simfile.dat', 'lambda_0.8000/simfile.dat', 'lambda_0.9000/simfile.dat', 'lambda_1.0000/simfile.dat']
#Overlap matrix
0.9453 0.0547 0.0001 0.0000 0.0000 0.0000 0.0000 0.0000 0.0000 0.0000 0.0000
0.0547 0.8622 0.0828 0.0003 0.0000 0.0000 0.0000 0.0000 0.0000 0.0000 0.0000
0.0001 0.0828 0.8045 0.1119 0.0007 0.0000 0.0000 0.0000 0.0000 0.0000 0.0000
0.0000 0.0003 0.1119 0.7670 0.1198 0.0009 0.0000 0.0000 0.0000 0.0000 0.0000
0.0000 0.0000 0.0007 0.1198 0.7492 0.1288 0.0015 0.0000 0.0000 0.0000 0.0000
0.0000 0.0000 0.0000 0.0009 0.1288 0.7267 0.1413 0.0022 0.0000 0.0000 0.0000
0.0000 0.0000 0.0000 0.0000 0.0015 0.1413 0.6922 0.1622 0.0028 0.0000 0.0000
0.0000 0.0000 0.0000 0.0000 0.0000 0.0022 0.1622 0.6643 0.1685 0.0028 0.0000
0.0000 0.0000 0.0000 0.0000 0.0000 0.0000 0.0028 0.1685 0.6540 0.1720 0.0027
0.0000 0.0000 0.0000 0.0000 0.0000 0.0000 0.0000 0.0028 0.1720 0.6562 0.1689
0.0000 0.0000 0.0000 0.0000 0.0000 0.0000 0.0000 0.0000 0.0027 0.1689 0.8284
#DG from neighbouring lambda in kcal/mol
0.0000 0.1000 -2.0892 0.0349
0.1000 0.2000 0.6656 0.0274
0.2000 0.3000 2.1474 0.0226
0.3000 0.4000 3.0422 0.0216
0.4000 0.5000 3.6337 0.0205
0.5000 0.6000 4.3660 0.0191
0.6000 0.7000 5.1527 0.0173
0.7000 0.8000 5.8706 0.0167
0.8000 0.9000 6.4083 0.0165
0.9000 1.0000 6.9571 0.0169
#PMF from MBAR in kcal/mol
0.0000 0.0000 0.0000
0.1000 -2.0892 0.0349
0.2000 -1.4236 0.0460
0.3000 0.7237 0.0526
0.4000 3.7659 0.0581
0.5000 7.3996 0.0628
0.6000 11.7657 0.0667
0.7000 16.9184 0.0699
0.8000 22.7890 0.0728
0.9000 29.1972 0.0755
1.0000 36.1543 0.0783
#TI average gradients and standard deviation in kcal/mol
0.0000 -44.1904 23.9735
0.1000 -3.0879 20.2280
0.2000 14.9328 18.6265
0.3000 26.9069 17.0494
0.4000 33.6006 16.9190
0.5000 39.8007 16.7031
0.6000 47.4893 15.3331
0.7000 55.4512 14.6906
0.8000 61.4966 14.7307
0.9000 66.7357 14.5860
1.0000 85.0475 14.7742
#PMF from TI in kcal/mol
0.0000 0.0000
0.1000 -2.3639
0.2000 -1.7717
0.3000 0.3203
0.4000 3.3457
0.5000 7.0158
0.6000 11.3803
0.7000 16.5273
0.8000 22.3747
0.9000 28.7863
1.0000 36.3754
#MBAR free energy difference in kcal/mol: 
36.154295, 0.078280  #WARNING SUBSAMPLING DISABLED, CONSIDER RERUN WITH SUBSAMPLING OPTION
#TI free energy difference in kcal/mol: 
36.375431  #WARNING SUBSAMPLING DISABLED, CONSIDER RERUN WITH SUBSAMPLING OPTION 
Starting /export/users/common/BioSimSpace/sire.app/bin/analyse_freenrg: number of threads equals 32
