# Analysing data contained in file(s) ['lambda_0.0000/simfile.dat', 'lambda_0.1000/simfile.dat', 'lambda_0.2000/simfile.dat', 'lambda_0.3000/simfile.dat', 'lambda_0.4000/simfile.dat', 'lambda_0.5000/simfile.dat', 'lambda_0.6000/simfile.dat', 'lambda_0.7000/simfile.dat', 'lambda_0.8000/simfile.dat', 'lambda_0.9000/simfile.dat', 'lambda_1.0000/simfile.dat']
#Overlap matrix
0.8023 0.1844 0.0128 0.0004 0.0000 0.0000 0.0000 0.0000 0.0000 0.0000 0.0000
0.1844 0.5726 0.2176 0.0243 0.0011 0.0000 0.0000 0.0000 0.0000 0.0000 0.0000
0.0128 0.2176 0.5000 0.2349 0.0331 0.0016 0.0000 0.0000 0.0000 0.0000 0.0000
0.0004 0.0243 0.2349 0.4621 0.2389 0.0376 0.0017 0.0000 0.0000 0.0000 0.0000
0.0000 0.0011 0.0331 0.2389 0.4479 0.2398 0.0376 0.0017 0.0000 0.0000 0.0000
0.0000 0.0000 0.0016 0.0376 0.2398 0.4438 0.2399 0.0360 0.0014 0.0000 0.0000
0.0000 0.0000 0.0000 0.0017 0.0376 0.2399 0.4498 0.2375 0.0322 0.0013 0.0000
0.0000 0.0000 0.0000 0.0000 0.0017 0.0360 0.2375 0.4576 0.2326 0.0334 0.0013
0.0000 0.0000 0.0000 0.0000 0.0000 0.0014 0.0322 0.2326 0.4633 0.2407 0.0298
0.0000 0.0000 0.0000 0.0000 0.0000 0.0000 0.0013 0.0334 0.2407 0.4841 0.2404
0.0000 0.0000 0.0000 0.0000 0.0000 0.0000 0.0000 0.0013 0.0298 0.2404 0.7285
#DG from neighbouring lambda in kcal/mol
0.0000 0.1000 1.9858 0.0152
0.1000 0.2000 2.2970 0.0121
0.2000 0.3000 2.3728 0.0105
0.3000 0.4000 2.2741 0.0098
0.4000 0.5000 2.0975 0.0096
0.5000 0.6000 1.8998 0.0097
0.6000 0.7000 1.7135 0.0099
0.7000 0.8000 1.5471 0.0102
0.8000 0.9000 1.5533 0.0100
0.9000 1.0000 1.7183 0.0114
#PMF from MBAR in kcal/mol
0.0000 0.0000 0.0000
0.1000 1.9858 0.0152
0.2000 4.2828 0.0221
0.3000 6.6556 0.0264
0.4000 8.9297 0.0298
0.5000 11.0272 0.0327
0.6000 12.9270 0.0354
0.7000 14.6405 0.0380
0.8000 16.1876 0.0406
0.9000 17.7409 0.0429
1.0000 19.4592 0.0455
#TI average gradients and standard deviation in kcal/mol
0.0000 17.5477 15.4727
0.1000 21.6740 12.5453
0.2000 23.5943 11.1849
0.3000 23.6675 10.1866
0.4000 21.8983 9.5448
0.5000 20.1303 9.7759
0.6000 17.9447 9.7528
0.7000 16.4596 9.9053
0.8000 14.8825 9.8428
0.9000 16.4567 10.1773
1.0000 19.9947 11.2083
#PMF from TI in kcal/mol
0.0000 0.0000
0.1000 1.9611
0.2000 4.2245
0.3000 6.5876
0.4000 8.8659
0.5000 10.9673
0.6000 12.8711
0.7000 14.5913
0.8000 16.1584
0.9000 17.7253
1.0000 19.5479
#MBAR free energy difference in kcal/mol: 
19.459218, 0.045483  #WARNING SUBSAMPLING DISABLED, CONSIDER RERUN WITH SUBSAMPLING OPTION
#TI free energy difference in kcal/mol: 
19.547920  #WARNING SUBSAMPLING DISABLED, CONSIDER RERUN WITH SUBSAMPLING OPTION 
Starting /export/users/common/BioSimSpace/sire.app/bin/analyse_freenrg: number of threads equals 32
