# Analysing data contained in file(s) ['lambda_0.0000/simfile.dat', 'lambda_0.1000/simfile.dat', 'lambda_0.2000/simfile.dat', 'lambda_0.3000/simfile.dat', 'lambda_0.4000/simfile.dat', 'lambda_0.5000/simfile.dat', 'lambda_0.6000/simfile.dat', 'lambda_0.7000/simfile.dat', 'lambda_0.8000/simfile.dat', 'lambda_0.9000/simfile.dat', 'lambda_1.0000/simfile.dat']
#Overlap matrix
0.9032 0.0967 0.0002 0.0000 0.0000 0.0000 0.0000 0.0000 0.0000 0.0000 0.0000
0.0967 0.7877 0.1152 0.0004 0.0000 0.0000 0.0000 0.0000 0.0000 0.0000 0.0000
0.0002 0.1152 0.7579 0.1264 0.0004 0.0000 0.0000 0.0000 0.0000 0.0000 0.0000
0.0000 0.0004 0.1264 0.7549 0.1181 0.0003 0.0000 0.0000 0.0000 0.0000 0.0000
0.0000 0.0000 0.0004 0.1181 0.7787 0.1028 0.0001 0.0000 0.0000 0.0000 0.0000
0.0000 0.0000 0.0000 0.0003 0.1028 0.8153 0.0816 0.0000 0.0000 0.0000 0.0000
0.0000 0.0000 0.0000 0.0000 0.0001 0.0816 0.8758 0.0425 0.0000 0.0000 0.0000
0.0000 0.0000 0.0000 0.0000 0.0000 0.0000 0.0425 0.9481 0.0094 0.0000 0.0000
0.0000 0.0000 0.0000 0.0000 0.0000 0.0000 0.0000 0.0094 0.9844 0.0062 0.0000
0.0000 0.0000 0.0000 0.0000 0.0000 0.0000 0.0000 0.0000 0.0062 0.9856 0.0082
0.0000 0.0000 0.0000 0.0000 0.0000 0.0000 0.0000 0.0000 0.0000 0.0082 0.9918
#DG from neighbouring lambda in kcal/mol
0.0000 0.1000 7.6389 0.0250
0.1000 0.2000 6.9398 0.0223
0.2000 0.3000 6.4902 0.0209
0.3000 0.4000 5.7152 0.0219
0.4000 0.5000 4.5545 0.0240
0.5000 0.6000 2.3856 0.0277
0.6000 0.7000 -1.5435 0.0401
0.7000 0.8000 -8.8762 0.0884
0.8000 0.9000 -21.2443 0.1092
0.9000 1.0000 -31.0851 0.0946
#PMF from MBAR in kcal/mol
0.0000 0.0000 0.0000
0.1000 7.6389 0.0250
0.2000 14.5788 0.0356
0.3000 21.0690 0.0430
0.4000 26.7841 0.0498
0.5000 31.3386 0.0566
0.6000 33.7242 0.0641
0.7000 32.1807 0.0767
0.8000 23.3045 0.1176
0.9000 2.0602 0.1610
1.0000 -29.0249 0.1871
#TI average gradients and standard deviation in kcal/mol
0.0000 77.9203 19.6896
0.1000 72.5761 18.3462
0.2000 67.2952 16.7490
0.3000 61.8169 17.0041
0.4000 52.1770 17.4087
0.5000 36.1181 19.7298
0.6000 8.8271 21.8257
0.7000 -42.4249 24.5197
0.8000 -148.9718 32.5911
0.9000 -269.1988 30.1191
1.0000 -356.4049 31.2031
#PMF from TI in kcal/mol
0.0000 0.0000
0.1000 7.5248
0.2000 14.5184
0.3000 20.9740
0.4000 26.6737
0.5000 31.0884
0.6000 33.3357
0.7000 31.6558
0.8000 22.0860
0.9000 1.1774
1.0000 -30.1027
#MBAR free energy difference in kcal/mol: 
-29.024855, 0.187111  #WARNING SUBSAMPLING DISABLED, CONSIDER RERUN WITH SUBSAMPLING OPTION
#TI free energy difference in kcal/mol: 
-30.102746  #WARNING SUBSAMPLING DISABLED, CONSIDER RERUN WITH SUBSAMPLING OPTION 
Starting /export/users/common/BioSimSpace/sire.app/bin/analyse_freenrg: number of threads equals 32
