# Analysing data contained in file(s) ['lambda_0.0000/simfile.dat', 'lambda_0.1000/simfile.dat', 'lambda_0.2000/simfile.dat', 'lambda_0.3000/simfile.dat', 'lambda_0.4000/simfile.dat', 'lambda_0.5000/simfile.dat', 'lambda_0.6000/simfile.dat', 'lambda_0.7000/simfile.dat', 'lambda_0.8000/simfile.dat', 'lambda_0.9000/simfile.dat', 'lambda_1.0000/simfile.dat']
#Overlap matrix
0.9673 0.0327 0.0000 0.0000 0.0000 0.0000 0.0000 0.0000 0.0000 0.0000 0.0000
0.0327 0.9151 0.0522 0.0000 0.0000 0.0000 0.0000 0.0000 0.0000 0.0000 0.0000
0.0000 0.0522 0.8817 0.0661 0.0001 0.0000 0.0000 0.0000 0.0000 0.0000 0.0000
0.0000 0.0000 0.0661 0.8589 0.0748 0.0001 0.0000 0.0000 0.0000 0.0000 0.0000
0.0000 0.0000 0.0001 0.0748 0.8514 0.0737 0.0001 0.0000 0.0000 0.0000 0.0000
0.0000 0.0000 0.0000 0.0001 0.0737 0.8701 0.0557 0.0004 0.0000 0.0000 0.0000
0.0000 0.0000 0.0000 0.0000 0.0001 0.0557 0.8213 0.1224 0.0005 0.0000 0.0000
0.0000 0.0000 0.0000 0.0000 0.0000 0.0004 0.1224 0.7654 0.1116 0.0002 0.0000
0.0000 0.0000 0.0000 0.0000 0.0000 0.0000 0.0005 0.1116 0.7805 0.1073 0.0001
0.0000 0.0000 0.0000 0.0000 0.0000 0.0000 0.0000 0.0002 0.1073 0.8128 0.0798
0.0000 0.0000 0.0000 0.0000 0.0000 0.0000 0.0000 0.0000 0.0001 0.0798 0.9202
#DG from neighbouring lambda in kcal/mol
0.0000 0.1000 -6.2979 0.0463
0.1000 0.2000 -2.0348 0.0358
0.2000 0.3000 -0.6320 0.0313
0.3000 0.4000 -0.3631 0.0291
0.4000 0.5000 -0.2859 0.0294
0.5000 0.6000 -0.8523 0.0344
0.6000 0.7000 0.1503 0.0214
0.7000 0.8000 0.3097 0.0227
0.8000 0.9000 -0.9391 0.0234
0.9000 1.0000 -2.3669 0.0281
#PMF from MBAR in kcal/mol
0.0000 0.0000 0.0000
0.1000 -6.2979 0.0463
0.2000 -8.3328 0.0598
0.3000 -8.9647 0.0686
0.4000 -9.3278 0.0755
0.5000 -9.6137 0.0819
0.6000 -10.4660 0.0897
0.7000 -10.3157 0.0929
0.8000 -10.0060 0.0964
0.9000 -10.9452 0.1000
1.0000 -13.3121 0.1045
#TI average gradients and standard deviation in kcal/mol
0.0000 -104.4580 28.3173
0.1000 -33.9820 23.7948
0.2000 -10.5208 21.7631
0.3000 -3.9982 20.8695
0.4000 -2.4176 20.2461
0.5000 -4.7020 21.6614
0.6000 -8.2882 20.2427
0.7000 6.7784 17.1976
0.8000 -2.6553 17.9273
0.9000 -15.2890 17.5763
1.0000 -25.0277 21.7727
#PMF from TI in kcal/mol
0.0000 0.0000
0.1000 -6.9220
0.2000 -9.1471
0.3000 -9.8731
0.4000 -10.1939
0.5000 -10.5499
0.6000 -11.1994
0.7000 -11.2749
0.8000 -11.0687
0.9000 -11.9659
1.0000 -13.9818
#MBAR free energy difference in kcal/mol: 
-13.312115, 0.104539  #WARNING SUBSAMPLING DISABLED, CONSIDER RERUN WITH SUBSAMPLING OPTION
#TI free energy difference in kcal/mol: 
-13.981753  #WARNING SUBSAMPLING DISABLED, CONSIDER RERUN WITH SUBSAMPLING OPTION 
Starting /export/users/common/BioSimSpace/sire.app/bin/analyse_freenrg: number of threads equals 32
