# Analysing data contained in file(s) ['lambda_0.0000/simfile.dat', 'lambda_0.1000/simfile.dat', 'lambda_0.2000/simfile.dat', 'lambda_0.3000/simfile.dat', 'lambda_0.4000/simfile.dat', 'lambda_0.5000/simfile.dat', 'lambda_0.6000/simfile.dat', 'lambda_0.7000/simfile.dat', 'lambda_0.8000/simfile.dat', 'lambda_0.9000/simfile.dat', 'lambda_1.0000/simfile.dat']
#Overlap matrix
0.9791 0.0209 0.0000 0.0000 0.0000 0.0000 0.0000 0.0000 0.0000 0.0000 0.0000
0.0209 0.9518 0.0273 0.0000 0.0000 0.0000 0.0000 0.0000 0.0000 0.0000 0.0000
0.0000 0.0273 0.9404 0.0324 0.0000 0.0000 0.0000 0.0000 0.0000 0.0000 0.0000
0.0000 0.0000 0.0324 0.9242 0.0434 0.0000 0.0000 0.0000 0.0000 0.0000 0.0000
0.0000 0.0000 0.0000 0.0434 0.9066 0.0500 0.0000 0.0000 0.0000 0.0000 0.0000
0.0000 0.0000 0.0000 0.0000 0.0500 0.8917 0.0583 0.0000 0.0000 0.0000 0.0000
0.0000 0.0000 0.0000 0.0000 0.0000 0.0583 0.8427 0.0989 0.0001 0.0000 0.0000
0.0000 0.0000 0.0000 0.0000 0.0000 0.0000 0.0989 0.8091 0.0919 0.0001 0.0000
0.0000 0.0000 0.0000 0.0000 0.0000 0.0000 0.0001 0.0919 0.7931 0.1146 0.0003
0.0000 0.0000 0.0000 0.0000 0.0000 0.0000 0.0000 0.0001 0.1146 0.7605 0.1247
0.0000 0.0000 0.0000 0.0000 0.0000 0.0000 0.0000 0.0000 0.0003 0.1247 0.8750
#DG from neighbouring lambda in kcal/mol
0.0000 0.1000 -12.4553 0.0585
0.1000 0.2000 -8.6370 0.0510
0.2000 0.3000 -7.3612 0.0465
0.3000 0.4000 -6.5614 0.0397
0.4000 0.5000 -5.7634 0.0367
0.5000 0.6000 -5.1561 0.0337
0.6000 0.7000 -4.4724 0.0246
0.7000 0.8000 -3.6939 0.0257
0.8000 0.9000 -3.2996 0.0224
0.9000 1.0000 -2.6620 0.0212
#PMF from MBAR in kcal/mol
0.0000 0.0000 0.0000
0.1000 -12.4553 0.0585
0.2000 -21.0923 0.0785
0.3000 -28.4536 0.0921
0.4000 -35.0150 0.1010
0.5000 -40.7784 0.1082
0.6000 -45.9345 0.1139
0.7000 -50.4069 0.1172
0.8000 -54.1008 0.1206
0.9000 -57.4004 0.1233
1.0000 -60.0624 0.1257
#TI average gradients and standard deviation in kcal/mol
0.0000 -159.1407 28.2897
0.1000 -99.4345 26.4322
0.2000 -78.6953 26.1345
0.3000 -69.8157 24.7211
0.4000 -60.5258 22.8496
0.5000 -53.5286 19.9647
0.6000 -50.6926 19.1506
0.7000 -39.1853 18.7929
0.8000 -35.8765 18.9434
0.9000 -29.4818 17.3570
1.0000 -14.8738 16.0806
#PMF from TI in kcal/mol
0.0000 0.0000
0.1000 -12.9288
0.2000 -21.8353
0.3000 -29.2608
0.4000 -35.7779
0.5000 -41.4806
0.6000 -46.6917
0.7000 -51.1856
0.8000 -54.9387
0.9000 -58.2066
1.0000 -60.4244
#MBAR free energy difference in kcal/mol: 
-60.062397, 0.125660  #WARNING SUBSAMPLING DISABLED, CONSIDER RERUN WITH SUBSAMPLING OPTION
#TI free energy difference in kcal/mol: 
-60.424356  #WARNING SUBSAMPLING DISABLED, CONSIDER RERUN WITH SUBSAMPLING OPTION 
Starting /export/users/common/BioSimSpace/sire.app/bin/analyse_freenrg: number of threads equals 32
