# Analysing data contained in file(s) ['lambda_0.0000/simfile.dat', 'lambda_0.1000/simfile.dat', 'lambda_0.2000/simfile.dat', 'lambda_0.3000/simfile.dat', 'lambda_0.4000/simfile.dat', 'lambda_0.5000/simfile.dat', 'lambda_0.6000/simfile.dat', 'lambda_0.7000/simfile.dat', 'lambda_0.8000/simfile.dat', 'lambda_0.9000/simfile.dat', 'lambda_1.0000/simfile.dat']
#Overlap matrix
0.8044 0.1815 0.0136 0.0006 0.0000 0.0000 0.0000 0.0000 0.0000 0.0000 0.0000
0.1815 0.5730 0.2184 0.0259 0.0012 0.0000 0.0000 0.0000 0.0000 0.0000 0.0000
0.0136 0.2184 0.5064 0.2298 0.0305 0.0013 0.0000 0.0000 0.0000 0.0000 0.0000
0.0006 0.0259 0.2298 0.4755 0.2346 0.0322 0.0013 0.0000 0.0000 0.0000 0.0000
0.0000 0.0012 0.0305 0.2346 0.4674 0.2331 0.0320 0.0012 0.0000 0.0000 0.0000
0.0000 0.0000 0.0013 0.0322 0.2331 0.4632 0.2365 0.0325 0.0011 0.0000 0.0000
0.0000 0.0000 0.0000 0.0013 0.0320 0.2365 0.4630 0.2371 0.0294 0.0007 0.0000
0.0000 0.0000 0.0000 0.0000 0.0012 0.0325 0.2371 0.4738 0.2334 0.0219 0.0001
0.0000 0.0000 0.0000 0.0000 0.0000 0.0011 0.0294 0.2334 0.5064 0.2232 0.0064
0.0000 0.0000 0.0000 0.0000 0.0000 0.0000 0.0007 0.0219 0.2232 0.5982 0.1560
0.0000 0.0000 0.0000 0.0000 0.0000 0.0000 0.0000 0.0001 0.0064 0.1560 0.8374
#DG from neighbouring lambda in kcal/mol
0.0000 0.1000 -4.4721 0.0153
0.1000 0.2000 -1.8965 0.0119
0.2000 0.3000 -0.2537 0.0107
0.3000 0.4000 0.8999 0.0103
0.4000 0.5000 1.8379 0.0103
0.5000 0.6000 2.6927 0.0101
0.6000 0.7000 3.5157 0.0102
0.7000 0.8000 4.3020 0.0108
0.8000 0.9000 4.9877 0.0122
0.9000 1.0000 5.0333 0.0176
#PMF from MBAR in kcal/mol
0.0000 0.0000 0.0000
0.1000 -4.4721 0.0153
0.2000 -6.3686 0.0220
0.3000 -6.6223 0.0264
0.4000 -5.7224 0.0299
0.5000 -3.8845 0.0331
0.6000 -1.1918 0.0360
0.7000 2.3238 0.0386
0.8000 6.6258 0.0413
0.9000 11.6136 0.0443
1.0000 16.6469 0.0490
#TI average gradients and standard deviation in kcal/mol
0.0000 -63.2678 15.1261
0.1000 -29.8702 12.3862
0.2000 -9.7711 11.3271
0.3000 3.6323 10.6762
0.4000 14.0534 10.3484
0.5000 22.6882 10.2212
0.6000 31.0319 10.2535
0.7000 39.4136 10.2010
0.8000 46.6929 10.5578
0.9000 51.9584 13.0580
1.0000 48.7734 16.6334
#PMF from TI in kcal/mol
0.0000 0.0000
0.1000 -4.6569
0.2000 -6.6390
0.3000 -6.9459
0.4000 -6.0616
0.5000 -4.2246
0.6000 -1.5386
0.7000 1.9837
0.8000 6.2890
0.9000 11.2216
1.0000 16.2582
#MBAR free energy difference in kcal/mol: 
16.646851, 0.049002  #WARNING SUBSAMPLING DISABLED, CONSIDER RERUN WITH SUBSAMPLING OPTION
#TI free energy difference in kcal/mol: 
16.258198  #WARNING SUBSAMPLING DISABLED, CONSIDER RERUN WITH SUBSAMPLING OPTION 
Starting /export/users/common/BioSimSpace/sire.app/bin/analyse_freenrg: number of threads equals 32
