# Analysing data contained in file(s) ['lambda_0.0000/simfile.dat', 'lambda_0.1000/simfile.dat', 'lambda_0.2000/simfile.dat', 'lambda_0.3000/simfile.dat', 'lambda_0.4000/simfile.dat', 'lambda_0.5000/simfile.dat', 'lambda_0.6000/simfile.dat', 'lambda_0.7000/simfile.dat', 'lambda_0.8000/simfile.dat', 'lambda_0.9000/simfile.dat', 'lambda_1.0000/simfile.dat']
#Overlap matrix
0.9173 0.0827 0.0000 0.0000 0.0000 0.0000 0.0000 0.0000 0.0000 0.0000 0.0000
0.0827 0.8422 0.0751 0.0000 0.0000 0.0000 0.0000 0.0000 0.0000 0.0000 0.0000
0.0000 0.0751 0.8477 0.0772 0.0000 0.0000 0.0000 0.0000 0.0000 0.0000 0.0000
0.0000 0.0000 0.0772 0.8347 0.0879 0.0001 0.0000 0.0000 0.0000 0.0000 0.0000
0.0000 0.0000 0.0000 0.0879 0.8052 0.1066 0.0002 0.0000 0.0000 0.0000 0.0000
0.0000 0.0000 0.0000 0.0001 0.1066 0.7822 0.1107 0.0004 0.0000 0.0000 0.0000
0.0000 0.0000 0.0000 0.0000 0.0002 0.1107 0.7586 0.1298 0.0007 0.0000 0.0000
0.0000 0.0000 0.0000 0.0000 0.0000 0.0004 0.1298 0.7262 0.1424 0.0011 0.0000
0.0000 0.0000 0.0000 0.0000 0.0000 0.0000 0.0007 0.1424 0.7091 0.1466 0.0011
0.0000 0.0000 0.0000 0.0000 0.0000 0.0000 0.0000 0.0011 0.1466 0.7121 0.1401
0.0000 0.0000 0.0000 0.0000 0.0000 0.0000 0.0000 0.0000 0.0011 0.1401 0.8588
#DG from neighbouring lambda in kcal/mol
0.0000 0.1000 -16.2701 0.0275
0.1000 0.2000 -8.0394 0.0291
0.2000 0.3000 -6.2016 0.0286
0.3000 0.4000 -5.5015 0.0265
0.4000 0.5000 -4.9830 0.0235
0.5000 0.6000 -4.4280 0.0229
0.6000 0.7000 -3.9149 0.0205
0.7000 0.8000 -3.4773 0.0192
0.8000 0.9000 -3.1691 0.0188
0.9000 1.0000 -3.2922 0.0195
#PMF from MBAR in kcal/mol
0.0000 0.0000 0.0000
0.1000 -16.2701 0.0275
0.2000 -24.3095 0.0418
0.3000 -30.5111 0.0521
0.4000 -36.0127 0.0597
0.5000 -40.9956 0.0653
0.6000 -45.4236 0.0702
0.7000 -49.3385 0.0742
0.8000 -52.8158 0.0775
0.9000 -55.9849 0.0807
1.0000 -59.2771 0.0838
#TI average gradients and standard deviation in kcal/mol
0.0000 -265.4839 18.2864
0.1000 -100.9389 19.1498
0.2000 -67.6537 19.1211
0.3000 -58.1344 18.7808
0.4000 -52.9935 17.1973
0.5000 -46.4033 17.0306
0.6000 -41.9580 15.8211
0.7000 -36.8044 15.4681
0.8000 -32.6752 14.9043
0.9000 -31.2696 14.7547
1.0000 -33.7840 15.0445
#PMF from TI in kcal/mol
0.0000 0.0000
0.1000 -18.3211
0.2000 -26.7508
0.3000 -33.0402
0.4000 -38.5966
0.5000 -43.5664
0.6000 -47.9845
0.7000 -51.9226
0.8000 -55.3966
0.9000 -58.5938
1.0000 -61.8465
#MBAR free energy difference in kcal/mol: 
-59.277060, 0.083840  #WARNING SUBSAMPLING DISABLED, CONSIDER RERUN WITH SUBSAMPLING OPTION
#TI free energy difference in kcal/mol: 
-61.846492  #WARNING SUBSAMPLING DISABLED, CONSIDER RERUN WITH SUBSAMPLING OPTION 
Starting /export/users/common/BioSimSpace/sire.app/bin/analyse_freenrg: number of threads equals 32
