# Analysing data contained in file(s) ['lambda_0.0000/simfile.dat', 'lambda_0.1000/simfile.dat', 'lambda_0.2000/simfile.dat', 'lambda_0.3000/simfile.dat', 'lambda_0.4000/simfile.dat', 'lambda_0.5000/simfile.dat', 'lambda_0.6000/simfile.dat', 'lambda_0.7000/simfile.dat', 'lambda_0.8000/simfile.dat', 'lambda_0.9000/simfile.dat', 'lambda_1.0000/simfile.dat']
#Overlap matrix
0.7955 0.1933 0.0111 0.0002 0.0000 0.0000 0.0000 0.0000 0.0000 0.0000 0.0000
0.1933 0.5848 0.2059 0.0156 0.0003 0.0000 0.0000 0.0000 0.0000 0.0000 0.0000
0.0111 0.2059 0.5478 0.2151 0.0197 0.0005 0.0000 0.0000 0.0000 0.0000 0.0000
0.0002 0.0156 0.2151 0.5225 0.2248 0.0213 0.0004 0.0000 0.0000 0.0000 0.0000
0.0000 0.0003 0.0197 0.2248 0.5114 0.2226 0.0208 0.0004 0.0000 0.0000 0.0000
0.0000 0.0000 0.0005 0.0213 0.2226 0.5043 0.2299 0.0211 0.0004 0.0000 0.0000
0.0000 0.0000 0.0000 0.0004 0.0208 0.2299 0.5039 0.2247 0.0198 0.0003 0.0000
0.0000 0.0000 0.0000 0.0000 0.0004 0.0211 0.2247 0.5068 0.2274 0.0193 0.0003
0.0000 0.0000 0.0000 0.0000 0.0000 0.0004 0.0198 0.2274 0.5135 0.2219 0.0170
0.0000 0.0000 0.0000 0.0000 0.0000 0.0000 0.0003 0.0193 0.2219 0.5228 0.2357
0.0000 0.0000 0.0000 0.0000 0.0000 0.0000 0.0000 0.0003 0.0170 0.2357 0.7470
#DG from neighbouring lambda in kcal/mol
0.0000 0.1000 -2.1023 0.0147
0.1000 0.2000 0.6923 0.0132
0.2000 0.3000 2.6014 0.0123
0.3000 0.4000 4.2539 0.0116
0.4000 0.5000 5.7801 0.0116
0.5000 0.6000 7.2098 0.0113
0.6000 0.7000 8.6220 0.0116
0.7000 0.8000 10.0034 0.0115
0.8000 0.9000 11.3853 0.0119
0.9000 1.0000 12.7186 0.0121
#PMF from MBAR in kcal/mol
0.0000 0.0000 0.0000
0.1000 -2.1023 0.0147
0.2000 -1.4100 0.0225
0.3000 1.1914 0.0277
0.4000 5.4453 0.0317
0.5000 11.2254 0.0353
0.6000 18.4351 0.0385
0.7000 27.0572 0.0415
0.8000 37.0606 0.0443
0.9000 48.4459 0.0471
1.0000 61.1645 0.0497
#TI average gradients and standard deviation in kcal/mol
0.0000 -41.8258 14.4106
0.1000 -4.5587 12.3742
0.2000 17.3949 11.6965
0.3000 34.3155 11.2800
0.4000 50.7876 10.6715
0.5000 64.6763 10.5658
0.6000 79.2809 10.7605
0.7000 93.1289 10.8404
0.8000 106.9956 10.7886
0.9000 120.4322 11.2833
1.0000 135.8955 11.0201
#PMF from TI in kcal/mol
0.0000 0.0000
0.1000 -2.3192
0.2000 -1.6774
0.3000 0.9081
0.4000 5.1633
0.5000 10.9365
0.6000 18.1343
0.7000 26.7548
0.8000 36.7610
0.9000 48.1324
1.0000 60.9488
#MBAR free energy difference in kcal/mol: 
61.164531, 0.049736  #WARNING SUBSAMPLING DISABLED, CONSIDER RERUN WITH SUBSAMPLING OPTION
#TI free energy difference in kcal/mol: 
60.948816  #WARNING SUBSAMPLING DISABLED, CONSIDER RERUN WITH SUBSAMPLING OPTION 
Starting /export/users/common/BioSimSpace/sire.app/bin/analyse_freenrg: number of threads equals 32
