# Analysing data contained in file(s) ['lambda_0.0000/simfile.dat', 'lambda_0.1000/simfile.dat', 'lambda_0.2000/simfile.dat', 'lambda_0.3000/simfile.dat', 'lambda_0.4000/simfile.dat', 'lambda_0.5000/simfile.dat', 'lambda_0.6000/simfile.dat', 'lambda_0.7000/simfile.dat', 'lambda_0.8000/simfile.dat', 'lambda_0.9000/simfile.dat', 'lambda_1.0000/simfile.dat']
#Overlap matrix
0.7742 0.2137 0.0121 0.0001 0.0000 0.0000 0.0000 0.0000 0.0000 0.0000 0.0000
0.2137 0.5552 0.2171 0.0139 0.0001 0.0000 0.0000 0.0000 0.0000 0.0000 0.0000
0.0121 0.2171 0.5397 0.2183 0.0128 0.0001 0.0000 0.0000 0.0000 0.0000 0.0000
0.0001 0.0139 0.2183 0.5458 0.2111 0.0107 0.0001 0.0000 0.0000 0.0000 0.0000
0.0000 0.0001 0.0128 0.2111 0.5575 0.2091 0.0093 0.0000 0.0000 0.0000 0.0000
0.0000 0.0000 0.0001 0.0107 0.2091 0.5748 0.1990 0.0062 0.0000 0.0000 0.0000
0.0000 0.0000 0.0000 0.0001 0.0093 0.1990 0.6011 0.1862 0.0044 0.0000 0.0000
0.0000 0.0000 0.0000 0.0000 0.0000 0.0062 0.1862 0.6254 0.1784 0.0037 0.0000
0.0000 0.0000 0.0000 0.0000 0.0000 0.0000 0.0044 0.1784 0.6309 0.1825 0.0039
0.0000 0.0000 0.0000 0.0000 0.0000 0.0000 0.0000 0.0037 0.1825 0.6360 0.1778
0.0000 0.0000 0.0000 0.0000 0.0000 0.0000 0.0000 0.0000 0.0039 0.1778 0.8183
#DG from neighbouring lambda in kcal/mol
0.0000 0.1000 13.1242 0.0135
0.1000 0.2000 12.2943 0.0126
0.2000 0.3000 10.7210 0.0125
0.3000 0.4000 8.8869 0.0131
0.4000 0.5000 6.9018 0.0133
0.5000 0.6000 4.8142 0.0141
0.6000 0.7000 2.4782 0.0152
0.7000 0.8000 -0.0727 0.0159
0.8000 0.9000 -2.6403 0.0156
0.9000 1.0000 -4.8510 0.0162
#PMF from MBAR in kcal/mol
0.0000 0.0000 0.0000
0.1000 13.1242 0.0135
0.2000 25.4184 0.0214
0.3000 36.1394 0.0270
0.4000 45.0264 0.0319
0.5000 51.9281 0.0363
0.6000 56.7423 0.0405
0.7000 59.2205 0.0447
0.8000 59.1477 0.0488
0.9000 56.5074 0.0525
1.0000 51.6564 0.0562
#TI average gradients and standard deviation in kcal/mol
0.0000 128.5619 12.8774
0.1000 129.0869 11.9386
0.2000 115.6562 11.7744
0.3000 98.6148 11.6974
0.4000 78.9258 12.1435
0.5000 58.9921 12.2367
0.6000 36.9806 12.7545
0.7000 12.2485 13.3729
0.8000 -13.8937 13.4743
0.9000 -38.3145 13.5646
1.0000 -53.2607 21.6766
#PMF from TI in kcal/mol
0.0000 0.0000
0.1000 12.8824
0.2000 25.1196
0.3000 35.8331
0.4000 44.7102
0.5000 51.6061
0.6000 56.4047
0.7000 58.8662
0.8000 58.7839
0.9000 56.1735
1.0000 51.5947
#MBAR free energy difference in kcal/mol: 
51.656445, 0.056183  #WARNING SUBSAMPLING DISABLED, CONSIDER RERUN WITH SUBSAMPLING OPTION
#TI free energy difference in kcal/mol: 
51.594722  #WARNING SUBSAMPLING DISABLED, CONSIDER RERUN WITH SUBSAMPLING OPTION 
Starting /export/users/common/BioSimSpace/sire.app/bin/analyse_freenrg: number of threads equals 32
