# Analysing data contained in file(s) ['lambda_0.0000/simfile.dat', 'lambda_0.1000/simfile.dat', 'lambda_0.2000/simfile.dat', 'lambda_0.3000/simfile.dat', 'lambda_0.4000/simfile.dat', 'lambda_0.5000/simfile.dat', 'lambda_0.6000/simfile.dat', 'lambda_0.7000/simfile.dat', 'lambda_0.8000/simfile.dat', 'lambda_0.9000/simfile.dat', 'lambda_1.0000/simfile.dat']
#Overlap matrix
0.8389 0.1536 0.0073 0.0002 0.0000 0.0000 0.0000 0.0000 0.0000 0.0000 0.0000
0.1536 0.6122 0.2086 0.0244 0.0012 0.0000 0.0000 0.0000 0.0000 0.0000 0.0000
0.0073 0.2086 0.5119 0.2349 0.0353 0.0020 0.0000 0.0000 0.0000 0.0000 0.0000
0.0002 0.0244 0.2349 0.4645 0.2339 0.0397 0.0024 0.0001 0.0000 0.0000 0.0000
0.0000 0.0012 0.0353 0.2339 0.4455 0.2390 0.0423 0.0027 0.0001 0.0000 0.0000
0.0000 0.0000 0.0020 0.0397 0.2390 0.4330 0.2389 0.0444 0.0029 0.0001 0.0000
0.0000 0.0000 0.0000 0.0024 0.0423 0.2389 0.4295 0.2388 0.0450 0.0030 0.0001
0.0000 0.0000 0.0000 0.0001 0.0027 0.0444 0.2388 0.4231 0.2411 0.0468 0.0031
0.0000 0.0000 0.0000 0.0000 0.0001 0.0029 0.0450 0.2411 0.4193 0.2435 0.0482
0.0000 0.0000 0.0000 0.0000 0.0000 0.0001 0.0030 0.0468 0.2435 0.4314 0.2753
0.0000 0.0000 0.0000 0.0000 0.0000 0.0000 0.0001 0.0031 0.0482 0.2753 0.6733
#DG from neighbouring lambda in kcal/mol
0.0000 0.1000 7.4889 0.0178
0.1000 0.2000 8.6036 0.0128
0.2000 0.3000 8.1151 0.0104
0.3000 0.4000 7.1769 0.0098
0.4000 0.5000 6.1694 0.0094
0.5000 0.6000 5.2156 0.0092
0.6000 0.7000 4.3545 0.0091
0.7000 0.8000 3.5704 0.0089
0.8000 0.9000 2.8525 0.0088
0.9000 1.0000 2.2009 0.0092
#PMF from MBAR in kcal/mol
0.0000 0.0000 0.0000
0.1000 7.4889 0.0178
0.2000 16.0925 0.0245
0.3000 24.2076 0.0284
0.4000 31.3845 0.0315
0.5000 37.5540 0.0341
0.6000 42.7696 0.0366
0.7000 47.1240 0.0388
0.8000 50.6944 0.0409
0.9000 53.5469 0.0428
1.0000 55.7478 0.0448
#TI average gradients and standard deviation in kcal/mol
0.0000 54.8978 17.0077
0.1000 84.5497 14.1528
0.2000 84.7619 11.5923
0.3000 76.9695 10.1593
0.4000 66.5957 9.7844
0.5000 56.8971 9.3421
0.6000 47.8289 9.1562
0.7000 39.2795 9.3782
0.8000 32.1601 9.1179
0.9000 25.3415 8.9827
1.0000 21.3669 9.0822
#PMF from TI in kcal/mol
0.0000 0.0000
0.1000 6.9724
0.2000 15.4380
0.3000 23.5245
0.4000 30.7028
0.5000 36.8774
0.6000 42.1137
0.7000 46.4691
0.8000 50.0411
0.9000 52.9162
1.0000 55.2516
#MBAR free energy difference in kcal/mol: 
55.747820, 0.044774  #WARNING SUBSAMPLING DISABLED, CONSIDER RERUN WITH SUBSAMPLING OPTION
#TI free energy difference in kcal/mol: 
55.251623  #WARNING SUBSAMPLING DISABLED, CONSIDER RERUN WITH SUBSAMPLING OPTION 
Starting /export/users/common/BioSimSpace/sire.app/bin/analyse_freenrg: number of threads equals 32
