# Analysing data contained in file(s) ['lambda_0.0000/simfile.dat', 'lambda_0.1000/simfile.dat', 'lambda_0.2000/simfile.dat', 'lambda_0.3000/simfile.dat', 'lambda_0.4000/simfile.dat', 'lambda_0.5000/simfile.dat', 'lambda_0.6000/simfile.dat', 'lambda_0.7000/simfile.dat', 'lambda_0.8000/simfile.dat', 'lambda_0.9000/simfile.dat', 'lambda_1.0000/simfile.dat']
#Overlap matrix
0.9987 0.0013 0.0000 0.0000 0.0000 0.0000 0.0000 0.0000 0.0000 0.0000 0.0000
0.0013 0.9964 0.0024 0.0000 0.0000 0.0000 0.0000 0.0000 0.0000 0.0000 0.0000
0.0000 0.0024 0.9960 0.0016 0.0000 0.0000 0.0000 0.0000 0.0000 0.0000 0.0000
0.0000 0.0000 0.0016 0.9984 0.0000 0.0000 0.0000 0.0000 0.0000 0.0000 0.0000
0.0000 0.0000 0.0000 0.0000 0.9963 0.0013 0.0006 0.0017 0.0000 0.0000 0.0000
0.0000 0.0000 0.0000 0.0000 0.0013 0.8968 0.1017 0.0002 0.0000 0.0000 0.0000
0.0000 0.0000 0.0000 0.0000 0.0006 0.1017 0.7811 0.1157 0.0008 0.0000 0.0000
0.0000 0.0000 0.0000 0.0000 0.0017 0.0002 0.1157 0.7206 0.1618 0.0000 0.0000
0.0000 0.0000 0.0000 0.0000 0.0000 0.0000 0.0008 0.1618 0.8241 0.0133 0.0000
0.0000 0.0000 0.0000 0.0000 0.0000 0.0000 0.0000 0.0000 0.0133 0.9518 0.0349
0.0000 0.0000 0.0000 0.0000 0.0000 0.0000 0.0000 0.0000 0.0000 0.0349 0.9651
#DG from neighbouring lambda in kcal/mol
0.0000 0.1000 8.0746 0.2441
0.1000 0.2000 8.3692 0.1776
0.2000 0.3000 13.5493 0.2134
0.3000 0.4000 7.3345 5.1166
0.4000 0.5000 -2.2490 0.1428
0.5000 0.6000 24.0730 0.0241
0.6000 0.7000 23.5757 0.0221
0.7000 0.8000 19.7423 0.0176
0.8000 0.9000 13.8164 0.0739
0.9000 1.0000 1.4647 0.0447
#PMF from MBAR in kcal/mol
0.0000 0.0000 0.0000
0.1000 8.0746 0.2441
0.2000 16.4438 0.3021
0.3000 29.9931 0.3701
0.4000 37.3276 5.1300
0.5000 35.0786 5.1320
0.6000 59.1516 5.1320
0.7000 82.7273 5.1320
0.8000 102.4696 5.1320
0.9000 116.2860 5.1326
1.0000 117.7507 5.1328
#TI average gradients and standard deviation in kcal/mol
0.0000 71.5894 29.0791
0.1000 75.5176 36.4840
0.2000 79.9967 56.4393
0.3000 72.6795 91.3071
0.4000 -40.3542 80.7862
0.5000 135.5727 18.9351
0.6000 205.6386 15.5962
0.7000 180.1612 14.4961
0.8000 293.1779 16.9455
0.9000 51.5983 29.6338
1.0000 -11.7213 17.0578
#PMF from TI in kcal/mol
0.0000 0.0000
0.1000 7.3553
0.2000 15.1311
0.3000 22.7649
0.4000 24.3811
0.5000 29.1421
0.6000 46.2026
0.7000 65.4926
0.8000 89.1596
0.9000 106.3984
1.0000 108.3922
#MBAR free energy difference in kcal/mol: 
117.750682, 5.132767  #WARNING SUBSAMPLING DISABLED, CONSIDER RERUN WITH SUBSAMPLING OPTION
#TI free energy difference in kcal/mol: 
108.392219  #WARNING SUBSAMPLING DISABLED, CONSIDER RERUN WITH SUBSAMPLING OPTION 
Starting /export/users/common/BioSimSpace/sire.app/bin/analyse_freenrg: number of threads equals 32
