# Analysing data contained in file(s) ['lambda_0.0000/simfile.dat', 'lambda_0.1000/simfile.dat', 'lambda_0.2000/simfile.dat', 'lambda_0.3000/simfile.dat', 'lambda_0.4000/simfile.dat', 'lambda_0.5000/simfile.dat', 'lambda_0.6000/simfile.dat', 'lambda_0.7000/simfile.dat', 'lambda_0.8000/simfile.dat', 'lambda_0.9000/simfile.dat', 'lambda_1.0000/simfile.dat']
#Overlap matrix
0.9672 0.0328 0.0000 0.0000 0.0000 0.0000 0.0000 0.0000 0.0000 0.0000 0.0000
0.0328 0.9002 0.0669 0.0000 0.0000 0.0000 0.0000 0.0000 0.0000 0.0000 0.0000
0.0000 0.0669 0.8582 0.0748 0.0000 0.0000 0.0000 0.0000 0.0000 0.0000 0.0000
0.0000 0.0000 0.0748 0.8437 0.0814 0.0000 0.0000 0.0000 0.0000 0.0000 0.0000
0.0000 0.0000 0.0000 0.0814 0.8344 0.0842 0.0000 0.0000 0.0000 0.0000 0.0000
0.0000 0.0000 0.0000 0.0000 0.0842 0.8327 0.0831 0.0000 0.0000 0.0000 0.0000
0.0000 0.0000 0.0000 0.0000 0.0000 0.0831 0.8307 0.0862 0.0001 0.0000 0.0000
0.0000 0.0000 0.0000 0.0000 0.0000 0.0000 0.0862 0.8290 0.0847 0.0000 0.0000
0.0000 0.0000 0.0000 0.0000 0.0000 0.0000 0.0001 0.0847 0.8420 0.0732 0.0000
0.0000 0.0000 0.0000 0.0000 0.0000 0.0000 0.0000 0.0000 0.0732 0.8793 0.0475
0.0000 0.0000 0.0000 0.0000 0.0000 0.0000 0.0000 0.0000 0.0000 0.0475 0.9525
#DG from neighbouring lambda in kcal/mol
0.0000 0.1000 14.8045 0.0461
0.1000 0.2000 12.6752 0.0311
0.2000 0.3000 10.7881 0.0292
0.3000 0.4000 8.8264 0.0277
0.4000 0.5000 6.9546 0.0272
0.5000 0.6000 5.2632 0.0274
0.6000 0.7000 3.7895 0.0268
0.7000 0.8000 2.8819 0.0271
0.8000 0.9000 2.6929 0.0295
0.9000 1.0000 4.2301 0.0378
#PMF from MBAR in kcal/mol
0.0000 0.0000 0.0000
0.1000 14.8045 0.0461
0.2000 27.4797 0.0570
0.3000 38.2679 0.0652
0.4000 47.0943 0.0719
0.5000 54.0488 0.0778
0.6000 59.3120 0.0834
0.7000 63.1015 0.0884
0.8000 65.9834 0.0933
0.9000 68.6762 0.0986
1.0000 72.9064 0.1063
#TI average gradients and standard deviation in kcal/mol
0.0000 1115.3475 33416.6730
0.1000 136.1669 21.7478
0.2000 117.8818 20.0060
0.3000 97.7001 19.7963
0.4000 78.7556 19.8337
0.5000 60.9704 19.3309
0.6000 44.4811 19.0188
0.7000 32.0796 19.1214
0.8000 26.4020 20.3667
0.9000 30.3534 21.0874
1.0000 63.1249 23.4413
#PMF from TI in kcal/mol
0.0000 0.0000
0.1000 62.5757
0.2000 75.2782
0.3000 86.0572
0.4000 94.8800
0.5000 101.8663
0.6000 107.1389
0.7000 110.9669
0.8000 113.8910
0.9000 116.7288
1.0000 121.4027
#MBAR free energy difference in kcal/mol: 
72.906375, 0.106274  #WARNING SUBSAMPLING DISABLED, CONSIDER RERUN WITH SUBSAMPLING OPTION
#TI free energy difference in kcal/mol: 
121.402701  #WARNING SUBSAMPLING DISABLED, CONSIDER RERUN WITH SUBSAMPLING OPTION 
Starting /export/users/common/BioSimSpace/sire.app/bin/analyse_freenrg: number of threads equals 32
