# Analysing data contained in file(s) ['lambda_0.0000/simfile.dat', 'lambda_0.1000/simfile.dat', 'lambda_0.2000/simfile.dat', 'lambda_0.3000/simfile.dat', 'lambda_0.4000/simfile.dat', 'lambda_0.5000/simfile.dat', 'lambda_0.6000/simfile.dat', 'lambda_0.7000/simfile.dat', 'lambda_0.8000/simfile.dat', 'lambda_0.9000/simfile.dat', 'lambda_1.0000/simfile.dat']
#Overlap matrix
0.9418 0.0581 0.0001 0.0000 0.0000 0.0000 0.0000 0.0000 0.0000 0.0000 0.0000
0.0581 0.8555 0.0863 0.0001 0.0000 0.0000 0.0000 0.0000 0.0000 0.0000 0.0000
0.0001 0.0863 0.8218 0.0918 0.0000 0.0000 0.0000 0.0000 0.0000 0.0000 0.0000
0.0000 0.0001 0.0918 0.8522 0.0559 0.0000 0.0000 0.0000 0.0000 0.0000 0.0000
0.0000 0.0000 0.0000 0.0559 0.9027 0.0414 0.0000 0.0000 0.0000 0.0000 0.0000
0.0000 0.0000 0.0000 0.0000 0.0414 0.9586 0.0000 0.0000 0.0000 0.0000 0.0000
0.0000 0.0000 0.0000 0.0000 0.0000 0.0000 0.9476 0.0524 0.0001 0.0000 0.0000
0.0000 0.0000 0.0000 0.0000 0.0000 0.0000 0.0524 0.8814 0.0662 0.0000 0.0000
0.0000 0.0000 0.0000 0.0000 0.0000 0.0000 0.0001 0.0662 0.8772 0.0566 0.0000
0.0000 0.0000 0.0000 0.0000 0.0000 0.0000 0.0000 0.0000 0.0566 0.9383 0.0051
0.0000 0.0000 0.0000 0.0000 0.0000 0.0000 0.0000 0.0000 0.0000 0.0051 0.9949
#DG from neighbouring lambda in kcal/mol
0.0000 0.1000 -1.2695 0.0337
0.1000 0.2000 -0.8160 0.0268
0.2000 0.3000 -2.0726 0.0258
0.3000 0.4000 -4.4956 0.0345
0.4000 0.5000 -7.1559 0.0407
0.5000 0.6000 -26.3487 0.0646
0.6000 0.7000 -14.6828 0.0357
0.7000 0.8000 -3.2405 0.0313
0.8000 0.9000 -1.8233 0.0342
0.9000 1.0000 -9.2414 0.1202
#PMF from MBAR in kcal/mol
0.0000 0.0000 0.0000
0.1000 -1.2695 0.0337
0.2000 -2.0855 0.0447
0.3000 -4.1581 0.0530
0.4000 -8.6537 0.0644
0.5000 -15.8095 0.0772
0.6000 -42.1582 0.0606
0.7000 -56.8410 0.0531
0.8000 -60.0816 0.0509
0.9000 -61.9049 0.0534
1.0000 -71.1462 0.1077
#TI average gradients and standard deviation in kcal/mol
0.0000 164176093886.4414 11015113581290.4219
0.1000 -5.2269 19.9847
0.2000 -12.3446 18.4397
0.3000 -29.5056 18.6341
0.4000 -61.4763 23.7017
0.5000 -87.6997 32.6169
0.6000 -269.1906 32.8892
0.7000 -61.1487 19.1960
0.8000 -18.0553 20.2761
0.9000 -25.9027 27.6614
1.0000 -379884193149.3361 26164460140897.8359
#PMF from TI in kcal/mol
0.0000 0.0000
0.1000 8208804694.0607
0.2000 8208804693.1821
0.3000 8208804691.0896
0.4000 8208804686.5405
0.5000 8208804679.0817
0.6000 8208804661.2372
0.7000 8208804644.7203
0.8000 8208804640.7601
0.9000 8208804638.5622
1.0000 -10785405020.1998
#MBAR free energy difference in kcal/mol: 
-71.146235, 0.107729  #WARNING SUBSAMPLING DISABLED, CONSIDER RERUN WITH SUBSAMPLING OPTION
#TI free energy difference in kcal/mol: 
-10785405020.199760  #WARNING SUBSAMPLING DISABLED, CONSIDER RERUN WITH SUBSAMPLING OPTION 
Starting /export/users/common/BioSimSpace/sire.app/bin/analyse_freenrg: number of threads equals 32
