# Analysing data contained in file(s) ['lambda_0.0000/simfile.dat', 'lambda_0.1000/simfile.dat', 'lambda_0.2000/simfile.dat', 'lambda_0.3000/simfile.dat', 'lambda_0.4000/simfile.dat', 'lambda_0.5000/simfile.dat', 'lambda_0.6000/simfile.dat', 'lambda_0.7000/simfile.dat', 'lambda_0.8000/simfile.dat', 'lambda_0.9000/simfile.dat', 'lambda_1.0000/simfile.dat']
#Overlap matrix
0.8963 0.1037 0.0000 0.0000 0.0000 0.0000 0.0000 0.0000 0.0000 0.0000 0.0000
0.1037 0.7092 0.1724 0.0142 0.0006 0.0000 0.0000 0.0000 0.0000 0.0000 0.0000
0.0000 0.1724 0.5561 0.2462 0.0253 0.0001 0.0000 0.0000 0.0000 0.0000 0.0000
0.0000 0.0142 0.2462 0.5258 0.2087 0.0049 0.0000 0.0002 0.0000 0.0000 0.0000
0.0000 0.0006 0.0253 0.2087 0.5789 0.1694 0.0004 0.0168 0.0000 0.0000 0.0000
0.0000 0.0000 0.0001 0.0049 0.1694 0.7483 0.0513 0.0261 0.0000 0.0000 0.0000
0.0000 0.0000 0.0000 0.0000 0.0004 0.0513 0.9477 0.0006 0.0000 0.0000 0.0000
0.0000 0.0000 0.0000 0.0002 0.0168 0.0261 0.0006 0.9406 0.0156 0.0000 0.0000
0.0000 0.0000 0.0000 0.0000 0.0000 0.0000 0.0000 0.0156 0.8701 0.1105 0.0038
0.0000 0.0000 0.0000 0.0000 0.0000 0.0000 0.0000 0.0000 0.1105 0.7074 0.1820
0.0000 0.0000 0.0000 0.0000 0.0000 0.0000 0.0000 0.0000 0.0038 0.1820 0.8142
#DG from neighbouring lambda in kcal/mol
0.0000 0.1000 17.1341 0.0239
0.1000 0.2000 12.5950 0.0159
0.2000 0.3000 12.0393 0.0107
0.3000 0.4000 12.0839 0.0129
0.4000 0.5000 11.2833 0.0160
0.5000 0.6000 10.0970 0.0358
0.6000 0.7000 20.5990 0.0549
0.7000 0.8000 6.9131 0.0680
0.8000 0.9000 4.9564 0.0225
0.9000 1.0000 4.2177 0.0159
#PMF from MBAR in kcal/mol
0.0000 0.0000 0.0000
0.1000 17.1341 0.0239
0.2000 29.7291 0.0312
0.3000 41.7684 0.0346
0.4000 53.8522 0.0382
0.5000 65.1355 0.0430
0.6000 75.2325 0.0572
0.7000 95.8315 0.0575
0.8000 102.7446 0.0899
0.9000 107.7009 0.0934
1.0000 111.9186 0.0954
#TI average gradients and standard deviation in kcal/mol
0.0000 116.8954 70.2961
0.1000 70.0168 11.7256
0.2000 196.9906 55.3606
0.3000 154.8222 21.5003
0.4000 84.4495 69.9217
0.5000 -40.9099 5.9986
0.6000 181.0800 28.4660
0.7000 308.2483 47.1208
0.8000 254.4876 49.6348
0.9000 132.1427 51.8631
1.0000 42.1367 6.3314
#PMF from TI in kcal/mol
0.0000 0.0000
0.1000 9.3456
0.2000 22.6960
0.3000 40.2866
0.4000 52.2502
0.5000 54.4272
0.6000 61.4357
0.7000 85.9021
0.8000 114.0389
0.9000 133.3704
1.0000 142.0844
#MBAR free energy difference in kcal/mol: 
111.918595, 0.095419  #WARNING SUBSAMPLING DISABLED, CONSIDER RERUN WITH SUBSAMPLING OPTION
#TI free energy difference in kcal/mol: 
142.084386  #WARNING SUBSAMPLING DISABLED, CONSIDER RERUN WITH SUBSAMPLING OPTION 
Starting /export/users/common/BioSimSpace/sire.app/bin/analyse_freenrg: number of threads equals 32
