# Analysing data contained in file(s) ['lambda_0.0000/simfile.dat', 'lambda_0.1000/simfile.dat', 'lambda_0.2000/simfile.dat', 'lambda_0.3000/simfile.dat', 'lambda_0.4000/simfile.dat', 'lambda_0.5000/simfile.dat', 'lambda_0.6000/simfile.dat', 'lambda_0.7000/simfile.dat', 'lambda_0.8000/simfile.dat', 'lambda_0.9000/simfile.dat', 'lambda_1.0000/simfile.dat']
#Overlap matrix
0.5323 0.3309 0.1261 0.0078 0.0004 0.0014 0.0009 0.0001 0.0000 0.0000 0.0000
0.3309 0.3700 0.2509 0.0288 0.0025 0.0091 0.0067 0.0010 0.0001 0.0000 0.0000
0.1261 0.2509 0.3620 0.1550 0.0397 0.0366 0.0244 0.0046 0.0006 0.0000 0.0000
0.0078 0.0288 0.1550 0.4430 0.2883 0.0617 0.0121 0.0028 0.0004 0.0000 0.0000
0.0004 0.0025 0.0397 0.2883 0.5252 0.1389 0.0038 0.0011 0.0002 0.0000 0.0000
0.0014 0.0091 0.0366 0.0617 0.1389 0.5820 0.1176 0.0392 0.0110 0.0022 0.0003
0.0009 0.0067 0.0244 0.0121 0.0038 0.1176 0.4538 0.2535 0.0973 0.0259 0.0041
0.0001 0.0010 0.0046 0.0028 0.0011 0.0392 0.2535 0.3691 0.2355 0.0802 0.0130
0.0000 0.0001 0.0006 0.0004 0.0002 0.0110 0.0973 0.2355 0.3864 0.2285 0.0399
0.0000 0.0000 0.0000 0.0000 0.0000 0.0022 0.0259 0.0802 0.2285 0.4822 0.1808
0.0000 0.0000 0.0000 0.0000 0.0000 0.0003 0.0041 0.0130 0.0399 0.1808 0.7618
#DG from neighbouring lambda in kcal/mol
0.0000 0.1000 0.0225 0.0052
0.1000 0.2000 -0.1865 0.0066
0.2000 0.3000 -1.1453 0.0112
0.3000 0.4000 -1.2081 0.0068
0.4000 0.5000 1.6933 0.0127
0.5000 0.6000 0.7418 0.0145
0.6000 0.7000 -0.0238 0.0066
0.7000 0.8000 -0.0491 0.0064
0.8000 0.9000 0.6245 0.0080
0.9000 1.0000 4.5907 0.0133
#PMF from MBAR in kcal/mol
0.0000 0.0000 0.0000
0.1000 0.0225 0.0052
0.2000 -0.1640 0.0104
0.3000 -1.3094 0.0180
0.4000 -2.5174 0.0204
0.5000 -0.8241 0.0216
0.6000 -0.0823 0.0254
0.7000 -0.1061 0.0273
0.8000 -0.1552 0.0289
0.9000 0.4693 0.0307
1.0000 5.0600 0.0342
#TI average gradients and standard deviation in kcal/mol
0.0000 -3.2399 7.6965
0.1000 0.4047 5.3325
0.2000 -6.5214 10.5818
0.3000 -18.2297 7.9441
0.4000 -3.1987 8.3067
0.5000 26.4020 27.2756
0.6000 1.0676 9.5787
0.7000 -0.9483 7.5680
0.8000 0.7381 8.4365
0.9000 15.8611 10.9552
1.0000 94.4576 16.7739
#PMF from TI in kcal/mol
0.0000 0.0000
0.1000 -0.1418
0.2000 -0.4476
0.3000 -1.6852
0.4000 -2.7566
0.5000 -1.5964
0.6000 -0.2229
0.7000 -0.2170
0.8000 -0.2275
0.9000 0.6025
1.0000 6.1184
#MBAR free energy difference in kcal/mol: 
5.059979, 0.034243  #WARNING SUBSAMPLING DISABLED, CONSIDER RERUN WITH SUBSAMPLING OPTION
#TI free energy difference in kcal/mol: 
6.118414  #WARNING SUBSAMPLING DISABLED, CONSIDER RERUN WITH SUBSAMPLING OPTION 
Starting /export/users/common/BioSimSpace/sire.app/bin/analyse_freenrg: number of threads equals 32
