# Analysing data contained in file(s) ['lambda_0.0000/simfile.dat', 'lambda_0.1000/simfile.dat', 'lambda_0.2000/simfile.dat', 'lambda_0.3000/simfile.dat', 'lambda_0.4000/simfile.dat', 'lambda_0.5000/simfile.dat', 'lambda_0.6000/simfile.dat', 'lambda_0.7000/simfile.dat', 'lambda_0.8000/simfile.dat', 'lambda_0.9000/simfile.dat', 'lambda_1.0000/simfile.dat']
#Overlap matrix
0.7324 0.2458 0.0212 0.0005 0.0000 0.0000 0.0000 0.0000 0.0000 0.0000 0.0000
0.2458 0.5054 0.2223 0.0255 0.0010 0.0000 0.0000 0.0000 0.0000 0.0000 0.0000
0.0212 0.2223 0.4860 0.2367 0.0324 0.0013 0.0000 0.0000 0.0000 0.0000 0.0000
0.0005 0.0255 0.2367 0.4744 0.2311 0.0305 0.0013 0.0000 0.0000 0.0000 0.0000
0.0000 0.0010 0.0324 0.2311 0.4703 0.2321 0.0317 0.0014 0.0000 0.0000 0.0000
0.0000 0.0000 0.0013 0.0305 0.2321 0.4786 0.2257 0.0300 0.0018 0.0001 0.0000
0.0000 0.0000 0.0000 0.0013 0.0317 0.2257 0.4809 0.2230 0.0349 0.0024 0.0000
0.0000 0.0000 0.0000 0.0000 0.0014 0.0300 0.2230 0.4759 0.2313 0.0370 0.0013
0.0000 0.0000 0.0000 0.0000 0.0000 0.0018 0.0349 0.2313 0.4806 0.2314 0.0199
0.0000 0.0000 0.0000 0.0000 0.0000 0.0001 0.0024 0.0370 0.2314 0.5475 0.1816
0.0000 0.0000 0.0000 0.0000 0.0000 0.0000 0.0000 0.0013 0.0199 0.1816 0.7971
#DG from neighbouring lambda in kcal/mol
0.0000 0.1000 0.5189 0.0115
0.1000 0.2000 0.2072 0.0115
0.2000 0.3000 -0.0212 0.0104
0.3000 0.4000 -0.1914 0.0104
0.4000 0.5000 -0.4908 0.0104
0.5000 0.6000 -0.7897 0.0107
0.6000 0.7000 -1.1364 0.0106
0.7000 0.8000 -1.3910 0.0101
0.8000 0.9000 -1.1650 0.0106
0.9000 1.0000 0.7133 0.0149
#PMF from MBAR in kcal/mol
0.0000 0.0000 0.0000
0.1000 0.5189 0.0115
0.2000 0.7261 0.0192
0.3000 0.7049 0.0240
0.4000 0.5134 0.0279
0.5000 0.0226 0.0313
0.6000 -0.7671 0.0345
0.7000 -1.9034 0.0373
0.8000 -3.2944 0.0398
0.9000 -4.4595 0.0422
1.0000 -3.7462 0.0458
#TI average gradients and standard deviation in kcal/mol
0.0000 3.2059 11.8194
0.1000 4.5316 11.0361
0.2000 -0.8204 11.4330
0.3000 0.3444 10.5412
0.4000 -3.8540 10.4214
0.5000 -5.9881 10.4960
0.6000 -9.7293 10.7307
0.7000 -13.1758 10.0402
0.8000 -14.2523 10.4053
0.9000 -6.5603 11.7451
1.0000 27.5340 15.1704
#PMF from TI in kcal/mol
0.0000 0.0000
0.1000 0.3869
0.2000 0.5724
0.3000 0.5486
0.4000 0.3732
0.5000 -0.1189
0.6000 -0.9048
0.7000 -2.0501
0.8000 -3.4215
0.9000 -4.4621
1.0000 -3.4134
#MBAR free energy difference in kcal/mol: 
-3.746154, 0.045843  #WARNING SUBSAMPLING DISABLED, CONSIDER RERUN WITH SUBSAMPLING OPTION
#TI free energy difference in kcal/mol: 
-3.413422  #WARNING SUBSAMPLING DISABLED, CONSIDER RERUN WITH SUBSAMPLING OPTION 
Starting /export/users/common/BioSimSpace/sire.app/bin/analyse_freenrg: number of threads equals 32
