# Analysing data contained in file(s) ['lambda_0.0000/simfile.dat', 'lambda_0.1000/simfile.dat', 'lambda_0.2000/simfile.dat', 'lambda_0.3000/simfile.dat', 'lambda_0.4000/simfile.dat', 'lambda_0.5000/simfile.dat', 'lambda_0.6000/simfile.dat', 'lambda_0.7000/simfile.dat', 'lambda_0.8000/simfile.dat', 'lambda_0.9000/simfile.dat', 'lambda_1.0000/simfile.dat']
#Overlap matrix
0.8611 0.1370 0.0019 0.0000 0.0000 0.0000 0.0000 0.0000 0.0000 0.0000 0.0000
0.1370 0.6960 0.1634 0.0036 0.0000 0.0000 0.0000 0.0000 0.0000 0.0000 0.0000
0.0019 0.1634 0.6510 0.1793 0.0045 0.0000 0.0000 0.0000 0.0000 0.0000 0.0000
0.0000 0.0036 0.1793 0.6339 0.1794 0.0038 0.0000 0.0000 0.0000 0.0000 0.0000
0.0000 0.0000 0.0045 0.1794 0.6360 0.1763 0.0037 0.0000 0.0000 0.0000 0.0000
0.0000 0.0000 0.0000 0.0038 0.1763 0.6405 0.1766 0.0028 0.0000 0.0000 0.0000
0.0000 0.0000 0.0000 0.0000 0.0037 0.1766 0.6530 0.1647 0.0021 0.0000 0.0000
0.0000 0.0000 0.0000 0.0000 0.0000 0.0028 0.1647 0.6732 0.1579 0.0014 0.0000
0.0000 0.0000 0.0000 0.0000 0.0000 0.0000 0.0021 0.1579 0.6959 0.1437 0.0003
0.0000 0.0000 0.0000 0.0000 0.0000 0.0000 0.0000 0.0014 0.1437 0.7665 0.0884
0.0000 0.0000 0.0000 0.0000 0.0000 0.0000 0.0000 0.0000 0.0003 0.0884 0.9113
#DG from neighbouring lambda in kcal/mol
0.0000 0.1000 1.2197 0.0197
0.1000 0.2000 1.2208 0.0171
0.2000 0.3000 0.1017 0.0158
0.3000 0.4000 -1.5399 0.0158
0.4000 0.5000 -3.5522 0.0161
0.5000 0.6000 -5.6727 0.0161
0.6000 0.7000 -8.0204 0.0171
0.7000 0.8000 -10.5195 0.0177
0.8000 0.9000 -13.1796 0.0191
0.9000 1.0000 -16.4319 0.0263
#PMF from MBAR in kcal/mol
0.0000 0.0000 0.0000
0.1000 1.2197 0.0197
0.2000 2.4405 0.0286
0.3000 2.5423 0.0347
0.4000 1.0024 0.0398
0.5000 -2.5498 0.0444
0.6000 -8.2226 0.0487
0.7000 -16.2430 0.0529
0.8000 -26.7625 0.0570
0.9000 -39.9421 0.0613
1.0000 -56.3740 0.0678
#TI average gradients and standard deviation in kcal/mol
0.0000 3.9124 17.6978
0.1000 15.3345 15.3455
0.2000 7.7142 14.1094
0.3000 -6.4225 13.4938
0.4000 -25.1146 13.8487
0.5000 -45.9355 14.0346
0.6000 -67.8600 14.0727
0.7000 -92.5025 14.3354
0.8000 -118.1313 14.8313
0.9000 -146.1160 16.3629
1.0000 -184.5530 21.4184
#PMF from TI in kcal/mol
0.0000 0.0000
0.1000 0.9623
0.2000 2.1148
0.3000 2.1794
0.4000 0.6025
0.5000 -2.9500
0.6000 -8.6398
0.7000 -16.6579
0.8000 -27.1896
0.9000 -40.4020
1.0000 -56.9354
#MBAR free energy difference in kcal/mol: 
-56.374042, 0.067776  #WARNING SUBSAMPLING DISABLED, CONSIDER RERUN WITH SUBSAMPLING OPTION
#TI free energy difference in kcal/mol: 
-56.935401  #WARNING SUBSAMPLING DISABLED, CONSIDER RERUN WITH SUBSAMPLING OPTION 
Starting /export/users/common/BioSimSpace/sire.app/bin/analyse_freenrg: number of threads equals 32
