# Analysing data contained in file(s) ['lambda_0.0000/simfile.dat', 'lambda_0.1000/simfile.dat', 'lambda_0.2000/simfile.dat', 'lambda_0.3000/simfile.dat', 'lambda_0.4000/simfile.dat', 'lambda_0.5000/simfile.dat', 'lambda_0.6000/simfile.dat', 'lambda_0.7000/simfile.dat', 'lambda_0.8000/simfile.dat', 'lambda_0.9000/simfile.dat', 'lambda_1.0000/simfile.dat']
#Overlap matrix
0.4555 0.2571 0.1363 0.0710 0.0372 0.0194 0.0102 0.0059 0.0038 0.0025 0.0012
0.2571 0.2392 0.1832 0.1274 0.0836 0.0502 0.0275 0.0152 0.0089 0.0054 0.0023
0.1363 0.1832 0.1881 0.1669 0.1333 0.0906 0.0512 0.0264 0.0138 0.0074 0.0029
0.0710 0.1274 0.1669 0.1829 0.1743 0.1342 0.0785 0.0375 0.0170 0.0078 0.0026
0.0372 0.0836 0.1333 0.1743 0.1968 0.1794 0.1143 0.0516 0.0199 0.0075 0.0022
0.0194 0.0502 0.0906 0.1342 0.1794 0.2179 0.1818 0.0865 0.0290 0.0089 0.0021
0.0102 0.0275 0.0512 0.0785 0.1143 0.1818 0.2617 0.1895 0.0654 0.0168 0.0031
0.0059 0.0152 0.0264 0.0375 0.0516 0.0865 0.1895 0.3257 0.1999 0.0540 0.0079
0.0038 0.0089 0.0138 0.0170 0.0199 0.0290 0.0654 0.1999 0.3907 0.2183 0.0334
0.0025 0.0054 0.0074 0.0078 0.0075 0.0089 0.0168 0.0540 0.2183 0.4848 0.1867
0.0012 0.0023 0.0029 0.0026 0.0022 0.0021 0.0031 0.0079 0.0334 0.1867 0.7558
#DG from neighbouring lambda in kcal/mol
0.0000 0.1000 -1.6050 0.0045
0.1000 0.2000 -0.3385 0.0029
0.2000 0.3000 1.0381 0.0022
0.3000 0.4000 2.5200 0.0019
0.4000 0.5000 4.1585 0.0025
0.5000 0.6000 5.9406 0.0037
0.6000 0.7000 7.7798 0.0053
0.7000 0.8000 9.6637 0.0069
0.8000 0.9000 12.0652 0.0085
0.9000 1.0000 17.4246 0.0130
#PMF from MBAR in kcal/mol
0.0000 0.0000 0.0000
0.1000 -1.6050 0.0045
0.2000 -1.9434 0.0070
0.3000 -0.9054 0.0086
0.4000 1.6147 0.0096
0.5000 5.7732 0.0106
0.6000 11.7138 0.0117
0.7000 19.4936 0.0133
0.8000 29.1572 0.0154
0.9000 41.2225 0.0183
1.0000 58.6470 0.0234
#TI average gradients and standard deviation in kcal/mol
0.0000 -23.7019 5.6114
0.1000 -9.9923 4.2629
0.2000 3.3185 3.5876
0.3000 17.5346 3.1537
0.4000 33.1182 3.1219
0.5000 50.3121 4.9715
0.6000 68.6345 7.2575
0.7000 86.9052 8.6893
0.8000 106.8125 9.9477
0.9000 138.4743 10.9113
1.0000 225.8122 16.5438
#PMF from TI in kcal/mol
0.0000 0.0000
0.1000 -1.6847
0.2000 -2.0184
0.3000 -0.9757
0.4000 1.5569
0.5000 5.7284
0.6000 11.6758
0.7000 19.4527
0.8000 29.1386
0.9000 41.4030
1.0000 59.6173
#MBAR free energy difference in kcal/mol: 
58.647023, 0.023431  #WARNING SUBSAMPLING DISABLED, CONSIDER RERUN WITH SUBSAMPLING OPTION
#TI free energy difference in kcal/mol: 
59.617289  #WARNING SUBSAMPLING DISABLED, CONSIDER RERUN WITH SUBSAMPLING OPTION 
Starting /export/users/common/BioSimSpace/sire.app/bin/analyse_freenrg: number of threads equals 32
