# Analysing data contained in file(s) ['lambda_0.0000/simfile.dat', 'lambda_0.1000/simfile.dat', 'lambda_0.2000/simfile.dat', 'lambda_0.3000/simfile.dat', 'lambda_0.4000/simfile.dat', 'lambda_0.5000/simfile.dat', 'lambda_0.6000/simfile.dat', 'lambda_0.7000/simfile.dat', 'lambda_0.8000/simfile.dat', 'lambda_0.9000/simfile.dat', 'lambda_1.0000/simfile.dat']
#Overlap matrix
0.9831 0.0169 0.0000 0.0000 0.0000 0.0000 0.0000 0.0000 0.0000 0.0000 0.0000
0.0169 0.9641 0.0190 0.0000 0.0000 0.0000 0.0000 0.0000 0.0000 0.0000 0.0000
0.0000 0.0190 0.9610 0.0201 0.0000 0.0000 0.0000 0.0000 0.0000 0.0000 0.0000
0.0000 0.0000 0.0201 0.9568 0.0231 0.0000 0.0000 0.0000 0.0000 0.0000 0.0000
0.0000 0.0000 0.0000 0.0231 0.9511 0.0258 0.0000 0.0000 0.0000 0.0000 0.0000
0.0000 0.0000 0.0000 0.0000 0.0258 0.9471 0.0271 0.0000 0.0000 0.0000 0.0000
0.0000 0.0000 0.0000 0.0000 0.0000 0.0271 0.9435 0.0294 0.0000 0.0000 0.0000
0.0000 0.0000 0.0000 0.0000 0.0000 0.0000 0.0294 0.9354 0.0353 0.0000 0.0000
0.0000 0.0000 0.0000 0.0000 0.0000 0.0000 0.0000 0.0353 0.9285 0.0362 0.0000
0.0000 0.0000 0.0000 0.0000 0.0000 0.0000 0.0000 0.0000 0.0362 0.9215 0.0423
0.0000 0.0000 0.0000 0.0000 0.0000 0.0000 0.0000 0.0000 0.0000 0.0423 0.9577
#DG from neighbouring lambda in kcal/mol
0.0000 0.1000 38.1013 0.0653
0.1000 0.2000 33.4572 0.0616
0.2000 0.3000 28.8848 0.0598
0.3000 0.4000 24.7000 0.0555
0.4000 0.5000 20.4616 0.0524
0.5000 0.6000 16.4025 0.0511
0.6000 0.7000 12.2312 0.0490
0.7000 0.8000 8.1495 0.0444
0.8000 0.9000 4.1846 0.0438
0.9000 1.0000 0.3282 0.0402
#PMF from MBAR in kcal/mol
0.0000 0.0000 0.0000
0.1000 38.1013 0.0653
0.2000 71.5586 0.0906
0.3000 100.4433 0.1093
0.4000 125.1433 0.1232
0.5000 145.6049 0.1344
0.6000 162.0074 0.1443
0.7000 174.2386 0.1529
0.8000 182.3881 0.1597
0.9000 186.5727 0.1660
1.0000 186.9009 0.1713
#TI average gradients and standard deviation in kcal/mol
0.0000 403.3364 26.7311
0.1000 356.6669 26.9852
0.2000 312.1089 26.2146
0.3000 267.6781 25.2769
0.4000 225.5199 25.3423
0.5000 184.6793 24.4927
0.6000 142.4849 24.2071
0.7000 101.4147 24.2414
0.8000 62.1036 23.5474
0.9000 22.4713 22.4592
1.0000 -16.6995 22.2132
#PMF from TI in kcal/mol
0.0000 0.0000
0.1000 38.0002
0.2000 71.4390
0.3000 100.4283
0.4000 125.0882
0.5000 145.5982
0.6000 161.9564
0.7000 174.1513
0.8000 182.3273
0.9000 186.5560
1.0000 186.8446
#MBAR free energy difference in kcal/mol: 
186.900914, 0.171267  #WARNING SUBSAMPLING DISABLED, CONSIDER RERUN WITH SUBSAMPLING OPTION
#TI free energy difference in kcal/mol: 
186.844595  #WARNING SUBSAMPLING DISABLED, CONSIDER RERUN WITH SUBSAMPLING OPTION 
Starting /export/users/common/BioSimSpace/sire.app/bin/analyse_freenrg: number of threads equals 32
