# Analysing data contained in file(s) ['lambda_0.0000/simfile.dat', 'lambda_0.1000/simfile.dat', 'lambda_0.2000/simfile.dat', 'lambda_0.3000/simfile.dat', 'lambda_0.4000/simfile.dat', 'lambda_0.5000/simfile.dat', 'lambda_0.6000/simfile.dat', 'lambda_0.7000/simfile.dat', 'lambda_0.8000/simfile.dat', 'lambda_0.9000/simfile.dat', 'lambda_1.0000/simfile.dat']
#Overlap matrix
0.7865 0.2029 0.0106 0.0001 0.0000 0.0000 0.0000 0.0000 0.0000 0.0000 0.0000
0.2029 0.5710 0.2135 0.0125 0.0001 0.0000 0.0000 0.0000 0.0000 0.0000 0.0000
0.0106 0.2135 0.5464 0.2162 0.0132 0.0001 0.0000 0.0000 0.0000 0.0000 0.0000
0.0001 0.0125 0.2162 0.5442 0.2141 0.0128 0.0001 0.0000 0.0000 0.0000 0.0000
0.0000 0.0001 0.0132 0.2141 0.5451 0.2154 0.0119 0.0001 0.0000 0.0000 0.0000
0.0000 0.0000 0.0001 0.0128 0.2154 0.5528 0.2078 0.0111 0.0001 0.0000 0.0000
0.0000 0.0000 0.0000 0.0001 0.0119 0.2078 0.5579 0.2113 0.0110 0.0001 0.0000
0.0000 0.0000 0.0000 0.0000 0.0001 0.0111 0.2113 0.5572 0.2101 0.0103 0.0000
0.0000 0.0000 0.0000 0.0000 0.0000 0.0001 0.0110 0.2101 0.5670 0.2078 0.0040
0.0000 0.0000 0.0000 0.0000 0.0000 0.0000 0.0001 0.0103 0.2078 0.6433 0.1385
0.0000 0.0000 0.0000 0.0000 0.0000 0.0000 0.0000 0.0000 0.0040 0.1385 0.8574
#DG from neighbouring lambda in kcal/mol
0.0000 0.1000 -2.8020 0.0142
0.1000 0.2000 -1.6136 0.0130
0.2000 0.3000 -1.5294 0.0127
0.3000 0.4000 -1.7256 0.0128
0.4000 0.5000 -2.0389 0.0128
0.5000 0.6000 -2.4357 0.0133
0.6000 0.7000 -2.8943 0.0131
0.7000 0.8000 -3.3438 0.0132
0.8000 0.9000 -3.7307 0.0137
0.9000 1.0000 -4.3121 0.0194
#PMF from MBAR in kcal/mol
0.0000 0.0000 0.0000
0.1000 -2.8020 0.0142
0.2000 -4.4155 0.0221
0.3000 -5.9449 0.0277
0.4000 -7.6705 0.0323
0.5000 -9.7093 0.0364
0.6000 -12.1450 0.0403
0.7000 -15.0393 0.0437
0.8000 -18.3831 0.0470
0.9000 -22.1138 0.0502
1.0000 -26.4259 0.0550
#TI average gradients and standard deviation in kcal/mol
0.0000 -43.0933 13.9255
0.1000 -18.7989 11.7914
0.2000 -14.9393 11.6272
0.3000 -15.9108 11.4379
0.4000 -18.8068 11.3947
0.5000 -22.1941 11.7107
0.6000 -26.6878 11.9546
0.7000 -31.2360 11.9103
0.8000 -35.4822 11.9665
0.9000 -39.0566 12.8981
1.0000 -52.5429 21.8659
#PMF from TI in kcal/mol
0.0000 0.0000
0.1000 -3.0946
0.2000 -4.7815
0.3000 -6.3240
0.4000 -8.0599
0.5000 -10.1100
0.6000 -12.5540
0.7000 -15.4502
0.8000 -18.7862
0.9000 -22.5131
1.0000 -27.0931
#MBAR free energy difference in kcal/mol: 
-26.425910, 0.054974  #WARNING SUBSAMPLING DISABLED, CONSIDER RERUN WITH SUBSAMPLING OPTION
#TI free energy difference in kcal/mol: 
-27.093072  #WARNING SUBSAMPLING DISABLED, CONSIDER RERUN WITH SUBSAMPLING OPTION 
Starting /export/users/common/BioSimSpace/sire.app/bin/analyse_freenrg: number of threads equals 32
