# Analysing data contained in file(s) ['lambda_0.0000/simfile.dat', 'lambda_0.1000/simfile.dat', 'lambda_0.2000/simfile.dat', 'lambda_0.3000/simfile.dat', 'lambda_0.4000/simfile.dat', 'lambda_0.5000/simfile.dat', 'lambda_0.6000/simfile.dat', 'lambda_0.7000/simfile.dat', 'lambda_0.8000/simfile.dat', 'lambda_0.9000/simfile.dat', 'lambda_1.0000/simfile.dat']
#Overlap matrix
0.7593 0.2182 0.0217 0.0007 0.0000 0.0000 0.0000 0.0000 0.0000 0.0000 0.0000
0.2182 0.5079 0.2406 0.0321 0.0012 0.0000 0.0000 0.0000 0.0000 0.0000 0.0000
0.0217 0.2406 0.4665 0.2384 0.0316 0.0011 0.0000 0.0000 0.0000 0.0000 0.0000
0.0007 0.0321 0.2384 0.4621 0.2335 0.0318 0.0013 0.0000 0.0000 0.0000 0.0000
0.0000 0.0012 0.0316 0.2335 0.4599 0.2369 0.0353 0.0016 0.0000 0.0000 0.0000
0.0000 0.0000 0.0011 0.0318 0.2369 0.4513 0.2390 0.0378 0.0020 0.0001 0.0000
0.0000 0.0000 0.0000 0.0013 0.0353 0.2390 0.4419 0.2386 0.0402 0.0035 0.0001
0.0000 0.0000 0.0000 0.0000 0.0016 0.0378 0.2386 0.4322 0.2405 0.0483 0.0010
0.0000 0.0000 0.0000 0.0000 0.0000 0.0020 0.0402 0.2405 0.4854 0.2295 0.0024
0.0000 0.0000 0.0000 0.0000 0.0000 0.0001 0.0035 0.0483 0.2295 0.6924 0.0263
0.0000 0.0000 0.0000 0.0000 0.0000 0.0000 0.0001 0.0010 0.0024 0.0263 0.9701
#DG from neighbouring lambda in kcal/mol
0.0000 0.1000 5.7924 0.0128
0.1000 0.2000 4.2543 0.0104
0.2000 0.3000 2.8285 0.0101
0.3000 0.4000 1.2969 0.0103
0.4000 0.5000 -0.3564 0.0100
0.5000 0.6000 -2.1088 0.0097
0.6000 0.7000 -4.0056 0.0095
0.7000 0.8000 -5.7556 0.0092
0.8000 0.9000 -4.2225 0.0110
0.9000 1.0000 12.0502 0.0486
#PMF from MBAR in kcal/mol
0.0000 0.0000 0.0000
0.1000 5.7924 0.0128
0.2000 10.0467 0.0193
0.3000 12.8752 0.0239
0.4000 14.1721 0.0278
0.5000 13.8157 0.0311
0.6000 11.7069 0.0340
0.7000 7.7012 0.0366
0.8000 1.9457 0.0389
0.9000 -2.2769 0.0413
1.0000 9.7733 0.0644
#TI average gradients and standard deviation in kcal/mol
0.0000 66.0644 13.3831
0.1000 49.6217 10.4347
0.2000 35.5038 10.0254
0.3000 20.8633 10.1771
0.4000 4.8870 10.0084
0.5000 -12.0413 9.7129
0.6000 -30.4744 9.5272
0.7000 -49.8871 9.6694
0.8000 -61.2089 9.2893
0.9000 -1.1093 16.4023
1.0000 305.2694 39.8096
#PMF from TI in kcal/mol
0.0000 0.0000
0.1000 5.7843
0.2000 10.0406
0.3000 12.8589
0.4000 14.1464
0.5000 13.7887
0.6000 11.6629
0.7000 7.6449
0.8000 2.0901
0.9000 -1.0258
1.0000 14.1822
#MBAR free energy difference in kcal/mol: 
9.773312, 0.064370  #WARNING SUBSAMPLING DISABLED, CONSIDER RERUN WITH SUBSAMPLING OPTION
#TI free energy difference in kcal/mol: 
14.182163  #WARNING SUBSAMPLING DISABLED, CONSIDER RERUN WITH SUBSAMPLING OPTION 
Starting /export/users/common/BioSimSpace/sire.app/bin/analyse_freenrg: number of threads equals 32
