# Analysing data contained in file(s) ['lambda_0.0000/simfile.dat', 'lambda_0.1000/simfile.dat', 'lambda_0.2000/simfile.dat', 'lambda_0.3000/simfile.dat', 'lambda_0.4000/simfile.dat', 'lambda_0.5000/simfile.dat', 'lambda_0.6000/simfile.dat', 'lambda_0.7000/simfile.dat', 'lambda_0.8000/simfile.dat', 'lambda_0.9000/simfile.dat', 'lambda_1.0000/simfile.dat']
#Overlap matrix
0.8610 0.1356 0.0033 0.0000 0.0000 0.0000 0.0000 0.0000 0.0000 0.0000 0.0000
0.1356 0.6388 0.2088 0.0164 0.0004 0.0000 0.0000 0.0000 0.0000 0.0000 0.0000
0.0033 0.2088 0.5306 0.2311 0.0255 0.0008 0.0000 0.0000 0.0000 0.0000 0.0000
0.0000 0.0164 0.2311 0.4872 0.2342 0.0300 0.0012 0.0000 0.0000 0.0000 0.0000
0.0000 0.0004 0.0255 0.2342 0.4660 0.2378 0.0344 0.0016 0.0000 0.0000 0.0000
0.0000 0.0000 0.0008 0.0300 0.2378 0.4519 0.2383 0.0390 0.0021 0.0000 0.0000
0.0000 0.0000 0.0000 0.0012 0.0344 0.2383 0.4399 0.2422 0.0419 0.0020 0.0000
0.0000 0.0000 0.0000 0.0000 0.0016 0.0390 0.2422 0.4352 0.2430 0.0378 0.0011
0.0000 0.0000 0.0000 0.0000 0.0000 0.0021 0.0419 0.2430 0.4500 0.2377 0.0253
0.0000 0.0000 0.0000 0.0000 0.0000 0.0000 0.0020 0.0378 0.2377 0.4929 0.2296
0.0000 0.0000 0.0000 0.0000 0.0000 0.0000 0.0000 0.0011 0.0253 0.2296 0.7440
#DG from neighbouring lambda in kcal/mol
0.0000 0.1000 4.0526 0.0197
0.1000 0.2000 2.2374 0.0134
0.2000 0.3000 1.2912 0.0113
0.3000 0.4000 0.6087 0.0106
0.4000 0.5000 0.0319 0.0101
0.5000 0.6000 -0.4429 0.0097
0.6000 0.7000 -0.7937 0.0093
0.7000 0.8000 -0.9479 0.0093
0.8000 0.9000 -0.7052 0.0102
0.9000 1.0000 0.5734 0.0121
#PMF from MBAR in kcal/mol
0.0000 0.0000 0.0000
0.1000 4.0526 0.0197
0.2000 6.2900 0.0265
0.3000 7.5812 0.0306
0.4000 8.1898 0.0339
0.5000 8.2217 0.0368
0.6000 7.7788 0.0392
0.7000 6.9851 0.0414
0.8000 6.0372 0.0435
0.9000 5.3319 0.0457
1.0000 5.9054 0.0483
#TI average gradients and standard deviation in kcal/mol
0.0000 52.6791 17.3656
0.1000 29.2711 13.6916
0.2000 16.8720 11.1318
0.3000 9.2085 10.3534
0.4000 3.1108 9.9729
0.5000 -2.3946 9.8100
0.6000 -6.3510 9.4721
0.7000 -9.1910 9.3656
0.8000 -9.0610 9.4021
0.9000 -3.8011 10.2878
1.0000 20.2725 12.4541
#PMF from TI in kcal/mol
0.0000 0.0000
0.1000 4.0975
0.2000 6.4047
0.3000 7.7087
0.4000 8.3247
0.5000 8.3605
0.6000 7.9232
0.7000 7.1461
0.8000 6.2335
0.9000 5.5904
1.0000 6.4140
#MBAR free energy difference in kcal/mol: 
5.905370, 0.048320  #WARNING SUBSAMPLING DISABLED, CONSIDER RERUN WITH SUBSAMPLING OPTION
#TI free energy difference in kcal/mol: 
6.413959  #WARNING SUBSAMPLING DISABLED, CONSIDER RERUN WITH SUBSAMPLING OPTION 
Starting /export/users/common/BioSimSpace/sire.app/bin/analyse_freenrg: number of threads equals 32
