# Analysing data contained in file(s) ['lambda_0.0000/simfile.dat', 'lambda_0.1000/simfile.dat', 'lambda_0.2000/simfile.dat', 'lambda_0.3000/simfile.dat', 'lambda_0.4000/simfile.dat', 'lambda_0.5000/simfile.dat', 'lambda_0.6000/simfile.dat', 'lambda_0.7000/simfile.dat', 'lambda_0.8000/simfile.dat', 'lambda_0.9000/simfile.dat', 'lambda_1.0000/simfile.dat']
#Overlap matrix
0.9520 0.0480 0.0000 0.0000 0.0000 0.0000 0.0000 0.0000 0.0000 0.0000 0.0000
0.0480 0.9023 0.0497 0.0000 0.0000 0.0000 0.0000 0.0000 0.0000 0.0000 0.0000
0.0000 0.0497 0.9162 0.0340 0.0000 0.0000 0.0000 0.0000 0.0000 0.0000 0.0000
0.0000 0.0000 0.0340 0.9466 0.0194 0.0000 0.0000 0.0000 0.0000 0.0000 0.0000
0.0000 0.0000 0.0000 0.0194 0.9660 0.0146 0.0000 0.0000 0.0000 0.0000 0.0000
0.0000 0.0000 0.0000 0.0000 0.0146 0.8842 0.0965 0.0046 0.0001 0.0000 0.0000
0.0000 0.0000 0.0000 0.0000 0.0000 0.0965 0.6966 0.1992 0.0076 0.0000 0.0000
0.0000 0.0000 0.0000 0.0000 0.0000 0.0046 0.1992 0.6089 0.1862 0.0011 0.0000
0.0000 0.0000 0.0000 0.0000 0.0000 0.0001 0.0076 0.1862 0.7219 0.0842 0.0000
0.0000 0.0000 0.0000 0.0000 0.0000 0.0000 0.0000 0.0011 0.0842 0.8474 0.0673
0.0000 0.0000 0.0000 0.0000 0.0000 0.0000 0.0000 0.0000 0.0000 0.0673 0.9327
#DG from neighbouring lambda in kcal/mol
0.0000 0.1000 -0.3385 0.0375
0.1000 0.2000 1.8673 0.0368
0.2000 0.3000 1.7349 0.0453
0.3000 0.4000 0.8448 0.0610
0.4000 0.5000 0.2884 0.0704
0.5000 0.6000 3.3089 0.0243
0.6000 0.7000 5.9288 0.0143
0.7000 0.8000 5.1993 0.0153
0.8000 0.9000 2.3158 0.0270
0.9000 1.0000 -2.7569 0.0310
#PMF from MBAR in kcal/mol
0.0000 0.0000 0.0000
0.1000 -0.3385 0.0375
0.2000 1.5289 0.0540
0.3000 3.2638 0.0715
0.4000 4.1086 0.0947
0.5000 4.3970 0.1187
0.6000 7.7059 0.1217
0.7000 13.6347 0.1230
0.8000 18.8341 0.1245
0.9000 21.1499 0.1279
1.0000 18.3929 0.1322
#TI average gradients and standard deviation in kcal/mol
0.0000 -32.8321 22.6342
0.1000 13.8096 21.9204
0.2000 20.9368 22.3701
0.3000 14.9319 24.2639
0.4000 5.0014 27.1363
0.5000 11.1389 23.2499
0.6000 52.7112 14.2793
0.7000 60.0627 12.5576
0.8000 41.7058 13.8270
0.9000 -5.8243 22.7999
1.0000 -42.8286 81.0901
#PMF from TI in kcal/mol
0.0000 0.0000
0.1000 -0.9511
0.2000 0.7862
0.3000 2.5796
0.4000 3.5763
0.5000 4.3833
0.6000 7.5758
0.7000 13.2145
0.8000 18.3029
0.9000 20.0970
1.0000 17.6644
#MBAR free energy difference in kcal/mol: 
18.392938, 0.132183  #WARNING SUBSAMPLING DISABLED, CONSIDER RERUN WITH SUBSAMPLING OPTION
#TI free energy difference in kcal/mol: 
17.664367  #WARNING SUBSAMPLING DISABLED, CONSIDER RERUN WITH SUBSAMPLING OPTION 
Starting /export/users/common/BioSimSpace/sire.app/bin/analyse_freenrg: number of threads equals 32
