# Analysing data contained in file(s) ['lambda_0.0000/simfile.dat', 'lambda_0.1000/simfile.dat', 'lambda_0.2000/simfile.dat', 'lambda_0.3000/simfile.dat', 'lambda_0.4000/simfile.dat', 'lambda_0.5000/simfile.dat', 'lambda_0.6000/simfile.dat', 'lambda_0.7000/simfile.dat', 'lambda_0.8000/simfile.dat', 'lambda_0.9000/simfile.dat', 'lambda_1.0000/simfile.dat']
#Overlap matrix
0.7488 0.2338 0.0171 0.0002 0.0000 0.0000 0.0000 0.0000 0.0000 0.0000 0.0000
0.2338 0.5260 0.2229 0.0170 0.0002 0.0000 0.0000 0.0000 0.0000 0.0000 0.0000
0.0171 0.2229 0.5205 0.2221 0.0171 0.0002 0.0000 0.0000 0.0000 0.0000 0.0000
0.0002 0.0170 0.2221 0.5243 0.2214 0.0148 0.0001 0.0000 0.0000 0.0000 0.0000
0.0000 0.0002 0.0171 0.2214 0.5332 0.2149 0.0130 0.0001 0.0000 0.0000 0.0000
0.0000 0.0000 0.0002 0.0148 0.2149 0.5454 0.2132 0.0114 0.0001 0.0000 0.0000
0.0000 0.0000 0.0000 0.0001 0.0130 0.2132 0.5543 0.2089 0.0104 0.0000 0.0000
0.0000 0.0000 0.0000 0.0000 0.0001 0.0114 0.2089 0.5644 0.2079 0.0072 0.0000
0.0000 0.0000 0.0000 0.0000 0.0000 0.0001 0.0104 0.2079 0.5980 0.1836 0.0000
0.0000 0.0000 0.0000 0.0000 0.0000 0.0000 0.0000 0.0072 0.1836 0.8062 0.0029
0.0000 0.0000 0.0000 0.0000 0.0000 0.0000 0.0000 0.0000 0.0000 0.0029 0.9971
#DG from neighbouring lambda in kcal/mol
0.0000 0.1000 -0.6408 0.0122
0.1000 0.2000 -0.4233 0.0120
0.2000 0.3000 -0.4075 0.0120
0.3000 0.4000 -0.4596 0.0121
0.4000 0.5000 -0.6344 0.0127
0.5000 0.6000 -0.9094 0.0129
0.6000 0.7000 -1.2896 0.0133
0.7000 0.8000 -1.7418 0.0135
0.8000 0.9000 -2.4181 0.0156
0.9000 1.0000 -7.7494 0.1590
#PMF from MBAR in kcal/mol
0.0000 0.0000 0.0000
0.1000 -0.6408 0.0122
0.2000 -1.0641 0.0201
0.3000 -1.4716 0.0257
0.4000 -1.9312 0.0303
0.5000 -2.5656 0.0345
0.6000 -3.4751 0.0384
0.7000 -4.7646 0.0421
0.8000 -6.5064 0.0455
0.9000 -8.9245 0.0494
1.0000 -16.6739 0.1669
#TI average gradients and standard deviation in kcal/mol
0.0000 -9.1048 11.3740
0.1000 -4.9355 11.2107
0.2000 -3.9108 11.4932
0.3000 -4.1345 11.0451
0.4000 -5.1981 11.5505
0.5000 -7.6708 11.6385
0.6000 -10.9182 12.1867
0.7000 -15.0441 12.3931
0.8000 -19.8732 12.6570
0.9000 -30.5219 15.7193
1.0000 -2169.3888 1464.5634
#PMF from TI in kcal/mol
0.0000 0.0000
0.1000 -0.7020
0.2000 -1.1443
0.3000 -1.5466
0.4000 -2.0132
0.5000 -2.6567
0.6000 -3.5861
0.7000 -4.8842
0.8000 -6.6301
0.9000 -9.1499
1.0000 -119.1454
#MBAR free energy difference in kcal/mol: 
-16.673875, 0.166923  #WARNING SUBSAMPLING DISABLED, CONSIDER RERUN WITH SUBSAMPLING OPTION
#TI free energy difference in kcal/mol: 
-119.145398  #WARNING SUBSAMPLING DISABLED, CONSIDER RERUN WITH SUBSAMPLING OPTION 
Starting /export/users/common/BioSimSpace/sire.app/bin/analyse_freenrg: number of threads equals 32
