# Analysing data contained in file(s) ['lambda_0.0000/simfile.dat', 'lambda_0.1000/simfile.dat', 'lambda_0.2000/simfile.dat', 'lambda_0.3000/simfile.dat', 'lambda_0.4000/simfile.dat', 'lambda_0.5000/simfile.dat', 'lambda_0.6000/simfile.dat', 'lambda_0.7000/simfile.dat', 'lambda_0.8000/simfile.dat', 'lambda_0.9000/simfile.dat', 'lambda_1.0000/simfile.dat']
#Overlap matrix
0.9131 0.0868 0.0001 0.0000 0.0000 0.0000 0.0000 0.0000 0.0000 0.0000 0.0000
0.0868 0.8190 0.0940 0.0001 0.0000 0.0000 0.0000 0.0000 0.0000 0.0000 0.0000
0.0001 0.0940 0.8066 0.0992 0.0001 0.0000 0.0000 0.0000 0.0000 0.0000 0.0000
0.0000 0.0001 0.0992 0.7986 0.1019 0.0002 0.0000 0.0000 0.0000 0.0000 0.0000
0.0000 0.0000 0.0001 0.1019 0.7875 0.1102 0.0002 0.0000 0.0000 0.0000 0.0000
0.0000 0.0000 0.0000 0.0002 0.1102 0.7718 0.1175 0.0003 0.0000 0.0000 0.0000
0.0000 0.0000 0.0000 0.0000 0.0002 0.1175 0.7605 0.1214 0.0004 0.0000 0.0000
0.0000 0.0000 0.0000 0.0000 0.0000 0.0003 0.1214 0.7572 0.1207 0.0004 0.0000
0.0000 0.0000 0.0000 0.0000 0.0000 0.0000 0.0004 0.1207 0.7585 0.1202 0.0001
0.0000 0.0000 0.0000 0.0000 0.0000 0.0000 0.0000 0.0004 0.1202 0.8004 0.0790
0.0000 0.0000 0.0000 0.0000 0.0000 0.0000 0.0000 0.0000 0.0001 0.0790 0.9209
#DG from neighbouring lambda in kcal/mol
0.0000 0.1000 -7.0156 0.0267
0.1000 0.2000 -0.3305 0.0254
0.2000 0.3000 2.7458 0.0245
0.3000 0.4000 5.0073 0.0241
0.4000 0.5000 7.0588 0.0229
0.5000 0.6000 8.9891 0.0220
0.6000 0.7000 10.8013 0.0215
0.7000 0.8000 12.4270 0.0216
0.8000 0.9000 13.7907 0.0217
0.9000 1.0000 14.2479 0.0282
#PMF from MBAR in kcal/mol
0.0000 0.0000 0.0000
0.1000 -7.0156 0.0267
0.2000 -7.3461 0.0388
0.3000 -4.6003 0.0475
0.4000 0.4070 0.0546
0.5000 7.4658 0.0605
0.6000 16.4548 0.0655
0.7000 27.2561 0.0700
0.8000 39.6832 0.0742
0.9000 53.4739 0.0783
1.0000 67.7217 0.0841
#TI average gradients and standard deviation in kcal/mol
0.0000 -136.8152 21.5602
0.1000 -25.4092 18.3969
0.2000 14.4614 17.8217
0.3000 39.5858 17.3743
0.4000 60.3029 16.8456
0.5000 80.1591 16.9749
0.6000 99.3492 16.6234
0.7000 116.6989 16.1792
0.8000 131.5559 15.9063
0.9000 142.7042 17.3073
1.0000 140.3137 20.7345
#PMF from TI in kcal/mol
0.0000 0.0000
0.1000 -8.1112
0.2000 -8.6586
0.3000 -5.9562
0.4000 -0.9618
0.5000 6.0613
0.6000 15.0367
0.7000 25.8391
0.8000 38.2518
0.9000 51.9649
1.0000 66.1157
#MBAR free energy difference in kcal/mol: 
67.721734, 0.084087  #WARNING SUBSAMPLING DISABLED, CONSIDER RERUN WITH SUBSAMPLING OPTION
#TI free energy difference in kcal/mol: 
66.115750  #WARNING SUBSAMPLING DISABLED, CONSIDER RERUN WITH SUBSAMPLING OPTION 
Starting /export/users/common/BioSimSpace/sire.app/bin/analyse_freenrg: number of threads equals 32
