# Analysing data contained in file(s) ['lambda_0.0000/simfile.dat', 'lambda_0.1000/simfile.dat', 'lambda_0.2000/simfile.dat', 'lambda_0.3000/simfile.dat', 'lambda_0.4000/simfile.dat', 'lambda_0.5000/simfile.dat', 'lambda_0.6000/simfile.dat', 'lambda_0.7000/simfile.dat', 'lambda_0.8000/simfile.dat', 'lambda_0.9000/simfile.dat', 'lambda_1.0000/simfile.dat']
#Overlap matrix
1.0000 0.0000 0.0000 0.0000 0.0000 0.0000 0.0000 0.0000 0.0000 0.0000 0.0000
0.0000 0.9199 0.0797 0.0004 0.0000 0.0000 0.0000 0.0000 0.0000 0.0000 0.0000
0.0000 0.0797 0.7546 0.1624 0.0034 0.0000 0.0000 0.0000 0.0000 0.0000 0.0000
0.0000 0.0004 0.1624 0.6419 0.1890 0.0063 0.0000 0.0000 0.0000 0.0000 0.0000
0.0000 0.0000 0.0034 0.1890 0.6009 0.1991 0.0075 0.0000 0.0000 0.0000 0.0000
0.0000 0.0000 0.0000 0.0063 0.1991 0.5881 0.1992 0.0072 0.0000 0.0000 0.0000
0.0000 0.0000 0.0000 0.0000 0.0075 0.1992 0.5931 0.1944 0.0057 0.0000 0.0000
0.0000 0.0000 0.0000 0.0000 0.0000 0.0072 0.1944 0.6112 0.1854 0.0018 0.0000
0.0000 0.0000 0.0000 0.0000 0.0000 0.0000 0.0057 0.1854 0.6854 0.1235 0.0000
0.0000 0.0000 0.0000 0.0000 0.0000 0.0000 0.0000 0.0018 0.1235 0.8747 0.0000
0.0000 0.0000 0.0000 0.0000 0.0000 0.0000 0.0000 0.0000 0.0000 0.0000 1.0000
#DG from neighbouring lambda in kcal/mol
0.0000 0.1000 36.0545 0.0364
0.1000 0.2000 7.4435 0.0280
0.2000 0.3000 4.9933 0.0173
0.3000 0.4000 3.8305 0.0151
0.4000 0.5000 3.0599 0.0142
0.5000 0.6000 2.3982 0.0142
0.6000 0.7000 1.6943 0.0146
0.7000 0.8000 0.8259 0.0154
0.8000 0.9000 -0.8234 0.0212
0.9000 1.0000 -96.5358 0.0319
#PMF from MBAR in kcal/mol
0.0000 0.0000 0.0000
0.1000 36.0545 0.0364
0.2000 43.4980 0.0245
0.3000 48.4913 0.0190
0.4000 52.3218 0.0157
0.5000 55.3817 0.0145
0.6000 57.7800 0.0157
0.7000 59.4743 0.0189
0.8000 60.3002 0.0237
0.9000 59.4769 0.0319
1.0000 -37.0589 0.0000
#TI average gradients and standard deviation in kcal/mol
0.0000 5269.5294 202.0475
0.1000 101.5256 25.4921
0.2000 58.1312 15.6368
0.3000 43.1121 13.5890
0.4000 34.0936 12.7703
0.5000 27.2749 12.6371
0.6000 20.6806 12.5678
0.7000 13.0635 12.8654
0.8000 2.5456 14.1094
0.9000 -25.5670 21.6275
1.0000 -5465.7001 152.0386
#PMF from TI in kcal/mol
0.0000 0.0000
0.1000 268.5527
0.2000 276.5356
0.3000 281.5978
0.4000 285.4580
0.5000 288.5265
0.6000 290.9242
0.7000 292.6114
0.8000 293.3919
0.9000 292.2408
1.0000 17.6775
#MBAR free energy difference in kcal/mol: 
-37.058940, 0.000000  #WARNING SUBSAMPLING DISABLED, CONSIDER RERUN WITH SUBSAMPLING OPTION
#TI free energy difference in kcal/mol: 
17.677469  #WARNING SUBSAMPLING DISABLED, CONSIDER RERUN WITH SUBSAMPLING OPTION 
Starting /export/users/common/BioSimSpace/sire.app/bin/analyse_freenrg: number of threads equals 32
