# Analysing data contained in file(s) ['lambda_0.0000/simfile.dat', 'lambda_0.1000/simfile.dat', 'lambda_0.2000/simfile.dat', 'lambda_0.3000/simfile.dat', 'lambda_0.4000/simfile.dat', 'lambda_0.5000/simfile.dat', 'lambda_0.6000/simfile.dat', 'lambda_0.7000/simfile.dat', 'lambda_0.8000/simfile.dat', 'lambda_0.9000/simfile.dat', 'lambda_1.0000/simfile.dat']
#Overlap matrix
0.7786 0.2101 0.0111 0.0002 0.0000 0.0000 0.0000 0.0000 0.0000 0.0000 0.0000
0.2101 0.5715 0.2076 0.0107 0.0001 0.0000 0.0000 0.0000 0.0000 0.0000 0.0000
0.0111 0.2076 0.5646 0.2065 0.0101 0.0001 0.0000 0.0000 0.0000 0.0000 0.0000
0.0002 0.0107 0.2065 0.5723 0.2002 0.0099 0.0002 0.0000 0.0000 0.0000 0.0000
0.0000 0.0001 0.0101 0.2002 0.5767 0.1957 0.0170 0.0002 0.0000 0.0000 0.0000
0.0000 0.0000 0.0001 0.0099 0.1957 0.5747 0.2078 0.0118 0.0001 0.0000 0.0000
0.0000 0.0000 0.0000 0.0002 0.0170 0.2078 0.5547 0.2088 0.0114 0.0001 0.0000
0.0000 0.0000 0.0000 0.0000 0.0002 0.0118 0.2088 0.5614 0.2078 0.0100 0.0001
0.0000 0.0000 0.0000 0.0000 0.0000 0.0001 0.0114 0.2078 0.5776 0.1976 0.0055
0.0000 0.0000 0.0000 0.0000 0.0000 0.0000 0.0001 0.0100 0.1976 0.6552 0.1371
0.0000 0.0000 0.0000 0.0000 0.0000 0.0000 0.0000 0.0001 0.0055 0.1371 0.8573
#DG from neighbouring lambda in kcal/mol
0.0000 0.1000 5.5267 0.0138
0.1000 0.2000 3.6772 0.0133
0.2000 0.3000 1.8139 0.0134
0.3000 0.4000 -0.0518 0.0138
0.4000 0.5000 -1.8319 0.0137
0.5000 0.6000 -3.0685 0.0130
0.6000 0.7000 -4.7346 0.0132
0.7000 0.8000 -6.3373 0.0133
0.8000 0.9000 -7.4396 0.0142
0.9000 1.0000 -7.0057 0.0194
#PMF from MBAR in kcal/mol
0.0000 0.0000 0.0000
0.1000 5.5267 0.0138
0.2000 9.2038 0.0220
0.3000 11.0177 0.0280
0.4000 10.9660 0.0331
0.5000 9.1341 0.0374
0.6000 6.0656 0.0409
0.7000 1.3310 0.0443
0.8000 -5.0063 0.0476
0.9000 -12.4459 0.0508
1.0000 -19.4516 0.0555
#TI average gradients and standard deviation in kcal/mol
0.0000 164645356459.8688 9661401482408.4121
0.1000 46.0599 11.8496
0.2000 27.3817 11.9600
0.3000 8.7844 12.3026
0.4000 -9.5678 12.5863
0.5000 -24.3675 11.0833
0.6000 -38.9409 11.7130
0.7000 -55.8555 11.6573
0.8000 -70.3644 12.2333
0.9000 -76.1013 13.6165
1.0000 -3135.5162 181639.2845
#PMF from TI in kcal/mol
0.0000 0.0000
0.1000 8232267825.2964
0.2000 8232267828.9685
0.3000 8232267830.7768
0.4000 8232267830.7377
0.5000 8232267829.0409
0.6000 8232267825.8755
0.7000 8232267821.1356
0.8000 8232267814.8247
0.9000 8232267807.5014
1.0000 8232267646.9205
#MBAR free energy difference in kcal/mol: 
-19.451586, 0.055510  #WARNING SUBSAMPLING DISABLED, CONSIDER RERUN WITH SUBSAMPLING OPTION
#TI free energy difference in kcal/mol: 
8232267646.920496  #WARNING SUBSAMPLING DISABLED, CONSIDER RERUN WITH SUBSAMPLING OPTION 
Starting /export/users/common/BioSimSpace/sire.app/bin/analyse_freenrg: number of threads equals 32
