# Analysing data contained in file(s) ['lambda_0.0000/simfile.dat', 'lambda_0.1000/simfile.dat', 'lambda_0.2000/simfile.dat', 'lambda_0.3000/simfile.dat', 'lambda_0.4000/simfile.dat', 'lambda_0.5000/simfile.dat', 'lambda_0.6000/simfile.dat', 'lambda_0.7000/simfile.dat', 'lambda_0.8000/simfile.dat', 'lambda_0.9000/simfile.dat', 'lambda_1.0000/simfile.dat']
#Overlap matrix
0.9898 0.0102 0.0000 0.0000 0.0000 0.0000 0.0000 0.0000 0.0000 0.0000 0.0000
0.0102 0.8822 0.1073 0.0004 0.0000 0.0000 0.0000 0.0000 0.0000 0.0000 0.0000
0.0000 0.1073 0.7555 0.1363 0.0009 0.0000 0.0000 0.0000 0.0000 0.0000 0.0000
0.0000 0.0004 0.1363 0.7099 0.1519 0.0015 0.0000 0.0000 0.0000 0.0000 0.0000
0.0000 0.0000 0.0009 0.1519 0.6916 0.1539 0.0017 0.0000 0.0000 0.0000 0.0000
0.0000 0.0000 0.0000 0.0015 0.1539 0.6883 0.1546 0.0017 0.0000 0.0000 0.0000
0.0000 0.0000 0.0000 0.0000 0.0017 0.1546 0.6838 0.1581 0.0018 0.0000 0.0000
0.0000 0.0000 0.0000 0.0000 0.0000 0.0017 0.1581 0.6785 0.1600 0.0016 0.0000
0.0000 0.0000 0.0000 0.0000 0.0000 0.0000 0.0018 0.1600 0.6851 0.1522 0.0009
0.0000 0.0000 0.0000 0.0000 0.0000 0.0000 0.0000 0.0016 0.1522 0.7175 0.1287
0.0000 0.0000 0.0000 0.0000 0.0000 0.0000 0.0000 0.0000 0.0009 0.1287 0.8703
#DG from neighbouring lambda in kcal/mol
0.0000 0.1000 9.0565 0.0850
0.1000 0.2000 3.7902 0.0234
0.2000 0.3000 1.4826 0.0199
0.3000 0.4000 -0.5374 0.0183
0.4000 0.5000 -2.4266 0.0181
0.5000 0.6000 -4.3464 0.0180
0.6000 0.7000 -6.3084 0.0177
0.7000 0.8000 -8.2819 0.0176
0.8000 0.9000 -10.2166 0.0183
0.9000 1.0000 -12.0207 0.0207
#PMF from MBAR in kcal/mol
0.0000 0.0000 0.0000
0.1000 9.0565 0.0850
0.2000 12.8467 0.0890
0.3000 14.3293 0.0919
0.4000 13.7919 0.0945
0.5000 11.3652 0.0970
0.6000 7.0188 0.0993
0.7000 0.7104 0.1016
0.8000 -7.5715 0.1038
0.9000 -17.7881 0.1060
1.0000 -29.8089 0.1087
#TI average gradients and standard deviation in kcal/mol
0.0000 184.0031 60.2448
0.1000 51.9400 19.8244
0.2000 25.5953 16.5693
0.3000 4.3282 15.7143
0.4000 -14.6726 14.9787
0.5000 -33.7693 14.8317
0.6000 -53.2728 14.6749
0.7000 -73.0823 14.7912
0.8000 -92.3334 14.7186
0.9000 -111.6625 15.1417
1.0000 -127.8356 17.6740
#PMF from TI in kcal/mol
0.0000 0.0000
0.1000 11.7972
0.2000 15.6739
0.3000 17.1701
0.4000 16.6529
0.5000 14.2308
0.6000 9.8787
0.7000 3.5609
0.8000 -4.7099
0.9000 -14.9097
1.0000 -26.8846
#MBAR free energy difference in kcal/mol: 
-29.808857, 0.108671  #WARNING SUBSAMPLING DISABLED, CONSIDER RERUN WITH SUBSAMPLING OPTION
#TI free energy difference in kcal/mol: 
-26.884572  #WARNING SUBSAMPLING DISABLED, CONSIDER RERUN WITH SUBSAMPLING OPTION 
Starting /export/users/common/BioSimSpace/sire.app/bin/analyse_freenrg: number of threads equals 32
