# Analysing data contained in file(s) ['lambda_0.0000/simfile.dat', 'lambda_0.1000/simfile.dat', 'lambda_0.2000/simfile.dat', 'lambda_0.3000/simfile.dat', 'lambda_0.4000/simfile.dat', 'lambda_0.5000/simfile.dat', 'lambda_0.6000/simfile.dat', 'lambda_0.7000/simfile.dat', 'lambda_0.8000/simfile.dat', 'lambda_0.9000/simfile.dat', 'lambda_1.0000/simfile.dat']
#Overlap matrix
0.9822 0.0178 0.0000 0.0000 0.0000 0.0000 0.0000 0.0000 0.0000 0.0000 0.0000
0.0178 0.9616 0.0206 0.0000 0.0000 0.0000 0.0000 0.0000 0.0000 0.0000 0.0000
0.0000 0.0206 0.9762 0.0032 0.0000 0.0000 0.0000 0.0000 0.0000 0.0000 0.0000
0.0000 0.0000 0.0032 0.9139 0.0828 0.0001 0.0000 0.0000 0.0000 0.0000 0.0000
0.0000 0.0000 0.0000 0.0828 0.8136 0.1035 0.0001 0.0000 0.0000 0.0000 0.0000
0.0000 0.0000 0.0000 0.0001 0.1035 0.8133 0.0831 0.0000 0.0000 0.0000 0.0000
0.0000 0.0000 0.0000 0.0000 0.0001 0.0831 0.8980 0.0188 0.0000 0.0000 0.0000
0.0000 0.0000 0.0000 0.0000 0.0000 0.0000 0.0188 0.9691 0.0120 0.0000 0.0000
0.0000 0.0000 0.0000 0.0000 0.0000 0.0000 0.0000 0.0120 0.9795 0.0084 0.0000
0.0000 0.0000 0.0000 0.0000 0.0000 0.0000 0.0000 0.0000 0.0084 0.9906 0.0009
0.0000 0.0000 0.0000 0.0000 0.0000 0.0000 0.0000 0.0000 0.0000 0.0009 0.9991
#DG from neighbouring lambda in kcal/mol
0.0000 0.1000 37.8816 0.0637
0.1000 0.2000 31.6475 0.0590
0.2000 0.3000 21.4960 0.1526
0.3000 0.4000 11.3053 0.0274
0.4000 0.5000 9.6168 0.0239
0.5000 0.6000 7.6814 0.0274
0.6000 0.7000 2.9378 0.0619
0.7000 0.8000 -9.4112 0.0779
0.8000 0.9000 -18.5502 0.0934
0.9000 1.0000 -30.7687 0.2808
#PMF from MBAR in kcal/mol
0.0000 0.0000 0.0000
0.1000 37.8816 0.0637
0.2000 69.5291 0.0877
0.3000 91.0251 0.1764
0.4000 102.3304 0.1790
0.5000 111.9472 0.1810
0.6000 119.6286 0.1834
0.7000 122.5664 0.1940
0.8000 113.1552 0.2094
0.9000 94.6051 0.2296
1.0000 63.8364 0.3629
#TI average gradients and standard deviation in kcal/mol
0.0000 411.0403 28.9711
0.1000 346.7440 24.4965
0.2000 278.7799 28.3379
0.3000 133.1019 29.5762
0.4000 103.4379 17.1661
0.5000 87.7137 18.0668
0.6000 62.7004 21.0530
0.7000 -31.2957 37.7872
0.8000 -138.8821 27.2384
0.9000 -238.4037 32.5554
1.0000 -392.7421 41.4218
#PMF from TI in kcal/mol
0.0000 0.0000
0.1000 37.8892
0.2000 69.1654
0.3000 89.7595
0.4000 101.5865
0.5000 111.1441
0.6000 118.6648
0.7000 120.2350
0.8000 111.7261
0.9000 92.8618
1.0000 61.3045
#MBAR free energy difference in kcal/mol: 
63.836354, 0.362894  #WARNING SUBSAMPLING DISABLED, CONSIDER RERUN WITH SUBSAMPLING OPTION
#TI free energy difference in kcal/mol: 
61.304527  #WARNING SUBSAMPLING DISABLED, CONSIDER RERUN WITH SUBSAMPLING OPTION 
Starting /export/users/common/BioSimSpace/sire.app/bin/analyse_freenrg: number of threads equals 32
