# Analysing data contained in file(s) ['lambda_0.0000/simfile.dat', 'lambda_0.1000/simfile.dat', 'lambda_0.2000/simfile.dat', 'lambda_0.3000/simfile.dat', 'lambda_0.4000/simfile.dat', 'lambda_0.5000/simfile.dat', 'lambda_0.6000/simfile.dat', 'lambda_0.7000/simfile.dat', 'lambda_0.8000/simfile.dat', 'lambda_0.9000/simfile.dat', 'lambda_1.0000/simfile.dat']
#Overlap matrix
0.8293 0.1617 0.0088 0.0002 0.0000 0.0000 0.0000 0.0000 0.0000 0.0000 0.0000
0.1617 0.5753 0.2344 0.0277 0.0010 0.0000 0.0000 0.0000 0.0000 0.0000 0.0000
0.0088 0.2344 0.4848 0.2374 0.0333 0.0014 0.0000 0.0000 0.0000 0.0000 0.0000
0.0002 0.0277 0.2374 0.4585 0.2384 0.0361 0.0017 0.0000 0.0000 0.0000 0.0000
0.0000 0.0010 0.0333 0.2384 0.4480 0.2398 0.0377 0.0018 0.0000 0.0000 0.0000
0.0000 0.0000 0.0014 0.0361 0.2398 0.4444 0.2383 0.0380 0.0019 0.0000 0.0000
0.0000 0.0000 0.0000 0.0017 0.0377 0.2383 0.4407 0.2401 0.0395 0.0020 0.0000
0.0000 0.0000 0.0000 0.0000 0.0018 0.0380 0.2401 0.4397 0.2400 0.0386 0.0018
0.0000 0.0000 0.0000 0.0000 0.0000 0.0019 0.0395 0.2400 0.4453 0.2390 0.0342
0.0000 0.0000 0.0000 0.0000 0.0000 0.0000 0.0020 0.0386 0.2390 0.4710 0.2493
0.0000 0.0000 0.0000 0.0000 0.0000 0.0000 0.0000 0.0018 0.0342 0.2493 0.7146
#DG from neighbouring lambda in kcal/mol
0.0000 0.1000 5.2688 0.0170
0.1000 0.2000 4.2932 0.0113
0.2000 0.3000 3.9395 0.0102
0.3000 0.4000 3.6911 0.0099
0.4000 0.5000 3.5081 0.0096
0.5000 0.6000 3.3883 0.0096
0.6000 0.7000 3.3193 0.0095
0.7000 0.8000 3.3636 0.0095
0.8000 0.9000 3.5499 0.0098
0.9000 1.0000 3.8980 0.0108
#PMF from MBAR in kcal/mol
0.0000 0.0000 0.0000
0.1000 5.2688 0.0170
0.2000 9.5619 0.0232
0.3000 13.5014 0.0272
0.4000 17.1925 0.0306
0.5000 20.7006 0.0335
0.6000 24.0889 0.0361
0.7000 27.4082 0.0385
0.8000 30.7719 0.0408
0.9000 34.3218 0.0430
1.0000 38.2198 0.0454
#TI average gradients and standard deviation in kcal/mol
0.0000 61.4564 15.3517
0.1000 45.6279 11.8245
0.2000 40.9783 10.0776
0.3000 38.0597 9.5972
0.4000 35.8570 9.5026
0.5000 34.4017 9.3887
0.6000 33.2990 9.4326
0.7000 33.2619 9.3388
0.8000 34.2228 9.4881
0.9000 36.8722 9.9730
1.0000 41.4641 10.8302
#PMF from TI in kcal/mol
0.0000 0.0000
0.1000 5.3542
0.2000 9.6845
0.3000 13.6364
0.4000 17.3323
0.5000 20.8452
0.6000 24.2302
0.7000 27.5583
0.8000 30.9325
0.9000 34.4873
1.0000 38.4041
#MBAR free energy difference in kcal/mol: 
38.219807, 0.045396  #WARNING SUBSAMPLING DISABLED, CONSIDER RERUN WITH SUBSAMPLING OPTION
#TI free energy difference in kcal/mol: 
38.404070  #WARNING SUBSAMPLING DISABLED, CONSIDER RERUN WITH SUBSAMPLING OPTION 
Starting /export/users/common/BioSimSpace/sire.app/bin/analyse_freenrg: number of threads equals 32
