# Analysing data contained in file(s) ['lambda_0.0000/simfile.dat', 'lambda_0.1000/simfile.dat', 'lambda_0.2000/simfile.dat', 'lambda_0.3000/simfile.dat', 'lambda_0.4000/simfile.dat', 'lambda_0.5000/simfile.dat', 'lambda_0.6000/simfile.dat', 'lambda_0.7000/simfile.dat', 'lambda_0.8000/simfile.dat', 'lambda_0.9000/simfile.dat', 'lambda_1.0000/simfile.dat']
#Overlap matrix
0.8736 0.1259 0.0004 0.0000 0.0000 0.0000 0.0000 0.0000 0.0000 0.0000 0.0000
0.1259 0.7436 0.1299 0.0005 0.0000 0.0000 0.0000 0.0000 0.0000 0.0000 0.0000
0.0004 0.1299 0.7409 0.1281 0.0006 0.0000 0.0000 0.0000 0.0000 0.0000 0.0000
0.0000 0.0005 0.1281 0.7378 0.1329 0.0007 0.0000 0.0000 0.0000 0.0000 0.0000
0.0000 0.0000 0.0006 0.1329 0.7287 0.1368 0.0009 0.0000 0.0000 0.0000 0.0000
0.0000 0.0000 0.0000 0.0007 0.1368 0.7135 0.1475 0.0015 0.0000 0.0000 0.0000
0.0000 0.0000 0.0000 0.0000 0.0009 0.1475 0.6932 0.1565 0.0019 0.0000 0.0000
0.0000 0.0000 0.0000 0.0000 0.0000 0.0015 0.1565 0.6766 0.1631 0.0023 0.0000
0.0000 0.0000 0.0000 0.0000 0.0000 0.0000 0.0019 0.1631 0.6663 0.1663 0.0024
0.0000 0.0000 0.0000 0.0000 0.0000 0.0000 0.0000 0.0023 0.1663 0.6659 0.1655
0.0000 0.0000 0.0000 0.0000 0.0000 0.0000 0.0000 0.0000 0.0024 0.1655 0.8321
#DG from neighbouring lambda in kcal/mol
0.0000 0.1000 0.7380 0.0210
0.1000 0.2000 0.0471 0.0205
0.2000 0.3000 -0.6412 0.0207
0.3000 0.4000 -1.3178 0.0202
0.4000 0.5000 -1.9441 0.0198
0.5000 0.6000 -2.3747 0.0187
0.6000 0.7000 -2.6220 0.0178
0.7000 0.8000 -2.7603 0.0173
0.8000 0.9000 -2.4455 0.0170
0.9000 1.0000 0.3891 0.0172
#PMF from MBAR in kcal/mol
0.0000 0.0000 0.0000
0.1000 0.7380 0.0210
0.2000 0.7851 0.0318
0.3000 0.1439 0.0398
0.4000 -1.1738 0.0462
0.5000 -3.1180 0.0517
0.6000 -5.4926 0.0563
0.7000 -8.1146 0.0602
0.8000 -10.8749 0.0637
0.9000 -13.3204 0.0670
1.0000 -12.9313 0.0701
#TI average gradients and standard deviation in kcal/mol
0.0000 9.6552 16.7500
0.1000 3.9325 16.5162
0.2000 -2.6946 16.0957
0.3000 -10.0248 16.0775
0.4000 -16.3889 15.9779
0.5000 -21.9304 15.4055
0.6000 -25.2008 14.7178
0.7000 -27.2628 14.5166
0.8000 -27.3342 14.1889
0.9000 -18.5279 14.2857
1.0000 44.4302 14.5506
#PMF from TI in kcal/mol
0.0000 0.0000
0.1000 0.6794
0.2000 0.7413
0.3000 0.1053
0.4000 -1.2154
0.5000 -3.1313
0.6000 -5.4879
0.7000 -8.1111
0.8000 -10.8409
0.9000 -13.1340
1.0000 -11.8389
#MBAR free energy difference in kcal/mol: 
-12.931306, 0.070142  #WARNING SUBSAMPLING DISABLED, CONSIDER RERUN WITH SUBSAMPLING OPTION
#TI free energy difference in kcal/mol: 
-11.838906  #WARNING SUBSAMPLING DISABLED, CONSIDER RERUN WITH SUBSAMPLING OPTION 
Starting /export/users/common/BioSimSpace/sire.app/bin/analyse_freenrg: number of threads equals 32
