# Analysing data contained in file(s) ['lambda_0.0000/simfile.dat', 'lambda_0.1000/simfile.dat', 'lambda_0.2000/simfile.dat', 'lambda_0.3000/simfile.dat', 'lambda_0.4000/simfile.dat', 'lambda_0.5000/simfile.dat', 'lambda_0.6000/simfile.dat', 'lambda_0.7000/simfile.dat', 'lambda_0.8000/simfile.dat', 'lambda_0.9000/simfile.dat', 'lambda_1.0000/simfile.dat']
#Overlap matrix
0.9262 0.0729 0.0009 0.0000 0.0000 0.0000 0.0000 0.0000 0.0000 0.0000 0.0000
0.0729 0.7885 0.1329 0.0055 0.0001 0.0000 0.0000 0.0000 0.0000 0.0000 0.0000
0.0009 0.1329 0.6596 0.1912 0.0150 0.0004 0.0000 0.0000 0.0000 0.0000 0.0000
0.0000 0.0055 0.1912 0.5618 0.2193 0.0217 0.0005 0.0000 0.0000 0.0000 0.0000
0.0000 0.0001 0.0150 0.2193 0.5200 0.2257 0.0195 0.0005 0.0000 0.0000 0.0000
0.0000 0.0000 0.0004 0.0217 0.2257 0.5185 0.2094 0.0230 0.0012 0.0000 0.0000
0.0000 0.0000 0.0000 0.0005 0.0195 0.2094 0.4906 0.2374 0.0397 0.0028 0.0001
0.0000 0.0000 0.0000 0.0000 0.0005 0.0230 0.2374 0.4537 0.2371 0.0444 0.0039
0.0000 0.0000 0.0000 0.0000 0.0000 0.0012 0.0397 0.2371 0.4262 0.2406 0.0552
0.0000 0.0000 0.0000 0.0000 0.0000 0.0000 0.0028 0.0444 0.2406 0.4247 0.2876
0.0000 0.0000 0.0000 0.0000 0.0000 0.0000 0.0001 0.0039 0.0552 0.2876 0.6532
#DG from neighbouring lambda in kcal/mol
0.0000 0.1000 10.3271 0.0294
0.1000 0.2000 15.4997 0.0197
0.2000 0.3000 14.7877 0.0143
0.3000 0.4000 12.9940 0.0120
0.4000 0.5000 10.9018 0.0115
0.5000 0.6000 8.6368 0.0122
0.6000 0.7000 6.5484 0.0101
0.7000 0.8000 4.7438 0.0094
0.8000 0.9000 2.8384 0.0088
0.9000 1.0000 0.9494 0.0085
#PMF from MBAR in kcal/mol
0.0000 0.0000 0.0000
0.1000 10.3271 0.0294
0.2000 25.8268 0.0372
0.3000 40.6145 0.0414
0.4000 53.6085 0.0443
0.5000 64.5103 0.0469
0.6000 73.1470 0.0496
0.7000 79.6955 0.0516
0.8000 84.4392 0.0533
0.9000 87.2776 0.0548
1.0000 88.2270 0.0561
#TI average gradients and standard deviation in kcal/mol
0.0000 21.8803 27.3836
0.1000 148.3225 18.1771
0.2000 154.9608 14.4716
0.3000 139.8494 11.6608
0.4000 119.6039 10.7416
0.5000 98.6351 11.8793
0.6000 73.9948 12.1320
0.7000 57.1762 9.6965
0.8000 37.9241 8.8163
0.9000 18.8669 8.5127
1.0000 3.8621 8.5561
#PMF from TI in kcal/mol
0.0000 0.0000
0.1000 8.5101
0.2000 23.6743
0.3000 38.4148
0.4000 51.3875
0.5000 62.2994
0.6000 70.9309
0.7000 77.4895
0.8000 82.2445
0.9000 85.0840
1.0000 86.2205
#MBAR free energy difference in kcal/mol: 
88.227016, 0.056137  #WARNING SUBSAMPLING DISABLED, CONSIDER RERUN WITH SUBSAMPLING OPTION
#TI free energy difference in kcal/mol: 
86.220486  #WARNING SUBSAMPLING DISABLED, CONSIDER RERUN WITH SUBSAMPLING OPTION 
Starting /export/users/common/BioSimSpace/sire.app/bin/analyse_freenrg: number of threads equals 32
