# Analysing data contained in file(s) ['lambda_0.0000/simfile.dat', 'lambda_0.1000/simfile.dat', 'lambda_0.2000/simfile.dat', 'lambda_0.3000/simfile.dat', 'lambda_0.4000/simfile.dat', 'lambda_0.5000/simfile.dat', 'lambda_0.6000/simfile.dat', 'lambda_0.7000/simfile.dat', 'lambda_0.8000/simfile.dat', 'lambda_0.9000/simfile.dat', 'lambda_1.0000/simfile.dat']
#Overlap matrix
0.8806 0.1190 0.0005 0.0000 0.0000 0.0000 0.0000 0.0000 0.0000 0.0000 0.0000
0.1190 0.7503 0.1301 0.0006 0.0000 0.0000 0.0000 0.0000 0.0000 0.0000 0.0000
0.0005 0.1301 0.7346 0.1342 0.0007 0.0000 0.0000 0.0000 0.0000 0.0000 0.0000
0.0000 0.0006 0.1342 0.7263 0.1381 0.0008 0.0000 0.0000 0.0000 0.0000 0.0000
0.0000 0.0000 0.0007 0.1381 0.7227 0.1377 0.0008 0.0000 0.0000 0.0000 0.0000
0.0000 0.0000 0.0000 0.0008 0.1377 0.7209 0.1398 0.0008 0.0000 0.0000 0.0000
0.0000 0.0000 0.0000 0.0000 0.0008 0.1398 0.7215 0.1371 0.0009 0.0000 0.0000
0.0000 0.0000 0.0000 0.0000 0.0000 0.0008 0.1371 0.7216 0.1398 0.0008 0.0000
0.0000 0.0000 0.0000 0.0000 0.0000 0.0000 0.0009 0.1398 0.7251 0.1340 0.0003
0.0000 0.0000 0.0000 0.0000 0.0000 0.0000 0.0000 0.0008 0.1340 0.7663 0.0990
0.0000 0.0000 0.0000 0.0000 0.0000 0.0000 0.0000 0.0000 0.0003 0.0990 0.9007
#DG from neighbouring lambda in kcal/mol
0.0000 0.1000 -4.0117 0.0218
0.1000 0.2000 -2.8978 0.0205
0.2000 0.3000 -2.5983 0.0201
0.3000 0.4000 -2.6306 0.0197
0.4000 0.5000 -2.7843 0.0197
0.5000 0.6000 -3.0005 0.0195
0.6000 0.7000 -3.2933 0.0197
0.7000 0.8000 -3.5464 0.0195
0.8000 0.9000 -3.6735 0.0201
0.9000 1.0000 -3.5130 0.0246
#PMF from MBAR in kcal/mol
0.0000 0.0000 0.0000
0.1000 -4.0117 0.0218
0.2000 -6.9096 0.0323
0.3000 -9.5079 0.0399
0.4000 -12.1385 0.0460
0.5000 -14.9228 0.0515
0.6000 -17.9233 0.0564
0.7000 -21.2165 0.0609
0.8000 -24.7629 0.0651
0.9000 -28.4364 0.0691
1.0000 -31.9494 0.0744
#TI average gradients and standard deviation in kcal/mol
0.0000 -51.5285 17.9186
0.1000 -32.4418 16.1043
0.2000 -26.8049 15.7789
0.3000 -25.8722 15.8832
0.4000 -26.9590 15.8446
0.5000 -28.7978 15.8636
0.6000 -31.2764 15.6839
0.7000 -34.4692 15.5673
0.8000 -36.5138 15.6900
0.9000 -36.5195 16.7366
1.0000 -34.0696 26.1280
#PMF from TI in kcal/mol
0.0000 0.0000
0.1000 -4.1985
0.2000 -7.1609
0.3000 -9.7947
0.4000 -12.4363
0.5000 -15.2241
0.6000 -18.2278
0.7000 -21.5151
0.8000 -25.0642
0.9000 -28.7159
1.0000 -32.2454
#MBAR free energy difference in kcal/mol: 
-31.949353, 0.074360  #WARNING SUBSAMPLING DISABLED, CONSIDER RERUN WITH SUBSAMPLING OPTION
#TI free energy difference in kcal/mol: 
-32.245363  #WARNING SUBSAMPLING DISABLED, CONSIDER RERUN WITH SUBSAMPLING OPTION 
Starting /export/users/common/BioSimSpace/sire.app/bin/analyse_freenrg: number of threads equals 32
