# Analysing data contained in file(s) ['lambda_0.0000/simfile.dat', 'lambda_0.1000/simfile.dat', 'lambda_0.2000/simfile.dat', 'lambda_0.3000/simfile.dat', 'lambda_0.4000/simfile.dat', 'lambda_0.5000/simfile.dat', 'lambda_0.6000/simfile.dat', 'lambda_0.7000/simfile.dat', 'lambda_0.8000/simfile.dat', 'lambda_0.9000/simfile.dat', 'lambda_1.0000/simfile.dat']
#Overlap matrix
0.9168 0.0831 0.0001 0.0000 0.0000 0.0000 0.0000 0.0000 0.0000 0.0000 0.0000
0.0831 0.8225 0.0943 0.0001 0.0000 0.0000 0.0000 0.0000 0.0000 0.0000 0.0000
0.0001 0.0943 0.8037 0.1018 0.0001 0.0000 0.0000 0.0000 0.0000 0.0000 0.0000
0.0000 0.0001 0.1018 0.7967 0.1013 0.0001 0.0000 0.0000 0.0000 0.0000 0.0000
0.0000 0.0000 0.0001 0.1013 0.7932 0.1051 0.0002 0.0000 0.0000 0.0000 0.0000
0.0000 0.0000 0.0000 0.0001 0.1051 0.7845 0.1101 0.0002 0.0000 0.0000 0.0000
0.0000 0.0000 0.0000 0.0000 0.0002 0.1101 0.7799 0.1096 0.0002 0.0000 0.0000
0.0000 0.0000 0.0000 0.0000 0.0000 0.0002 0.1096 0.7906 0.0995 0.0001 0.0000
0.0000 0.0000 0.0000 0.0000 0.0000 0.0000 0.0002 0.0995 0.8258 0.0745 0.0000
0.0000 0.0000 0.0000 0.0000 0.0000 0.0000 0.0000 0.0001 0.0745 0.8860 0.0394
0.0000 0.0000 0.0000 0.0000 0.0000 0.0000 0.0000 0.0000 0.0000 0.0394 0.9606
#DG from neighbouring lambda in kcal/mol
0.0000 0.1000 -0.5068 0.0274
0.1000 0.2000 -0.0226 0.0253
0.2000 0.3000 0.2404 0.0242
0.3000 0.4000 0.4101 0.0242
0.4000 0.5000 0.4050 0.0237
0.5000 0.6000 0.5272 0.0230
0.6000 0.7000 0.6352 0.0230
0.7000 0.8000 1.1000 0.0245
0.8000 0.9000 2.3016 0.0292
0.9000 1.0000 4.5925 0.0418
#PMF from MBAR in kcal/mol
0.0000 0.0000 0.0000
0.1000 -0.5068 0.0274
0.2000 -0.5294 0.0393
0.3000 -0.2890 0.0477
0.4000 0.1211 0.0548
0.5000 0.5261 0.0610
0.6000 1.0533 0.0663
0.7000 1.6885 0.0712
0.8000 2.7885 0.0763
0.9000 5.0902 0.0826
1.0000 9.6827 0.0934
#TI average gradients and standard deviation in kcal/mol
0.0000 -12.0732 19.8984
0.1000 -2.1665 19.1382
0.2000 1.3585 18.5036
0.3000 3.5675 17.6837
0.4000 4.0321 17.9055
0.5000 4.4502 17.4735
0.6000 5.4032 17.6591
0.7000 7.9603 17.6314
0.8000 15.5289 18.8522
0.9000 32.2479 20.8722
1.0000 -470910034659.4391 32451514075431.7070
#PMF from TI in kcal/mol
0.0000 0.0000
0.1000 -0.7120
0.2000 -0.7524
0.3000 -0.5061
0.4000 -0.1261
0.5000 0.2980
0.6000 0.7907
0.7000 1.4589
0.8000 2.6333
0.9000 5.0222
1.0000 -23545501726.3374
#MBAR free energy difference in kcal/mol: 
9.682659, 0.093351  #WARNING SUBSAMPLING DISABLED, CONSIDER RERUN WITH SUBSAMPLING OPTION
#TI free energy difference in kcal/mol: 
-23545501726.337402  #WARNING SUBSAMPLING DISABLED, CONSIDER RERUN WITH SUBSAMPLING OPTION 
Starting /export/users/common/BioSimSpace/sire.app/bin/analyse_freenrg: number of threads equals 32
