# Analysing data contained in file(s) ['lambda_0.0000/simfile.dat', 'lambda_0.1000/simfile.dat', 'lambda_0.2000/simfile.dat', 'lambda_0.3000/simfile.dat', 'lambda_0.4000/simfile.dat', 'lambda_0.5000/simfile.dat', 'lambda_0.6000/simfile.dat', 'lambda_0.7000/simfile.dat', 'lambda_0.8000/simfile.dat', 'lambda_0.9000/simfile.dat', 'lambda_1.0000/simfile.dat']
#Overlap matrix
0.7415 0.2382 0.0199 0.0004 0.0000 0.0000 0.0000 0.0000 0.0000 0.0000 0.0000
0.2382 0.5109 0.2283 0.0220 0.0005 0.0000 0.0000 0.0000 0.0000 0.0000 0.0000
0.0199 0.2283 0.4970 0.2289 0.0252 0.0007 0.0000 0.0000 0.0000 0.0000 0.0000
0.0004 0.0220 0.2289 0.4875 0.2330 0.0274 0.0009 0.0000 0.0000 0.0000 0.0000
0.0000 0.0005 0.0252 0.2330 0.4830 0.2291 0.0282 0.0010 0.0000 0.0000 0.0000
0.0000 0.0000 0.0007 0.0274 0.2291 0.4776 0.2337 0.0303 0.0012 0.0000 0.0000
0.0000 0.0000 0.0000 0.0009 0.0282 0.2337 0.4751 0.2310 0.0299 0.0011 0.0000
0.0000 0.0000 0.0000 0.0000 0.0010 0.0303 0.2310 0.4793 0.2310 0.0266 0.0007
0.0000 0.0000 0.0000 0.0000 0.0000 0.0012 0.0299 0.2310 0.4990 0.2209 0.0180
0.0000 0.0000 0.0000 0.0000 0.0000 0.0000 0.0011 0.0266 0.2209 0.5438 0.2075
0.0000 0.0000 0.0000 0.0000 0.0000 0.0000 0.0000 0.0007 0.0180 0.2075 0.7739
#DG from neighbouring lambda in kcal/mol
0.0000 0.1000 -3.9157 0.0119
0.1000 0.2000 -3.4354 0.0114
0.2000 0.3000 -2.9969 0.0111
0.3000 0.4000 -2.5495 0.0107
0.4000 0.5000 -2.1150 0.0108
0.5000 0.6000 -1.7439 0.0105
0.6000 0.7000 -1.3585 0.0105
0.7000 0.8000 -0.8979 0.0107
0.8000 0.9000 -0.2170 0.0116
0.9000 1.0000 1.1112 0.0135
#PMF from MBAR in kcal/mol
0.0000 0.0000 0.0000
0.1000 -3.9157 0.0119
0.2000 -7.3511 0.0194
0.3000 -10.3480 0.0246
0.4000 -12.8975 0.0287
0.5000 -15.0125 0.0323
0.6000 -16.7564 0.0353
0.7000 -18.1149 0.0382
0.8000 -19.0128 0.0408
0.9000 -19.2298 0.0436
1.0000 -18.1186 0.0468
#TI average gradients and standard deviation in kcal/mol
0.0000 -44.1714 10.9790
0.1000 -36.5998 10.7154
0.2000 -32.1803 10.3182
0.3000 -27.6691 10.1185
0.4000 -23.1872 10.0632
0.5000 -19.2576 10.0307
0.6000 -15.5979 9.8511
0.7000 -11.4863 9.9815
0.8000 -6.0855 10.4447
0.9000 2.5503 11.4863
1.0000 22.4536 13.2379
#PMF from TI in kcal/mol
0.0000 0.0000
0.1000 -4.0386
0.2000 -7.4776
0.3000 -10.4700
0.4000 -13.0129
0.5000 -15.1351
0.6000 -16.8779
0.7000 -18.2321
0.8000 -19.1107
0.9000 -19.2874
1.0000 -18.0372
#MBAR free energy difference in kcal/mol: 
-18.118601, 0.046754  #WARNING SUBSAMPLING DISABLED, CONSIDER RERUN WITH SUBSAMPLING OPTION
#TI free energy difference in kcal/mol: 
-18.037242  #WARNING SUBSAMPLING DISABLED, CONSIDER RERUN WITH SUBSAMPLING OPTION 
Starting /export/users/common/BioSimSpace/sire.app/bin/analyse_freenrg: number of threads equals 32
