# Analysing data contained in file(s) ['lambda_0.0000/simfile.dat', 'lambda_0.1000/simfile.dat', 'lambda_0.2000/simfile.dat', 'lambda_0.3000/simfile.dat', 'lambda_0.4000/simfile.dat', 'lambda_0.5000/simfile.dat', 'lambda_0.6000/simfile.dat', 'lambda_0.7000/simfile.dat', 'lambda_0.8000/simfile.dat', 'lambda_0.9000/simfile.dat', 'lambda_1.0000/simfile.dat']
#Overlap matrix
0.9703 0.0297 0.0000 0.0000 0.0000 0.0000 0.0000 0.0000 0.0000 0.0000 0.0000
0.0297 0.9344 0.0359 0.0000 0.0000 0.0000 0.0000 0.0000 0.0000 0.0000 0.0000
0.0000 0.0359 0.9266 0.0374 0.0000 0.0000 0.0000 0.0000 0.0000 0.0000 0.0000
0.0000 0.0000 0.0374 0.9260 0.0366 0.0000 0.0000 0.0000 0.0000 0.0000 0.0000
0.0000 0.0000 0.0000 0.0366 0.9549 0.0085 0.0000 0.0000 0.0000 0.0000 0.0000
0.0000 0.0000 0.0000 0.0000 0.0085 0.9558 0.0356 0.0000 0.0000 0.0000 0.0000
0.0000 0.0000 0.0000 0.0000 0.0000 0.0356 0.9457 0.0187 0.0000 0.0000 0.0000
0.0000 0.0000 0.0000 0.0000 0.0000 0.0000 0.0187 0.9540 0.0272 0.0000 0.0000
0.0000 0.0000 0.0000 0.0000 0.0000 0.0000 0.0000 0.0272 0.9359 0.0369 0.0000
0.0000 0.0000 0.0000 0.0000 0.0000 0.0000 0.0000 0.0000 0.0369 0.9367 0.0264
0.0000 0.0000 0.0000 0.0000 0.0000 0.0000 0.0000 0.0000 0.0000 0.0264 0.9736
#DG from neighbouring lambda in kcal/mol
0.0000 0.1000 27.8042 0.0487
0.1000 0.2000 27.1897 0.0440
0.2000 0.3000 25.2455 0.0430
0.3000 0.4000 22.7885 0.0435
0.4000 0.5000 18.5584 0.0928
0.5000 0.6000 16.6349 0.0442
0.6000 0.7000 14.1553 0.0620
0.7000 0.8000 10.0815 0.0510
0.8000 0.9000 6.9578 0.0433
0.9000 1.0000 3.7830 0.0518
#PMF from MBAR in kcal/mol
0.0000 0.0000 0.0000
0.1000 27.8042 0.0487
0.2000 54.9939 0.0667
0.3000 80.2394 0.0803
0.4000 103.0279 0.0922
0.5000 121.5863 0.1313
0.6000 138.2212 0.1391
0.7000 152.3764 0.1528
0.8000 162.4579 0.1615
0.9000 169.4157 0.1677
1.0000 173.1987 0.1760
#TI average gradients and standard deviation in kcal/mol
0.0000 270.3892 24.3854
0.1000 278.5079 23.3920
0.2000 263.7757 22.8082
0.3000 240.8469 22.5601
0.4000 214.7834 22.5777
0.5000 169.6568 24.3157
0.6000 161.1245 22.9814
0.7000 119.1681 22.8291
0.8000 83.0576 22.4923
0.9000 54.9090 23.7460
1.0000 23.9349 24.4259
#PMF from TI in kcal/mol
0.0000 0.0000
0.1000 27.4449
0.2000 54.5590
0.3000 79.7902
0.4000 102.5717
0.5000 121.7937
0.6000 138.3328
0.7000 152.3474
0.8000 162.4587
0.9000 169.3570
1.0000 173.2992
#MBAR free energy difference in kcal/mol: 
173.198728, 0.175950  #WARNING SUBSAMPLING DISABLED, CONSIDER RERUN WITH SUBSAMPLING OPTION
#TI free energy difference in kcal/mol: 
173.299183  #WARNING SUBSAMPLING DISABLED, CONSIDER RERUN WITH SUBSAMPLING OPTION 
Starting /export/users/common/BioSimSpace/sire.app/bin/analyse_freenrg: number of threads equals 32
