# Analysing data contained in file(s) ['lambda_0.0000/simfile.dat', 'lambda_0.1000/simfile.dat', 'lambda_0.2000/simfile.dat', 'lambda_0.3000/simfile.dat', 'lambda_0.4000/simfile.dat', 'lambda_0.5000/simfile.dat', 'lambda_0.6000/simfile.dat', 'lambda_0.7000/simfile.dat', 'lambda_0.8000/simfile.dat', 'lambda_0.9000/simfile.dat', 'lambda_1.0000/simfile.dat']
#Overlap matrix
0.9855 0.0145 0.0000 0.0000 0.0000 0.0000 0.0000 0.0000 0.0000 0.0000 0.0000
0.0145 0.9676 0.0180 0.0000 0.0000 0.0000 0.0000 0.0000 0.0000 0.0000 0.0000
0.0000 0.0180 0.9585 0.0235 0.0000 0.0000 0.0000 0.0000 0.0000 0.0000 0.0000
0.0000 0.0000 0.0235 0.9443 0.0322 0.0000 0.0000 0.0000 0.0000 0.0000 0.0000
0.0000 0.0000 0.0000 0.0322 0.9270 0.0408 0.0000 0.0000 0.0000 0.0000 0.0000
0.0000 0.0000 0.0000 0.0000 0.0408 0.9091 0.0500 0.0000 0.0000 0.0000 0.0000
0.0000 0.0000 0.0000 0.0000 0.0000 0.0500 0.8822 0.0677 0.0000 0.0000 0.0000
0.0000 0.0000 0.0000 0.0000 0.0000 0.0000 0.0677 0.8485 0.0836 0.0001 0.0000
0.0000 0.0000 0.0000 0.0000 0.0000 0.0000 0.0000 0.0836 0.8069 0.1088 0.0006
0.0000 0.0000 0.0000 0.0000 0.0000 0.0000 0.0000 0.0001 0.1088 0.7541 0.1370
0.0000 0.0000 0.0000 0.0000 0.0000 0.0000 0.0000 0.0000 0.0006 0.1370 0.8625
#DG from neighbouring lambda in kcal/mol
0.0000 0.1000 3.8970 0.0708
0.1000 0.2000 7.2675 0.0634
0.2000 0.3000 7.0862 0.0551
0.3000 0.4000 6.2966 0.0466
0.4000 0.5000 5.3191 0.0410
0.5000 0.6000 4.3305 0.0367
0.6000 0.7000 3.3912 0.0309
0.7000 0.8000 2.4620 0.0273
0.8000 0.9000 1.4648 0.0231
0.9000 1.0000 0.4013 0.0199
#PMF from MBAR in kcal/mol
0.0000 0.0000 0.0000
0.1000 3.8970 0.0708
0.2000 11.1644 0.0958
0.3000 18.2506 0.1112
0.4000 24.5471 0.1212
0.5000 29.8662 0.1285
0.6000 34.1967 0.1342
0.7000 37.5879 0.1383
0.8000 40.0499 0.1415
0.9000 41.5147 0.1439
1.0000 41.9161 0.1457
#TI average gradients and standard deviation in kcal/mol
0.0000 -10.1337 28.4939
0.1000 67.4957 26.0999
0.2000 73.7519 24.5016
0.3000 67.2121 23.1946
0.4000 58.0684 22.5833
0.5000 48.4579 21.1990
0.6000 38.5231 19.6886
0.7000 29.7797 18.2972
0.8000 19.7074 16.9831
0.9000 9.7492 15.6028
1.0000 0.1246 14.0420
#PMF from TI in kcal/mol
0.0000 0.0000
0.1000 2.8681
0.2000 9.9305
0.3000 16.9787
0.4000 23.2427
0.5000 28.5690
0.6000 32.9181
0.7000 36.3332
0.8000 38.8076
0.9000 40.2804
1.0000 40.7741
#MBAR free energy difference in kcal/mol: 
41.916057, 0.145716  #WARNING SUBSAMPLING DISABLED, CONSIDER RERUN WITH SUBSAMPLING OPTION
#TI free energy difference in kcal/mol: 
40.774093  #WARNING SUBSAMPLING DISABLED, CONSIDER RERUN WITH SUBSAMPLING OPTION 
Starting /export/users/common/BioSimSpace/sire.app/bin/analyse_freenrg: number of threads equals 32
