# Analysing data contained in file(s) ['lambda_0.0000/simfile.dat', 'lambda_0.1000/simfile.dat', 'lambda_0.2000/simfile.dat', 'lambda_0.3000/simfile.dat', 'lambda_0.4000/simfile.dat', 'lambda_0.5000/simfile.dat', 'lambda_0.6000/simfile.dat', 'lambda_0.7000/simfile.dat', 'lambda_0.8000/simfile.dat', 'lambda_0.9000/simfile.dat', 'lambda_1.0000/simfile.dat']
#Overlap matrix
0.8743 0.1242 0.0014 0.0000 0.0000 0.0000 0.0000 0.0000 0.0000 0.0000 0.0000
0.1242 0.6965 0.1750 0.0042 0.0000 0.0000 0.0000 0.0000 0.0000 0.0000 0.0000
0.0014 0.1750 0.6305 0.1873 0.0057 0.0000 0.0000 0.0000 0.0000 0.0000 0.0000
0.0000 0.0042 0.1873 0.6062 0.1948 0.0074 0.0000 0.0000 0.0000 0.0000 0.0000
0.0000 0.0000 0.0057 0.1948 0.5913 0.1996 0.0085 0.0001 0.0000 0.0000 0.0000
0.0000 0.0000 0.0000 0.0074 0.1996 0.5765 0.2063 0.0101 0.0001 0.0000 0.0000
0.0000 0.0000 0.0000 0.0000 0.0085 0.2063 0.5668 0.2087 0.0096 0.0000 0.0000
0.0000 0.0000 0.0000 0.0000 0.0001 0.0101 0.2087 0.5740 0.2011 0.0060 0.0000
0.0000 0.0000 0.0000 0.0000 0.0000 0.0001 0.0096 0.2011 0.6190 0.1689 0.0012
0.0000 0.0000 0.0000 0.0000 0.0000 0.0000 0.0000 0.0060 0.1689 0.7229 0.1021
0.0000 0.0000 0.0000 0.0000 0.0000 0.0000 0.0000 0.0000 0.0012 0.1021 0.8966
#DG from neighbouring lambda in kcal/mol
0.0000 0.1000 6.1457 0.0211
0.1000 0.2000 4.9983 0.0163
0.2000 0.3000 4.4744 0.0152
0.3000 0.4000 4.0886 0.0145
0.4000 0.5000 3.8050 0.0141
0.5000 0.6000 3.5504 0.0136
0.6000 0.7000 3.4036 0.0134
0.7000 0.8000 3.5595 0.0140
0.8000 0.9000 4.7802 0.0166
0.9000 1.0000 10.0945 0.0240
#PMF from MBAR in kcal/mol
0.0000 0.0000 0.0000
0.1000 6.1457 0.0211
0.2000 11.1440 0.0292
0.3000 15.6184 0.0348
0.4000 19.7070 0.0394
0.5000 23.5119 0.0433
0.6000 27.0623 0.0467
0.7000 30.4659 0.0498
0.8000 34.0254 0.0529
0.9000 38.8056 0.0566
1.0000 48.9000 0.0626
#TI average gradients and standard deviation in kcal/mol
0.0000 72.3243 19.5216
0.1000 53.7244 14.6179
0.2000 46.9527 13.5654
0.3000 42.6577 13.1023
0.4000 39.5000 12.5428
0.5000 36.5447 12.2492
0.6000 34.4326 12.1782
0.7000 34.0800 12.1440
0.8000 38.6480 13.0064
0.9000 62.1607 16.1548
1.0000 164.0362 21.3942
#PMF from TI in kcal/mol
0.0000 0.0000
0.1000 6.3024
0.2000 11.3363
0.3000 15.8168
0.4000 19.9247
0.5000 23.7269
0.6000 27.2758
0.7000 30.7014
0.8000 34.3378
0.9000 39.3783
1.0000 50.6881
#MBAR free energy difference in kcal/mol: 
48.900047, 0.062589  #WARNING SUBSAMPLING DISABLED, CONSIDER RERUN WITH SUBSAMPLING OPTION
#TI free energy difference in kcal/mol: 
50.688106  #WARNING SUBSAMPLING DISABLED, CONSIDER RERUN WITH SUBSAMPLING OPTION 
Starting /export/users/common/BioSimSpace/sire.app/bin/analyse_freenrg: number of threads equals 32
