# Analysing data contained in file(s) ['lambda_0.0000/simfile.dat', 'lambda_0.1000/simfile.dat', 'lambda_0.2000/simfile.dat', 'lambda_0.3000/simfile.dat', 'lambda_0.4000/simfile.dat', 'lambda_0.5000/simfile.dat', 'lambda_0.6000/simfile.dat', 'lambda_0.7000/simfile.dat', 'lambda_0.8000/simfile.dat', 'lambda_0.9000/simfile.dat', 'lambda_1.0000/simfile.dat']
#Overlap matrix
0.7824 0.2071 0.0104 0.0001 0.0000 0.0000 0.0000 0.0000 0.0000 0.0000 0.0000
0.2071 0.5666 0.2151 0.0111 0.0000 0.0000 0.0000 0.0000 0.0000 0.0000 0.0000
0.0104 0.2151 0.5631 0.2100 0.0014 0.0000 0.0000 0.0000 0.0000 0.0000 0.0000
0.0001 0.0111 0.2100 0.6986 0.0722 0.0080 0.0000 0.0000 0.0000 0.0000 0.0000
0.0000 0.0000 0.0014 0.0722 0.7352 0.1896 0.0016 0.0000 0.0000 0.0000 0.0000
0.0000 0.0000 0.0000 0.0080 0.1896 0.7086 0.0812 0.0126 0.0001 0.0000 0.0000
0.0000 0.0000 0.0000 0.0000 0.0016 0.0812 0.8219 0.0922 0.0031 0.0000 0.0000
0.0000 0.0000 0.0000 0.0000 0.0000 0.0126 0.0922 0.6363 0.2398 0.0191 0.0000
0.0000 0.0000 0.0000 0.0000 0.0000 0.0001 0.0031 0.2398 0.5420 0.2148 0.0002
0.0000 0.0000 0.0000 0.0000 0.0000 0.0000 0.0000 0.0191 0.2148 0.7266 0.0395
0.0000 0.0000 0.0000 0.0000 0.0000 0.0000 0.0000 0.0000 0.0002 0.0395 0.9603
#DG from neighbouring lambda in kcal/mol
0.0000 0.1000 13.7273 0.0140
0.1000 0.2000 12.7758 0.0130
0.2000 0.3000 11.0150 0.0137
0.3000 0.4000 7.7648 0.0278
0.4000 0.5000 6.6717 0.0151
0.5000 0.6000 3.5080 0.0254
0.6000 0.7000 2.8998 0.0235
0.7000 0.8000 0.1647 0.0117
0.8000 0.9000 -1.2455 0.0131
0.9000 1.0000 -4.8692 0.0416
#PMF from MBAR in kcal/mol
0.0000 0.0000 0.0000
0.1000 13.7273 0.0140
0.2000 26.5032 0.0219
0.3000 37.5182 0.0281
0.4000 45.2830 0.0412
0.5000 51.9547 0.0447
0.6000 55.4627 0.0528
0.7000 58.3625 0.0575
0.8000 58.5272 0.0598
0.9000 57.2817 0.0620
1.0000 52.4125 0.0757
#TI average gradients and standard deviation in kcal/mol
0.0000 135.0230 13.1166
0.1000 134.5317 12.1301
0.2000 119.9711 11.9201
0.3000 99.5923 13.6784
0.4000 58.4664 22.3727
0.5000 55.3630 12.5784
0.6000 35.7100 17.0608
0.7000 7.8497 13.3895
0.8000 -7.2350 12.5755
0.9000 -17.3416 18.5999
1.0000 -71.4552 12.8379
#PMF from TI in kcal/mol
0.0000 0.0000
0.1000 13.4777
0.2000 26.2029
0.3000 37.1810
0.4000 45.0840
0.5000 50.7755
0.6000 55.3291
0.7000 57.5071
0.8000 57.5378
0.9000 56.3090
1.0000 51.8691
#MBAR free energy difference in kcal/mol: 
52.412495, 0.075692  #WARNING SUBSAMPLING DISABLED, CONSIDER RERUN WITH SUBSAMPLING OPTION
#TI free energy difference in kcal/mol: 
51.869145  #WARNING SUBSAMPLING DISABLED, CONSIDER RERUN WITH SUBSAMPLING OPTION 
Starting /export/users/common/BioSimSpace/sire.app/bin/analyse_freenrg: number of threads equals 32
