# Analysing data contained in file(s) ['lambda_0.0000/simfile.dat', 'lambda_0.1000/simfile.dat', 'lambda_0.2000/simfile.dat', 'lambda_0.3000/simfile.dat', 'lambda_0.4000/simfile.dat', 'lambda_0.5000/simfile.dat', 'lambda_0.6000/simfile.dat', 'lambda_0.7000/simfile.dat', 'lambda_0.8000/simfile.dat', 'lambda_0.9000/simfile.dat', 'lambda_1.0000/simfile.dat']
#Overlap matrix
0.9308 0.0690 0.0002 0.0000 0.0000 0.0000 0.0000 0.0000 0.0000 0.0000 0.0000
0.0690 0.8129 0.1174 0.0007 0.0000 0.0000 0.0000 0.0000 0.0000 0.0000 0.0000
0.0002 0.1174 0.7513 0.1310 0.0000 0.0000 0.0000 0.0000 0.0000 0.0000 0.0000
0.0000 0.0007 0.1310 0.8568 0.0115 0.0000 0.0000 0.0000 0.0000 0.0000 0.0000
0.0000 0.0000 0.0000 0.0115 0.9863 0.0021 0.0000 0.0000 0.0000 0.0001 0.0000
0.0000 0.0000 0.0000 0.0000 0.0021 0.9944 0.0035 0.0000 0.0000 0.0000 0.0000
0.0000 0.0000 0.0000 0.0000 0.0000 0.0035 0.9944 0.0020 0.0001 0.0000 0.0000
0.0000 0.0000 0.0000 0.0000 0.0000 0.0000 0.0020 0.8295 0.1676 0.0009 0.0000
0.0000 0.0000 0.0000 0.0000 0.0000 0.0000 0.0001 0.1676 0.7211 0.1112 0.0000
0.0000 0.0000 0.0000 0.0000 0.0001 0.0000 0.0000 0.0009 0.1112 0.8610 0.0268
0.0000 0.0000 0.0000 0.0000 0.0000 0.0000 0.0000 0.0000 0.0000 0.0268 0.9732
#DG from neighbouring lambda in kcal/mol
0.0000 0.1000 -3.4138 0.0305
0.1000 0.2000 0.5847 0.0220
0.2000 0.3000 0.3482 0.0205
0.3000 0.4000 -3.0583 0.0797
0.4000 0.5000 -9.0068 0.1837
0.5000 0.6000 -7.9854 0.1427
0.6000 0.7000 -1.6274 0.1815
0.7000 0.8000 5.3134 0.0171
0.8000 0.9000 3.4727 0.0227
0.9000 1.0000 -3.4976 0.0514
#PMF from MBAR in kcal/mol
0.0000 0.0000 0.0000
0.1000 -3.4138 0.0305
0.2000 -2.8291 0.0395
0.3000 -2.4810 0.0461
0.4000 -5.5392 0.0928
0.5000 -14.5461 0.2062
0.6000 -22.5314 0.2465
0.7000 -24.1588 0.2952
0.8000 -18.8454 0.2957
0.9000 -15.3727 0.2965
1.0000 -18.8702 0.3012
#TI average gradients and standard deviation in kcal/mol
0.0000 -92.4925 25.8334
0.1000 -0.7359 17.8422
0.2000 7.1800 16.5167
0.3000 -1.5996 17.3491
0.4000 -66.4335 32.6103
0.5000 -104.7306 34.7521
0.6000 -10.5263 36.0807
0.7000 36.6778 12.6359
0.8000 52.2459 15.1841
0.9000 10.4263 22.0005
1.0000 -46678464021799.2500 2364222067774369.5000
#PMF from TI in kcal/mol
0.0000 0.0000
0.1000 -4.6614
0.2000 -4.3392
0.3000 -4.0602
0.4000 -7.4619
0.5000 -16.0201
0.6000 -21.7829
0.7000 -20.4753
0.8000 -16.0291
0.9000 -12.8955
1.0000 -2333923201102.3364
#MBAR free energy difference in kcal/mol: 
-18.870247, 0.301152  #WARNING SUBSAMPLING DISABLED, CONSIDER RERUN WITH SUBSAMPLING OPTION
#TI free energy difference in kcal/mol: 
-2333923201102.336426  #WARNING SUBSAMPLING DISABLED, CONSIDER RERUN WITH SUBSAMPLING OPTION 
Starting /export/users/common/BioSimSpace/sire.app/bin/analyse_freenrg: number of threads equals 32
