# Analysing data contained in file(s) ['lambda_0.0000/simfile.dat', 'lambda_0.1000/simfile.dat', 'lambda_0.2000/simfile.dat', 'lambda_0.3000/simfile.dat', 'lambda_0.4000/simfile.dat', 'lambda_0.5000/simfile.dat', 'lambda_0.6000/simfile.dat', 'lambda_0.7000/simfile.dat', 'lambda_0.8000/simfile.dat', 'lambda_0.9000/simfile.dat', 'lambda_1.0000/simfile.dat']
#Overlap matrix
0.7707 0.2172 0.0120 0.0001 0.0000 0.0000 0.0000 0.0000 0.0000 0.0000 0.0000
0.2172 0.5583 0.2117 0.0127 0.0001 0.0000 0.0000 0.0000 0.0000 0.0000 0.0000
0.0120 0.2117 0.5446 0.2166 0.0150 0.0002 0.0000 0.0000 0.0000 0.0000 0.0000
0.0001 0.0127 0.2166 0.5343 0.2200 0.0160 0.0002 0.0000 0.0000 0.0000 0.0000
0.0000 0.0001 0.0150 0.2200 0.5285 0.2191 0.0170 0.0003 0.0000 0.0000 0.0000
0.0000 0.0000 0.0002 0.0160 0.2191 0.5224 0.2234 0.0187 0.0003 0.0000 0.0000
0.0000 0.0000 0.0000 0.0002 0.0170 0.2234 0.5159 0.2252 0.0181 0.0003 0.0000
0.0000 0.0000 0.0000 0.0000 0.0003 0.0187 0.2252 0.5138 0.2246 0.0172 0.0001
0.0000 0.0000 0.0000 0.0000 0.0000 0.0003 0.0181 0.2246 0.5280 0.2181 0.0109
0.0000 0.0000 0.0000 0.0000 0.0000 0.0000 0.0003 0.0172 0.2181 0.5658 0.1986
0.0000 0.0000 0.0000 0.0000 0.0000 0.0000 0.0000 0.0001 0.0109 0.1986 0.7904
#DG from neighbouring lambda in kcal/mol
0.0000 0.1000 4.7167 0.0133
0.1000 0.2000 4.0081 0.0130
0.2000 0.3000 3.2960 0.0126
0.3000 0.4000 2.6387 0.0123
0.4000 0.5000 1.9739 0.0122
0.5000 0.6000 1.3085 0.0119
0.6000 0.7000 0.6853 0.0118
0.7000 0.8000 0.0912 0.0118
0.8000 0.9000 -0.2858 0.0125
0.9000 1.0000 -0.1854 0.0144
#PMF from MBAR in kcal/mol
0.0000 0.0000 0.0000
0.1000 4.7167 0.0133
0.2000 8.7248 0.0215
0.3000 12.0208 0.0272
0.4000 14.6595 0.0316
0.5000 16.6334 0.0355
0.6000 17.9419 0.0389
0.7000 18.6272 0.0420
0.8000 18.7184 0.0449
0.9000 18.4327 0.0478
1.0000 18.2472 0.0511
#TI average gradients and standard deviation in kcal/mol
0.0000 50.1489 12.1851
0.1000 43.6090 11.8323
0.2000 36.3365 11.7486
0.3000 29.7426 11.4218
0.4000 23.0927 11.2254
0.5000 16.3396 11.1967
0.6000 9.9645 10.9412
0.7000 3.7038 10.9673
0.8000 -1.3787 10.8213
0.9000 -3.6839 11.7910
1.0000 1.4420 13.6527
#PMF from TI in kcal/mol
0.0000 0.0000
0.1000 4.6879
0.2000 8.6852
0.3000 11.9891
0.4000 14.6309
0.5000 16.6025
0.6000 17.9177
0.7000 18.6011
0.8000 18.7174
0.9000 18.4642
1.0000 18.3522
#MBAR free energy difference in kcal/mol: 
18.247211, 0.051064  #WARNING SUBSAMPLING DISABLED, CONSIDER RERUN WITH SUBSAMPLING OPTION
#TI free energy difference in kcal/mol: 
18.352151  #WARNING SUBSAMPLING DISABLED, CONSIDER RERUN WITH SUBSAMPLING OPTION 
Starting /export/users/common/BioSimSpace/sire.app/bin/analyse_freenrg: number of threads equals 32
