# Analysing data contained in file(s) ['lambda_0.0000/simfile.dat', 'lambda_0.1000/simfile.dat', 'lambda_0.2000/simfile.dat', 'lambda_0.3000/simfile.dat', 'lambda_0.4000/simfile.dat', 'lambda_0.5000/simfile.dat', 'lambda_0.6000/simfile.dat', 'lambda_0.7000/simfile.dat', 'lambda_0.8000/simfile.dat', 'lambda_0.9000/simfile.dat', 'lambda_1.0000/simfile.dat']
#Overlap matrix
0.8759 0.1221 0.0020 0.0000 0.0000 0.0000 0.0000 0.0000 0.0000 0.0000 0.0000
0.1221 0.6658 0.2003 0.0117 0.0001 0.0000 0.0000 0.0000 0.0000 0.0000 0.0000
0.0020 0.2003 0.5591 0.2213 0.0171 0.0003 0.0000 0.0000 0.0000 0.0000 0.0000
0.0000 0.0117 0.2213 0.5239 0.2248 0.0180 0.0003 0.0000 0.0000 0.0000 0.0000
0.0000 0.0001 0.0171 0.2248 0.5140 0.2250 0.0187 0.0003 0.0000 0.0000 0.0000
0.0000 0.0000 0.0003 0.0180 0.2250 0.5154 0.2238 0.0174 0.0002 0.0000 0.0000
0.0000 0.0000 0.0000 0.0003 0.0187 0.2238 0.5186 0.2224 0.0161 0.0001 0.0000
0.0000 0.0000 0.0000 0.0000 0.0003 0.0174 0.2224 0.5288 0.2191 0.0121 0.0000
0.0000 0.0000 0.0000 0.0000 0.0000 0.0002 0.0161 0.2191 0.5573 0.2055 0.0018
0.0000 0.0000 0.0000 0.0000 0.0000 0.0000 0.0001 0.0121 0.2055 0.6816 0.1006
0.0000 0.0000 0.0000 0.0000 0.0000 0.0000 0.0000 0.0000 0.0018 0.1006 0.8976
#DG from neighbouring lambda in kcal/mol
0.0000 0.1000 2.1978 0.0213
0.1000 0.2000 3.7839 0.0142
0.2000 0.3000 4.1121 0.0123
0.3000 0.4000 4.0061 0.0118
0.4000 0.5000 3.7656 0.0118
0.5000 0.6000 3.5279 0.0118
0.6000 0.7000 3.2690 0.0120
0.7000 0.8000 2.9850 0.0124
0.8000 0.9000 2.5300 0.0139
0.9000 1.0000 0.8358 0.0241
#PMF from MBAR in kcal/mol
0.0000 0.0000 0.0000
0.1000 2.1978 0.0213
0.2000 5.9817 0.0281
0.3000 10.0938 0.0326
0.4000 14.0999 0.0362
0.5000 17.8654 0.0395
0.6000 21.3933 0.0425
0.7000 24.6623 0.0455
0.8000 27.6473 0.0483
0.9000 30.1773 0.0514
1.0000 31.0131 0.0580
#TI average gradients and standard deviation in kcal/mol
0.0000 0.3939 17.1424
0.1000 33.5385 14.2733
0.2000 40.6021 11.4921
0.3000 40.8963 10.9983
0.4000 38.9690 10.9496
0.5000 36.4638 10.8993
0.6000 33.9328 11.1859
0.7000 31.4895 11.1867
0.8000 28.0500 11.5572
0.9000 21.2056 13.7191
1.0000 -10.6927 20.0909
#PMF from TI in kcal/mol
0.0000 0.0000
0.1000 1.6966
0.2000 5.4036
0.3000 9.4786
0.4000 13.4718
0.5000 17.2435
0.6000 20.7633
0.7000 24.0344
0.8000 27.0114
0.9000 29.4742
1.0000 29.9998
#MBAR free energy difference in kcal/mol: 
31.013105, 0.057989  #WARNING SUBSAMPLING DISABLED, CONSIDER RERUN WITH SUBSAMPLING OPTION
#TI free energy difference in kcal/mol: 
29.999802  #WARNING SUBSAMPLING DISABLED, CONSIDER RERUN WITH SUBSAMPLING OPTION 
Starting /export/users/common/BioSimSpace/sire.app/bin/analyse_freenrg: number of threads equals 32
