# Analysing data contained in file(s) ['lambda_0.0000/simfile.dat', 'lambda_0.1000/simfile.dat', 'lambda_0.2000/simfile.dat', 'lambda_0.3000/simfile.dat', 'lambda_0.4000/simfile.dat', 'lambda_0.5000/simfile.dat', 'lambda_0.6000/simfile.dat', 'lambda_0.7000/simfile.dat', 'lambda_0.8000/simfile.dat', 'lambda_0.9000/simfile.dat', 'lambda_1.0000/simfile.dat']
#Overlap matrix
0.8824 0.1164 0.0012 0.0000 0.0000 0.0000 0.0000 0.0000 0.0000 0.0000 0.0000
0.1164 0.7061 0.1743 0.0032 0.0000 0.0000 0.0000 0.0000 0.0000 0.0000 0.0000
0.0012 0.1743 0.6553 0.1669 0.0023 0.0000 0.0000 0.0000 0.0000 0.0000 0.0000
0.0000 0.0032 0.1669 0.6773 0.1509 0.0018 0.0000 0.0000 0.0000 0.0000 0.0000
0.0000 0.0000 0.0023 0.1509 0.6973 0.1487 0.0008 0.0000 0.0000 0.0000 0.0000
0.0000 0.0000 0.0000 0.0018 0.1487 0.7522 0.0973 0.0000 0.0000 0.0000 0.0000
0.0000 0.0000 0.0000 0.0000 0.0008 0.0973 0.9015 0.0005 0.0000 0.0000 0.0000
0.0000 0.0000 0.0000 0.0000 0.0000 0.0000 0.0005 0.9979 0.0017 0.0000 0.0000
0.0000 0.0000 0.0000 0.0000 0.0000 0.0000 0.0000 0.0017 0.9980 0.0003 0.0000
0.0000 0.0000 0.0000 0.0000 0.0000 0.0000 0.0000 0.0000 0.0003 0.9997 0.0000
0.0000 0.0000 0.0000 0.0000 0.0000 0.0000 0.0000 0.0000 0.0000 0.0000 1.0000
#DG from neighbouring lambda in kcal/mol
0.0000 0.1000 12.3731 0.0221
0.1000 0.2000 10.6429 0.0164
0.2000 0.3000 9.6721 0.0169
0.3000 0.4000 8.6129 0.0183
0.4000 0.5000 7.8626 0.0186
0.5000 0.6000 9.3318 0.0248
0.6000 0.7000 13.7120 0.4019
0.7000 0.8000 8.4586 0.2117
0.8000 0.9000 1.1239 0.4974
0.9000 1.0000 -91.9373 0.5558
#PMF from MBAR in kcal/mol
0.0000 0.0000 0.0000
0.1000 12.3731 0.0221
0.2000 23.0160 0.0299
0.3000 32.6881 0.0363
0.4000 41.3010 0.0423
0.5000 49.1636 0.0476
0.6000 58.4954 0.0550
0.7000 72.2074 0.4058
0.8000 80.6660 0.4579
0.9000 81.7899 0.6762
1.0000 -10.1474 0.1419
#TI average gradients and standard deviation in kcal/mol
0.0000 127.8239 19.7932
0.1000 112.5951 14.5429
0.2000 101.2359 13.6804
0.3000 91.6858 14.8442
0.4000 80.7844 15.1342
0.5000 79.3151 15.8993
0.6000 120.6040 21.9894
0.7000 106.6095 36.9255
0.8000 56.7953 39.3882
0.9000 -78.8062 47.0712
1.0000 -3321.4698 175.9239
#PMF from TI in kcal/mol
0.0000 0.0000
0.1000 12.0209
0.2000 22.7125
0.3000 32.3586
0.4000 40.9821
0.5000 48.9871
0.6000 58.9830
0.7000 70.3437
0.8000 78.5140
0.9000 77.4134
1.0000 -92.6004
#MBAR free energy difference in kcal/mol: 
-10.147415, 0.141934  #WARNING SUBSAMPLING DISABLED, CONSIDER RERUN WITH SUBSAMPLING OPTION
#TI free energy difference in kcal/mol: 
-92.600388  #WARNING SUBSAMPLING DISABLED, CONSIDER RERUN WITH SUBSAMPLING OPTION 
Starting /export/users/common/BioSimSpace/sire.app/bin/analyse_freenrg: number of threads equals 32
