# Analysing data contained in file(s) ['lambda_0.0000/simfile.dat', 'lambda_0.1000/simfile.dat', 'lambda_0.2000/simfile.dat', 'lambda_0.3000/simfile.dat', 'lambda_0.4000/simfile.dat', 'lambda_0.5000/simfile.dat', 'lambda_0.6000/simfile.dat', 'lambda_0.7000/simfile.dat', 'lambda_0.8000/simfile.dat', 'lambda_0.9000/simfile.dat', 'lambda_1.0000/simfile.dat']
#Overlap matrix
0.9187 0.0811 0.0002 0.0000 0.0000 0.0000 0.0000 0.0000 0.0000 0.0000 0.0000
0.0811 0.8003 0.1179 0.0007 0.0000 0.0000 0.0000 0.0000 0.0000 0.0000 0.0000
0.0002 0.1179 0.7408 0.1401 0.0010 0.0000 0.0000 0.0000 0.0000 0.0000 0.0000
0.0000 0.0007 0.1401 0.7102 0.1478 0.0011 0.0000 0.0000 0.0000 0.0000 0.0000
0.0000 0.0000 0.0010 0.1478 0.7058 0.1444 0.0010 0.0000 0.0000 0.0000 0.0000
0.0000 0.0000 0.0000 0.0011 0.1444 0.7075 0.1460 0.0010 0.0000 0.0000 0.0000
0.0000 0.0000 0.0000 0.0000 0.0010 0.1460 0.7114 0.1408 0.0008 0.0000 0.0000
0.0000 0.0000 0.0000 0.0000 0.0000 0.0010 0.1408 0.7180 0.1395 0.0007 0.0000
0.0000 0.0000 0.0000 0.0000 0.0000 0.0000 0.0008 0.1395 0.7253 0.1337 0.0007
0.0000 0.0000 0.0000 0.0000 0.0000 0.0000 0.0000 0.0007 0.1337 0.7325 0.1331
0.0000 0.0000 0.0000 0.0000 0.0000 0.0000 0.0000 0.0000 0.0007 0.1331 0.8662
#DG from neighbouring lambda in kcal/mol
0.0000 0.1000 -0.9744 0.0278
0.1000 0.2000 0.5426 0.0219
0.2000 0.3000 1.2992 0.0194
0.3000 0.4000 1.5656 0.0187
0.4000 0.5000 1.6970 0.0190
0.5000 0.6000 1.7831 0.0189
0.6000 0.7000 1.9018 0.0194
0.7000 0.8000 2.0073 0.0195
0.8000 0.9000 2.1015 0.0201
0.9000 1.0000 2.2705 0.0202
#PMF from MBAR in kcal/mol
0.0000 0.0000 0.0000
0.1000 -0.9744 0.0278
0.2000 -0.4318 0.0374
0.3000 0.8674 0.0438
0.4000 2.4331 0.0491
0.5000 4.1301 0.0540
0.6000 5.9132 0.0584
0.7000 7.8150 0.0627
0.8000 9.8223 0.0667
0.9000 11.9238 0.0707
1.0000 14.1943 0.0746
#TI average gradients and standard deviation in kcal/mol
0.0000 -20.4049 21.6315
0.1000 -0.5573 17.8440
0.2000 10.2053 16.1310
0.3000 14.8428 15.4676
0.4000 16.4772 15.2445
0.5000 17.2915 15.4327
0.6000 18.4811 15.5278
0.7000 19.3502 15.8017
0.8000 20.8077 16.0357
0.9000 21.6101 15.9736
1.0000 24.9272 16.3374
#PMF from TI in kcal/mol
0.0000 0.0000
0.1000 -1.0481
0.2000 -0.5657
0.3000 0.6867
0.4000 2.2527
0.5000 3.9411
0.6000 5.7298
0.7000 7.6213
0.8000 9.6292
0.9000 11.7501
1.0000 14.0770
#MBAR free energy difference in kcal/mol: 
14.194287, 0.074550  #WARNING SUBSAMPLING DISABLED, CONSIDER RERUN WITH SUBSAMPLING OPTION
#TI free energy difference in kcal/mol: 
14.076986  #WARNING SUBSAMPLING DISABLED, CONSIDER RERUN WITH SUBSAMPLING OPTION 
Starting /export/users/common/BioSimSpace/sire.app/bin/analyse_freenrg: number of threads equals 32
