# Analysing data contained in file(s) ['lambda_0.0000/simfile.dat', 'lambda_0.1000/simfile.dat', 'lambda_0.2000/simfile.dat', 'lambda_0.3000/simfile.dat', 'lambda_0.4000/simfile.dat', 'lambda_0.5000/simfile.dat', 'lambda_0.6000/simfile.dat', 'lambda_0.7000/simfile.dat', 'lambda_0.8000/simfile.dat', 'lambda_0.9000/simfile.dat', 'lambda_1.0000/simfile.dat']
#Overlap matrix
0.7873 0.2018 0.0101 0.0007 0.0001 0.0000 0.0000 0.0000 0.0000 0.0000 0.0000
0.2018 0.6474 0.1245 0.0198 0.0050 0.0012 0.0003 0.0000 0.0000 0.0000 0.0000
0.0101 0.1245 0.4868 0.2474 0.0922 0.0295 0.0077 0.0015 0.0002 0.0000 0.0000
0.0007 0.0198 0.2474 0.3558 0.2289 0.1007 0.0351 0.0094 0.0020 0.0003 0.0000
0.0001 0.0050 0.0922 0.2289 0.3021 0.2156 0.1042 0.0383 0.0110 0.0023 0.0003
0.0000 0.0012 0.0295 0.1007 0.2156 0.2802 0.2089 0.1067 0.0422 0.0123 0.0025
0.0000 0.0003 0.0077 0.0351 0.1042 0.2089 0.2665 0.2051 0.1129 0.0460 0.0133
0.0000 0.0000 0.0015 0.0094 0.0383 0.1067 0.2051 0.2591 0.2094 0.1203 0.0500
0.0000 0.0000 0.0002 0.0020 0.0110 0.0422 0.1129 0.2094 0.2595 0.2230 0.1398
0.0000 0.0000 0.0000 0.0003 0.0023 0.0123 0.0460 0.1203 0.2230 0.2981 0.2976
0.0000 0.0000 0.0000 0.0000 0.0003 0.0025 0.0133 0.0500 0.1398 0.2976 0.4964
#DG from neighbouring lambda in kcal/mol
0.0000 0.1000 1.2075 0.0143
0.1000 0.2000 2.6286 0.0179
0.2000 0.3000 2.3588 0.0075
0.3000 0.4000 1.8008 0.0056
0.4000 0.5000 0.9607 0.0051
0.5000 0.6000 0.1190 0.0048
0.6000 0.7000 -0.6961 0.0045
0.7000 0.8000 -1.4721 0.0042
0.8000 0.9000 -2.2623 0.0042
0.9000 1.0000 -3.0637 0.0048
#PMF from MBAR in kcal/mol
0.0000 0.0000 0.0000
0.1000 1.2075 0.0143
0.2000 3.8361 0.0250
0.3000 6.1949 0.0277
0.4000 7.9957 0.0290
0.5000 8.9564 0.0301
0.6000 9.0754 0.0311
0.7000 8.3794 0.0321
0.8000 6.9072 0.0329
0.9000 4.6449 0.0338
1.0000 1.5812 0.0347
#TI average gradients and standard deviation in kcal/mol
0.0000 -19.6174 17.3645
0.1000 32.3695 9.4552
0.2000 23.3516 10.3340
0.3000 21.6162 7.3045
0.4000 14.0766 6.4921
0.5000 5.5044 6.0166
0.6000 -2.8774 5.7247
0.7000 -10.8845 5.3124
0.8000 -18.5933 5.2409
0.9000 -26.6729 5.0932
1.0000 -32.2073 6.1101
#PMF from TI in kcal/mol
0.0000 0.0000
0.1000 0.6376
0.2000 3.4237
0.3000 5.6720
0.4000 7.4567
0.5000 8.4357
0.6000 8.5671
0.7000 7.8790
0.8000 6.4051
0.9000 4.1418
1.0000 1.1978
#MBAR free energy difference in kcal/mol: 
1.581247, 0.034694  #WARNING SUBSAMPLING DISABLED, CONSIDER RERUN WITH SUBSAMPLING OPTION
#TI free energy difference in kcal/mol: 
1.197774  #WARNING SUBSAMPLING DISABLED, CONSIDER RERUN WITH SUBSAMPLING OPTION 
Starting /export/users/common/BioSimSpace/sire.app/bin/analyse_freenrg: number of threads equals 32
