# Analysing data contained in file(s) ['lambda_0.0000/simfile.dat', 'lambda_0.1000/simfile.dat', 'lambda_0.2000/simfile.dat', 'lambda_0.3000/simfile.dat', 'lambda_0.4000/simfile.dat', 'lambda_0.5000/simfile.dat', 'lambda_0.6000/simfile.dat', 'lambda_0.7000/simfile.dat', 'lambda_0.8000/simfile.dat', 'lambda_0.9000/simfile.dat', 'lambda_1.0000/simfile.dat']
#Overlap matrix
0.9410 0.0590 0.0000 0.0000 0.0000 0.0000 0.0000 0.0000 0.0000 0.0000 0.0000
0.0590 0.8452 0.0956 0.0001 0.0000 0.0000 0.0000 0.0000 0.0000 0.0000 0.0000
0.0000 0.0956 0.7953 0.1088 0.0003 0.0000 0.0000 0.0000 0.0000 0.0000 0.0000
0.0000 0.0001 0.1088 0.7663 0.1243 0.0005 0.0000 0.0000 0.0000 0.0000 0.0000
0.0000 0.0000 0.0003 0.1243 0.7459 0.1289 0.0006 0.0000 0.0000 0.0000 0.0000
0.0000 0.0000 0.0000 0.0005 0.1289 0.7327 0.1372 0.0008 0.0000 0.0000 0.0000
0.0000 0.0000 0.0000 0.0000 0.0006 0.1372 0.7202 0.1410 0.0010 0.0000 0.0000
0.0000 0.0000 0.0000 0.0000 0.0000 0.0008 0.1410 0.7141 0.1431 0.0009 0.0000
0.0000 0.0000 0.0000 0.0000 0.0000 0.0000 0.0010 0.1431 0.7149 0.1403 0.0007
0.0000 0.0000 0.0000 0.0000 0.0000 0.0000 0.0000 0.0009 0.1403 0.7391 0.1197
0.0000 0.0000 0.0000 0.0000 0.0000 0.0000 0.0000 0.0000 0.0007 0.1197 0.8796
#DG from neighbouring lambda in kcal/mol
0.0000 0.1000 9.2381 0.0334
0.1000 0.2000 6.6314 0.0251
0.2000 0.3000 4.9763 0.0231
0.3000 0.4000 3.6582 0.0212
0.4000 0.5000 2.6088 0.0206
0.5000 0.6000 1.6715 0.0198
0.6000 0.7000 0.9187 0.0193
0.7000 0.8000 0.4096 0.0191
0.8000 0.9000 0.3610 0.0194
0.9000 1.0000 1.8261 0.0217
#PMF from MBAR in kcal/mol
0.0000 0.0000 0.0000
0.1000 9.2381 0.0334
0.2000 15.8695 0.0436
0.3000 20.8458 0.0508
0.4000 24.5041 0.0564
0.5000 27.1129 0.0612
0.6000 28.7844 0.0654
0.7000 29.7031 0.0693
0.8000 30.1128 0.0729
0.9000 30.4738 0.0764
1.0000 32.2999 0.0803
#TI average gradients and standard deviation in kcal/mol
0.0000 112.7050 22.2555
0.1000 76.5739 18.8780
0.2000 57.5731 17.3497
0.3000 42.4249 16.7644
0.4000 31.1809 16.2640
0.5000 21.0799 15.9293
0.6000 12.8153 15.4473
0.7000 6.1685 14.9997
0.8000 2.6224 15.0883
0.9000 7.0034 15.4230
1.0000 34.9301 17.8524
#PMF from TI in kcal/mol
0.0000 0.0000
0.1000 9.4639
0.2000 16.1713
0.3000 21.1712
0.4000 24.8515
0.5000 27.4645
0.6000 29.1593
0.7000 30.1085
0.8000 30.5480
0.9000 31.0293
1.0000 33.1260
#MBAR free energy difference in kcal/mol: 
32.299895, 0.080284  #WARNING SUBSAMPLING DISABLED, CONSIDER RERUN WITH SUBSAMPLING OPTION
#TI free energy difference in kcal/mol: 
33.125974  #WARNING SUBSAMPLING DISABLED, CONSIDER RERUN WITH SUBSAMPLING OPTION 
Starting /export/users/common/BioSimSpace/sire.app/bin/analyse_freenrg: number of threads equals 32
