# Analysing data contained in file(s) ['lambda_0.0000/simfile.dat', 'lambda_0.1000/simfile.dat', 'lambda_0.2000/simfile.dat', 'lambda_0.3000/simfile.dat', 'lambda_0.4000/simfile.dat', 'lambda_0.5000/simfile.dat', 'lambda_0.6000/simfile.dat', 'lambda_0.7000/simfile.dat', 'lambda_0.8000/simfile.dat', 'lambda_0.9000/simfile.dat', 'lambda_1.0000/simfile.dat']
#Overlap matrix
0.9108 0.0890 0.0002 0.0000 0.0000 0.0000 0.0000 0.0000 0.0000 0.0000 0.0000
0.0890 0.8227 0.0882 0.0001 0.0000 0.0000 0.0000 0.0000 0.0000 0.0000 0.0000
0.0002 0.0882 0.7618 0.1469 0.0029 0.0000 0.0000 0.0000 0.0000 0.0000 0.0000
0.0000 0.0001 0.1469 0.6763 0.1744 0.0023 0.0000 0.0000 0.0000 0.0000 0.0000
0.0000 0.0000 0.0029 0.1744 0.7526 0.0701 0.0000 0.0000 0.0000 0.0000 0.0000
0.0000 0.0000 0.0000 0.0023 0.0701 0.9249 0.0027 0.0000 0.0000 0.0000 0.0000
0.0000 0.0000 0.0000 0.0000 0.0000 0.0027 0.9600 0.0371 0.0002 0.0000 0.0000
0.0000 0.0000 0.0000 0.0000 0.0000 0.0000 0.0371 0.8547 0.1072 0.0009 0.0000
0.0000 0.0000 0.0000 0.0000 0.0000 0.0000 0.0002 0.1072 0.7681 0.1242 0.0004
0.0000 0.0000 0.0000 0.0000 0.0000 0.0000 0.0000 0.0009 0.1242 0.7944 0.0806
0.0000 0.0000 0.0000 0.0000 0.0000 0.0000 0.0000 0.0000 0.0004 0.0806 0.9191
#DG from neighbouring lambda in kcal/mol
0.0000 0.1000 5.7292 0.0263
0.1000 0.2000 2.8064 0.0264
0.2000 0.3000 0.0963 0.0187
0.3000 0.4000 0.3480 0.0163
0.4000 0.5000 5.5098 0.0297
0.5000 0.6000 6.7770 0.1661
0.6000 0.7000 3.8745 0.0431
0.7000 0.8000 2.6023 0.0233
0.8000 0.9000 2.8455 0.0211
0.9000 1.0000 5.4192 0.0278
#PMF from MBAR in kcal/mol
0.0000 0.0000 0.0000
0.1000 5.7292 0.0263
0.2000 8.5356 0.0391
0.3000 8.6319 0.0450
0.4000 8.9800 0.0493
0.5000 14.4897 0.0586
0.6000 21.2667 0.1765
0.7000 25.1413 0.1821
0.8000 27.7436 0.1840
0.9000 30.5891 0.1856
1.0000 36.0083 0.1881
#TI average gradients and standard deviation in kcal/mol
0.0000 5496930903.7354 171580302342.7397
0.1000 42.7411 17.5415
0.2000 10.2076 18.9919
0.3000 -2.6262 13.8047
0.4000 16.2177 15.3926
0.5000 99.6397 38.4950
0.6000 47.3857 26.8666
0.7000 28.5221 20.1778
0.8000 23.9508 16.0068
0.9000 35.7385 17.7762
1.0000 84.3924 23.0319
#PMF from TI in kcal/mol
0.0000 0.0000
0.1000 274846547.3238
0.2000 274846549.9713
0.3000 274846550.3503
0.4000 274846551.0299
0.5000 274846556.8228
0.6000 274846564.1740
0.7000 274846567.9694
0.8000 274846570.5931
0.9000 274846573.5776
1.0000 274846579.5841
#MBAR free energy difference in kcal/mol: 
36.008279, 0.188051  #WARNING SUBSAMPLING DISABLED, CONSIDER RERUN WITH SUBSAMPLING OPTION
#TI free energy difference in kcal/mol: 
274846579.584097  #WARNING SUBSAMPLING DISABLED, CONSIDER RERUN WITH SUBSAMPLING OPTION 
Starting /export/users/common/BioSimSpace/sire.app/bin/analyse_freenrg: number of threads equals 32
