# Analysing data contained in file(s) ['lambda_0.0000/simfile.dat', 'lambda_0.1000/simfile.dat', 'lambda_0.2000/simfile.dat', 'lambda_0.3000/simfile.dat', 'lambda_0.4000/simfile.dat', 'lambda_0.5000/simfile.dat', 'lambda_0.6000/simfile.dat', 'lambda_0.7000/simfile.dat', 'lambda_0.8000/simfile.dat', 'lambda_0.9000/simfile.dat', 'lambda_1.0000/simfile.dat']
#Overlap matrix
0.7132 0.2523 0.0329 0.0016 0.0000 0.0000 0.0000 0.0000 0.0000 0.0000 0.0000
0.2523 0.4639 0.2413 0.0402 0.0023 0.0001 0.0000 0.0000 0.0000 0.0000 0.0000
0.0329 0.2413 0.4399 0.2396 0.0432 0.0030 0.0001 0.0000 0.0000 0.0000 0.0000
0.0016 0.0402 0.2396 0.4238 0.2418 0.0492 0.0037 0.0001 0.0000 0.0000 0.0000
0.0000 0.0023 0.0432 0.2418 0.4157 0.2425 0.0502 0.0041 0.0001 0.0000 0.0000
0.0000 0.0001 0.0030 0.0492 0.2425 0.4081 0.2400 0.0526 0.0044 0.0001 0.0000
0.0000 0.0000 0.0001 0.0037 0.0502 0.2400 0.4082 0.2410 0.0526 0.0041 0.0001
0.0000 0.0000 0.0000 0.0001 0.0041 0.0526 0.2410 0.4091 0.2429 0.0477 0.0025
0.0000 0.0000 0.0000 0.0000 0.0001 0.0044 0.0526 0.2429 0.4259 0.2394 0.0347
0.0000 0.0000 0.0000 0.0000 0.0000 0.0001 0.0041 0.0477 0.2394 0.4697 0.2391
0.0000 0.0000 0.0000 0.0000 0.0000 0.0000 0.0001 0.0025 0.0347 0.2391 0.7236
#DG from neighbouring lambda in kcal/mol
0.0000 0.1000 0.4721 0.0107
0.1000 0.2000 0.2730 0.0096
0.2000 0.3000 0.1593 0.0093
0.3000 0.4000 0.0590 0.0089
0.4000 0.5000 0.0013 0.0086
0.5000 0.6000 -0.0839 0.0086
0.6000 0.7000 -0.1616 0.0085
0.7000 0.8000 -0.1803 0.0086
0.8000 0.9000 0.0079 0.0094
0.9000 1.0000 1.2075 0.0112
#PMF from MBAR in kcal/mol
0.0000 0.0000 0.0000
0.1000 0.4721 0.0107
0.2000 0.7452 0.0173
0.3000 0.9045 0.0218
0.4000 0.9635 0.0253
0.5000 0.9648 0.0283
0.6000 0.8809 0.0309
0.7000 0.7192 0.0333
0.8000 0.5390 0.0355
0.9000 0.5469 0.0378
1.0000 1.7544 0.0406
#TI average gradients and standard deviation in kcal/mol
0.0000 5.1469 10.4542
0.1000 3.4426 9.7635
0.2000 2.0884 9.3019
0.3000 0.9786 9.2288
0.4000 0.4288 8.6918
0.5000 -0.4395 8.7794
0.6000 -1.2729 8.6976
0.7000 -1.8860 8.6693
0.8000 -1.5243 8.7956
0.9000 2.8737 9.8092
1.0000 27.1188 12.1687
#PMF from TI in kcal/mol
0.0000 0.0000
0.1000 0.4295
0.2000 0.7060
0.3000 0.8594
0.4000 0.9297
0.5000 0.9292
0.6000 0.8436
0.7000 0.6856
0.8000 0.5151
0.9000 0.5826
1.0000 2.0822
#MBAR free energy difference in kcal/mol: 
1.754415, 0.040581  #WARNING SUBSAMPLING DISABLED, CONSIDER RERUN WITH SUBSAMPLING OPTION
#TI free energy difference in kcal/mol: 
2.082206  #WARNING SUBSAMPLING DISABLED, CONSIDER RERUN WITH SUBSAMPLING OPTION 
Starting /export/users/common/BioSimSpace/sire.app/bin/analyse_freenrg: number of threads equals 32
