# Analysing data contained in file(s) ['lambda_0.0000/simfile.dat', 'lambda_0.1000/simfile.dat', 'lambda_0.2000/simfile.dat', 'lambda_0.3000/simfile.dat', 'lambda_0.4000/simfile.dat', 'lambda_0.5000/simfile.dat', 'lambda_0.6000/simfile.dat', 'lambda_0.7000/simfile.dat', 'lambda_0.8000/simfile.dat', 'lambda_0.9000/simfile.dat', 'lambda_1.0000/simfile.dat']
#Overlap matrix
0.9150 0.0849 0.0001 0.0000 0.0000 0.0000 0.0000 0.0000 0.0000 0.0000 0.0000
0.0849 0.8091 0.1053 0.0007 0.0000 0.0000 0.0000 0.0000 0.0000 0.0000 0.0000
0.0001 0.1053 0.6983 0.1919 0.0044 0.0000 0.0000 0.0000 0.0000 0.0000 0.0000
0.0000 0.0007 0.1919 0.6530 0.1521 0.0023 0.0000 0.0000 0.0000 0.0000 0.0000
0.0000 0.0000 0.0044 0.1521 0.6720 0.1683 0.0032 0.0000 0.0000 0.0000 0.0000
0.0000 0.0000 0.0000 0.0023 0.1683 0.6650 0.1614 0.0030 0.0000 0.0000 0.0000
0.0000 0.0000 0.0000 0.0000 0.0032 0.1614 0.6635 0.1688 0.0031 0.0000 0.0000
0.0000 0.0000 0.0000 0.0000 0.0000 0.0030 0.1688 0.6651 0.1612 0.0019 0.0000
0.0000 0.0000 0.0000 0.0000 0.0000 0.0000 0.0031 0.1612 0.7084 0.1271 0.0002
0.0000 0.0000 0.0000 0.0000 0.0000 0.0000 0.0000 0.0019 0.1271 0.8155 0.0555
0.0000 0.0000 0.0000 0.0000 0.0000 0.0000 0.0000 0.0000 0.0002 0.0555 0.9442
#DG from neighbouring lambda in kcal/mol
0.0000 0.1000 3.7079 0.0270
0.1000 0.2000 1.9332 0.0236
0.2000 0.3000 1.5586 0.0152
0.3000 0.4000 2.1256 0.0179
0.4000 0.5000 1.9121 0.0168
0.5000 0.6000 1.8997 0.0172
0.6000 0.7000 1.7374 0.0167
0.7000 0.8000 1.8508 0.0173
0.8000 0.9000 2.9786 0.0207
0.9000 1.0000 6.9747 0.0345
#PMF from MBAR in kcal/mol
0.0000 0.0000 0.0000
0.1000 3.7079 0.0270
0.2000 5.6411 0.0379
0.3000 7.1997 0.0425
0.4000 9.3253 0.0475
0.5000 11.2375 0.0517
0.6000 13.1372 0.0558
0.7000 14.8746 0.0593
0.8000 16.7254 0.0629
0.9000 19.7040 0.0673
1.0000 26.6787 0.0766
#TI average gradients and standard deviation in kcal/mol
0.0000 48.4819 22.5509
0.1000 25.6802 20.4548
0.2000 3.7958 25.9817
0.3000 22.4232 14.9581
0.4000 19.8692 14.2299
0.5000 19.6015 14.5121
0.6000 17.8076 14.4593
0.7000 17.0620 14.3179
0.8000 21.5838 14.9213
0.9000 42.2064 18.3761
1.0000 106.1415 26.1575
#PMF from TI in kcal/mol
0.0000 0.0000
0.1000 3.7081
0.2000 5.1819
0.3000 6.4928
0.4000 8.6075
0.5000 10.5810
0.6000 12.4515
0.7000 14.1949
0.8000 16.1272
0.9000 19.3167
1.0000 26.7341
#MBAR free energy difference in kcal/mol: 
26.678689, 0.076554  #WARNING SUBSAMPLING DISABLED, CONSIDER RERUN WITH SUBSAMPLING OPTION
#TI free energy difference in kcal/mol: 
26.734130  #WARNING SUBSAMPLING DISABLED, CONSIDER RERUN WITH SUBSAMPLING OPTION 
Starting /export/users/common/BioSimSpace/sire.app/bin/analyse_freenrg: number of threads equals 32
