# Analysing data contained in file(s) ['lambda_0.0000/simfile.dat', 'lambda_0.1000/simfile.dat', 'lambda_0.2000/simfile.dat', 'lambda_0.3000/simfile.dat', 'lambda_0.4000/simfile.dat', 'lambda_0.5000/simfile.dat', 'lambda_0.6000/simfile.dat', 'lambda_0.7000/simfile.dat', 'lambda_0.8000/simfile.dat', 'lambda_0.9000/simfile.dat', 'lambda_1.0000/simfile.dat']
#Overlap matrix
0.8534 0.1452 0.0014 0.0000 0.0000 0.0000 0.0000 0.0000 0.0000 0.0000 0.0000
0.1452 0.6928 0.1599 0.0021 0.0000 0.0000 0.0000 0.0000 0.0000 0.0000 0.0000
0.0014 0.1599 0.6725 0.1641 0.0021 0.0000 0.0000 0.0000 0.0000 0.0000 0.0000
0.0000 0.0021 0.1641 0.6749 0.1574 0.0014 0.0000 0.0000 0.0000 0.0000 0.0000
0.0000 0.0000 0.0021 0.1574 0.6906 0.1490 0.0008 0.0000 0.0000 0.0000 0.0000
0.0000 0.0000 0.0000 0.0014 0.1490 0.7220 0.1273 0.0002 0.0000 0.0000 0.0000
0.0000 0.0000 0.0000 0.0000 0.0008 0.1273 0.7732 0.0986 0.0000 0.0000 0.0000
0.0000 0.0000 0.0000 0.0000 0.0000 0.0002 0.0986 0.8464 0.0548 0.0000 0.0000
0.0000 0.0000 0.0000 0.0000 0.0000 0.0000 0.0000 0.0548 0.8895 0.0557 0.0000
0.0000 0.0000 0.0000 0.0000 0.0000 0.0000 0.0000 0.0000 0.0557 0.9443 0.0000
0.0000 0.0000 0.0000 0.0000 0.0000 0.0000 0.0000 0.0000 0.0000 0.0000 1.0000
#DG from neighbouring lambda in kcal/mol
0.0000 0.1000 7.0639 0.0190
0.1000 0.2000 6.7419 0.0176
0.2000 0.3000 6.2482 0.0172
0.3000 0.4000 5.6016 0.0178
0.4000 0.5000 4.6761 0.0186
0.5000 0.6000 3.4105 0.0208
0.6000 0.7000 1.3411 0.0246
0.7000 0.8000 -2.2760 0.0349
0.8000 0.9000 -6.6040 0.0345
0.9000 1.0000 -68.7548 0.0522
#PMF from MBAR in kcal/mol
0.0000 0.0000 0.0000
0.1000 7.0639 0.0190
0.2000 13.8059 0.0285
0.3000 20.0541 0.0353
0.4000 25.6557 0.0412
0.5000 30.3318 0.0467
0.6000 33.7423 0.0525
0.7000 35.0834 0.0593
0.8000 32.8074 0.0699
0.9000 26.2034 0.0789
1.0000 -42.5513 0.0368
#TI average gradients and standard deviation in kcal/mol
0.0000 69.2550 16.1554
0.1000 69.4081 14.8609
0.2000 65.2177 14.4888
0.3000 59.6255 14.4225
0.4000 51.7715 14.9261
0.5000 41.4587 15.5141
0.6000 25.3681 16.9845
0.7000 -1.0778 19.7553
0.8000 -49.1945 24.0773
0.9000 -127.1992 59.1848
1.0000 -1141.9836 73.8015
#PMF from TI in kcal/mol
0.0000 0.0000
0.1000 6.9332
0.2000 13.6644
0.3000 19.9066
0.4000 25.4765
0.5000 30.1380
0.6000 33.4793
0.7000 34.6938
0.8000 32.1802
0.9000 23.3605
1.0000 -40.0986
#MBAR free energy difference in kcal/mol: 
-42.551338, 0.036824  #WARNING SUBSAMPLING DISABLED, CONSIDER RERUN WITH SUBSAMPLING OPTION
#TI free energy difference in kcal/mol: 
-40.098624  #WARNING SUBSAMPLING DISABLED, CONSIDER RERUN WITH SUBSAMPLING OPTION 
Starting /export/users/common/BioSimSpace/sire.app/bin/analyse_freenrg: number of threads equals 32
