# Analysing data contained in file(s) ['lambda_0.0000/simfile.dat', 'lambda_0.1000/simfile.dat', 'lambda_0.2000/simfile.dat', 'lambda_0.3000/simfile.dat', 'lambda_0.4000/simfile.dat', 'lambda_0.5000/simfile.dat', 'lambda_0.6000/simfile.dat', 'lambda_0.7000/simfile.dat', 'lambda_0.8000/simfile.dat', 'lambda_0.9000/simfile.dat', 'lambda_1.0000/simfile.dat']
#Overlap matrix
0.8422 0.1562 0.0016 0.0000 0.0000 0.0000 0.0000 0.0000 0.0000 0.0000 0.0000
0.1562 0.6828 0.1585 0.0025 0.0000 0.0000 0.0000 0.0000 0.0000 0.0000 0.0000
0.0016 0.1585 0.6644 0.1723 0.0032 0.0000 0.0000 0.0000 0.0000 0.0000 0.0000
0.0000 0.0025 0.1723 0.6458 0.1757 0.0037 0.0000 0.0000 0.0000 0.0000 0.0000
0.0000 0.0000 0.0032 0.1757 0.6364 0.1801 0.0046 0.0000 0.0000 0.0000 0.0000
0.0000 0.0000 0.0000 0.0037 0.1801 0.6336 0.1786 0.0040 0.0000 0.0000 0.0000
0.0000 0.0000 0.0000 0.0000 0.0046 0.1786 0.6401 0.1733 0.0034 0.0000 0.0000
0.0000 0.0000 0.0000 0.0000 0.0000 0.0040 0.1733 0.6708 0.1496 0.0022 0.0000
0.0000 0.0000 0.0000 0.0000 0.0000 0.0000 0.0034 0.1496 0.6944 0.1516 0.0010
0.0000 0.0000 0.0000 0.0000 0.0000 0.0000 0.0000 0.0022 0.1516 0.7411 0.1052
0.0000 0.0000 0.0000 0.0000 0.0000 0.0000 0.0000 0.0000 0.0010 0.1052 0.8938
#DG from neighbouring lambda in kcal/mol
0.0000 0.1000 5.4703 0.0180
0.1000 0.2000 3.4887 0.0176
0.2000 0.3000 1.7070 0.0165
0.3000 0.4000 0.0125 0.0161
0.4000 0.5000 -1.6046 0.0157
0.5000 0.6000 -3.0450 0.0158
0.6000 0.7000 -4.4189 0.0163
0.7000 0.8000 -5.5376 0.0182
0.8000 0.9000 -6.4703 0.0183
0.9000 1.0000 -6.4443 0.0236
#PMF from MBAR in kcal/mol
0.0000 0.0000 0.0000
0.1000 5.4703 0.0180
0.2000 8.9591 0.0278
0.3000 10.6660 0.0344
0.4000 10.6785 0.0397
0.5000 9.0740 0.0443
0.6000 6.0290 0.0484
0.7000 1.6101 0.0523
0.8000 -3.9275 0.0566
0.9000 -10.3978 0.0606
1.0000 -16.8422 0.0661
#TI average gradients and standard deviation in kcal/mol
0.0000 62.6497 14.7067
0.1000 45.1239 14.7760
0.2000 25.3037 13.8510
0.3000 8.6863 13.9503
0.4000 -8.2244 13.6036
0.5000 -23.4270 13.1884
0.6000 -37.7260 13.7859
0.7000 -50.1977 14.0317
0.8000 -61.9806 14.4232
0.9000 -66.3120 15.7674
1.0000 -61.6567 18.8047
#PMF from TI in kcal/mol
0.0000 0.0000
0.1000 5.3887
0.2000 8.9101
0.3000 10.6096
0.4000 10.6327
0.5000 9.0501
0.6000 5.9924
0.7000 1.5963
0.8000 -4.0127
0.9000 -10.4273
1.0000 -16.8257
#MBAR free energy difference in kcal/mol: 
-16.842176, 0.066087  #WARNING SUBSAMPLING DISABLED, CONSIDER RERUN WITH SUBSAMPLING OPTION
#TI free energy difference in kcal/mol: 
-16.825737  #WARNING SUBSAMPLING DISABLED, CONSIDER RERUN WITH SUBSAMPLING OPTION 
Starting /export/users/common/BioSimSpace/sire.app/bin/analyse_freenrg: number of threads equals 32
