# Analysing data contained in file(s) ['lambda_0.0000/simfile.dat', 'lambda_0.1000/simfile.dat', 'lambda_0.2000/simfile.dat', 'lambda_0.3000/simfile.dat', 'lambda_0.4000/simfile.dat', 'lambda_0.5000/simfile.dat', 'lambda_0.6000/simfile.dat', 'lambda_0.7000/simfile.dat', 'lambda_0.8000/simfile.dat', 'lambda_0.9000/simfile.dat', 'lambda_1.0000/simfile.dat']
#Overlap matrix
0.7952 0.1957 0.0090 0.0001 0.0000 0.0000 0.0000 0.0000 0.0000 0.0000 0.0000
0.1957 0.5790 0.2135 0.0118 0.0001 0.0000 0.0000 0.0000 0.0000 0.0000 0.0000
0.0090 0.2135 0.5570 0.2091 0.0113 0.0001 0.0000 0.0000 0.0000 0.0000 0.0000
0.0001 0.0118 0.2091 0.5587 0.2100 0.0102 0.0001 0.0000 0.0000 0.0000 0.0000
0.0000 0.0001 0.0113 0.2100 0.5626 0.2063 0.0097 0.0000 0.0000 0.0000 0.0000
0.0000 0.0000 0.0001 0.0102 0.2063 0.5732 0.2024 0.0077 0.0000 0.0000 0.0000
0.0000 0.0000 0.0000 0.0001 0.0097 0.2024 0.5854 0.1955 0.0069 0.0000 0.0000
0.0000 0.0000 0.0000 0.0000 0.0000 0.0077 0.1955 0.5974 0.1940 0.0053 0.0000
0.0000 0.0000 0.0000 0.0000 0.0000 0.0000 0.0069 0.1940 0.6095 0.1848 0.0049
0.0000 0.0000 0.0000 0.0000 0.0000 0.0000 0.0000 0.0053 0.1848 0.6206 0.1892
0.0000 0.0000 0.0000 0.0000 0.0000 0.0000 0.0000 0.0000 0.0049 0.1892 0.8059
#DG from neighbouring lambda in kcal/mol
0.0000 0.1000 -2.5037 0.0147
0.1000 0.2000 -2.0681 0.0131
0.2000 0.3000 -1.9235 0.0132
0.3000 0.4000 -1.9394 0.0132
0.4000 0.5000 -1.9987 0.0135
0.5000 0.6000 -2.0236 0.0138
0.6000 0.7000 -2.0903 0.0144
0.7000 0.8000 -2.1261 0.0146
0.8000 0.9000 -2.2036 0.0153
0.9000 1.0000 -2.2304 0.0154
#PMF from MBAR in kcal/mol
0.0000 0.0000 0.0000
0.1000 -2.5037 0.0147
0.2000 -4.5718 0.0225
0.3000 -6.4953 0.0283
0.4000 -8.4347 0.0331
0.5000 -10.4334 0.0374
0.6000 -12.4570 0.0414
0.7000 -14.5472 0.0452
0.8000 -16.6733 0.0488
0.9000 -18.8769 0.0524
1.0000 -21.1073 0.0558
#TI average gradients and standard deviation in kcal/mol
0.0000 -28.3739 13.4143
0.1000 -22.2769 12.1093
0.2000 -19.6233 11.6228
0.3000 -19.1969 12.0335
0.4000 -19.6748 12.1496
0.5000 -20.0346 12.1347
0.6000 -20.5742 12.6142
0.7000 -21.0556 12.5802
0.8000 -21.5578 13.2055
0.9000 -22.4505 13.2170
1.0000 -21.2903 13.7036
#PMF from TI in kcal/mol
0.0000 0.0000
0.1000 -2.5325
0.2000 -4.6275
0.3000 -6.5686
0.4000 -8.5121
0.5000 -10.4976
0.6000 -12.5281
0.7000 -14.6095
0.8000 -16.7402
0.9000 -18.9406
1.0000 -21.1277
#MBAR free energy difference in kcal/mol: 
-21.107279, 0.055806  #WARNING SUBSAMPLING DISABLED, CONSIDER RERUN WITH SUBSAMPLING OPTION
#TI free energy difference in kcal/mol: 
-21.127668  #WARNING SUBSAMPLING DISABLED, CONSIDER RERUN WITH SUBSAMPLING OPTION 
Starting /export/users/common/BioSimSpace/sire.app/bin/analyse_freenrg: number of threads equals 32
