# Analysing data contained in file(s) ['lambda_0.0000/simfile.dat', 'lambda_0.1000/simfile.dat', 'lambda_0.2000/simfile.dat', 'lambda_0.3000/simfile.dat', 'lambda_0.4000/simfile.dat', 'lambda_0.5000/simfile.dat', 'lambda_0.6000/simfile.dat', 'lambda_0.7000/simfile.dat', 'lambda_0.8000/simfile.dat', 'lambda_0.9000/simfile.dat', 'lambda_1.0000/simfile.dat']
#Overlap matrix
0.9941 0.0059 0.0000 0.0000 0.0000 0.0000 0.0000 0.0000 0.0000 0.0000 0.0000
0.0059 0.9844 0.0098 0.0000 0.0000 0.0000 0.0000 0.0000 0.0000 0.0000 0.0000
0.0000 0.0098 0.9790 0.0113 0.0000 0.0000 0.0000 0.0000 0.0000 0.0000 0.0000
0.0000 0.0000 0.0113 0.9790 0.0098 0.0000 0.0000 0.0000 0.0000 0.0000 0.0000
0.0000 0.0000 0.0000 0.0098 0.9786 0.0117 0.0000 0.0000 0.0000 0.0000 0.0000
0.0000 0.0000 0.0000 0.0000 0.0117 0.9759 0.0124 0.0000 0.0000 0.0000 0.0000
0.0000 0.0000 0.0000 0.0000 0.0000 0.0124 0.9744 0.0132 0.0000 0.0000 0.0000
0.0000 0.0000 0.0000 0.0000 0.0000 0.0000 0.0132 0.9750 0.0118 0.0000 0.0000
0.0000 0.0000 0.0000 0.0000 0.0000 0.0000 0.0000 0.0118 0.9766 0.0116 0.0000
0.0000 0.0000 0.0000 0.0000 0.0000 0.0000 0.0000 0.0000 0.0116 0.9816 0.0067
0.0000 0.0000 0.0000 0.0000 0.0000 0.0000 0.0000 0.0000 0.0000 0.0067 0.9933
#DG from neighbouring lambda in kcal/mol
0.0000 0.1000 9.2302 0.1124
0.1000 0.2000 8.9660 0.0867
0.2000 0.3000 7.5020 0.0806
0.3000 0.4000 5.3651 0.0866
0.4000 0.5000 3.0225 0.0792
0.5000 0.6000 0.5337 0.0767
0.6000 0.7000 -2.1165 0.0742
0.7000 0.8000 -4.3561 0.0787
0.8000 0.9000 -5.7132 0.0793
0.9000 1.0000 -4.8701 0.1047
#PMF from MBAR in kcal/mol
0.0000 0.0000 0.0000
0.1000 9.2302 0.1124
0.2000 18.1962 0.1424
0.3000 25.6982 0.1641
0.4000 31.0633 0.1860
0.5000 34.0857 0.2025
0.6000 34.6195 0.2169
0.7000 32.5029 0.2296
0.8000 28.1468 0.2430
0.9000 22.4336 0.2559
1.0000 17.5635 0.2768
#TI average gradients and standard deviation in kcal/mol
0.0000 83.2013 92.6520
0.1000 93.0215 29.9138
0.2000 83.1183 28.9584
0.3000 65.8208 28.5639
0.4000 41.5954 28.3847
0.5000 18.0843 29.0703
0.6000 -7.7399 29.0492
0.7000 -33.2241 27.8099
0.8000 -52.4026 28.5072
0.9000 -58.9366 30.0571
1.0000 -31.6639 32.7810
#PMF from TI in kcal/mol
0.0000 0.0000
0.1000 8.8111
0.2000 17.6181
0.3000 25.0651
0.4000 30.4359
0.5000 33.4199
0.6000 33.9371
0.7000 31.8889
0.8000 27.6076
0.9000 22.0406
1.0000 17.5106
#MBAR free energy difference in kcal/mol: 
17.563469, 0.276756  #WARNING SUBSAMPLING DISABLED, CONSIDER RERUN WITH SUBSAMPLING OPTION
#TI free energy difference in kcal/mol: 
17.510595  #WARNING SUBSAMPLING DISABLED, CONSIDER RERUN WITH SUBSAMPLING OPTION 
Starting /export/users/common/BioSimSpace/sire.app/bin/analyse_freenrg: number of threads equals 32
