# Analysing data contained in file(s) ['lambda_0.0000/simfile.dat', 'lambda_0.1000/simfile.dat', 'lambda_0.2000/simfile.dat', 'lambda_0.3000/simfile.dat', 'lambda_0.4000/simfile.dat', 'lambda_0.5000/simfile.dat', 'lambda_0.6000/simfile.dat', 'lambda_0.7000/simfile.dat', 'lambda_0.8000/simfile.dat', 'lambda_0.9000/simfile.dat', 'lambda_1.0000/simfile.dat']
#Overlap matrix
0.8068 0.1888 0.0044 0.0000 0.0000 0.0000 0.0000 0.0000 0.0000 0.0000 0.0000
0.1888 0.6288 0.1791 0.0032 0.0000 0.0000 0.0000 0.0000 0.0000 0.0000 0.0000
0.0044 0.1791 0.6418 0.1723 0.0025 0.0000 0.0000 0.0000 0.0000 0.0000 0.0000
0.0000 0.0032 0.1723 0.6646 0.1583 0.0016 0.0000 0.0000 0.0000 0.0000 0.0000
0.0000 0.0000 0.0025 0.1583 0.6867 0.1515 0.0010 0.0000 0.0000 0.0000 0.0000
0.0000 0.0000 0.0000 0.0016 0.1515 0.7085 0.1376 0.0008 0.0000 0.0000 0.0000
0.0000 0.0000 0.0000 0.0000 0.0010 0.1376 0.7220 0.1385 0.0008 0.0000 0.0000
0.0000 0.0000 0.0000 0.0000 0.0000 0.0008 0.1385 0.7197 0.1401 0.0009 0.0000
0.0000 0.0000 0.0000 0.0000 0.0000 0.0000 0.0008 0.1401 0.7113 0.1467 0.0011
0.0000 0.0000 0.0000 0.0000 0.0000 0.0000 0.0000 0.0009 0.1467 0.7056 0.1467
0.0000 0.0000 0.0000 0.0000 0.0000 0.0000 0.0000 0.0000 0.0011 0.1467 0.8522
#DG from neighbouring lambda in kcal/mol
0.0000 0.1000 -1.2760 0.0154
0.1000 0.2000 0.5465 0.0159
0.2000 0.3000 2.0801 0.0165
0.3000 0.4000 3.3923 0.0176
0.4000 0.5000 4.3998 0.0183
0.5000 0.6000 5.1695 0.0197
0.6000 0.7000 5.7947 0.0196
0.7000 0.8000 6.4830 0.0194
0.8000 0.9000 7.3936 0.0188
0.9000 1.0000 8.8203 0.0189
#PMF from MBAR in kcal/mol
0.0000 0.0000 0.0000
0.1000 -1.2760 0.0154
0.2000 -0.7295 0.0249
0.3000 1.3505 0.0321
0.4000 4.7429 0.0384
0.5000 9.1427 0.0442
0.6000 14.3122 0.0498
0.7000 20.1069 0.0549
0.8000 26.5899 0.0594
0.9000 33.9835 0.0635
1.0000 42.8038 0.0673
#TI average gradients and standard deviation in kcal/mol
0.0000 -23.2713 13.0772
0.1000 -3.2656 13.3055
0.2000 13.4801 13.8717
0.3000 27.8503 14.3105
0.4000 39.4062 14.9470
0.5000 48.4025 15.3387
0.6000 54.7349 15.5617
0.7000 61.2675 15.6200
0.8000 68.5929 15.5664
0.9000 80.0273 15.5039
1.0000 98.1241 15.5029
#PMF from TI in kcal/mol
0.0000 0.0000
0.1000 -1.3268
0.2000 -0.8161
0.3000 1.2504
0.4000 4.6132
0.5000 9.0037
0.6000 14.1605
0.7000 19.9606
0.8000 26.4537
0.9000 33.8847
1.0000 42.7922
#MBAR free energy difference in kcal/mol: 
42.803849, 0.067276  #WARNING SUBSAMPLING DISABLED, CONSIDER RERUN WITH SUBSAMPLING OPTION
#TI free energy difference in kcal/mol: 
42.792249  #WARNING SUBSAMPLING DISABLED, CONSIDER RERUN WITH SUBSAMPLING OPTION 
Starting /export/users/common/BioSimSpace/sire.app/bin/analyse_freenrg: number of threads equals 32
