# Analysing data contained in file(s) ['lambda_0.0000/simfile.dat', 'lambda_0.1000/simfile.dat', 'lambda_0.2000/simfile.dat', 'lambda_0.3000/simfile.dat', 'lambda_0.4000/simfile.dat', 'lambda_0.5000/simfile.dat', 'lambda_0.6000/simfile.dat', 'lambda_0.7000/simfile.dat', 'lambda_0.8000/simfile.dat', 'lambda_0.9000/simfile.dat', 'lambda_1.0000/simfile.dat']
#Overlap matrix
0.9989 0.0011 0.0000 0.0000 0.0000 0.0000 0.0000 0.0000 0.0000 0.0000 0.0000
0.0011 0.9919 0.0070 0.0000 0.0000 0.0000 0.0000 0.0000 0.0000 0.0000 0.0000
0.0000 0.0070 0.9666 0.0264 0.0000 0.0000 0.0000 0.0000 0.0000 0.0000 0.0000
0.0000 0.0000 0.0264 0.9240 0.0495 0.0000 0.0000 0.0000 0.0000 0.0000 0.0000
0.0000 0.0000 0.0000 0.0495 0.8841 0.0664 0.0000 0.0000 0.0000 0.0000 0.0000
0.0000 0.0000 0.0000 0.0000 0.0664 0.8619 0.0717 0.0000 0.0000 0.0000 0.0000
0.0000 0.0000 0.0000 0.0000 0.0000 0.0717 0.8722 0.0560 0.0000 0.0000 0.0000
0.0000 0.0000 0.0000 0.0000 0.0000 0.0000 0.0560 0.9409 0.0031 0.0000 0.0000
0.0000 0.0000 0.0000 0.0000 0.0000 0.0000 0.0000 0.0031 0.9117 0.0851 0.0001
0.0000 0.0000 0.0000 0.0000 0.0000 0.0000 0.0000 0.0000 0.0851 0.8183 0.0966
0.0000 0.0000 0.0000 0.0000 0.0000 0.0000 0.0000 0.0000 0.0001 0.0966 0.9033
#DG from neighbouring lambda in kcal/mol
0.0000 0.1000 46.6199 0.2613
0.1000 0.2000 28.5154 0.1026
0.2000 0.3000 17.7437 0.0518
0.3000 0.4000 10.4615 0.0369
0.4000 0.5000 4.9212 0.0313
0.5000 0.6000 0.1136 0.0299
0.6000 0.7000 -5.1728 0.0344
0.7000 0.8000 -14.6000 0.1551
0.8000 0.9000 -26.6814 0.0270
0.9000 1.0000 -30.5760 0.0250
#PMF from MBAR in kcal/mol
0.0000 0.0000 0.0000
0.1000 46.6199 0.2613
0.2000 75.1353 0.2810
0.3000 92.8790 0.2860
0.4000 103.3406 0.2886
0.5000 108.2617 0.2906
0.6000 108.3753 0.2924
0.7000 103.2025 0.2947
0.8000 88.6024 0.3332
0.9000 61.9211 0.3345
1.0000 31.3451 0.3357
#TI average gradients and standard deviation in kcal/mol
0.0000 581.3385 40.3840
0.1000 360.2680 33.1252
0.2000 222.8140 26.3970
0.3000 136.5795 22.8794
0.4000 75.2090 20.6158
0.5000 24.9841 19.0386
0.6000 -23.6535 19.8925
0.7000 -82.1910 22.3312
0.8000 -239.4135 26.0575
0.9000 -286.6741 17.0490
1.0000 -326.1531 18.3991
#PMF from TI in kcal/mol
0.0000 0.0000
0.1000 47.0803
0.2000 76.2344
0.3000 94.2041
0.4000 104.7935
0.5000 109.8032
0.6000 109.8697
0.7000 104.5775
0.8000 88.4973
0.9000 62.1929
1.0000 31.5515
#MBAR free energy difference in kcal/mol: 
31.345126, 0.335695  #WARNING SUBSAMPLING DISABLED, CONSIDER RERUN WITH SUBSAMPLING OPTION
#TI free energy difference in kcal/mol: 
31.551524  #WARNING SUBSAMPLING DISABLED, CONSIDER RERUN WITH SUBSAMPLING OPTION 
Starting /export/users/common/BioSimSpace/sire.app/bin/analyse_freenrg: number of threads equals 32
