# Analysing data contained in file(s) ['lambda_0.0000/simfile.dat', 'lambda_0.1000/simfile.dat', 'lambda_0.2000/simfile.dat', 'lambda_0.3000/simfile.dat', 'lambda_0.4000/simfile.dat', 'lambda_0.5000/simfile.dat', 'lambda_0.6000/simfile.dat', 'lambda_0.7000/simfile.dat', 'lambda_0.8000/simfile.dat', 'lambda_0.9000/simfile.dat', 'lambda_1.0000/simfile.dat']
#Overlap matrix
0.8940 0.1034 0.0026 0.0000 0.0000 0.0000 0.0000 0.0000 0.0000 0.0000 0.0000
0.1034 0.6943 0.1878 0.0141 0.0003 0.0000 0.0000 0.0000 0.0000 0.0000 0.0000
0.0026 0.1878 0.5625 0.2239 0.0227 0.0005 0.0000 0.0000 0.0000 0.0000 0.0000
0.0000 0.0141 0.2239 0.5071 0.2311 0.0233 0.0005 0.0000 0.0000 0.0000 0.0000
0.0000 0.0003 0.0227 0.2311 0.4925 0.2302 0.0227 0.0004 0.0000 0.0000 0.0000
0.0000 0.0000 0.0005 0.0233 0.2302 0.4961 0.2287 0.0208 0.0003 0.0000 0.0000
0.0000 0.0000 0.0000 0.0005 0.0227 0.2287 0.5042 0.2249 0.0187 0.0003 0.0000
0.0000 0.0000 0.0000 0.0000 0.0004 0.0208 0.2249 0.5154 0.2217 0.0165 0.0002
0.0000 0.0000 0.0000 0.0000 0.0000 0.0003 0.0187 0.2217 0.5258 0.2184 0.0150
0.0000 0.0000 0.0000 0.0000 0.0000 0.0000 0.0003 0.0165 0.2184 0.5348 0.2300
0.0000 0.0000 0.0000 0.0000 0.0000 0.0000 0.0000 0.0002 0.0150 0.2300 0.7547
#DG from neighbouring lambda in kcal/mol
0.0000 0.1000 -2.5491 0.0236
0.1000 0.2000 -0.3516 0.0147
0.2000 0.3000 0.3888 0.0118
0.3000 0.4000 0.4124 0.0111
0.4000 0.5000 0.1376 0.0111
0.5000 0.6000 -0.1611 0.0113
0.6000 0.7000 -0.4235 0.0116
0.7000 0.8000 -0.6495 0.0120
0.8000 0.9000 -0.8525 0.0123
0.9000 1.0000 -1.0061 0.0125
#PMF from MBAR in kcal/mol
0.0000 0.0000 0.0000
0.1000 -2.5491 0.0236
0.2000 -2.9007 0.0301
0.3000 -2.5119 0.0340
0.4000 -2.0995 0.0372
0.5000 -1.9619 0.0401
0.6000 -2.1231 0.0429
0.7000 -2.5466 0.0457
0.8000 -3.1961 0.0484
0.9000 -4.0486 0.0510
1.0000 -5.0547 0.0536
#TI average gradients and standard deviation in kcal/mol
0.0000 -41.3413 18.5434
0.1000 -11.2085 14.7979
0.2000 2.0237 11.6186
0.3000 4.8116 10.3931
0.4000 2.8815 10.3985
0.5000 -0.1647 10.3707
0.6000 -3.1599 10.7995
0.7000 -5.2194 11.0018
0.8000 -7.5077 11.1663
0.9000 -9.6320 11.3134
1.0000 -8.6767 11.6294
#PMF from TI in kcal/mol
0.0000 0.0000
0.1000 -2.6275
0.2000 -3.0867
0.3000 -2.7450
0.4000 -2.3603
0.5000 -2.2245
0.6000 -2.3907
0.7000 -2.8097
0.8000 -3.4460
0.9000 -4.3030
1.0000 -5.2184
#MBAR free energy difference in kcal/mol: 
-5.054692, 0.053592  #WARNING SUBSAMPLING DISABLED, CONSIDER RERUN WITH SUBSAMPLING OPTION
#TI free energy difference in kcal/mol: 
-5.218438  #WARNING SUBSAMPLING DISABLED, CONSIDER RERUN WITH SUBSAMPLING OPTION 
Starting /export/users/common/BioSimSpace/sire.app/bin/analyse_freenrg: number of threads equals 32
