# Analysing data contained in file(s) ['lambda_0.0000/simfile.dat', 'lambda_0.1000/simfile.dat', 'lambda_0.2000/simfile.dat', 'lambda_0.3000/simfile.dat', 'lambda_0.4000/simfile.dat', 'lambda_0.5000/simfile.dat', 'lambda_0.6000/simfile.dat', 'lambda_0.7000/simfile.dat', 'lambda_0.8000/simfile.dat', 'lambda_0.9000/simfile.dat', 'lambda_1.0000/simfile.dat']
#Overlap matrix
0.9590 0.0410 0.0000 0.0000 0.0000 0.0000 0.0000 0.0000 0.0000 0.0000 0.0000
0.0410 0.9087 0.0503 0.0000 0.0000 0.0000 0.0000 0.0000 0.0000 0.0000 0.0000
0.0000 0.0503 0.8928 0.0569 0.0000 0.0000 0.0000 0.0000 0.0000 0.0000 0.0000
0.0000 0.0000 0.0569 0.8862 0.0569 0.0000 0.0000 0.0000 0.0000 0.0000 0.0000
0.0000 0.0000 0.0000 0.0569 0.8660 0.0770 0.0000 0.0000 0.0000 0.0000 0.0000
0.0000 0.0000 0.0000 0.0000 0.0770 0.8340 0.0889 0.0001 0.0000 0.0000 0.0000
0.0000 0.0000 0.0000 0.0000 0.0000 0.0889 0.8186 0.0923 0.0002 0.0000 0.0000
0.0000 0.0000 0.0000 0.0000 0.0000 0.0001 0.0923 0.7965 0.1108 0.0003 0.0000
0.0000 0.0000 0.0000 0.0000 0.0000 0.0000 0.0002 0.1108 0.7653 0.1232 0.0006
0.0000 0.0000 0.0000 0.0000 0.0000 0.0000 0.0000 0.0003 0.1232 0.7397 0.1368
0.0000 0.0000 0.0000 0.0000 0.0000 0.0000 0.0000 0.0000 0.0006 0.1368 0.8626
#DG from neighbouring lambda in kcal/mol
0.0000 0.1000 -6.3064 0.0410
0.1000 0.2000 -2.0019 0.0366
0.2000 0.3000 -1.1488 0.0341
0.3000 0.4000 -1.1873 0.0341
0.4000 0.5000 -1.1883 0.0287
0.5000 0.6000 -0.9403 0.0263
0.6000 0.7000 -0.9638 0.0257
0.7000 0.8000 -0.9560 0.0229
0.8000 0.9000 -0.9656 0.0213
0.9000 1.0000 -1.0442 0.0199
#PMF from MBAR in kcal/mol
0.0000 0.0000 0.0000
0.1000 -6.3064 0.0410
0.2000 -8.3083 0.0563
0.3000 -9.4571 0.0669
0.4000 -10.6444 0.0761
0.5000 -11.8327 0.0822
0.6000 -12.7731 0.0872
0.7000 -13.7369 0.0917
0.8000 -14.6928 0.0953
0.9000 -15.6585 0.0984
1.0000 -16.7027 0.1011
#TI average gradients and standard deviation in kcal/mol
0.0000 -119.7424 23.0685
0.1000 -30.8578 21.8170
0.2000 -13.0781 20.8867
0.3000 -10.4957 19.9546
0.4000 -13.2109 19.5992
0.5000 -10.5823 18.3039
0.6000 -8.7100 17.7773
0.7000 -9.8880 16.6150
0.8000 -9.4486 15.9331
0.9000 -9.9128 15.4391
1.0000 -9.1519 14.7985
#PMF from TI in kcal/mol
0.0000 0.0000
0.1000 -7.5300
0.2000 -9.7268
0.3000 -10.9055
0.4000 -12.0908
0.5000 -13.2805
0.6000 -14.2451
0.7000 -15.1750
0.8000 -16.1418
0.9000 -17.1099
1.0000 -18.0631
#MBAR free energy difference in kcal/mol: 
-16.702685, 0.101092  #WARNING SUBSAMPLING DISABLED, CONSIDER RERUN WITH SUBSAMPLING OPTION
#TI free energy difference in kcal/mol: 
-18.063143  #WARNING SUBSAMPLING DISABLED, CONSIDER RERUN WITH SUBSAMPLING OPTION 
Starting /export/users/common/BioSimSpace/sire.app/bin/analyse_freenrg: number of threads equals 32
