# Analysing data contained in file(s) ['lambda_0.0000/simfile.dat', 'lambda_0.1000/simfile.dat', 'lambda_0.2000/simfile.dat', 'lambda_0.3000/simfile.dat', 'lambda_0.4000/simfile.dat', 'lambda_0.5000/simfile.dat', 'lambda_0.6000/simfile.dat', 'lambda_0.7000/simfile.dat', 'lambda_0.8000/simfile.dat', 'lambda_0.9000/simfile.dat', 'lambda_1.0000/simfile.dat']
#Overlap matrix
0.8490 0.1486 0.0024 0.0000 0.0000 0.0000 0.0000 0.0000 0.0000 0.0000 0.0000
0.1486 0.6777 0.1701 0.0036 0.0000 0.0000 0.0000 0.0000 0.0000 0.0000 0.0000
0.0024 0.1701 0.6426 0.1802 0.0046 0.0000 0.0000 0.0000 0.0000 0.0000 0.0000
0.0000 0.0036 0.1802 0.6261 0.1853 0.0048 0.0000 0.0000 0.0000 0.0000 0.0000
0.0000 0.0000 0.0046 0.1853 0.6179 0.1872 0.0049 0.0000 0.0000 0.0000 0.0000
0.0000 0.0000 0.0000 0.0048 0.1872 0.6210 0.1824 0.0047 0.0000 0.0000 0.0000
0.0000 0.0000 0.0000 0.0000 0.0049 0.1824 0.6276 0.1806 0.0046 0.0000 0.0000
0.0000 0.0000 0.0000 0.0000 0.0000 0.0047 0.1806 0.6298 0.1812 0.0037 0.0000
0.0000 0.0000 0.0000 0.0000 0.0000 0.0000 0.0046 0.1812 0.6455 0.1669 0.0018
0.0000 0.0000 0.0000 0.0000 0.0000 0.0000 0.0000 0.0037 0.1669 0.6933 0.1361
0.0000 0.0000 0.0000 0.0000 0.0000 0.0000 0.0000 0.0000 0.0018 0.1361 0.8621
#DG from neighbouring lambda in kcal/mol
0.0000 0.1000 -4.2232 0.0186
0.1000 0.2000 -3.6583 0.0166
0.2000 0.3000 -3.4593 0.0157
0.3000 0.4000 -3.4637 0.0153
0.4000 0.5000 -3.6341 0.0152
0.5000 0.6000 -3.8760 0.0155
0.6000 0.7000 -4.1657 0.0157
0.7000 0.8000 -4.3582 0.0157
0.8000 0.9000 -4.2317 0.0169
0.9000 1.0000 -3.3325 0.0198
#PMF from MBAR in kcal/mol
0.0000 0.0000 0.0000
0.1000 -4.2232 0.0186
0.2000 -7.8815 0.0275
0.3000 -11.3408 0.0337
0.4000 -14.8045 0.0388
0.5000 -18.4386 0.0432
0.6000 -22.3146 0.0473
0.7000 -26.4803 0.0511
0.8000 -30.8385 0.0547
0.9000 -35.0702 0.0584
1.0000 -38.4027 0.0628
#TI average gradients and standard deviation in kcal/mol
0.0000 2350466788.7210 133521581277.9232
0.1000 -38.6318 14.5976
0.2000 -35.0701 13.9817
0.3000 -34.2921 13.3800
0.4000 -35.4508 13.5094
0.5000 -37.3225 13.4141
0.6000 -40.1771 13.5501
0.7000 -43.0708 13.6176
0.8000 -43.5493 13.8721
0.9000 -39.9553 14.8456
1.0000 -21.6300 16.6718
#PMF from TI in kcal/mol
0.0000 0.0000
0.1000 117523337.5045
0.2000 117523333.8194
0.3000 117523330.3512
0.4000 117523326.8641
0.5000 117523323.2254
0.6000 117523319.3505
0.7000 117523315.1881
0.8000 117523310.8571
0.9000 117523306.6818
1.0000 117523303.6026
#MBAR free energy difference in kcal/mol: 
-38.402693, 0.062757  #WARNING SUBSAMPLING DISABLED, CONSIDER RERUN WITH SUBSAMPLING OPTION
#TI free energy difference in kcal/mol: 
117523303.602566  #WARNING SUBSAMPLING DISABLED, CONSIDER RERUN WITH SUBSAMPLING OPTION 
Starting /export/users/common/BioSimSpace/sire.app/bin/analyse_freenrg: number of threads equals 32
