# Analysing data contained in file(s) ['lambda_0.0000/simfile.dat', 'lambda_0.1000/simfile.dat', 'lambda_0.2000/simfile.dat', 'lambda_0.3000/simfile.dat', 'lambda_0.4000/simfile.dat', 'lambda_0.5000/simfile.dat', 'lambda_0.6000/simfile.dat', 'lambda_0.7000/simfile.dat', 'lambda_0.8000/simfile.dat', 'lambda_0.9000/simfile.dat', 'lambda_1.0000/simfile.dat']
#Overlap matrix
1.0000 0.0000 0.0000 0.0000 0.0000 0.0000 0.0000 0.0000 0.0000 0.0000 0.0000
0.0000 0.9611 0.0389 0.0000 0.0000 0.0000 0.0000 0.0000 0.0000 0.0000 0.0000
0.0000 0.0389 0.8508 0.1100 0.0004 0.0000 0.0000 0.0000 0.0000 0.0000 0.0000
0.0000 0.0000 0.1100 0.7513 0.1383 0.0005 0.0000 0.0000 0.0000 0.0000 0.0000
0.0000 0.0000 0.0004 0.1383 0.7674 0.0935 0.0003 0.0000 0.0000 0.0000 0.0000
0.0000 0.0000 0.0000 0.0005 0.0935 0.7680 0.1358 0.0021 0.0000 0.0000 0.0000
0.0000 0.0000 0.0000 0.0000 0.0003 0.1358 0.7512 0.1126 0.0000 0.0000 0.0000
0.0000 0.0000 0.0000 0.0000 0.0000 0.0021 0.1126 0.8514 0.0339 0.0000 0.0000
0.0000 0.0000 0.0000 0.0000 0.0000 0.0000 0.0000 0.0339 0.9629 0.0032 0.0000
0.0000 0.0000 0.0000 0.0000 0.0000 0.0000 0.0000 0.0000 0.0032 0.9968 0.0000
0.0000 0.0000 0.0000 0.0000 0.0000 0.0000 0.0000 0.0000 0.0000 0.0000 1.0000
#DG from neighbouring lambda in kcal/mol
0.0000 0.1000 41.9965 0.0540
0.1000 0.2000 11.0522 0.0421
0.2000 0.3000 6.5524 0.0230
0.3000 0.4000 4.0957 0.0197
0.4000 0.5000 2.0355 0.0254
0.5000 0.6000 0.3054 0.0198
0.6000 0.7000 1.1509 0.0224
0.7000 0.8000 0.2207 0.0454
0.8000 0.9000 -5.2460 0.1530
0.9000 1.0000 -121.0457 0.1435
#PMF from MBAR in kcal/mol
0.0000 0.0000 0.0000
0.1000 41.9965 0.0540
0.2000 53.0487 0.0377
0.3000 59.6011 0.0324
0.4000 63.6968 0.0295
0.5000 65.7322 0.0280
0.6000 66.0376 0.0291
0.7000 67.1885 0.0325
0.8000 67.4092 0.0477
0.9000 62.1632 0.1435
1.0000 -58.8825 0.0000
#TI average gradients and standard deviation in kcal/mol
0.0000 1813.1501 81.9932
0.1000 153.4564 30.4609
0.2000 81.5593 18.9898
0.3000 51.6503 16.3426
0.4000 32.2459 15.7088
0.5000 6.6830 17.2988
0.6000 2.3507 17.3998
0.7000 12.9628 21.8652
0.8000 -13.6900 27.3370
0.9000 -118.9852 44.5557
1.0000 -2307.3181 105.3454
#PMF from TI in kcal/mol
0.0000 0.0000
0.1000 98.3303
0.2000 110.0811
0.3000 116.7416
0.4000 120.9364
0.5000 122.8828
0.6000 123.3345
0.7000 124.1002
0.8000 124.0638
0.9000 117.4301
1.0000 -3.8851
#MBAR free energy difference in kcal/mol: 
-58.882458, 0.000000  #WARNING SUBSAMPLING DISABLED, CONSIDER RERUN WITH SUBSAMPLING OPTION
#TI free energy difference in kcal/mol: 
-3.885091  #WARNING SUBSAMPLING DISABLED, CONSIDER RERUN WITH SUBSAMPLING OPTION 
Starting /export/users/common/BioSimSpace/sire.app/bin/analyse_freenrg: number of threads equals 32
