# Analysing data contained in file(s) ['lambda_0.0000/simfile.dat', 'lambda_0.1000/simfile.dat', 'lambda_0.2000/simfile.dat', 'lambda_0.3000/simfile.dat', 'lambda_0.4000/simfile.dat', 'lambda_0.5000/simfile.dat', 'lambda_0.6000/simfile.dat', 'lambda_0.7000/simfile.dat', 'lambda_0.8000/simfile.dat', 'lambda_0.9000/simfile.dat', 'lambda_1.0000/simfile.dat']
#Overlap matrix
0.6272 0.2950 0.0704 0.0071 0.0003 0.0000 0.0000 0.0000 0.0000 0.0000 0.0000
0.2950 0.4003 0.2440 0.0558 0.0048 0.0002 0.0000 0.0000 0.0000 0.0000 0.0000
0.0704 0.2440 0.3977 0.2373 0.0474 0.0032 0.0001 0.0000 0.0000 0.0000 0.0000
0.0071 0.0558 0.2373 0.4243 0.2364 0.0375 0.0016 0.0000 0.0000 0.0000 0.0000
0.0003 0.0048 0.0474 0.2364 0.4599 0.2234 0.0269 0.0009 0.0000 0.0000 0.0000
0.0000 0.0002 0.0032 0.0375 0.2234 0.4921 0.2204 0.0228 0.0005 0.0000 0.0000
0.0000 0.0000 0.0001 0.0016 0.0269 0.2204 0.5192 0.2147 0.0169 0.0002 0.0000
0.0000 0.0000 0.0000 0.0000 0.0009 0.0228 0.2147 0.5497 0.2013 0.0105 0.0001
0.0000 0.0000 0.0000 0.0000 0.0000 0.0005 0.0169 0.2013 0.6126 0.1658 0.0028
0.0000 0.0000 0.0000 0.0000 0.0000 0.0000 0.0002 0.0105 0.1658 0.7246 0.0988
0.0000 0.0000 0.0000 0.0000 0.0000 0.0000 0.0000 0.0001 0.0028 0.0988 0.8983
#DG from neighbouring lambda in kcal/mol
0.0000 0.1000 -0.5965 0.0077
0.1000 0.2000 -0.5724 0.0079
0.2000 0.3000 -0.5286 0.0086
0.3000 0.4000 -0.3976 0.0093
0.4000 0.5000 -0.2684 0.0106
0.5000 0.6000 -0.3110 0.0114
0.6000 0.7000 -0.4192 0.0121
0.7000 0.8000 -0.4887 0.0134
0.8000 0.9000 0.3788 0.0164
0.9000 1.0000 6.0336 0.0242
#PMF from MBAR in kcal/mol
0.0000 0.0000 0.0000
0.1000 -0.5965 0.0077
0.2000 -1.1690 0.0136
0.3000 -1.6975 0.0183
0.4000 -2.0951 0.0225
0.5000 -2.3635 0.0265
0.6000 -2.6745 0.0305
0.7000 -3.0937 0.0343
0.8000 -3.5824 0.0383
0.9000 -3.2036 0.0429
1.0000 2.8300 0.0506
#TI average gradients and standard deviation in kcal/mol
0.0000 -9.7759 9.4590
0.1000 -5.7937 7.5594
0.2000 -5.9201 8.1924
0.3000 -4.9843 8.6949
0.4000 -3.2024 9.7535
0.5000 -2.7256 10.7297
0.6000 -3.4910 10.9397
0.7000 -4.7266 12.0305
0.8000 -3.5342 13.0160
0.9000 16.5614 15.6462
1.0000 132.8419 24.1900
#PMF from TI in kcal/mol
0.0000 0.0000
0.1000 -0.7785
0.2000 -1.3642
0.3000 -1.9094
0.4000 -2.3187
0.5000 -2.6151
0.6000 -2.9260
0.7000 -3.3368
0.8000 -3.7499
0.9000 -3.0985
1.0000 4.3716
#MBAR free energy difference in kcal/mol: 
2.829983, 0.050566  #WARNING SUBSAMPLING DISABLED, CONSIDER RERUN WITH SUBSAMPLING OPTION
#TI free energy difference in kcal/mol: 
4.371636  #WARNING SUBSAMPLING DISABLED, CONSIDER RERUN WITH SUBSAMPLING OPTION 
Starting /export/users/common/BioSimSpace/sire.app/bin/analyse_freenrg: number of threads equals 32
