# Analysing data contained in file(s) ['lambda_0.0000/simfile.dat', 'lambda_0.1000/simfile.dat', 'lambda_0.2000/simfile.dat', 'lambda_0.3000/simfile.dat', 'lambda_0.4000/simfile.dat', 'lambda_0.5000/simfile.dat', 'lambda_0.6000/simfile.dat', 'lambda_0.7000/simfile.dat', 'lambda_0.8000/simfile.dat', 'lambda_0.9000/simfile.dat', 'lambda_1.0000/simfile.dat']
#Overlap matrix
0.7779 0.2085 0.0135 0.0002 0.0000 0.0000 0.0000 0.0000 0.0000 0.0000 0.0000
0.2085 0.5628 0.2161 0.0125 0.0001 0.0000 0.0000 0.0000 0.0000 0.0000 0.0000
0.0135 0.2161 0.5502 0.2098 0.0104 0.0001 0.0000 0.0000 0.0000 0.0000 0.0000
0.0002 0.0125 0.2098 0.5613 0.2066 0.0097 0.0001 0.0000 0.0000 0.0000 0.0000
0.0000 0.0001 0.0104 0.2066 0.5707 0.2033 0.0089 0.0000 0.0000 0.0000 0.0000
0.0000 0.0000 0.0001 0.0097 0.2033 0.5768 0.2020 0.0081 0.0000 0.0000 0.0000
0.0000 0.0000 0.0000 0.0001 0.0089 0.2020 0.5824 0.1994 0.0073 0.0000 0.0000
0.0000 0.0000 0.0000 0.0000 0.0000 0.0081 0.1994 0.5903 0.1957 0.0064 0.0000
0.0000 0.0000 0.0000 0.0000 0.0000 0.0000 0.0073 0.1957 0.5977 0.1935 0.0058
0.0000 0.0000 0.0000 0.0000 0.0000 0.0000 0.0000 0.0064 0.1935 0.6090 0.1910
0.0000 0.0000 0.0000 0.0000 0.0000 0.0000 0.0000 0.0000 0.0058 0.1910 0.8032
#DG from neighbouring lambda in kcal/mol
0.0000 0.1000 0.7693 0.0137
0.1000 0.2000 0.6080 0.0127
0.2000 0.3000 -0.6896 0.0132
0.3000 0.4000 -2.3955 0.0135
0.4000 0.5000 -4.1816 0.0137
0.5000 0.6000 -5.9836 0.0139
0.6000 0.7000 -7.7897 0.0141
0.7000 0.8000 -9.6119 0.0144
0.8000 0.9000 -11.4555 0.0147
0.9000 1.0000 -13.3119 0.0152
#PMF from MBAR in kcal/mol
0.0000 0.0000 0.0000
0.1000 0.7693 0.0137
0.2000 1.3773 0.0215
0.3000 0.6877 0.0274
0.4000 -1.7078 0.0325
0.5000 -5.8894 0.0369
0.6000 -11.8729 0.0410
0.7000 -19.6626 0.0448
0.8000 -29.2745 0.0484
0.9000 -40.7300 0.0518
1.0000 -54.0418 0.0551
#TI average gradients and standard deviation in kcal/mol
0.0000 2.2111 13.5352
0.1000 9.5226 11.5702
0.2000 0.7055 11.7856
0.3000 -15.0479 11.9191
0.4000 -32.8075 11.9859
0.5000 -50.8473 12.0340
0.6000 -68.8944 12.2770
0.7000 -86.9382 12.5447
0.8000 -105.3676 12.7981
0.9000 -123.5765 12.6804
1.0000 -142.3925 13.1001
#PMF from TI in kcal/mol
0.0000 0.0000
0.1000 0.5867
0.2000 1.0981
0.3000 0.3810
0.4000 -2.0118
0.5000 -6.1945
0.6000 -12.1816
0.7000 -19.9733
0.8000 -29.5886
0.9000 -41.0358
1.0000 -54.3342
#MBAR free energy difference in kcal/mol: 
-54.041845, 0.055137  #WARNING SUBSAMPLING DISABLED, CONSIDER RERUN WITH SUBSAMPLING OPTION
#TI free energy difference in kcal/mol: 
-54.334213  #WARNING SUBSAMPLING DISABLED, CONSIDER RERUN WITH SUBSAMPLING OPTION 
Starting /export/users/common/BioSimSpace/sire.app/bin/analyse_freenrg: number of threads equals 32
