# Analysing data contained in file(s) ['lambda_0.0000/simfile.dat', 'lambda_0.1000/simfile.dat', 'lambda_0.2000/simfile.dat', 'lambda_0.3000/simfile.dat', 'lambda_0.4000/simfile.dat', 'lambda_0.5000/simfile.dat', 'lambda_0.6000/simfile.dat', 'lambda_0.7000/simfile.dat', 'lambda_0.8000/simfile.dat', 'lambda_0.9000/simfile.dat', 'lambda_1.0000/simfile.dat']
#Overlap matrix
0.9601 0.0399 0.0000 0.0000 0.0000 0.0000 0.0000 0.0000 0.0000 0.0000 0.0000
0.0399 0.8956 0.0645 0.0000 0.0000 0.0000 0.0000 0.0000 0.0000 0.0000 0.0000
0.0000 0.0645 0.8673 0.0681 0.0000 0.0000 0.0000 0.0000 0.0000 0.0000 0.0000
0.0000 0.0000 0.0681 0.8505 0.0813 0.0001 0.0000 0.0000 0.0000 0.0000 0.0000
0.0000 0.0000 0.0000 0.0813 0.8301 0.0885 0.0001 0.0000 0.0000 0.0000 0.0000
0.0000 0.0000 0.0000 0.0001 0.0885 0.8132 0.0981 0.0001 0.0000 0.0000 0.0000
0.0000 0.0000 0.0000 0.0000 0.0001 0.0981 0.7971 0.1045 0.0002 0.0000 0.0000
0.0000 0.0000 0.0000 0.0000 0.0000 0.0001 0.1045 0.7822 0.1129 0.0003 0.0000
0.0000 0.0000 0.0000 0.0000 0.0000 0.0000 0.0002 0.1129 0.7656 0.1208 0.0005
0.0000 0.0000 0.0000 0.0000 0.0000 0.0000 0.0000 0.0003 0.1208 0.7439 0.1350
0.0000 0.0000 0.0000 0.0000 0.0000 0.0000 0.0000 0.0000 0.0005 0.1350 0.8645
#DG from neighbouring lambda in kcal/mol
0.0000 0.1000 2.1905 0.0416
0.1000 0.2000 5.5926 0.0318
0.2000 0.3000 5.5817 0.0308
0.3000 0.4000 4.9181 0.0278
0.4000 0.5000 4.2057 0.0264
0.5000 0.6000 3.3993 0.0247
0.6000 0.7000 2.6853 0.0238
0.7000 0.8000 1.9883 0.0226
0.8000 0.9000 1.3020 0.0216
0.9000 1.0000 0.7344 0.0201
#PMF from MBAR in kcal/mol
0.0000 0.0000 0.0000
0.1000 2.1905 0.0416
0.2000 7.7831 0.0537
0.3000 13.3649 0.0631
0.4000 18.2830 0.0700
0.5000 22.4887 0.0758
0.6000 25.8880 0.0807
0.7000 28.5733 0.0850
0.8000 30.5615 0.0887
0.9000 31.8636 0.0921
1.0000 32.5980 0.0950
#TI average gradients and standard deviation in kcal/mol
0.0000 -22.8930 25.6506
0.1000 48.6764 21.2567
0.2000 59.2196 19.8307
0.3000 52.3928 18.8955
0.4000 45.7420 18.3103
0.5000 37.7244 18.3100
0.6000 30.6702 17.6329
0.7000 23.2082 17.0710
0.8000 16.5026 16.6114
0.9000 9.8369 15.8012
1.0000 7.5515 15.7762
#PMF from TI in kcal/mol
0.0000 0.0000
0.1000 1.2892
0.2000 6.6840
0.3000 12.2646
0.4000 17.1713
0.5000 21.3447
0.6000 24.7644
0.7000 27.4583
0.8000 29.4438
0.9000 30.7608
1.0000 31.6302
#MBAR free energy difference in kcal/mol: 
32.597958, 0.095047  #WARNING SUBSAMPLING DISABLED, CONSIDER RERUN WITH SUBSAMPLING OPTION
#TI free energy difference in kcal/mol: 
31.630238  #WARNING SUBSAMPLING DISABLED, CONSIDER RERUN WITH SUBSAMPLING OPTION 
Starting /export/users/common/BioSimSpace/sire.app/bin/analyse_freenrg: number of threads equals 32
