# Analysing data contained in file(s) ['lambda_0.0000/simfile.dat', 'lambda_0.1000/simfile.dat', 'lambda_0.2000/simfile.dat', 'lambda_0.3000/simfile.dat', 'lambda_0.4000/simfile.dat', 'lambda_0.5000/simfile.dat', 'lambda_0.6000/simfile.dat', 'lambda_0.7000/simfile.dat', 'lambda_0.8000/simfile.dat', 'lambda_0.9000/simfile.dat', 'lambda_1.0000/simfile.dat']
#Overlap matrix
0.9947 0.0053 0.0000 0.0000 0.0000 0.0000 0.0000 0.0000 0.0000 0.0000 0.0000
0.0053 0.9882 0.0065 0.0000 0.0000 0.0000 0.0000 0.0000 0.0000 0.0000 0.0000
0.0000 0.0065 0.9859 0.0076 0.0000 0.0000 0.0000 0.0000 0.0000 0.0000 0.0000
0.0000 0.0000 0.0076 0.9843 0.0081 0.0000 0.0000 0.0000 0.0000 0.0000 0.0000
0.0000 0.0000 0.0000 0.0081 0.9838 0.0081 0.0000 0.0000 0.0000 0.0000 0.0000
0.0000 0.0000 0.0000 0.0000 0.0081 0.9809 0.0109 0.0000 0.0000 0.0000 0.0000
0.0000 0.0000 0.0000 0.0000 0.0000 0.0109 0.9771 0.0120 0.0000 0.0000 0.0000
0.0000 0.0000 0.0000 0.0000 0.0000 0.0000 0.0120 0.9763 0.0117 0.0000 0.0000
0.0000 0.0000 0.0000 0.0000 0.0000 0.0000 0.0000 0.0117 0.9745 0.0137 0.0000
0.0000 0.0000 0.0000 0.0000 0.0000 0.0000 0.0000 0.0000 0.0137 0.9758 0.0104
0.0000 0.0000 0.0000 0.0000 0.0000 0.0000 0.0000 0.0000 0.0000 0.0104 0.9896
#DG from neighbouring lambda in kcal/mol
0.0000 0.1000 7.4434 0.1187
0.1000 0.2000 7.3312 0.1062
0.2000 0.3000 6.9702 0.0984
0.3000 0.4000 6.1968 0.0955
0.4000 0.5000 5.2763 0.0952
0.5000 0.6000 4.2167 0.0818
0.6000 0.7000 3.0111 0.0780
0.7000 0.8000 1.8597 0.0789
0.8000 0.9000 0.6462 0.0728
0.9000 1.0000 -0.8274 0.0839
#PMF from MBAR in kcal/mol
0.0000 0.0000 0.0000
0.1000 7.4434 0.1187
0.2000 14.7746 0.1598
0.3000 21.7448 0.1881
0.4000 27.9416 0.2113
0.5000 33.2179 0.2321
0.6000 37.4346 0.2464
0.7000 40.4457 0.2587
0.8000 42.3054 0.2708
0.9000 42.9516 0.2806
1.0000 42.1242 0.2932
#TI average gradients and standard deviation in kcal/mol
0.0000 76.2767 160.0879
0.1000 75.3220 31.0324
0.2000 72.7415 30.4452
0.3000 65.5638 30.2119
0.4000 57.8363 29.3136
0.5000 47.1979 28.9826
0.6000 36.3409 28.6142
0.7000 24.7976 28.0372
0.8000 11.2139 28.1442
0.9000 0.7146 29.5197
1.0000 -20.5195 31.8813
#PMF from TI in kcal/mol
0.0000 0.0000
0.1000 7.5799
0.2000 14.9831
0.3000 21.8984
0.4000 28.0684
0.5000 33.3201
0.6000 37.4970
0.7000 40.5540
0.8000 42.3545
0.9000 42.9510
1.0000 41.9607
#MBAR free energy difference in kcal/mol: 
42.124242, 0.293160  #WARNING SUBSAMPLING DISABLED, CONSIDER RERUN WITH SUBSAMPLING OPTION
#TI free energy difference in kcal/mol: 
41.960711  #WARNING SUBSAMPLING DISABLED, CONSIDER RERUN WITH SUBSAMPLING OPTION 
Starting /export/users/common/BioSimSpace/sire.app/bin/analyse_freenrg: number of threads equals 32
