# Analysing data contained in file(s) ['lambda_0.0000/simfile.dat', 'lambda_0.1000/simfile.dat', 'lambda_0.2000/simfile.dat', 'lambda_0.3000/simfile.dat', 'lambda_0.4000/simfile.dat', 'lambda_0.5000/simfile.dat', 'lambda_0.6000/simfile.dat', 'lambda_0.7000/simfile.dat', 'lambda_0.8000/simfile.dat', 'lambda_0.9000/simfile.dat', 'lambda_1.0000/simfile.dat']
#Overlap matrix
1.0000 0.0000 0.0000 0.0000 0.0000 0.0000 0.0000 0.0000 0.0000 0.0000 0.0000
0.0000 0.9278 0.0722 0.0000 0.0000 0.0000 0.0000 0.0000 0.0000 0.0000 0.0000
0.0000 0.0722 0.8628 0.0651 0.0000 0.0000 0.0000 0.0000 0.0000 0.0000 0.0000
0.0000 0.0000 0.0651 0.8904 0.0445 0.0000 0.0000 0.0000 0.0000 0.0000 0.0000
0.0000 0.0000 0.0000 0.0445 0.9456 0.0098 0.0000 0.0000 0.0000 0.0000 0.0000
0.0000 0.0000 0.0000 0.0000 0.0098 0.9508 0.0394 0.0000 0.0000 0.0000 0.0000
0.0000 0.0000 0.0000 0.0000 0.0000 0.0394 0.9275 0.0331 0.0000 0.0000 0.0000
0.0000 0.0000 0.0000 0.0000 0.0000 0.0000 0.0331 0.9029 0.0640 0.0000 0.0000
0.0000 0.0000 0.0000 0.0000 0.0000 0.0000 0.0000 0.0640 0.8645 0.0715 0.0000
0.0000 0.0000 0.0000 0.0000 0.0000 0.0000 0.0000 0.0000 0.0715 0.8687 0.0597
0.0000 0.0000 0.0000 0.0000 0.0000 0.0000 0.0000 0.0000 0.0000 0.0597 0.9403
#DG from neighbouring lambda in kcal/mol
0.0000 0.1000 -19.7268 1.3460
0.1000 0.2000 -16.7584 0.0298
0.2000 0.3000 -12.9225 0.0316
0.3000 0.4000 -8.9573 0.0391
0.4000 0.5000 -6.7016 0.0863
0.5000 0.6000 -9.8835 0.0418
0.6000 0.7000 -8.8686 0.0459
0.7000 0.8000 -9.1034 0.0319
0.8000 0.9000 -7.7624 0.0299
0.9000 1.0000 -4.3532 0.0332
#PMF from MBAR in kcal/mol
0.0000 0.0000 0.0000
0.1000 -19.7268 1.3460
0.2000 -36.4853 1.3464
0.3000 -49.4078 1.3468
0.4000 -58.3651 1.3474
0.5000 -65.0667 1.3503
0.6000 -74.9501 1.3510
0.7000 -83.8187 1.3518
0.8000 -92.9221 1.3522
0.9000 -100.6846 1.3526
1.0000 -105.0378 1.3531
#TI average gradients and standard deviation in kcal/mol
0.0000 -137.0645 21.9661
0.1000 -206.0030 24.5633
0.2000 -143.5829 21.0568
0.3000 -111.5806 20.5671
0.4000 -68.3113 25.4882
0.5000 -91.1878 27.1078
0.6000 -91.1047 24.2001
0.7000 -91.5725 23.1865
0.8000 -86.7267 19.6063
0.9000 -66.5450 20.3653
1.0000 -11.2315 22.9323
#PMF from TI in kcal/mol
0.0000 0.0000
0.1000 -17.1534
0.2000 -34.6327
0.3000 -47.3908
0.4000 -56.3854
0.5000 -64.3604
0.6000 -73.4750
0.7000 -82.6089
0.8000 -91.5238
0.9000 -99.1874
1.0000 -103.0762
#MBAR free energy difference in kcal/mol: 
-105.037767, 1.353086  #WARNING SUBSAMPLING DISABLED, CONSIDER RERUN WITH SUBSAMPLING OPTION
#TI free energy difference in kcal/mol: 
-103.076241  #WARNING SUBSAMPLING DISABLED, CONSIDER RERUN WITH SUBSAMPLING OPTION 
Starting /export/users/common/BioSimSpace/sire.app/bin/analyse_freenrg: number of threads equals 32
