# Analysing data contained in file(s) ['lambda_0.0000/simfile.dat', 'lambda_0.1000/simfile.dat', 'lambda_0.2000/simfile.dat', 'lambda_0.3000/simfile.dat', 'lambda_0.4000/simfile.dat', 'lambda_0.5000/simfile.dat', 'lambda_0.6000/simfile.dat', 'lambda_0.7000/simfile.dat', 'lambda_0.8000/simfile.dat', 'lambda_0.9000/simfile.dat', 'lambda_1.0000/simfile.dat']
#Overlap matrix
0.8649 0.1345 0.0006 0.0000 0.0000 0.0000 0.0000 0.0000 0.0000 0.0000 0.0000
0.1345 0.7470 0.1183 0.0002 0.0000 0.0000 0.0000 0.0000 0.0000 0.0000 0.0000
0.0006 0.1183 0.7813 0.0998 0.0001 0.0000 0.0000 0.0000 0.0000 0.0000 0.0000
0.0000 0.0002 0.0998 0.8133 0.0866 0.0000 0.0000 0.0000 0.0000 0.0000 0.0000
0.0000 0.0000 0.0001 0.0866 0.8394 0.0738 0.0000 0.0000 0.0000 0.0000 0.0000
0.0000 0.0000 0.0000 0.0000 0.0738 0.8629 0.0632 0.0000 0.0000 0.0000 0.0000
0.0000 0.0000 0.0000 0.0000 0.0000 0.0632 0.8827 0.0541 0.0000 0.0000 0.0000
0.0000 0.0000 0.0000 0.0000 0.0000 0.0000 0.0541 0.8978 0.0481 0.0000 0.0000
0.0000 0.0000 0.0000 0.0000 0.0000 0.0000 0.0000 0.0481 0.9113 0.0405 0.0000
0.0000 0.0000 0.0000 0.0000 0.0000 0.0000 0.0000 0.0000 0.0405 0.9267 0.0328
0.0000 0.0000 0.0000 0.0000 0.0000 0.0000 0.0000 0.0000 0.0000 0.0328 0.9672
#DG from neighbouring lambda in kcal/mol
0.0000 0.1000 -0.5498 0.0201
0.1000 0.2000 -0.5347 0.0219
0.2000 0.3000 -0.4341 0.0244
0.3000 0.4000 -0.3699 0.0267
0.4000 0.5000 -0.3006 0.0294
0.5000 0.6000 -0.2779 0.0322
0.6000 0.7000 -0.1910 0.0351
0.7000 0.8000 -0.2459 0.0375
0.8000 0.9000 -0.0494 0.0412
0.9000 1.0000 0.3086 0.0462
#PMF from MBAR in kcal/mol
0.0000 0.0000 0.0000
0.1000 -0.5498 0.0201
0.2000 -1.0845 0.0321
0.3000 -1.5186 0.0421
0.4000 -1.8885 0.0513
0.5000 -2.1891 0.0604
0.6000 -2.4670 0.0695
0.7000 -2.6580 0.0788
0.8000 -2.9039 0.0881
0.9000 -2.9533 0.0980
1.0000 -2.6447 0.1091
#TI average gradients and standard deviation in kcal/mol
0.0000 -6.1434 15.0353
0.1000 -5.6659 16.1319
0.2000 -4.7281 16.8129
0.3000 -4.1675 17.9935
0.4000 -3.3575 18.9704
0.5000 -2.8722 19.8110
0.6000 -1.9229 20.2640
0.7000 -2.5164 21.8154
0.8000 -1.5868 22.1547
0.9000 0.8984 22.9595
1.0000 5.3805 24.0935
#PMF from TI in kcal/mol
0.0000 0.0000
0.1000 -0.5905
0.2000 -1.1102
0.3000 -1.5550
0.4000 -1.9312
0.5000 -2.2427
0.6000 -2.4825
0.7000 -2.7044
0.8000 -2.9096
0.9000 -2.9440
1.0000 -2.6300
#MBAR free energy difference in kcal/mol: 
-2.644657, 0.109068  #WARNING SUBSAMPLING DISABLED, CONSIDER RERUN WITH SUBSAMPLING OPTION
#TI free energy difference in kcal/mol: 
-2.630039  #WARNING SUBSAMPLING DISABLED, CONSIDER RERUN WITH SUBSAMPLING OPTION 
Starting /export/users/common/BioSimSpace/sire.app/bin/analyse_freenrg: number of threads equals 32
