# Analysing data contained in file(s) ['lambda_0.0000/simfile.dat', 'lambda_0.1000/simfile.dat', 'lambda_0.2000/simfile.dat', 'lambda_0.3000/simfile.dat', 'lambda_0.4000/simfile.dat', 'lambda_0.5000/simfile.dat', 'lambda_0.6000/simfile.dat', 'lambda_0.7000/simfile.dat', 'lambda_0.8000/simfile.dat', 'lambda_0.9000/simfile.dat', 'lambda_1.0000/simfile.dat']
#Overlap matrix
0.8694 0.1288 0.0018 0.0000 0.0000 0.0000 0.0000 0.0000 0.0000 0.0000 0.0000
0.1288 0.7043 0.1633 0.0036 0.0000 0.0000 0.0000 0.0000 0.0000 0.0000 0.0000
0.0018 0.1633 0.6541 0.1758 0.0050 0.0000 0.0000 0.0000 0.0000 0.0000 0.0000
0.0000 0.0036 0.1758 0.6311 0.1844 0.0050 0.0000 0.0000 0.0000 0.0000 0.0000
0.0000 0.0000 0.0050 0.1844 0.6227 0.1829 0.0049 0.0000 0.0000 0.0000 0.0000
0.0000 0.0000 0.0000 0.0050 0.1829 0.6216 0.1854 0.0051 0.0000 0.0000 0.0000
0.0000 0.0000 0.0000 0.0000 0.0049 0.1854 0.6232 0.1816 0.0048 0.0000 0.0000
0.0000 0.0000 0.0000 0.0000 0.0000 0.0051 0.1816 0.6222 0.1862 0.0049 0.0000
0.0000 0.0000 0.0000 0.0000 0.0000 0.0000 0.0048 0.1862 0.6207 0.1840 0.0043
0.0000 0.0000 0.0000 0.0000 0.0000 0.0000 0.0000 0.0049 0.1840 0.6254 0.1857
0.0000 0.0000 0.0000 0.0000 0.0000 0.0000 0.0000 0.0000 0.0043 0.1857 0.8100
#DG from neighbouring lambda in kcal/mol
0.0000 0.1000 -1.4419 0.0206
0.1000 0.2000 1.2341 0.0172
0.2000 0.3000 2.5235 0.0160
0.3000 0.4000 3.4790 0.0154
0.4000 0.5000 4.2642 0.0155
0.5000 0.6000 5.0069 0.0153
0.6000 0.7000 5.7705 0.0155
0.7000 0.8000 6.5337 0.0152
0.8000 0.9000 7.3182 0.0154
0.9000 1.0000 8.0468 0.0156
#PMF from MBAR in kcal/mol
0.0000 0.0000 0.0000
0.1000 -1.4419 0.0206
0.2000 -0.2077 0.0292
0.3000 2.3157 0.0353
0.4000 5.7948 0.0401
0.5000 10.0590 0.0445
0.6000 15.0659 0.0484
0.7000 20.8363 0.0521
0.8000 27.3701 0.0555
0.9000 34.6883 0.0587
1.0000 42.7350 0.0618
#TI average gradients and standard deviation in kcal/mol
0.0000 -37.6720 18.1850
0.1000 2.9261 14.9794
0.2000 20.0719 13.7822
0.3000 30.3327 13.1290
0.4000 38.9874 13.1242
0.5000 46.1126 13.4578
0.6000 54.1668 13.2979
0.7000 61.4668 13.1930
0.8000 69.1041 13.3000
0.9000 76.9891 13.6216
1.0000 88.0019 13.7744
#PMF from TI in kcal/mol
0.0000 0.0000
0.1000 -1.7373
0.2000 -0.5874
0.3000 1.9328
0.4000 5.3988
0.5000 9.6538
0.6000 14.6678
0.7000 20.4495
0.8000 26.9780
0.9000 34.2827
1.0000 42.5322
#MBAR free energy difference in kcal/mol: 
42.735042, 0.061816  #WARNING SUBSAMPLING DISABLED, CONSIDER RERUN WITH SUBSAMPLING OPTION
#TI free energy difference in kcal/mol: 
42.532234  #WARNING SUBSAMPLING DISABLED, CONSIDER RERUN WITH SUBSAMPLING OPTION 
Starting /export/users/common/BioSimSpace/sire.app/bin/analyse_freenrg: number of threads equals 32
