# Analysing data contained in file(s) ['lambda_0.0000/simfile.dat', 'lambda_0.1000/simfile.dat', 'lambda_0.2000/simfile.dat', 'lambda_0.3000/simfile.dat', 'lambda_0.4000/simfile.dat', 'lambda_0.5000/simfile.dat', 'lambda_0.6000/simfile.dat', 'lambda_0.7000/simfile.dat', 'lambda_0.8000/simfile.dat', 'lambda_0.9000/simfile.dat', 'lambda_1.0000/simfile.dat']
#Overlap matrix
0.8111 0.1842 0.0047 0.0000 0.0000 0.0000 0.0000 0.0000 0.0000 0.0000 0.0000
0.1842 0.6231 0.1870 0.0057 0.0000 0.0000 0.0000 0.0000 0.0000 0.0000 0.0000
0.0047 0.1870 0.6087 0.1928 0.0068 0.0000 0.0000 0.0000 0.0000 0.0000 0.0000
0.0000 0.0057 0.1928 0.5966 0.1973 0.0076 0.0000 0.0000 0.0000 0.0000 0.0000
0.0000 0.0000 0.0068 0.1973 0.5846 0.2011 0.0101 0.0001 0.0000 0.0000 0.0000
0.0000 0.0000 0.0000 0.0076 0.2011 0.5699 0.2107 0.0106 0.0001 0.0000 0.0000
0.0000 0.0000 0.0000 0.0000 0.0101 0.2107 0.5610 0.2063 0.0118 0.0001 0.0000
0.0000 0.0000 0.0000 0.0000 0.0001 0.0106 0.2063 0.5541 0.2177 0.0112 0.0001
0.0000 0.0000 0.0000 0.0000 0.0000 0.0001 0.0118 0.2177 0.5618 0.2009 0.0077
0.0000 0.0000 0.0000 0.0000 0.0000 0.0000 0.0001 0.0112 0.2009 0.5926 0.1952
0.0000 0.0000 0.0000 0.0000 0.0000 0.0000 0.0000 0.0001 0.0077 0.1952 0.7970
#DG from neighbouring lambda in kcal/mol
0.0000 0.1000 0.8838 0.0157
0.1000 0.2000 0.8338 0.0152
0.2000 0.3000 0.7952 0.0147
0.3000 0.4000 0.7523 0.0143
0.4000 0.5000 0.6735 0.0139
0.5000 0.6000 0.6765 0.0132
0.6000 0.7000 0.6446 0.0134
0.7000 0.8000 0.6879 0.0127
0.8000 0.9000 0.9093 0.0139
0.9000 1.0000 1.3738 0.0148
#PMF from MBAR in kcal/mol
0.0000 0.0000 0.0000
0.1000 0.8838 0.0157
0.2000 1.7177 0.0246
0.3000 2.5129 0.0309
0.4000 3.2652 0.0358
0.5000 3.9388 0.0400
0.6000 4.6153 0.0436
0.7000 5.2599 0.0469
0.8000 5.9478 0.0498
0.9000 6.8570 0.0528
1.0000 8.2309 0.0560
#TI average gradients and standard deviation in kcal/mol
0.0000 7.7745 13.4629
0.1000 8.5693 13.4395
0.2000 8.2183 12.9695
0.3000 7.6819 12.6072
0.4000 7.0840 12.6607
0.5000 6.6174 12.0748
0.6000 7.1112 11.7038
0.7000 6.0488 11.4098
0.8000 8.0699 11.6640
0.9000 10.2306 11.9339
1.0000 17.9754 13.0085
#PMF from TI in kcal/mol
0.0000 0.0000
0.1000 0.8172
0.2000 1.6566
0.3000 2.4516
0.4000 3.1899
0.5000 3.8750
0.6000 4.5614
0.7000 5.2194
0.8000 5.9253
0.9000 6.8403
1.0000 8.2506
#MBAR free energy difference in kcal/mol: 
8.230878, 0.055961  #WARNING SUBSAMPLING DISABLED, CONSIDER RERUN WITH SUBSAMPLING OPTION
#TI free energy difference in kcal/mol: 
8.250637  #WARNING SUBSAMPLING DISABLED, CONSIDER RERUN WITH SUBSAMPLING OPTION 
Starting /export/users/common/BioSimSpace/sire.app/bin/analyse_freenrg: number of threads equals 32
