# Analysing data contained in file(s) ['lambda_0.0000/simfile.dat', 'lambda_0.1000/simfile.dat', 'lambda_0.2000/simfile.dat', 'lambda_0.3000/simfile.dat', 'lambda_0.4000/simfile.dat', 'lambda_0.5000/simfile.dat', 'lambda_0.6000/simfile.dat', 'lambda_0.7000/simfile.dat', 'lambda_0.8000/simfile.dat', 'lambda_0.9000/simfile.dat', 'lambda_1.0000/simfile.dat']
#Overlap matrix
0.6513 0.2635 0.0716 0.0123 0.0013 0.0001 0.0000 0.0000 0.0000 0.0000 0.0000
0.2635 0.3751 0.2450 0.0930 0.0206 0.0026 0.0002 0.0000 0.0000 0.0000 0.0000
0.0716 0.2450 0.3257 0.2357 0.0969 0.0221 0.0027 0.0002 0.0000 0.0000 0.0000
0.0123 0.0930 0.2357 0.3106 0.2302 0.0946 0.0210 0.0024 0.0001 0.0000 0.0000
0.0013 0.0206 0.0969 0.2302 0.3079 0.2294 0.0925 0.0193 0.0019 0.0001 0.0000
0.0001 0.0026 0.0221 0.0946 0.2294 0.3125 0.2318 0.0893 0.0165 0.0012 0.0000
0.0000 0.0002 0.0027 0.0210 0.0925 0.2318 0.3207 0.2351 0.0840 0.0118 0.0002
0.0000 0.0000 0.0002 0.0024 0.0193 0.0893 0.2351 0.3367 0.2418 0.0719 0.0033
0.0000 0.0000 0.0000 0.0001 0.0019 0.0165 0.0840 0.2418 0.3708 0.2541 0.0308
0.0000 0.0000 0.0000 0.0000 0.0001 0.0012 0.0118 0.0719 0.2541 0.4591 0.2019
0.0000 0.0000 0.0000 0.0000 0.0000 0.0000 0.0002 0.0033 0.0308 0.2019 0.7637
#DG from neighbouring lambda in kcal/mol
0.0000 0.1000 0.7865 0.0087
0.1000 0.2000 3.9629 0.0064
0.2000 0.3000 4.6896 0.0057
0.3000 0.4000 4.8363 0.0057
0.4000 0.5000 4.8462 0.0058
0.5000 0.6000 4.8280 0.0059
0.6000 0.7000 4.7927 0.0062
0.7000 0.8000 4.7127 0.0067
0.8000 0.9000 4.4982 0.0080
0.9000 1.0000 3.6659 0.0131
#PMF from MBAR in kcal/mol
0.0000 0.0000 0.0000
0.1000 0.7865 0.0087
0.2000 4.7494 0.0133
0.3000 9.4389 0.0164
0.4000 14.2752 0.0188
0.5000 19.1215 0.0211
0.6000 23.9495 0.0231
0.7000 28.7422 0.0252
0.8000 33.4549 0.0272
0.9000 37.9531 0.0296
1.0000 41.6190 0.0338
#TI average gradients and standard deviation in kcal/mol
0.0000 -28.2218 11.1760
0.1000 30.9785 7.3038
0.2000 44.9432 6.6622
0.3000 47.9892 6.4687
0.4000 48.5867 6.5162
0.5000 48.3270 6.6277
0.6000 48.1211 6.8519
0.7000 47.7675 7.0233
0.8000 46.3688 7.5286
0.9000 42.8994 9.2550
1.0000 27.2678 14.8423
#PMF from TI in kcal/mol
0.0000 0.0000
0.1000 0.1378
0.2000 3.9339
0.3000 8.5805
0.4000 13.4093
0.5000 18.2550
0.6000 23.0774
0.7000 27.8719
0.8000 32.5787
0.9000 37.0421
1.0000 40.5505
#MBAR free energy difference in kcal/mol: 
41.618974, 0.033790  #WARNING SUBSAMPLING DISABLED, CONSIDER RERUN WITH SUBSAMPLING OPTION
#TI free energy difference in kcal/mol: 
40.550452  #WARNING SUBSAMPLING DISABLED, CONSIDER RERUN WITH SUBSAMPLING OPTION 
Starting /export/users/common/BioSimSpace/sire.app/bin/analyse_freenrg: number of threads equals 32
