# Analysing data contained in file(s) ['lambda_0.0000/simfile.dat', 'lambda_0.1000/simfile.dat', 'lambda_0.2000/simfile.dat', 'lambda_0.3000/simfile.dat', 'lambda_0.4000/simfile.dat', 'lambda_0.5000/simfile.dat', 'lambda_0.6000/simfile.dat', 'lambda_0.7000/simfile.dat', 'lambda_0.8000/simfile.dat', 'lambda_0.9000/simfile.dat', 'lambda_1.0000/simfile.dat']
#Overlap matrix
0.6924 0.2618 0.0430 0.0028 0.0001 0.0000 0.0000 0.0000 0.0000 0.0000 0.0000
0.2618 0.4433 0.2447 0.0465 0.0036 0.0001 0.0000 0.0000 0.0000 0.0000 0.0000
0.0430 0.2447 0.4159 0.2382 0.0525 0.0053 0.0003 0.0000 0.0000 0.0000 0.0000
0.0028 0.0465 0.2382 0.4018 0.2415 0.0608 0.0078 0.0006 0.0000 0.0000 0.0000
0.0001 0.0036 0.0525 0.2415 0.3817 0.2406 0.0691 0.0100 0.0008 0.0000 0.0000
0.0000 0.0001 0.0053 0.0608 0.2406 0.3709 0.2430 0.0691 0.0094 0.0006 0.0000
0.0000 0.0000 0.0003 0.0078 0.0691 0.2430 0.3781 0.2372 0.0590 0.0055 0.0001
0.0000 0.0000 0.0000 0.0006 0.0100 0.0691 0.2372 0.4135 0.2350 0.0341 0.0005
0.0000 0.0000 0.0000 0.0000 0.0008 0.0094 0.0590 0.2350 0.4988 0.1929 0.0041
0.0000 0.0000 0.0000 0.0000 0.0000 0.0006 0.0055 0.0341 0.1929 0.6833 0.0836
0.0000 0.0000 0.0000 0.0000 0.0000 0.0000 0.0001 0.0005 0.0041 0.0836 0.9118
#DG from neighbouring lambda in kcal/mol
0.0000 0.1000 1.8519 0.0099
0.1000 0.2000 1.2458 0.0089
0.2000 0.3000 0.6227 0.0087
0.3000 0.4000 -0.0040 0.0081
0.4000 0.5000 -0.6299 0.0076
0.5000 0.6000 -1.2772 0.0072
0.6000 0.7000 -1.9963 0.0078
0.7000 0.8000 -2.6591 0.0090
0.8000 0.9000 -1.8684 0.0131
0.9000 1.0000 7.2295 0.0264
#PMF from MBAR in kcal/mol
0.0000 0.0000 0.0000
0.1000 1.8519 0.0099
0.2000 3.0976 0.0161
0.3000 3.7203 0.0206
0.4000 3.7164 0.0238
0.5000 3.0864 0.0265
0.6000 1.8092 0.0286
0.7000 -0.1871 0.0308
0.8000 -2.8463 0.0331
0.9000 -4.7147 0.0367
1.0000 2.5148 0.0465
#TI average gradients and standard deviation in kcal/mol
0.0000 20.4680 10.1281
0.1000 15.1289 9.7077
0.2000 9.9266 9.3350
0.3000 2.7728 8.8004
0.4000 -3.1559 8.4176
0.5000 -9.6065 8.0378
0.6000 -16.0011 8.0833
0.7000 -24.2024 8.5932
0.8000 -27.6522 10.7766
0.9000 0.2594 15.7612
1.0000 194.5407 28.0376
#PMF from TI in kcal/mol
0.0000 0.0000
0.1000 1.7798
0.2000 3.0326
0.3000 3.6676
0.4000 3.6484
0.5000 3.0103
0.6000 1.7299
0.7000 -0.2802
0.8000 -2.8730
0.9000 -4.2426
1.0000 5.4974
#MBAR free energy difference in kcal/mol: 
2.514768, 0.046501  #WARNING SUBSAMPLING DISABLED, CONSIDER RERUN WITH SUBSAMPLING OPTION
#TI free energy difference in kcal/mol: 
5.497391  #WARNING SUBSAMPLING DISABLED, CONSIDER RERUN WITH SUBSAMPLING OPTION 
Starting /export/users/common/BioSimSpace/sire.app/bin/analyse_freenrg: number of threads equals 32
