# Analysing data contained in file(s) ['lambda_0.0000/simfile.dat', 'lambda_0.1000/simfile.dat', 'lambda_0.2000/simfile.dat', 'lambda_0.3000/simfile.dat', 'lambda_0.4000/simfile.dat', 'lambda_0.5000/simfile.dat', 'lambda_0.6000/simfile.dat', 'lambda_0.7000/simfile.dat', 'lambda_0.8000/simfile.dat', 'lambda_0.9000/simfile.dat', 'lambda_1.0000/simfile.dat']
#Overlap matrix
0.9855 0.0145 0.0000 0.0000 0.0000 0.0000 0.0000 0.0000 0.0000 0.0000 0.0000
0.0145 0.9668 0.0187 0.0000 0.0000 0.0000 0.0000 0.0000 0.0000 0.0000 0.0000
0.0000 0.0187 0.9620 0.0193 0.0000 0.0000 0.0000 0.0000 0.0000 0.0000 0.0000
0.0000 0.0000 0.0193 0.9598 0.0209 0.0000 0.0000 0.0000 0.0000 0.0000 0.0000
0.0000 0.0000 0.0000 0.0209 0.9556 0.0235 0.0000 0.0000 0.0000 0.0000 0.0000
0.0000 0.0000 0.0000 0.0000 0.0235 0.9495 0.0269 0.0000 0.0000 0.0000 0.0000
0.0000 0.0000 0.0000 0.0000 0.0000 0.0269 0.9427 0.0303 0.0000 0.0000 0.0000
0.0000 0.0000 0.0000 0.0000 0.0000 0.0000 0.0303 0.9352 0.0345 0.0000 0.0000
0.0000 0.0000 0.0000 0.0000 0.0000 0.0000 0.0000 0.0345 0.9260 0.0395 0.0000
0.0000 0.0000 0.0000 0.0000 0.0000 0.0000 0.0000 0.0000 0.0395 0.9126 0.0479
0.0000 0.0000 0.0000 0.0000 0.0000 0.0000 0.0000 0.0000 0.0000 0.0479 0.9521
#DG from neighbouring lambda in kcal/mol
0.0000 0.1000 -5.0676 0.0709
0.1000 0.2000 -3.5060 0.0621
0.2000 0.3000 -2.9836 0.0610
0.3000 0.4000 -2.8019 0.0586
0.4000 0.5000 -2.8262 0.0551
0.5000 0.6000 -2.8036 0.0513
0.6000 0.7000 -2.5460 0.0482
0.7000 0.8000 -2.1653 0.0449
0.8000 0.9000 -1.4714 0.0418
0.9000 1.0000 -0.5909 0.0376
#PMF from MBAR in kcal/mol
0.0000 0.0000 0.0000
0.1000 -5.0676 0.0709
0.2000 -8.5736 0.0950
0.3000 -11.5572 0.1136
0.4000 -14.3591 0.1284
0.5000 -17.1853 0.1402
0.6000 -19.9889 0.1498
0.7000 -22.5350 0.1578
0.8000 -24.7002 0.1645
0.9000 -26.1717 0.1702
1.0000 -26.7625 0.1747
#TI average gradients and standard deviation in kcal/mol
0.0000 -64.4784 29.0745
0.1000 -40.4517 27.5667
0.2000 -30.8999 26.8692
0.3000 -28.7753 26.3987
0.4000 -28.2459 26.0468
0.5000 -28.3317 25.7350
0.6000 -26.8250 25.0345
0.7000 -24.0789 24.2699
0.8000 -18.6615 23.3461
0.9000 -10.9041 22.7835
1.0000 2.0537 21.8509
#PMF from TI in kcal/mol
0.0000 0.0000
0.1000 -5.2465
0.2000 -8.8141
0.3000 -11.7978
0.4000 -14.6489
0.5000 -17.4778
0.6000 -20.2356
0.7000 -22.7808
0.8000 -24.9178
0.9000 -26.3961
1.0000 -26.8386
#MBAR free energy difference in kcal/mol: 
-26.762521, 0.174727  #WARNING SUBSAMPLING DISABLED, CONSIDER RERUN WITH SUBSAMPLING OPTION
#TI free energy difference in kcal/mol: 
-26.838617  #WARNING SUBSAMPLING DISABLED, CONSIDER RERUN WITH SUBSAMPLING OPTION 
Starting /export/users/common/BioSimSpace/sire.app/bin/analyse_freenrg: number of threads equals 32
