# Analysing data contained in file(s) ['lambda_0.0000/simfile.dat', 'lambda_0.1000/simfile.dat', 'lambda_0.2000/simfile.dat', 'lambda_0.3000/simfile.dat', 'lambda_0.4000/simfile.dat', 'lambda_0.5000/simfile.dat', 'lambda_0.6000/simfile.dat', 'lambda_0.7000/simfile.dat', 'lambda_0.8000/simfile.dat', 'lambda_0.9000/simfile.dat', 'lambda_1.0000/simfile.dat']
#Overlap matrix
0.6848 0.2643 0.0474 0.0034 0.0001 0.0000 0.0000 0.0000 0.0000 0.0000 0.0000
0.2643 0.4388 0.2473 0.0468 0.0027 0.0000 0.0000 0.0000 0.0000 0.0000 0.0000
0.0474 0.2473 0.4242 0.2387 0.0405 0.0019 0.0000 0.0000 0.0000 0.0000 0.0000
0.0034 0.0468 0.2387 0.4351 0.2403 0.0347 0.0011 0.0000 0.0000 0.0000 0.0000
0.0001 0.0027 0.0405 0.2403 0.4543 0.2347 0.0267 0.0006 0.0000 0.0000 0.0000
0.0000 0.0000 0.0019 0.0347 0.2347 0.4783 0.2278 0.0223 0.0004 0.0000 0.0000
0.0000 0.0000 0.0000 0.0011 0.0267 0.2278 0.4974 0.2281 0.0186 0.0002 0.0000
0.0000 0.0000 0.0000 0.0000 0.0006 0.0223 0.2281 0.5154 0.2187 0.0147 0.0002
0.0000 0.0000 0.0000 0.0000 0.0000 0.0004 0.0186 0.2187 0.5324 0.2147 0.0153
0.0000 0.0000 0.0000 0.0000 0.0000 0.0000 0.0002 0.0147 0.2147 0.5377 0.2327
0.0000 0.0000 0.0000 0.0000 0.0000 0.0000 0.0000 0.0002 0.0153 0.2327 0.7518
#DG from neighbouring lambda in kcal/mol
0.0000 0.1000 -0.2583 0.0097
0.1000 0.2000 -1.0099 0.0087
0.2000 0.3000 -1.6152 0.0092
0.3000 0.4000 -2.1834 0.0096
0.4000 0.5000 -2.7250 0.0103
0.5000 0.6000 -3.3193 0.0111
0.6000 0.7000 -3.9199 0.0114
0.7000 0.8000 -4.4635 0.0122
0.8000 0.9000 -4.6137 0.0126
0.9000 1.0000 -1.8745 0.0124
#PMF from MBAR in kcal/mol
0.0000 0.0000 0.0000
0.1000 -0.2583 0.0097
0.2000 -1.2683 0.0157
0.3000 -2.8835 0.0204
0.4000 -5.0669 0.0244
0.5000 -7.7918 0.0282
0.6000 -11.1111 0.0320
0.7000 -15.0311 0.0355
0.8000 -19.4946 0.0389
0.9000 -24.1082 0.0423
1.0000 -25.9827 0.0453
#TI average gradients and standard deviation in kcal/mol
0.0000 1.8967 10.3229
0.1000 -6.7855 8.5994
0.2000 -13.3103 8.7185
0.3000 -19.0567 9.1816
0.4000 -24.5262 9.3414
0.5000 -30.2020 10.0552
0.6000 -36.1793 10.3290
0.7000 -42.1008 10.4837
0.8000 -47.0363 11.2451
0.9000 -41.7082 11.3480
1.0000 24.5550 10.8688
#PMF from TI in kcal/mol
0.0000 0.0000
0.1000 -0.2444
0.2000 -1.2492
0.3000 -2.8676
0.4000 -5.0467
0.5000 -7.7831
0.6000 -11.1022
0.7000 -15.0162
0.8000 -19.4730
0.9000 -23.9103
1.0000 -24.7679
#MBAR free energy difference in kcal/mol: 
-25.982711, 0.045337  #WARNING SUBSAMPLING DISABLED, CONSIDER RERUN WITH SUBSAMPLING OPTION
#TI free energy difference in kcal/mol: 
-24.767930  #WARNING SUBSAMPLING DISABLED, CONSIDER RERUN WITH SUBSAMPLING OPTION 
Starting /export/users/common/BioSimSpace/sire.app/bin/analyse_freenrg: number of threads equals 32
