# Analysing data contained in file(s) ['lambda_0.0000/simfile.dat', 'lambda_0.1000/simfile.dat', 'lambda_0.2000/simfile.dat', 'lambda_0.3000/simfile.dat', 'lambda_0.4000/simfile.dat', 'lambda_0.5000/simfile.dat', 'lambda_0.6000/simfile.dat', 'lambda_0.7000/simfile.dat', 'lambda_0.8000/simfile.dat', 'lambda_0.9000/simfile.dat', 'lambda_1.0000/simfile.dat']
#Overlap matrix
0.7232 0.2466 0.0291 0.0011 0.0000 0.0000 0.0000 0.0000 0.0000 0.0000 0.0000
0.2466 0.4787 0.2393 0.0341 0.0013 0.0000 0.0000 0.0000 0.0000 0.0000 0.0000
0.0291 0.2393 0.4586 0.2388 0.0329 0.0014 0.0000 0.0000 0.0000 0.0000 0.0000
0.0011 0.0341 0.2388 0.4572 0.2324 0.0346 0.0018 0.0000 0.0000 0.0000 0.0000
0.0000 0.0013 0.0329 0.2324 0.4492 0.2408 0.0406 0.0025 0.0001 0.0000 0.0000
0.0000 0.0000 0.0014 0.0346 0.2408 0.4359 0.2391 0.0448 0.0033 0.0001 0.0000
0.0000 0.0000 0.0000 0.0018 0.0406 0.2391 0.4259 0.2422 0.0477 0.0026 0.0000
0.0000 0.0000 0.0000 0.0000 0.0025 0.0448 0.2422 0.4334 0.2452 0.0314 0.0004
0.0000 0.0000 0.0000 0.0000 0.0001 0.0033 0.0477 0.2452 0.4910 0.2067 0.0060
0.0000 0.0000 0.0000 0.0000 0.0000 0.0001 0.0026 0.0314 0.2067 0.6369 0.1223
0.0000 0.0000 0.0000 0.0000 0.0000 0.0000 0.0000 0.0004 0.0060 0.1223 0.8713
#DG from neighbouring lambda in kcal/mol
0.0000 0.1000 8.5589 0.0111
0.1000 0.2000 7.5727 0.0101
0.2000 0.3000 6.5762 0.0099
0.3000 0.4000 5.4363 0.0102
0.4000 0.5000 4.2313 0.0095
0.5000 0.6000 3.0451 0.0092
0.6000 0.7000 1.9203 0.0089
0.7000 0.8000 1.0991 0.0093
0.8000 0.9000 1.0846 0.0126
0.9000 1.0000 3.3701 0.0208
#PMF from MBAR in kcal/mol
0.0000 0.0000 0.0000
0.1000 8.5589 0.0111
0.2000 16.1316 0.0179
0.3000 22.7078 0.0227
0.4000 28.1441 0.0267
0.5000 32.3755 0.0300
0.6000 35.4206 0.0327
0.7000 37.3409 0.0352
0.8000 38.4400 0.0375
0.9000 39.5246 0.0406
1.0000 42.8947 0.0469
#TI average gradients and standard deviation in kcal/mol
0.0000 89.4419 10.7800
0.1000 79.6389 10.6155
0.2000 70.7718 11.0368
0.3000 61.0621 10.4819
0.4000 47.7474 10.2241
0.5000 36.9444 9.4575
0.6000 24.3285 8.9885
0.7000 14.4802 9.2312
0.8000 8.8021 10.0136
0.9000 15.6580 13.5190
1.0000 63.6281 20.7553
#PMF from TI in kcal/mol
0.0000 0.0000
0.1000 8.4540
0.2000 15.9746
0.3000 22.5663
0.4000 28.0067
0.5000 32.2413
0.6000 35.3050
0.7000 37.2454
0.8000 38.4095
0.9000 39.6325
1.0000 43.5968
#MBAR free energy difference in kcal/mol: 
42.894702, 0.046949  #WARNING SUBSAMPLING DISABLED, CONSIDER RERUN WITH SUBSAMPLING OPTION
#TI free energy difference in kcal/mol: 
43.596832  #WARNING SUBSAMPLING DISABLED, CONSIDER RERUN WITH SUBSAMPLING OPTION 
Starting /export/users/common/BioSimSpace/sire.app/bin/analyse_freenrg: number of threads equals 32
