# Analysing data contained in file(s) ['lambda_0.0000/simfile.dat', 'lambda_0.1000/simfile.dat', 'lambda_0.2000/simfile.dat', 'lambda_0.3000/simfile.dat', 'lambda_0.4000/simfile.dat', 'lambda_0.5000/simfile.dat', 'lambda_0.6000/simfile.dat', 'lambda_0.7000/simfile.dat', 'lambda_0.8000/simfile.dat', 'lambda_0.9000/simfile.dat', 'lambda_1.0000/simfile.dat']
#Overlap matrix
0.9089 0.0910 0.0001 0.0000 0.0000 0.0000 0.0000 0.0000 0.0000 0.0000 0.0000
0.0910 0.8302 0.0788 0.0000 0.0000 0.0000 0.0000 0.0000 0.0000 0.0000 0.0000
0.0001 0.0788 0.8516 0.0696 0.0000 0.0000 0.0000 0.0000 0.0000 0.0000 0.0000
0.0000 0.0000 0.0696 0.8725 0.0579 0.0000 0.0000 0.0000 0.0000 0.0000 0.0000
0.0000 0.0000 0.0000 0.0579 0.8905 0.0516 0.0000 0.0000 0.0000 0.0000 0.0000
0.0000 0.0000 0.0000 0.0000 0.0516 0.9048 0.0435 0.0000 0.0000 0.0000 0.0000
0.0000 0.0000 0.0000 0.0000 0.0000 0.0435 0.9193 0.0372 0.0000 0.0000 0.0000
0.0000 0.0000 0.0000 0.0000 0.0000 0.0000 0.0372 0.9332 0.0296 0.0000 0.0000
0.0000 0.0000 0.0000 0.0000 0.0000 0.0000 0.0000 0.0296 0.9453 0.0251 0.0000
0.0000 0.0000 0.0000 0.0000 0.0000 0.0000 0.0000 0.0000 0.0251 0.9536 0.0214
0.0000 0.0000 0.0000 0.0000 0.0000 0.0000 0.0000 0.0000 0.0000 0.0214 0.9786
#DG from neighbouring lambda in kcal/mol
0.0000 0.1000 4.1198 0.0259
0.1000 0.2000 3.3687 0.0283
0.2000 0.3000 2.5686 0.0304
0.3000 0.4000 1.8179 0.0338
0.4000 0.5000 1.0541 0.0361
0.5000 0.6000 0.3300 0.0396
0.6000 0.7000 -0.5606 0.0432
0.7000 0.8000 -1.2551 0.0488
0.8000 0.9000 -1.7754 0.0532
0.9000 1.0000 -1.2421 0.0579
#PMF from MBAR in kcal/mol
0.0000 0.0000 0.0000
0.1000 4.1198 0.0259
0.2000 7.4885 0.0402
0.3000 10.0572 0.0519
0.4000 11.8751 0.0631
0.5000 12.9291 0.0737
0.6000 13.2591 0.0846
0.7000 12.6984 0.0957
0.8000 11.4433 0.1081
0.9000 9.6679 0.1212
1.0000 8.4258 0.1348
#TI average gradients and standard deviation in kcal/mol
0.0000 44.3747 18.1878
0.1000 37.2448 18.4522
0.2000 29.4022 19.7334
0.3000 21.9450 20.3385
0.4000 14.3415 21.6219
0.5000 7.3679 22.2234
0.6000 -1.1262 23.3546
0.7000 -8.1396 23.5569
0.8000 -15.2857 24.2806
0.9000 -18.6899 25.5814
1.0000 -2.3300 27.8718
#PMF from TI in kcal/mol
0.0000 0.0000
0.1000 4.0810
0.2000 7.4133
0.3000 9.9807
0.4000 11.7950
0.5000 12.8805
0.6000 13.1926
0.7000 12.7293
0.8000 11.5580
0.9000 9.8592
1.0000 8.8082
#MBAR free energy difference in kcal/mol: 
8.425838, 0.134839  #WARNING SUBSAMPLING DISABLED, CONSIDER RERUN WITH SUBSAMPLING OPTION
#TI free energy difference in kcal/mol: 
8.808227  #WARNING SUBSAMPLING DISABLED, CONSIDER RERUN WITH SUBSAMPLING OPTION 
Starting /export/users/common/BioSimSpace/sire.app/bin/analyse_freenrg: number of threads equals 32
