# Analysing data contained in file(s) ['lambda_0.0000/simfile.dat', 'lambda_0.1000/simfile.dat', 'lambda_0.2000/simfile.dat', 'lambda_0.3000/simfile.dat', 'lambda_0.4000/simfile.dat', 'lambda_0.5000/simfile.dat', 'lambda_0.6000/simfile.dat', 'lambda_0.7000/simfile.dat', 'lambda_0.8000/simfile.dat', 'lambda_0.9000/simfile.dat', 'lambda_1.0000/simfile.dat']
#Overlap matrix
0.8612 0.1378 0.0010 0.0000 0.0000 0.0000 0.0000 0.0000 0.0000 0.0000 0.0000
0.1378 0.7081 0.1524 0.0017 0.0000 0.0000 0.0000 0.0000 0.0000 0.0000 0.0000
0.0010 0.1524 0.6889 0.1559 0.0017 0.0000 0.0000 0.0000 0.0000 0.0000 0.0000
0.0000 0.0017 0.1559 0.6857 0.1551 0.0016 0.0000 0.0000 0.0000 0.0000 0.0000
0.0000 0.0000 0.0017 0.1551 0.6854 0.1560 0.0018 0.0000 0.0000 0.0000 0.0000
0.0000 0.0000 0.0000 0.0016 0.1560 0.6818 0.1588 0.0018 0.0000 0.0000 0.0000
0.0000 0.0000 0.0000 0.0000 0.0018 0.1588 0.6823 0.1553 0.0018 0.0000 0.0000
0.0000 0.0000 0.0000 0.0000 0.0000 0.0018 0.1553 0.6841 0.1571 0.0016 0.0000
0.0000 0.0000 0.0000 0.0000 0.0000 0.0000 0.0018 0.1571 0.6909 0.1492 0.0010
0.0000 0.0000 0.0000 0.0000 0.0000 0.0000 0.0000 0.0016 0.1492 0.7172 0.1320
0.0000 0.0000 0.0000 0.0000 0.0000 0.0000 0.0000 0.0000 0.0010 0.1320 0.8671
#DG from neighbouring lambda in kcal/mol
0.0000 0.1000 12.9916 0.0197
0.1000 0.2000 9.6956 0.0182
0.2000 0.3000 6.2943 0.0179
0.3000 0.4000 2.8715 0.0180
0.4000 0.5000 -0.5945 0.0179
0.5000 0.6000 -3.9091 0.0176
0.6000 0.7000 -7.1617 0.0179
0.7000 0.8000 -10.2634 0.0178
0.8000 0.9000 -13.0148 0.0185
0.9000 1.0000 -15.2571 0.0203
#PMF from MBAR in kcal/mol
0.0000 0.0000 0.0000
0.1000 12.9916 0.0197
0.2000 22.6873 0.0294
0.3000 28.9816 0.0364
0.4000 31.8530 0.0423
0.5000 31.2586 0.0474
0.6000 27.3495 0.0519
0.7000 20.1877 0.0562
0.8000 9.9243 0.0601
0.9000 -3.0905 0.0640
1.0000 -18.3476 0.0682
#TI average gradients and standard deviation in kcal/mol
0.0000 1766.3262 97990.4202
0.1000 113.7288 15.2970
0.2000 80.2489 14.3881
0.3000 45.7939 14.3975
0.4000 11.3713 14.4280
0.5000 -22.7713 14.1949
0.6000 -55.3741 14.2314
0.7000 -87.5192 14.0984
0.8000 -117.0679 14.0021
0.9000 -142.8873 15.1230
1.0000 -159.5358 16.7110
#PMF from TI in kcal/mol
0.0000 0.0000
0.1000 94.0027
0.2000 103.7016
0.3000 110.0038
0.4000 112.8620
0.5000 112.2920
0.6000 108.3848
0.7000 101.2401
0.8000 91.0107
0.9000 78.0130
1.0000 62.8918
#MBAR free energy difference in kcal/mol: 
-18.347614, 0.068202  #WARNING SUBSAMPLING DISABLED, CONSIDER RERUN WITH SUBSAMPLING OPTION
#TI free energy difference in kcal/mol: 
62.891831  #WARNING SUBSAMPLING DISABLED, CONSIDER RERUN WITH SUBSAMPLING OPTION 
Starting /export/users/common/BioSimSpace/sire.app/bin/analyse_freenrg: number of threads equals 32
