# Analysing data contained in file(s) ['lambda_0.0000/simfile.dat', 'lambda_0.1000/simfile.dat', 'lambda_0.2000/simfile.dat', 'lambda_0.3000/simfile.dat', 'lambda_0.4000/simfile.dat', 'lambda_0.5000/simfile.dat', 'lambda_0.6000/simfile.dat', 'lambda_0.7000/simfile.dat', 'lambda_0.8000/simfile.dat', 'lambda_0.9000/simfile.dat', 'lambda_1.0000/simfile.dat']
#Overlap matrix
0.9252 0.0748 0.0000 0.0000 0.0000 0.0000 0.0000 0.0000 0.0000 0.0000 0.0000
0.0748 0.8414 0.0838 0.0000 0.0000 0.0000 0.0000 0.0000 0.0000 0.0000 0.0000
0.0000 0.0838 0.9049 0.0112 0.0002 0.0000 0.0000 0.0000 0.0000 0.0000 0.0000
0.0000 0.0000 0.0112 0.8544 0.1340 0.0004 0.0000 0.0000 0.0000 0.0000 0.0000
0.0000 0.0000 0.0002 0.1340 0.7520 0.1135 0.0004 0.0000 0.0000 0.0000 0.0000
0.0000 0.0000 0.0000 0.0004 0.1135 0.7585 0.1269 0.0007 0.0000 0.0000 0.0000
0.0000 0.0000 0.0000 0.0000 0.0004 0.1269 0.7345 0.1372 0.0011 0.0000 0.0000
0.0000 0.0000 0.0000 0.0000 0.0000 0.0007 0.1372 0.7113 0.1493 0.0015 0.0000
0.0000 0.0000 0.0000 0.0000 0.0000 0.0000 0.0011 0.1493 0.6939 0.1548 0.0009
0.0000 0.0000 0.0000 0.0000 0.0000 0.0000 0.0000 0.0015 0.1548 0.7306 0.1131
0.0000 0.0000 0.0000 0.0000 0.0000 0.0000 0.0000 0.0000 0.0009 0.1131 0.8860
#DG from neighbouring lambda in kcal/mol
0.0000 0.1000 6.4974 0.0292
0.1000 0.2000 9.6865 0.0273
0.2000 0.3000 5.6963 0.0803
0.3000 0.4000 5.1683 0.0202
0.4000 0.5000 3.1908 0.0225
0.5000 0.6000 0.7018 0.0209
0.6000 0.7000 -1.7501 0.0197
0.7000 0.8000 -4.2809 0.0185
0.8000 0.9000 -6.9563 0.0181
0.9000 1.0000 -10.3240 0.0225
#PMF from MBAR in kcal/mol
0.0000 0.0000 0.0000
0.1000 6.4974 0.0292
0.2000 16.1839 0.0417
0.3000 21.8802 0.0914
0.4000 27.0485 0.0943
0.5000 30.2392 0.0977
0.6000 30.9411 0.1006
0.7000 29.1910 0.1032
0.8000 24.9101 0.1055
0.9000 17.9538 0.1077
1.0000 7.6298 0.1107
#TI average gradients and standard deviation in kcal/mol
0.0000 1.7015 20.8029
0.1000 96.5892 18.7344
0.2000 91.0914 18.4290
0.3000 37.0656 24.1314
0.4000 44.6142 16.7560
0.5000 19.4450 16.1758
0.6000 -5.2069 15.5511
0.7000 -30.0147 15.1566
0.8000 -55.5780 14.4758
0.9000 -83.9988 14.6240
1.0000 -124.4977 17.9136
#PMF from TI in kcal/mol
0.0000 0.0000
0.1000 4.9145
0.2000 14.2986
0.3000 20.7064
0.4000 24.7904
0.5000 27.9934
0.6000 28.7053
0.7000 26.9442
0.8000 22.6646
0.9000 15.6857
1.0000 5.2609
#MBAR free energy difference in kcal/mol: 
7.629791, 0.110685  #WARNING SUBSAMPLING DISABLED, CONSIDER RERUN WITH SUBSAMPLING OPTION
#TI free energy difference in kcal/mol: 
5.260888  #WARNING SUBSAMPLING DISABLED, CONSIDER RERUN WITH SUBSAMPLING OPTION 
Starting /export/users/common/BioSimSpace/sire.app/bin/analyse_freenrg: number of threads equals 32
