# Analysing data contained in file(s) ['lambda_0.0000/simfile.dat', 'lambda_0.1000/simfile.dat', 'lambda_0.2000/simfile.dat', 'lambda_0.3000/simfile.dat', 'lambda_0.4000/simfile.dat', 'lambda_0.5000/simfile.dat', 'lambda_0.6000/simfile.dat', 'lambda_0.7000/simfile.dat', 'lambda_0.8000/simfile.dat', 'lambda_0.9000/simfile.dat', 'lambda_1.0000/simfile.dat']
#Overlap matrix
0.9355 0.0645 0.0000 0.0000 0.0000 0.0000 0.0000 0.0000 0.0000 0.0000 0.0000
0.0645 0.8780 0.0575 0.0000 0.0000 0.0000 0.0000 0.0000 0.0000 0.0000 0.0000
0.0000 0.0575 0.8928 0.0498 0.0000 0.0000 0.0000 0.0000 0.0000 0.0000 0.0000
0.0000 0.0000 0.0498 0.9067 0.0435 0.0000 0.0000 0.0000 0.0000 0.0000 0.0000
0.0000 0.0000 0.0000 0.0435 0.9210 0.0355 0.0000 0.0000 0.0000 0.0000 0.0000
0.0000 0.0000 0.0000 0.0000 0.0355 0.9341 0.0304 0.0000 0.0000 0.0000 0.0000
0.0000 0.0000 0.0000 0.0000 0.0000 0.0304 0.9436 0.0260 0.0000 0.0000 0.0000
0.0000 0.0000 0.0000 0.0000 0.0000 0.0000 0.0260 0.9561 0.0179 0.0000 0.0000
0.0000 0.0000 0.0000 0.0000 0.0000 0.0000 0.0000 0.0179 0.9702 0.0120 0.0000
0.0000 0.0000 0.0000 0.0000 0.0000 0.0000 0.0000 0.0000 0.0120 0.9841 0.0040
0.0000 0.0000 0.0000 0.0000 0.0000 0.0000 0.0000 0.0000 0.0000 0.0040 0.9960
#DG from neighbouring lambda in kcal/mol
0.0000 0.1000 1.8210 0.0318
0.1000 0.2000 1.6000 0.0339
0.2000 0.3000 1.3237 0.0368
0.3000 0.4000 1.1260 0.0396
0.4000 0.5000 0.8162 0.0442
0.5000 0.6000 0.6985 0.0481
0.6000 0.7000 0.4149 0.0522
0.7000 0.8000 0.6204 0.0636
0.8000 0.9000 1.7607 0.0781
0.9000 1.0000 4.1597 0.1369
#PMF from MBAR in kcal/mol
0.0000 0.0000 0.0000
0.1000 1.8210 0.0318
0.2000 3.4209 0.0481
0.3000 4.7447 0.0618
0.4000 5.8707 0.0744
0.5000 6.6869 0.0874
0.6000 7.3854 0.1005
0.7000 7.8002 0.1139
0.8000 8.4206 0.1310
0.9000 10.1813 0.1530
1.0000 14.3410 0.2057
#TI average gradients and standard deviation in kcal/mol
0.0000 15.1698 20.1318
0.1000 16.9659 20.5786
0.2000 14.6093 21.4872
0.3000 12.3151 22.2719
0.4000 9.8569 23.3721
0.5000 7.4585 23.3176
0.6000 4.3383 24.8855
0.7000 4.7478 25.8522
0.8000 8.8804 27.6288
0.9000 26.8940 31.9418
1.0000 62.3112 34.8806
#PMF from TI in kcal/mol
0.0000 0.0000
0.1000 1.6068
0.2000 3.1856
0.3000 4.5318
0.4000 5.6404
0.5000 6.5061
0.6000 7.0960
0.7000 7.5503
0.8000 8.2317
0.9000 10.0204
1.0000 14.4807
#MBAR free energy difference in kcal/mol: 
14.340974, 0.205701  #WARNING SUBSAMPLING DISABLED, CONSIDER RERUN WITH SUBSAMPLING OPTION
#TI free energy difference in kcal/mol: 
14.480681  #WARNING SUBSAMPLING DISABLED, CONSIDER RERUN WITH SUBSAMPLING OPTION 
Starting /export/users/common/BioSimSpace/sire.app/bin/analyse_freenrg: number of threads equals 32
