# Analysing data contained in file(s) ['lambda_0.0000/simfile.dat', 'lambda_0.1000/simfile.dat', 'lambda_0.2000/simfile.dat', 'lambda_0.3000/simfile.dat', 'lambda_0.4000/simfile.dat', 'lambda_0.5000/simfile.dat', 'lambda_0.6000/simfile.dat', 'lambda_0.7000/simfile.dat', 'lambda_0.8000/simfile.dat', 'lambda_0.9000/simfile.dat', 'lambda_1.0000/simfile.dat']
#Overlap matrix
0.8924 0.1041 0.0034 0.0000 0.0000 0.0000 0.0000 0.0000 0.0000 0.0000 0.0000
0.1041 0.6530 0.2264 0.0163 0.0003 0.0000 0.0000 0.0000 0.0000 0.0000 0.0000
0.0034 0.2264 0.5277 0.2228 0.0193 0.0003 0.0000 0.0000 0.0000 0.0000 0.0000
0.0000 0.0163 0.2228 0.5156 0.2260 0.0189 0.0003 0.0000 0.0000 0.0000 0.0000
0.0000 0.0003 0.0193 0.2260 0.5081 0.2255 0.0204 0.0004 0.0000 0.0000 0.0000
0.0000 0.0000 0.0003 0.0189 0.2255 0.5062 0.2270 0.0216 0.0004 0.0000 0.0000
0.0000 0.0000 0.0000 0.0003 0.0204 0.2270 0.5013 0.2290 0.0216 0.0004 0.0000
0.0000 0.0000 0.0000 0.0000 0.0004 0.0216 0.2290 0.5002 0.2281 0.0205 0.0002
0.0000 0.0000 0.0000 0.0000 0.0000 0.0004 0.0216 0.2281 0.5053 0.2297 0.0148
0.0000 0.0000 0.0000 0.0000 0.0000 0.0000 0.0004 0.0205 0.2297 0.5413 0.2081
0.0000 0.0000 0.0000 0.0000 0.0000 0.0000 0.0000 0.0002 0.0148 0.2081 0.7768
#DG from neighbouring lambda in kcal/mol
0.0000 0.1000 2.6667 0.0234
0.1000 0.2000 0.4361 0.0125
0.2000 0.3000 -0.9114 0.0119
0.3000 0.4000 -2.1867 0.0116
0.4000 0.5000 -3.4699 0.0116
0.5000 0.6000 -4.6952 0.0114
0.6000 0.7000 -5.8329 0.0113
0.7000 0.8000 -6.8223 0.0114
0.8000 0.9000 -7.3210 0.0116
0.9000 1.0000 -6.0126 0.0137
#PMF from MBAR in kcal/mol
0.0000 0.0000 0.0000
0.1000 2.6667 0.0234
0.2000 3.1028 0.0288
0.3000 2.1915 0.0329
0.4000 0.0048 0.0365
0.5000 -3.4651 0.0397
0.6000 -8.1603 0.0426
0.7000 -13.9931 0.0452
0.8000 -20.8154 0.0478
0.9000 -28.1364 0.0503
1.0000 -34.1491 0.0532
#TI average gradients and standard deviation in kcal/mol
0.0000 46.4614 17.3028
0.1000 11.1868 12.0004
0.2000 -2.2762 11.3590
0.3000 -15.5730 10.7615
0.4000 -28.5169 11.1202
0.5000 -40.7299 10.7949
0.6000 -52.8433 10.7512
0.7000 -63.7196 10.7152
0.8000 -72.1224 10.8767
0.9000 -71.6828 11.1395
1.0000 -38.7937 13.9462
#PMF from TI in kcal/mol
0.0000 0.0000
0.1000 2.8824
0.2000 3.3279
0.3000 2.4355
0.4000 0.2310
0.5000 -3.2313
0.6000 -7.9100
0.7000 -13.7382
0.8000 -20.5303
0.9000 -27.7205
1.0000 -33.2443
#MBAR free energy difference in kcal/mol: 
-34.149078, 0.053156  #WARNING SUBSAMPLING DISABLED, CONSIDER RERUN WITH SUBSAMPLING OPTION
#TI free energy difference in kcal/mol: 
-33.244341  #WARNING SUBSAMPLING DISABLED, CONSIDER RERUN WITH SUBSAMPLING OPTION 
Starting /export/users/common/BioSimSpace/sire.app/bin/analyse_freenrg: number of threads equals 32
