# Analysing data contained in file(s) ['lambda_0.0000/simfile.dat', 'lambda_0.1000/simfile.dat', 'lambda_0.2000/simfile.dat', 'lambda_0.3000/simfile.dat', 'lambda_0.4000/simfile.dat', 'lambda_0.5000/simfile.dat', 'lambda_0.6000/simfile.dat', 'lambda_0.7000/simfile.dat', 'lambda_0.8000/simfile.dat', 'lambda_0.9000/simfile.dat', 'lambda_1.0000/simfile.dat']
#Overlap matrix
0.9882 0.0118 0.0000 0.0000 0.0000 0.0000 0.0000 0.0000 0.0000 0.0000 0.0000
0.0118 0.9695 0.0187 0.0000 0.0000 0.0000 0.0000 0.0000 0.0000 0.0000 0.0000
0.0000 0.0187 0.9575 0.0238 0.0000 0.0000 0.0000 0.0000 0.0000 0.0000 0.0000
0.0000 0.0000 0.0238 0.9461 0.0301 0.0000 0.0000 0.0000 0.0000 0.0000 0.0000
0.0000 0.0000 0.0000 0.0301 0.9382 0.0317 0.0000 0.0000 0.0000 0.0000 0.0000
0.0000 0.0000 0.0000 0.0000 0.0317 0.9315 0.0368 0.0000 0.0000 0.0000 0.0000
0.0000 0.0000 0.0000 0.0000 0.0000 0.0368 0.9175 0.0457 0.0000 0.0000 0.0000
0.0000 0.0000 0.0000 0.0000 0.0000 0.0000 0.0457 0.8956 0.0587 0.0000 0.0000
0.0000 0.0000 0.0000 0.0000 0.0000 0.0000 0.0000 0.0587 0.8765 0.0647 0.0000
0.0000 0.0000 0.0000 0.0000 0.0000 0.0000 0.0000 0.0000 0.0647 0.8487 0.0866
0.0000 0.0000 0.0000 0.0000 0.0000 0.0000 0.0000 0.0000 0.0000 0.0866 0.9134
#DG from neighbouring lambda in kcal/mol
0.0000 0.1000 2.0922 0.0787
0.1000 0.2000 4.5801 0.0620
0.2000 0.3000 4.5569 0.0548
0.3000 0.4000 3.8870 0.0483
0.4000 0.5000 2.9623 0.0470
0.5000 0.6000 2.1447 0.0434
0.6000 0.7000 1.7020 0.0386
0.7000 0.8000 1.1520 0.0335
0.8000 0.9000 1.1198 0.0317
0.9000 1.0000 -0.0214 0.0267
#PMF from MBAR in kcal/mol
0.0000 0.0000 0.0000
0.1000 2.0922 0.0787
0.2000 6.6722 0.1010
0.3000 11.2291 0.1155
0.4000 15.1161 0.1258
0.5000 18.0784 0.1349
0.6000 20.2231 0.1422
0.7000 21.9251 0.1479
0.8000 23.0771 0.1521
0.9000 24.1970 0.1558
1.0000 24.1756 0.1586
#TI average gradients and standard deviation in kcal/mol
0.0000 -9.4064 30.3692
0.1000 40.5907 26.7052
0.2000 47.7511 25.1287
0.3000 42.6278 24.5303
0.4000 34.6191 23.7390
0.5000 24.4566 23.7243
0.6000 19.4981 22.3400
0.7000 12.6384 22.5315
0.8000 14.0938 18.9573
0.9000 5.0413 18.8785
1.0000 -1.0789 18.4818
#PMF from TI in kcal/mol
0.0000 0.0000
0.1000 1.5592
0.2000 5.9763
0.3000 10.4952
0.4000 14.3576
0.5000 17.3114
0.6000 19.5091
0.7000 21.1159
0.8000 22.4525
0.9000 23.4093
1.0000 23.6074
#MBAR free energy difference in kcal/mol: 
24.175594, 0.158591  #WARNING SUBSAMPLING DISABLED, CONSIDER RERUN WITH SUBSAMPLING OPTION
#TI free energy difference in kcal/mol: 
23.607410  #WARNING SUBSAMPLING DISABLED, CONSIDER RERUN WITH SUBSAMPLING OPTION 
Starting /export/users/common/BioSimSpace/sire.app/bin/analyse_freenrg: number of threads equals 32
