# Analysing data contained in file(s) ['lambda_0.0000/simfile.dat', 'lambda_0.1000/simfile.dat', 'lambda_0.2000/simfile.dat', 'lambda_0.3000/simfile.dat', 'lambda_0.4000/simfile.dat', 'lambda_0.5000/simfile.dat', 'lambda_0.6000/simfile.dat', 'lambda_0.7000/simfile.dat', 'lambda_0.8000/simfile.dat', 'lambda_0.9000/simfile.dat', 'lambda_1.0000/simfile.dat']
#Overlap matrix
0.7901 0.1995 0.0103 0.0001 0.0000 0.0000 0.0000 0.0000 0.0000 0.0000 0.0000
0.1995 0.5768 0.2154 0.0082 0.0000 0.0000 0.0000 0.0000 0.0000 0.0000 0.0000
0.0103 0.2154 0.5790 0.1858 0.0093 0.0002 0.0000 0.0000 0.0000 0.0000 0.0000
0.0001 0.0082 0.1858 0.5592 0.2219 0.0239 0.0009 0.0000 0.0000 0.0000 0.0000
0.0000 0.0000 0.0093 0.2219 0.4953 0.2374 0.0342 0.0018 0.0000 0.0000 0.0000
0.0000 0.0000 0.0002 0.0239 0.2374 0.4529 0.2397 0.0430 0.0029 0.0001 0.0000
0.0000 0.0000 0.0000 0.0009 0.0342 0.2397 0.4299 0.2426 0.0491 0.0036 0.0001
0.0000 0.0000 0.0000 0.0000 0.0018 0.0430 0.2426 0.4152 0.2443 0.0497 0.0034
0.0000 0.0000 0.0000 0.0000 0.0000 0.0029 0.0491 0.2443 0.4150 0.2434 0.0452
0.0000 0.0000 0.0000 0.0000 0.0000 0.0001 0.0036 0.0497 0.2434 0.4433 0.2599
0.0000 0.0000 0.0000 0.0000 0.0000 0.0000 0.0001 0.0034 0.0452 0.2599 0.6914
#DG from neighbouring lambda in kcal/mol
0.0000 0.1000 7.7964 0.0144
0.1000 0.2000 6.6980 0.0131
0.2000 0.3000 5.1577 0.0148
0.3000 0.4000 3.6338 0.0121
0.4000 0.5000 2.7307 0.0103
0.5000 0.6000 2.1013 0.0095
0.6000 0.7000 1.6729 0.0089
0.7000 0.8000 1.4624 0.0086
0.8000 0.9000 1.6271 0.0088
0.9000 1.0000 2.8146 0.0099
#PMF from MBAR in kcal/mol
0.0000 0.0000 0.0000
0.1000 7.7964 0.0144
0.2000 14.4943 0.0223
0.3000 19.6520 0.0290
0.4000 23.2858 0.0333
0.5000 26.0165 0.0363
0.6000 28.1178 0.0388
0.7000 29.7907 0.0408
0.8000 31.2531 0.0427
0.9000 32.8801 0.0446
1.0000 35.6948 0.0466
#TI average gradients and standard deviation in kcal/mol
0.0000 82.7053 14.4104
0.1000 72.8896 11.8003
0.2000 60.3948 12.2131
0.3000 42.6621 12.2094
0.4000 30.9620 10.4957
0.5000 23.9062 9.7408
0.6000 18.5485 9.3402
0.7000 15.0982 8.9276
0.8000 14.6773 8.9196
0.9000 19.3320 9.4247
1.0000 42.1715 10.6567
#PMF from TI in kcal/mol
0.0000 0.0000
0.1000 7.7797
0.2000 14.4440
0.3000 19.5968
0.4000 23.2780
0.5000 26.0214
0.6000 28.1442
0.7000 29.8265
0.8000 31.3153
0.9000 33.0157
1.0000 36.0909
#MBAR free energy difference in kcal/mol: 
35.694779, 0.046570  #WARNING SUBSAMPLING DISABLED, CONSIDER RERUN WITH SUBSAMPLING OPTION
#TI free energy difference in kcal/mol: 
36.090894  #WARNING SUBSAMPLING DISABLED, CONSIDER RERUN WITH SUBSAMPLING OPTION 
Starting /export/users/common/BioSimSpace/sire.app/bin/analyse_freenrg: number of threads equals 32
