# Analysing data contained in file(s) ['lambda_0.0000/simfile.dat', 'lambda_0.1000/simfile.dat', 'lambda_0.2000/simfile.dat', 'lambda_0.3000/simfile.dat', 'lambda_0.4000/simfile.dat', 'lambda_0.5000/simfile.dat', 'lambda_0.6000/simfile.dat', 'lambda_0.7000/simfile.dat', 'lambda_0.8000/simfile.dat', 'lambda_0.9000/simfile.dat', 'lambda_1.0000/simfile.dat']
#Overlap matrix
0.8502 0.1488 0.0010 0.0000 0.0000 0.0000 0.0000 0.0000 0.0000 0.0000 0.0000
0.1488 0.7088 0.1414 0.0011 0.0000 0.0000 0.0000 0.0000 0.0000 0.0000 0.0000
0.0010 0.1414 0.7100 0.1463 0.0014 0.0000 0.0000 0.0000 0.0000 0.0000 0.0000
0.0000 0.0011 0.1463 0.6968 0.1539 0.0019 0.0000 0.0000 0.0000 0.0000 0.0000
0.0000 0.0000 0.0014 0.1539 0.6776 0.1644 0.0028 0.0000 0.0000 0.0000 0.0000
0.0000 0.0000 0.0000 0.0019 0.1644 0.6572 0.1728 0.0036 0.0000 0.0000 0.0000
0.0000 0.0000 0.0000 0.0000 0.0028 0.1728 0.6435 0.1767 0.0042 0.0000 0.0000
0.0000 0.0000 0.0000 0.0000 0.0000 0.0036 0.1767 0.6327 0.1825 0.0044 0.0000
0.0000 0.0000 0.0000 0.0000 0.0000 0.0000 0.0042 0.1825 0.6344 0.1763 0.0025
0.0000 0.0000 0.0000 0.0000 0.0000 0.0000 0.0000 0.0044 0.1763 0.6660 0.1533
0.0000 0.0000 0.0000 0.0000 0.0000 0.0000 0.0000 0.0000 0.0025 0.1533 0.8441
#DG from neighbouring lambda in kcal/mol
0.0000 0.1000 27.3161 0.0187
0.1000 0.2000 26.0181 0.0193
0.2000 0.3000 22.9448 0.0188
0.3000 0.4000 19.4292 0.0181
0.4000 0.5000 15.8435 0.0171
0.5000 0.6000 12.2504 0.0164
0.6000 0.7000 8.5902 0.0160
0.7000 0.8000 4.7901 0.0156
0.8000 0.9000 0.7835 0.0161
0.9000 1.0000 -3.7870 0.0182
#PMF from MBAR in kcal/mol
0.0000 0.0000 0.0000
0.1000 27.3161 0.0187
0.2000 53.3342 0.0294
0.3000 76.2790 0.0369
0.4000 95.7081 0.0427
0.5000 111.5516 0.0475
0.6000 123.8020 0.0516
0.7000 132.3922 0.0553
0.8000 137.1823 0.0585
0.9000 137.9657 0.0618
1.0000 134.1787 0.0655
#TI average gradients and standard deviation in kcal/mol
0.0000 263.9996 15.4531
0.1000 272.2232 15.6635
0.2000 246.0514 15.2878
0.3000 212.2737 14.9380
0.4000 176.2914 14.4437
0.5000 140.5576 14.0987
0.6000 104.4009 13.7535
0.7000 67.2418 13.4462
0.8000 28.5001 13.2293
0.9000 -13.7913 14.1051
1.0000 -60.6205 14.6843
#PMF from TI in kcal/mol
0.0000 0.0000
0.1000 26.8111
0.2000 52.7249
0.3000 75.6411
0.4000 95.0694
0.5000 110.9118
0.6000 123.1598
0.7000 131.7419
0.8000 136.5290
0.9000 137.2644
1.0000 133.5438
#MBAR free energy difference in kcal/mol: 
134.178709, 0.065460  #WARNING SUBSAMPLING DISABLED, CONSIDER RERUN WITH SUBSAMPLING OPTION
#TI free energy difference in kcal/mol: 
133.543836  #WARNING SUBSAMPLING DISABLED, CONSIDER RERUN WITH SUBSAMPLING OPTION 
Starting /export/users/common/BioSimSpace/sire.app/bin/analyse_freenrg: number of threads equals 32
