# Analysing data contained in file(s) ['lambda_0.0000/simfile.dat', 'lambda_0.1000/simfile.dat', 'lambda_0.2000/simfile.dat', 'lambda_0.3000/simfile.dat', 'lambda_0.4000/simfile.dat', 'lambda_0.5000/simfile.dat', 'lambda_0.6000/simfile.dat', 'lambda_0.7000/simfile.dat', 'lambda_0.8000/simfile.dat', 'lambda_0.9000/simfile.dat', 'lambda_1.0000/simfile.dat']
#Overlap matrix
0.9454 0.0546 0.0000 0.0000 0.0000 0.0000 0.0000 0.0000 0.0000 0.0000 0.0000
0.0546 0.8591 0.0862 0.0001 0.0000 0.0000 0.0000 0.0000 0.0000 0.0000 0.0000
0.0000 0.0862 0.8201 0.0934 0.0002 0.0000 0.0000 0.0000 0.0000 0.0000 0.0000
0.0000 0.0001 0.0934 0.8005 0.1057 0.0003 0.0000 0.0000 0.0000 0.0000 0.0000
0.0000 0.0000 0.0002 0.1057 0.7769 0.1167 0.0005 0.0000 0.0000 0.0000 0.0000
0.0000 0.0000 0.0000 0.0003 0.1167 0.7495 0.1332 0.0003 0.0000 0.0000 0.0000
0.0000 0.0000 0.0000 0.0000 0.0005 0.1332 0.7873 0.0777 0.0012 0.0000 0.0000
0.0000 0.0000 0.0000 0.0000 0.0000 0.0003 0.0777 0.7850 0.1361 0.0008 0.0000
0.0000 0.0000 0.0000 0.0000 0.0000 0.0000 0.0012 0.1361 0.7340 0.1277 0.0010
0.0000 0.0000 0.0000 0.0000 0.0000 0.0000 0.0000 0.0008 0.1277 0.7125 0.1590
0.0000 0.0000 0.0000 0.0000 0.0000 0.0000 0.0000 0.0000 0.0010 0.1590 0.8400
#DG from neighbouring lambda in kcal/mol
0.0000 0.1000 -3.3792 0.0349
0.1000 0.2000 0.0289 0.0268
0.2000 0.3000 0.9214 0.0255
0.3000 0.4000 1.1659 0.0236
0.4000 0.5000 1.3178 0.0221
0.5000 0.6000 1.4383 0.0202
0.6000 0.7000 0.8977 0.0282
0.7000 0.8000 1.7000 0.0198
0.8000 0.9000 1.6356 0.0207
0.9000 1.0000 1.0938 0.0178
#PMF from MBAR in kcal/mol
0.0000 0.0000 0.0000
0.1000 -3.3792 0.0349
0.2000 -3.3504 0.0457
0.3000 -2.4290 0.0537
0.4000 -1.2631 0.0599
0.5000 0.0546 0.0649
0.6000 1.4929 0.0691
0.7000 2.3906 0.0756
0.8000 4.0906 0.0790
0.9000 5.7262 0.0825
1.0000 6.8199 0.0852
#TI average gradients and standard deviation in kcal/mol
0.0000 -67.1650 23.8790
0.1000 -10.2136 19.6083
0.2000 6.8741 18.5557
0.3000 10.9623 18.0494
0.4000 12.5759 17.1683
0.5000 13.6492 16.2822
0.6000 15.0759 15.7912
0.7000 7.0309 16.5337
0.8000 20.1978 17.0980
0.9000 12.7110 15.3356
1.0000 14.0356 15.0428
#PMF from TI in kcal/mol
0.0000 0.0000
0.1000 -3.8689
0.2000 -4.0359
0.3000 -3.1441
0.4000 -1.9672
0.5000 -0.6559
0.6000 0.7803
0.7000 1.8857
0.8000 3.2471
0.9000 4.8925
1.0000 6.2299
#MBAR free energy difference in kcal/mol: 
6.819940, 0.085245  #WARNING SUBSAMPLING DISABLED, CONSIDER RERUN WITH SUBSAMPLING OPTION
#TI free energy difference in kcal/mol: 
6.229861  #WARNING SUBSAMPLING DISABLED, CONSIDER RERUN WITH SUBSAMPLING OPTION 
Starting /export/users/common/BioSimSpace/sire.app/bin/analyse_freenrg: number of threads equals 32
