# Analysing data contained in file(s) ['lambda_0.0000/simfile.dat', 'lambda_0.1000/simfile.dat', 'lambda_0.2000/simfile.dat', 'lambda_0.3000/simfile.dat', 'lambda_0.4000/simfile.dat', 'lambda_0.5000/simfile.dat', 'lambda_0.6000/simfile.dat', 'lambda_0.7000/simfile.dat', 'lambda_0.8000/simfile.dat', 'lambda_0.9000/simfile.dat', 'lambda_1.0000/simfile.dat']
#Overlap matrix
0.9643 0.0357 0.0000 0.0000 0.0000 0.0000 0.0000 0.0000 0.0000 0.0000 0.0000
0.0357 0.9203 0.0440 0.0000 0.0000 0.0000 0.0000 0.0000 0.0000 0.0000 0.0000
0.0000 0.0440 0.9026 0.0535 0.0000 0.0000 0.0000 0.0000 0.0000 0.0000 0.0000
0.0000 0.0000 0.0535 0.8842 0.0623 0.0000 0.0000 0.0000 0.0000 0.0000 0.0000
0.0000 0.0000 0.0000 0.0623 0.8686 0.0691 0.0000 0.0000 0.0000 0.0000 0.0000
0.0000 0.0000 0.0000 0.0000 0.0691 0.8537 0.0772 0.0000 0.0000 0.0000 0.0000
0.0000 0.0000 0.0000 0.0000 0.0000 0.0772 0.8402 0.0826 0.0001 0.0000 0.0000
0.0000 0.0000 0.0000 0.0000 0.0000 0.0000 0.0826 0.8258 0.0915 0.0001 0.0000
0.0000 0.0000 0.0000 0.0000 0.0000 0.0000 0.0001 0.0915 0.8084 0.1000 0.0001
0.0000 0.0000 0.0000 0.0000 0.0000 0.0000 0.0000 0.0001 0.1000 0.8278 0.0722
0.0000 0.0000 0.0000 0.0000 0.0000 0.0000 0.0000 0.0000 0.0001 0.0722 0.9278
#DG from neighbouring lambda in kcal/mol
0.0000 0.1000 -0.8637 0.0441
0.1000 0.2000 -0.3666 0.0394
0.2000 0.3000 -0.1876 0.0353
0.3000 0.4000 -0.1363 0.0324
0.4000 0.5000 -0.3247 0.0305
0.5000 0.6000 -0.3953 0.0286
0.6000 0.7000 -0.5404 0.0275
0.7000 0.8000 -0.7113 0.0258
0.8000 0.9000 -0.9620 0.0244
0.9000 1.0000 -1.8359 0.0298
#PMF from MBAR in kcal/mol
0.0000 0.0000 0.0000
0.1000 -0.8637 0.0441
0.2000 -1.2303 0.0604
0.3000 -1.4179 0.0710
0.4000 -1.5542 0.0790
0.5000 -1.8789 0.0856
0.6000 -2.2742 0.0911
0.7000 -2.8146 0.0959
0.8000 -3.5260 0.1001
0.9000 -4.4879 0.1037
1.0000 -6.3239 0.1086
#TI average gradients and standard deviation in kcal/mol
0.0000 -11.9537 24.1270
0.1000 -5.5460 22.5202
0.2000 -2.5545 21.8438
0.3000 -1.4082 20.9052
0.4000 -2.3166 20.5925
0.5000 -3.5803 19.2932
0.6000 -4.2233 18.6801
0.7000 -6.0956 17.8205
0.8000 -8.2186 17.3814
0.9000 -11.4036 17.5404
1.0000 -31.4726 22.6186
#PMF from TI in kcal/mol
0.0000 0.0000
0.1000 -0.8750
0.2000 -1.2800
0.3000 -1.4782
0.4000 -1.6644
0.5000 -1.9592
0.6000 -2.3494
0.7000 -2.8654
0.8000 -3.5811
0.9000 -4.5622
1.0000 -6.7060
#MBAR free energy difference in kcal/mol: 
-6.323872, 0.108614  #WARNING SUBSAMPLING DISABLED, CONSIDER RERUN WITH SUBSAMPLING OPTION
#TI free energy difference in kcal/mol: 
-6.705985  #WARNING SUBSAMPLING DISABLED, CONSIDER RERUN WITH SUBSAMPLING OPTION 
Starting /export/users/common/BioSimSpace/sire.app/bin/analyse_freenrg: number of threads equals 32
