# Analysing data contained in file(s) ['lambda_0.0000/simfile.dat', 'lambda_0.1000/simfile.dat', 'lambda_0.2000/simfile.dat', 'lambda_0.3000/simfile.dat', 'lambda_0.4000/simfile.dat', 'lambda_0.5000/simfile.dat', 'lambda_0.6000/simfile.dat', 'lambda_0.7000/simfile.dat', 'lambda_0.8000/simfile.dat', 'lambda_0.9000/simfile.dat', 'lambda_1.0000/simfile.dat']
#Overlap matrix
0.9784 0.0216 0.0000 0.0000 0.0000 0.0000 0.0000 0.0000 0.0000 0.0000 0.0000
0.0216 0.9474 0.0311 0.0000 0.0000 0.0000 0.0000 0.0000 0.0000 0.0000 0.0000
0.0000 0.0311 0.9331 0.0358 0.0000 0.0000 0.0000 0.0000 0.0000 0.0000 0.0000
0.0000 0.0000 0.0358 0.9190 0.0452 0.0000 0.0000 0.0000 0.0000 0.0000 0.0000
0.0000 0.0000 0.0000 0.0452 0.8988 0.0560 0.0000 0.0000 0.0000 0.0000 0.0000
0.0000 0.0000 0.0000 0.0000 0.0560 0.8830 0.0609 0.0000 0.0000 0.0000 0.0000
0.0000 0.0000 0.0000 0.0000 0.0000 0.0609 0.8574 0.0816 0.0001 0.0000 0.0000
0.0000 0.0000 0.0000 0.0000 0.0000 0.0000 0.0816 0.8281 0.0901 0.0002 0.0000
0.0000 0.0000 0.0000 0.0000 0.0000 0.0000 0.0001 0.0901 0.7939 0.1153 0.0006
0.0000 0.0000 0.0000 0.0000 0.0000 0.0000 0.0000 0.0002 0.1153 0.7490 0.1354
0.0000 0.0000 0.0000 0.0000 0.0000 0.0000 0.0000 0.0000 0.0006 0.1354 0.8640
#DG from neighbouring lambda in kcal/mol
0.0000 0.1000 3.9308 0.0576
0.1000 0.2000 4.7359 0.0475
0.2000 0.3000 4.3635 0.0441
0.3000 0.4000 3.5922 0.0388
0.4000 0.5000 2.9015 0.0344
0.5000 0.6000 2.1377 0.0328
0.6000 0.7000 1.5440 0.0277
0.7000 0.8000 0.8715 0.0260
0.8000 0.9000 0.3431 0.0222
0.9000 1.0000 -0.2856 0.0200
#PMF from MBAR in kcal/mol
0.0000 0.0000 0.0000
0.1000 3.9308 0.0576
0.2000 8.6667 0.0757
0.3000 13.0303 0.0884
0.4000 16.6225 0.0973
0.5000 19.5239 0.1040
0.6000 21.6617 0.1097
0.7000 23.2057 0.1138
0.8000 24.0772 0.1174
0.9000 24.4203 0.1201
1.0000 24.1347 0.1223
#TI average gradients and standard deviation in kcal/mol
0.0000 25.5064 28.6903
0.1000 47.3195 25.9024
0.2000 47.1045 23.6650
0.3000 39.7071 22.9205
0.4000 32.4751 21.8792
0.5000 25.7043 20.7361
0.6000 17.6740 19.6624
0.7000 12.6347 18.7375
0.8000 5.6340 17.6027
0.9000 0.4427 16.5792
1.0000 -1.4422 16.1111
#PMF from TI in kcal/mol
0.0000 0.0000
0.1000 3.6413
0.2000 8.3625
0.3000 12.7031
0.4000 16.3122
0.5000 19.2212
0.6000 21.3901
0.7000 22.9055
0.8000 23.8189
0.9000 24.1228
1.0000 24.0728
#MBAR free energy difference in kcal/mol: 
24.134700, 0.122340  #WARNING SUBSAMPLING DISABLED, CONSIDER RERUN WITH SUBSAMPLING OPTION
#TI free energy difference in kcal/mol: 
24.072800  #WARNING SUBSAMPLING DISABLED, CONSIDER RERUN WITH SUBSAMPLING OPTION 
Starting /export/users/common/BioSimSpace/sire.app/bin/analyse_freenrg: number of threads equals 32
