# Analysing data contained in file(s) ['lambda_0.0000/simfile.dat', 'lambda_0.1000/simfile.dat', 'lambda_0.2000/simfile.dat', 'lambda_0.3000/simfile.dat', 'lambda_0.4000/simfile.dat', 'lambda_0.5000/simfile.dat', 'lambda_0.6000/simfile.dat', 'lambda_0.7000/simfile.dat', 'lambda_0.8000/simfile.dat', 'lambda_0.9000/simfile.dat', 'lambda_1.0000/simfile.dat']
#Overlap matrix
0.7259 0.2447 0.0285 0.0009 0.0000 0.0000 0.0000 0.0000 0.0000 0.0000 0.0000
0.2447 0.4872 0.2379 0.0295 0.0008 0.0000 0.0000 0.0000 0.0000 0.0000 0.0000
0.0285 0.2379 0.4720 0.2357 0.0256 0.0003 0.0000 0.0000 0.0000 0.0000 0.0000
0.0009 0.0295 0.2357 0.4876 0.2312 0.0151 0.0001 0.0000 0.0000 0.0000 0.0000
0.0000 0.0008 0.0256 0.2312 0.5294 0.2032 0.0098 0.0001 0.0000 0.0000 0.0000
0.0000 0.0000 0.0003 0.0151 0.2032 0.5613 0.2055 0.0144 0.0001 0.0000 0.0000
0.0000 0.0000 0.0000 0.0001 0.0098 0.2055 0.5395 0.2344 0.0107 0.0000 0.0000
0.0000 0.0000 0.0000 0.0000 0.0001 0.0144 0.2344 0.5681 0.1803 0.0026 0.0000
0.0000 0.0000 0.0000 0.0000 0.0000 0.0001 0.0107 0.1803 0.6455 0.1606 0.0026
0.0000 0.0000 0.0000 0.0000 0.0000 0.0000 0.0000 0.0026 0.1606 0.6906 0.1461
0.0000 0.0000 0.0000 0.0000 0.0000 0.0000 0.0000 0.0000 0.0026 0.1461 0.8512
#DG from neighbouring lambda in kcal/mol
0.0000 0.1000 -5.6779 0.0112
0.1000 0.2000 -1.7075 0.0104
0.2000 0.3000 -1.1493 0.0105
0.3000 0.4000 -1.3731 0.0113
0.4000 0.5000 -2.1012 0.0134
0.5000 0.6000 -3.1595 0.0133
0.6000 0.7000 -3.9752 0.0118
0.7000 0.8000 -5.0058 0.0154
0.8000 0.9000 -6.9399 0.0174
0.9000 1.0000 -8.7153 0.0188
#PMF from MBAR in kcal/mol
0.0000 0.0000 0.0000
0.1000 -5.6779 0.0112
0.2000 -7.3854 0.0181
0.3000 -8.5347 0.0232
0.4000 -9.9078 0.0277
0.5000 -12.0091 0.0326
0.6000 -15.1686 0.0369
0.7000 -19.1437 0.0402
0.8000 -24.1495 0.0444
0.9000 -31.0894 0.0491
1.0000 -39.8047 0.0538
#TI average gradients and standard deviation in kcal/mol
0.0000 -109.5229 11.7573
0.1000 -26.6270 10.7759
0.2000 -11.8238 10.1877
0.3000 -11.9445 10.4699
0.4000 -15.7337 10.9757
0.5000 -26.8920 11.6736
0.6000 -37.1493 12.2259
0.7000 -41.9642 11.5887
0.8000 -58.6805 12.9523
0.9000 -78.8096 11.4100
1.0000 -96.8955 15.3201
#PMF from TI in kcal/mol
0.0000 0.0000
0.1000 -6.8075
0.2000 -8.7300
0.3000 -9.9184
0.4000 -11.3024
0.5000 -13.4336
0.6000 -16.6357
0.7000 -20.5914
0.8000 -25.6236
0.9000 -32.4981
1.0000 -41.2834
#MBAR free energy difference in kcal/mol: 
-39.804714, 0.053847  #WARNING SUBSAMPLING DISABLED, CONSIDER RERUN WITH SUBSAMPLING OPTION
#TI free energy difference in kcal/mol: 
-41.283366  #WARNING SUBSAMPLING DISABLED, CONSIDER RERUN WITH SUBSAMPLING OPTION 
Starting /export/users/common/BioSimSpace/sire.app/bin/analyse_freenrg: number of threads equals 32
