# Analysing data contained in file(s) ['lambda_0.0000/simfile.dat', 'lambda_0.1000/simfile.dat', 'lambda_0.2000/simfile.dat', 'lambda_0.3000/simfile.dat', 'lambda_0.4000/simfile.dat', 'lambda_0.5000/simfile.dat', 'lambda_0.6000/simfile.dat', 'lambda_0.7000/simfile.dat', 'lambda_0.8000/simfile.dat', 'lambda_0.9000/simfile.dat', 'lambda_1.0000/simfile.dat']
#Overlap matrix
0.9168 0.0820 0.0012 0.0000 0.0000 0.0000 0.0000 0.0000 0.0000 0.0000 0.0000
0.0820 0.7616 0.1528 0.0037 0.0000 0.0000 0.0000 0.0000 0.0000 0.0000 0.0000
0.0012 0.1528 0.6717 0.1680 0.0063 0.0000 0.0000 0.0000 0.0000 0.0000 0.0000
0.0000 0.0037 0.1680 0.6322 0.1893 0.0067 0.0000 0.0000 0.0000 0.0000 0.0000
0.0000 0.0000 0.0063 0.1893 0.6065 0.1900 0.0078 0.0000 0.0000 0.0000 0.0000
0.0000 0.0000 0.0000 0.0067 0.1900 0.5988 0.1969 0.0075 0.0000 0.0000 0.0000
0.0000 0.0000 0.0000 0.0000 0.0078 0.1969 0.5991 0.1890 0.0071 0.0000 0.0000
0.0000 0.0000 0.0000 0.0000 0.0000 0.0075 0.1890 0.6007 0.1960 0.0068 0.0000
0.0000 0.0000 0.0000 0.0000 0.0000 0.0000 0.0071 0.1960 0.6033 0.1891 0.0045
0.0000 0.0000 0.0000 0.0000 0.0000 0.0000 0.0000 0.0068 0.1891 0.6436 0.1605
0.0000 0.0000 0.0000 0.0000 0.0000 0.0000 0.0000 0.0000 0.0045 0.1605 0.8349
#DG from neighbouring lambda in kcal/mol
0.0000 0.1000 1.9969 0.0274
0.1000 0.2000 4.5205 0.0180
0.2000 0.3000 4.4918 0.0165
0.3000 0.4000 3.9988 0.0149
0.4000 0.5000 3.2050 0.0147
0.5000 0.6000 2.4520 0.0143
0.6000 0.7000 1.7014 0.0148
0.7000 0.8000 1.0286 0.0144
0.8000 0.9000 0.5735 0.0150
0.9000 1.0000 0.2291 0.0174
#PMF from MBAR in kcal/mol
0.0000 0.0000 0.0000
0.1000 1.9969 0.0274
0.2000 6.5174 0.0348
0.3000 11.0091 0.0401
0.4000 15.0080 0.0442
0.5000 18.2130 0.0479
0.6000 20.6649 0.0512
0.7000 22.3663 0.0545
0.8000 23.3949 0.0575
0.9000 23.9684 0.0604
1.0000 24.1975 0.0639
#TI average gradients and standard deviation in kcal/mol
0.0000 -8.7544 22.2942
0.1000 38.7942 16.5560
0.2000 47.1974 14.6298
0.3000 42.8982 13.7166
0.4000 36.4931 12.9662
0.5000 27.9601 12.6987
0.6000 21.0463 12.7962
0.7000 12.7988 13.5157
0.8000 8.0875 13.1421
0.9000 4.0386 13.4205
1.0000 -550169182.0569 15229382054.6117
#PMF from TI in kcal/mol
0.0000 0.0000
0.1000 1.5020
0.2000 5.8016
0.3000 10.3064
0.4000 14.2759
0.5000 17.4986
0.6000 19.9489
0.7000 21.6412
0.8000 22.6855
0.9000 23.2918
1.0000 -27508435.6091
#MBAR free energy difference in kcal/mol: 
24.197454, 0.063911  #WARNING SUBSAMPLING DISABLED, CONSIDER RERUN WITH SUBSAMPLING OPTION
#TI free energy difference in kcal/mol: 
-27508435.609143  #WARNING SUBSAMPLING DISABLED, CONSIDER RERUN WITH SUBSAMPLING OPTION 
Starting /export/users/common/BioSimSpace/sire.app/bin/analyse_freenrg: number of threads equals 32
