# Analysing data contained in file(s) ['lambda_0.0000/simfile.dat', 'lambda_0.1000/simfile.dat', 'lambda_0.2000/simfile.dat', 'lambda_0.3000/simfile.dat', 'lambda_0.4000/simfile.dat', 'lambda_0.5000/simfile.dat', 'lambda_0.6000/simfile.dat', 'lambda_0.7000/simfile.dat', 'lambda_0.8000/simfile.dat', 'lambda_0.9000/simfile.dat', 'lambda_1.0000/simfile.dat']
#Overlap matrix
0.9648 0.0352 0.0000 0.0000 0.0000 0.0000 0.0000 0.0000 0.0000 0.0000 0.0000
0.0352 0.9147 0.0500 0.0000 0.0000 0.0000 0.0000 0.0000 0.0000 0.0000 0.0000
0.0000 0.0500 0.8804 0.0695 0.0000 0.0000 0.0000 0.0000 0.0000 0.0000 0.0000
0.0000 0.0000 0.0695 0.8481 0.0823 0.0001 0.0000 0.0000 0.0000 0.0000 0.0000
0.0000 0.0000 0.0000 0.0823 0.8268 0.0908 0.0001 0.0000 0.0000 0.0000 0.0000
0.0000 0.0000 0.0000 0.0001 0.0908 0.8116 0.0975 0.0001 0.0000 0.0000 0.0000
0.0000 0.0000 0.0000 0.0000 0.0001 0.0975 0.8058 0.0965 0.0001 0.0000 0.0000
0.0000 0.0000 0.0000 0.0000 0.0000 0.0001 0.0965 0.7985 0.1047 0.0001 0.0000
0.0000 0.0000 0.0000 0.0000 0.0000 0.0000 0.0001 0.1047 0.8021 0.0930 0.0000
0.0000 0.0000 0.0000 0.0000 0.0000 0.0000 0.0000 0.0001 0.0930 0.8368 0.0701
0.0000 0.0000 0.0000 0.0000 0.0000 0.0000 0.0000 0.0000 0.0000 0.0701 0.9299
#DG from neighbouring lambda in kcal/mol
0.0000 0.1000 -1.3501 0.0444
0.1000 0.2000 2.6396 0.0367
0.2000 0.3000 2.9105 0.0304
0.3000 0.4000 2.1061 0.0275
0.4000 0.5000 0.9086 0.0259
0.5000 0.6000 -0.3925 0.0248
0.6000 0.7000 -1.7790 0.0250
0.7000 0.8000 -3.3528 0.0237
0.8000 0.9000 -5.0436 0.0256
0.9000 1.0000 -7.5879 0.0303
#PMF from MBAR in kcal/mol
0.0000 0.0000 0.0000
0.1000 -1.3501 0.0444
0.2000 1.2895 0.0589
0.3000 4.2000 0.0674
0.4000 6.3061 0.0738
0.5000 7.2146 0.0792
0.6000 6.8221 0.0839
0.7000 5.0431 0.0884
0.8000 1.6903 0.0923
0.9000 -3.3533 0.0966
1.0000 -10.9412 0.1019
#TI average gradients and standard deviation in kcal/mol
0.0000 -69.1498 26.0308
0.1000 18.0946 23.2788
0.2000 30.2474 21.5313
0.3000 26.5228 19.5236
0.4000 15.3117 19.1257
0.5000 2.6968 18.5008
0.6000 -10.3676 17.8881
0.7000 -26.1735 18.3294
0.8000 -40.8406 18.0851
0.9000 -61.3728 19.2343
1.0000 -91.7809 23.5610
#PMF from TI in kcal/mol
0.0000 0.0000
0.1000 -2.5528
0.2000 -0.1357
0.3000 2.7029
0.4000 4.7946
0.5000 5.6950
0.6000 5.3115
0.7000 3.4844
0.8000 0.1337
0.9000 -4.9770
1.0000 -12.6346
#MBAR free energy difference in kcal/mol: 
-10.941199, 0.101930  #WARNING SUBSAMPLING DISABLED, CONSIDER RERUN WITH SUBSAMPLING OPTION
#TI free energy difference in kcal/mol: 
-12.634648  #WARNING SUBSAMPLING DISABLED, CONSIDER RERUN WITH SUBSAMPLING OPTION 
Starting /export/users/common/BioSimSpace/sire.app/bin/analyse_freenrg: number of threads equals 32
