# Analysing data contained in file(s) ['lambda_0.0000/simfile.dat', 'lambda_0.1000/simfile.dat', 'lambda_0.2000/simfile.dat', 'lambda_0.3000/simfile.dat', 'lambda_0.4000/simfile.dat', 'lambda_0.5000/simfile.dat', 'lambda_0.6000/simfile.dat', 'lambda_0.7000/simfile.dat', 'lambda_0.8000/simfile.dat', 'lambda_0.9000/simfile.dat', 'lambda_1.0000/simfile.dat']
#Overlap matrix
0.7729 0.2163 0.0108 0.0001 0.0000 0.0000 0.0000 0.0000 0.0000 0.0000 0.0000
0.2163 0.5658 0.2095 0.0084 0.0001 0.0000 0.0000 0.0000 0.0000 0.0000 0.0000
0.0108 0.2095 0.5781 0.1923 0.0092 0.0002 0.0000 0.0000 0.0000 0.0000 0.0000
0.0001 0.0084 0.1923 0.5740 0.2087 0.0161 0.0005 0.0000 0.0000 0.0000 0.0000
0.0000 0.0001 0.0092 0.2087 0.5685 0.2018 0.0115 0.0002 0.0000 0.0000 0.0000
0.0000 0.0000 0.0002 0.0161 0.2018 0.6347 0.1412 0.0060 0.0001 0.0000 0.0000
0.0000 0.0000 0.0000 0.0005 0.0115 0.1412 0.6645 0.1731 0.0091 0.0001 0.0000
0.0000 0.0000 0.0000 0.0000 0.0002 0.0060 0.1731 0.6078 0.1998 0.0131 0.0001
0.0000 0.0000 0.0000 0.0000 0.0000 0.0001 0.0091 0.1998 0.5756 0.2081 0.0073
0.0000 0.0000 0.0000 0.0000 0.0000 0.0000 0.0001 0.0131 0.2081 0.6130 0.1657
0.0000 0.0000 0.0000 0.0000 0.0000 0.0000 0.0000 0.0001 0.0073 0.1657 0.8269
#DG from neighbouring lambda in kcal/mol
0.0000 0.1000 5.9989 0.0134
0.1000 0.2000 4.8820 0.0134
0.2000 0.3000 3.4891 0.0144
0.3000 0.4000 2.1942 0.0131
0.4000 0.5000 1.8505 0.0134
0.5000 0.6000 1.6776 0.0179
0.6000 0.7000 0.5010 0.0158
0.7000 0.8000 -0.6887 0.0137
0.8000 0.9000 -1.2569 0.0134
0.9000 1.0000 -0.6510 0.0168
#PMF from MBAR in kcal/mol
0.0000 0.0000 0.0000
0.1000 5.9989 0.0134
0.2000 10.8810 0.0219
0.3000 14.3701 0.0285
0.4000 16.5644 0.0332
0.5000 18.4148 0.0372
0.6000 20.0924 0.0425
0.7000 20.5934 0.0466
0.8000 19.9047 0.0498
0.9000 18.6478 0.0527
1.0000 17.9968 0.0564
#TI average gradients and standard deviation in kcal/mol
0.0000 62.7457 12.1923
0.1000 54.6142 12.0202
0.2000 42.5385 12.3492
0.3000 27.4143 12.3968
0.4000 18.0948 11.6729
0.5000 19.6785 14.3167
0.6000 11.3176 15.1770
0.7000 -1.3642 13.1958
0.8000 -11.7159 11.8268
0.9000 -12.2554 12.6372
1.0000 3.8158 15.7288
#PMF from TI in kcal/mol
0.0000 0.0000
0.1000 5.8680
0.2000 10.7256
0.3000 14.2233
0.4000 16.4987
0.5000 18.3874
0.6000 19.9372
0.7000 20.4349
0.8000 19.7808
0.9000 18.5823
1.0000 18.1603
#MBAR free energy difference in kcal/mol: 
17.996830, 0.056382  #WARNING SUBSAMPLING DISABLED, CONSIDER RERUN WITH SUBSAMPLING OPTION
#TI free energy difference in kcal/mol: 
18.160295  #WARNING SUBSAMPLING DISABLED, CONSIDER RERUN WITH SUBSAMPLING OPTION 
Starting /export/users/common/BioSimSpace/sire.app/bin/analyse_freenrg: number of threads equals 32
