# Analysing data contained in file(s) ['lambda_0.0000/simfile.dat', 'lambda_0.1000/simfile.dat', 'lambda_0.2000/simfile.dat', 'lambda_0.3000/simfile.dat', 'lambda_0.4000/simfile.dat', 'lambda_0.5000/simfile.dat', 'lambda_0.6000/simfile.dat', 'lambda_0.7000/simfile.dat', 'lambda_0.8000/simfile.dat', 'lambda_0.9000/simfile.dat', 'lambda_1.0000/simfile.dat']
#Overlap matrix
0.8939 0.1031 0.0029 0.0000 0.0000 0.0000 0.0000 0.0000 0.0000 0.0000 0.0000
0.1031 0.7178 0.1702 0.0087 0.0001 0.0000 0.0000 0.0000 0.0000 0.0000 0.0000
0.0029 0.1702 0.6180 0.1952 0.0135 0.0002 0.0000 0.0000 0.0000 0.0000 0.0000
0.0000 0.0087 0.1952 0.5732 0.2090 0.0136 0.0002 0.0000 0.0000 0.0000 0.0000
0.0000 0.0001 0.0135 0.2090 0.5567 0.2070 0.0136 0.0001 0.0000 0.0000 0.0000
0.0000 0.0000 0.0002 0.0136 0.2070 0.5572 0.2136 0.0083 0.0001 0.0000 0.0000
0.0000 0.0000 0.0000 0.0002 0.0136 0.2136 0.6048 0.1582 0.0095 0.0003 0.0000
0.0000 0.0000 0.0000 0.0000 0.0001 0.0083 0.1582 0.6298 0.1890 0.0146 0.0001
0.0000 0.0000 0.0000 0.0000 0.0000 0.0001 0.0095 0.1890 0.6048 0.1880 0.0087
0.0000 0.0000 0.0000 0.0000 0.0000 0.0000 0.0003 0.0146 0.1880 0.5794 0.2178
0.0000 0.0000 0.0000 0.0000 0.0000 0.0000 0.0000 0.0001 0.0087 0.2178 0.7734
#DG from neighbouring lambda in kcal/mol
0.0000 0.1000 -2.4527 0.0236
0.1000 0.2000 1.6285 0.0162
0.2000 0.3000 2.0588 0.0140
0.3000 0.4000 1.7888 0.0130
0.4000 0.5000 1.3525 0.0131
0.5000 0.6000 0.9603 0.0130
0.6000 0.7000 0.2980 0.0166
0.7000 0.8000 0.2397 0.0143
0.8000 0.9000 0.5256 0.0144
0.9000 1.0000 -0.0125 0.0135
#PMF from MBAR in kcal/mol
0.0000 0.0000 0.0000
0.1000 -2.4527 0.0236
0.2000 -0.8241 0.0307
0.3000 1.2347 0.0355
0.4000 3.0235 0.0392
0.5000 4.3760 0.0427
0.6000 5.3363 0.0459
0.7000 5.6343 0.0500
0.8000 5.8741 0.0531
0.9000 6.3996 0.0559
1.0000 6.3871 0.0586
#TI average gradients and standard deviation in kcal/mol
0.0000 -75.3932 21.7056
0.1000 7.2353 15.3792
0.2000 20.9046 13.1679
0.3000 19.4232 12.3709
0.4000 15.8887 12.2720
0.5000 11.7884 11.9190
0.6000 7.8627 11.9948
0.7000 -1.8420 16.5743
0.8000 6.3950 12.1197
0.9000 2.1404 12.3972
1.0000 3.1349 14.0917
#PMF from TI in kcal/mol
0.0000 0.0000
0.1000 -3.4079
0.2000 -2.0009
0.3000 0.0155
0.4000 1.7811
0.5000 3.1649
0.6000 4.1475
0.7000 4.4485
0.8000 4.6762
0.9000 5.1030
1.0000 5.3667
#MBAR free energy difference in kcal/mol: 
6.387084, 0.058554  #WARNING SUBSAMPLING DISABLED, CONSIDER RERUN WITH SUBSAMPLING OPTION
#TI free energy difference in kcal/mol: 
5.366720  #WARNING SUBSAMPLING DISABLED, CONSIDER RERUN WITH SUBSAMPLING OPTION 
Starting /export/users/common/BioSimSpace/sire.app/bin/analyse_freenrg: number of threads equals 32
