# Analysing data contained in file(s) ['lambda_0.0000/simfile.dat', 'lambda_0.1000/simfile.dat', 'lambda_0.2000/simfile.dat', 'lambda_0.3000/simfile.dat', 'lambda_0.4000/simfile.dat', 'lambda_0.5000/simfile.dat', 'lambda_0.6000/simfile.dat', 'lambda_0.7000/simfile.dat', 'lambda_0.8000/simfile.dat', 'lambda_0.9000/simfile.dat', 'lambda_1.0000/simfile.dat']
#Overlap matrix
0.2007 0.1756 0.1507 0.1264 0.1030 0.0810 0.0609 0.0435 0.0292 0.0183 0.0107
0.1756 0.1605 0.1439 0.1261 0.1074 0.0884 0.0697 0.0522 0.0368 0.0244 0.0151
0.1507 0.1439 0.1349 0.1237 0.1104 0.0953 0.0789 0.0622 0.0463 0.0324 0.0214
0.1264 0.1261 0.1237 0.1189 0.1113 0.1010 0.0881 0.0733 0.0579 0.0431 0.0303
0.1030 0.1074 0.1104 0.1113 0.1096 0.1048 0.0966 0.0853 0.0716 0.0570 0.0430
0.0810 0.0884 0.0953 0.1010 0.1048 0.1059 0.1036 0.0973 0.0874 0.0747 0.0608
0.0609 0.0697 0.0789 0.0881 0.0966 0.1036 0.1078 0.1084 0.1045 0.0964 0.0851
0.0435 0.0522 0.0622 0.0733 0.0853 0.0973 0.1084 0.1170 0.1219 0.1219 0.1170
0.0292 0.0368 0.0463 0.0579 0.0716 0.0874 0.1045 0.1219 0.1376 0.1498 0.1570
0.0183 0.0244 0.0324 0.0431 0.0570 0.0747 0.0964 0.1219 0.1498 0.1780 0.2040
0.0107 0.0151 0.0214 0.0303 0.0430 0.0608 0.0851 0.1170 0.1570 0.2040 0.2556
#DG from neighbouring lambda in kcal/mol
0.0000 0.1000 1.1010 0.0009
0.1000 0.2000 1.0618 0.0009
0.2000 0.3000 1.0168 0.0008
0.3000 0.4000 0.9692 0.0008
0.4000 0.5000 0.9185 0.0009
0.5000 0.6000 0.8635 0.0009
0.6000 0.7000 0.8029 0.0010
0.7000 0.8000 0.7362 0.0012
0.8000 0.9000 0.6645 0.0013
0.9000 1.0000 0.5904 0.0016
#PMF from MBAR in kcal/mol
0.0000 0.0000 0.0000
0.1000 1.1010 0.0009
0.2000 2.1628 0.0018
0.3000 3.1796 0.0026
0.4000 4.1488 0.0033
0.5000 5.0674 0.0040
0.6000 5.9309 0.0047
0.7000 6.7337 0.0055
0.8000 7.4700 0.0062
0.9000 8.1345 0.0071
1.0000 8.7248 0.0080
#TI average gradients and standard deviation in kcal/mol
0.0000 11.2986 1.3942
0.1000 11.0172 1.4268
0.2000 10.5683 1.4681
0.3000 9.9616 1.6118
0.4000 9.4771 1.6598
0.5000 8.9454 1.7661
0.6000 8.2920 1.9682
0.7000 7.7411 2.0255
0.8000 7.0505 2.0704
0.9000 6.2959 2.1912
1.0000 5.6892 2.1448
#PMF from TI in kcal/mol
0.0000 0.0000
0.1000 1.1158
0.2000 2.1951
0.3000 3.2216
0.4000 4.1935
0.5000 5.1146
0.6000 5.9765
0.7000 6.7781
0.8000 7.5177
0.9000 8.1850
1.0000 8.7843
#MBAR free energy difference in kcal/mol: 
8.724831, 0.007965  #WARNING SUBSAMPLING DISABLED, CONSIDER RERUN WITH SUBSAMPLING OPTION
#TI free energy difference in kcal/mol: 
8.784300  #WARNING SUBSAMPLING DISABLED, CONSIDER RERUN WITH SUBSAMPLING OPTION 
Starting /export/users/common/BioSimSpace/sire.app/bin/analyse_freenrg: number of threads equals 32
