# Analysing data contained in file(s) ['lambda_0.0000/simfile.dat', 'lambda_0.1000/simfile.dat', 'lambda_0.2000/simfile.dat', 'lambda_0.3000/simfile.dat', 'lambda_0.4000/simfile.dat', 'lambda_0.5000/simfile.dat', 'lambda_0.6000/simfile.dat', 'lambda_0.7000/simfile.dat', 'lambda_0.8000/simfile.dat', 'lambda_0.9000/simfile.dat', 'lambda_1.0000/simfile.dat']
#Overlap matrix
0.8984 0.1013 0.0003 0.0000 0.0000 0.0000 0.0000 0.0000 0.0000 0.0000 0.0000
0.1013 0.7752 0.1231 0.0004 0.0000 0.0000 0.0000 0.0000 0.0000 0.0000 0.0000
0.0003 0.1231 0.7500 0.1261 0.0005 0.0000 0.0000 0.0000 0.0000 0.0000 0.0000
0.0000 0.0004 0.1261 0.7452 0.1278 0.0005 0.0000 0.0000 0.0000 0.0000 0.0000
0.0000 0.0000 0.0005 0.1278 0.7409 0.1303 0.0006 0.0000 0.0000 0.0000 0.0000
0.0000 0.0000 0.0000 0.0005 0.1303 0.7399 0.1287 0.0005 0.0000 0.0000 0.0000
0.0000 0.0000 0.0000 0.0000 0.0006 0.1287 0.7414 0.1288 0.0005 0.0000 0.0000
0.0000 0.0000 0.0000 0.0000 0.0000 0.0005 0.1288 0.7473 0.1231 0.0003 0.0000
0.0000 0.0000 0.0000 0.0000 0.0000 0.0000 0.0005 0.1231 0.7701 0.1064 0.0001
0.0000 0.0000 0.0000 0.0000 0.0000 0.0000 0.0000 0.0003 0.1064 0.8178 0.0756
0.0000 0.0000 0.0000 0.0000 0.0000 0.0000 0.0000 0.0000 0.0001 0.0756 0.9243
#DG from neighbouring lambda in kcal/mol
0.0000 0.1000 3.8837 0.0242
0.1000 0.2000 4.5865 0.0213
0.2000 0.3000 4.5836 0.0210
0.3000 0.4000 4.3144 0.0208
0.4000 0.5000 3.9138 0.0205
0.5000 0.6000 3.5136 0.0207
0.6000 0.7000 3.1354 0.0207
0.7000 0.8000 2.8865 0.0213
0.8000 0.9000 2.9163 0.0235
0.9000 1.0000 3.7518 0.0290
#PMF from MBAR in kcal/mol
0.0000 0.0000 0.0000
0.1000 3.8837 0.0242
0.2000 8.4702 0.0345
0.3000 13.0539 0.0421
0.4000 17.3683 0.0485
0.5000 21.2821 0.0540
0.6000 24.7957 0.0590
0.7000 27.9311 0.0637
0.8000 30.8176 0.0682
0.9000 33.7339 0.0732
1.0000 37.4858 0.0796
#TI average gradients and standard deviation in kcal/mol
0.0000 29.0591 18.6955
0.1000 44.0076 16.8918
0.2000 46.6781 16.5270
0.3000 44.9865 16.0152
0.4000 41.1249 15.9808
0.5000 36.9822 16.1604
0.6000 33.2243 16.2042
0.7000 29.7484 16.2662
0.8000 28.3399 16.8375
0.9000 31.5394 18.2083
1.0000 46.8768 21.4950
#PMF from TI in kcal/mol
0.0000 0.0000
0.1000 3.6533
0.2000 8.1876
0.3000 12.7708
0.4000 17.0764
0.5000 20.9818
0.6000 24.4921
0.7000 27.6407
0.8000 30.5451
0.9000 33.5391
1.0000 37.4599
#MBAR free energy difference in kcal/mol: 
37.485751, 0.079644  #WARNING SUBSAMPLING DISABLED, CONSIDER RERUN WITH SUBSAMPLING OPTION
#TI free energy difference in kcal/mol: 
37.459917  #WARNING SUBSAMPLING DISABLED, CONSIDER RERUN WITH SUBSAMPLING OPTION 
Starting /export/users/common/BioSimSpace/sire.app/bin/analyse_freenrg: number of threads equals 32
