# Analysing data contained in file(s) ['lambda_0.0000/simfile.dat', 'lambda_0.1000/simfile.dat', 'lambda_0.2000/simfile.dat', 'lambda_0.3000/simfile.dat', 'lambda_0.4000/simfile.dat', 'lambda_0.5000/simfile.dat', 'lambda_0.6000/simfile.dat', 'lambda_0.7000/simfile.dat', 'lambda_0.8000/simfile.dat', 'lambda_0.9000/simfile.dat', 'lambda_1.0000/simfile.dat']
#Overlap matrix
0.9998 0.0002 0.0000 0.0000 0.0000 0.0000 0.0000 0.0000 0.0000 0.0000 0.0000
0.0002 0.8569 0.1415 0.0014 0.0000 0.0000 0.0000 0.0000 0.0000 0.0000 0.0000
0.0000 0.1415 0.6966 0.1599 0.0020 0.0000 0.0000 0.0000 0.0000 0.0000 0.0000
0.0000 0.0014 0.1599 0.6738 0.1630 0.0020 0.0000 0.0000 0.0000 0.0000 0.0000
0.0000 0.0000 0.0020 0.1630 0.6768 0.1568 0.0014 0.0000 0.0000 0.0000 0.0000
0.0000 0.0000 0.0000 0.0020 0.1568 0.6918 0.1483 0.0010 0.0000 0.0000 0.0000
0.0000 0.0000 0.0000 0.0000 0.0014 0.1483 0.7091 0.1406 0.0006 0.0000 0.0000
0.0000 0.0000 0.0000 0.0000 0.0000 0.0010 0.1406 0.7373 0.1210 0.0000 0.0000
0.0000 0.0000 0.0000 0.0000 0.0000 0.0000 0.0006 0.1210 0.8264 0.0520 0.0000
0.0000 0.0000 0.0000 0.0000 0.0000 0.0000 0.0000 0.0000 0.0520 0.9479 0.0000
0.0000 0.0000 0.0000 0.0000 0.0000 0.0000 0.0000 0.0000 0.0000 0.0000 1.0000
#DG from neighbouring lambda in kcal/mol
0.0000 0.1000 14.9371 0.5984
0.1000 0.2000 9.3165 0.0193
0.2000 0.3000 9.3497 0.0176
0.3000 0.4000 9.3394 0.0173
0.4000 0.5000 9.2783 0.0178
0.5000 0.6000 9.0845 0.0186
0.6000 0.7000 8.7740 0.0194
0.7000 0.8000 8.1852 0.0216
0.8000 0.9000 6.1053 0.0359
0.9000 1.0000 -91.1132 0.0758
#PMF from MBAR in kcal/mol
0.0000 0.0000 0.0000
0.1000 14.9371 0.5984
0.2000 24.2536 0.5988
0.3000 33.6033 0.5992
0.4000 42.9427 0.5995
0.5000 52.2210 0.5999
0.6000 61.3056 0.6003
0.7000 70.0795 0.6008
0.8000 78.2648 0.6013
0.9000 84.3701 0.6025
1.0000 -6.7431 0.5395
#TI average gradients and standard deviation in kcal/mol
0.0000 1114.5433 1716.3774
0.1000 93.3910 17.4133
0.2000 93.5158 14.8678
0.3000 93.4557 14.5185
0.4000 93.3808 14.5308
0.5000 91.9389 14.9053
0.6000 89.4442 15.5724
0.7000 85.5514 16.2650
0.8000 76.6214 18.2172
0.9000 32.4574 29.5649
1.0000 -5024.5811 380.2898
#PMF from TI in kcal/mol
0.0000 0.0000
0.1000 60.3967
0.2000 69.7421
0.3000 79.0906
0.4000 88.4325
0.5000 97.6984
0.6000 106.7676
0.7000 115.5174
0.8000 123.6260
0.9000 129.0799
1.0000 -120.5262
#MBAR free energy difference in kcal/mol: 
-6.743108, 0.539497  #WARNING SUBSAMPLING DISABLED, CONSIDER RERUN WITH SUBSAMPLING OPTION
#TI free energy difference in kcal/mol: 
-120.526240  #WARNING SUBSAMPLING DISABLED, CONSIDER RERUN WITH SUBSAMPLING OPTION 
Starting /export/users/common/BioSimSpace/sire.app/bin/analyse_freenrg: number of threads equals 32
