# Analysing data contained in file(s) ['lambda_0.0000/simfile.dat', 'lambda_0.1000/simfile.dat', 'lambda_0.2000/simfile.dat', 'lambda_0.3000/simfile.dat', 'lambda_0.4000/simfile.dat', 'lambda_0.5000/simfile.dat', 'lambda_0.6000/simfile.dat', 'lambda_0.7000/simfile.dat', 'lambda_0.8000/simfile.dat', 'lambda_0.9000/simfile.dat', 'lambda_1.0000/simfile.dat']
#Overlap matrix
0.9848 0.0152 0.0000 0.0000 0.0000 0.0000 0.0000 0.0000 0.0000 0.0000 0.0000
0.0152 0.8987 0.0860 0.0001 0.0000 0.0000 0.0000 0.0000 0.0000 0.0000 0.0000
0.0000 0.0860 0.8045 0.1092 0.0002 0.0000 0.0000 0.0000 0.0000 0.0000 0.0000
0.0000 0.0001 0.1092 0.7718 0.1185 0.0004 0.0000 0.0000 0.0000 0.0000 0.0000
0.0000 0.0000 0.0002 0.1185 0.7566 0.1242 0.0005 0.0000 0.0000 0.0000 0.0000
0.0000 0.0000 0.0000 0.0004 0.1242 0.7430 0.1316 0.0008 0.0000 0.0000 0.0000
0.0000 0.0000 0.0000 0.0000 0.0005 0.1316 0.7252 0.1417 0.0010 0.0000 0.0000
0.0000 0.0000 0.0000 0.0000 0.0000 0.0008 0.1417 0.7074 0.1489 0.0012 0.0000
0.0000 0.0000 0.0000 0.0000 0.0000 0.0000 0.0010 0.1489 0.7009 0.1485 0.0008
0.0000 0.0000 0.0000 0.0000 0.0000 0.0000 0.0000 0.0012 0.1485 0.7188 0.1316
0.0000 0.0000 0.0000 0.0000 0.0000 0.0000 0.0000 0.0000 0.0008 0.1316 0.8676
#DG from neighbouring lambda in kcal/mol
0.0000 0.1000 10.5198 0.0690
0.1000 0.2000 6.7803 0.0268
0.2000 0.3000 5.7641 0.0231
0.3000 0.4000 5.1599 0.0219
0.4000 0.5000 4.7205 0.0212
0.5000 0.6000 4.3520 0.0203
0.6000 0.7000 4.2246 0.0193
0.7000 0.8000 4.2994 0.0186
0.8000 0.9000 5.1338 0.0186
0.9000 1.0000 8.5880 0.0204
#PMF from MBAR in kcal/mol
0.0000 0.0000 0.0000
0.1000 10.5198 0.0690
0.2000 17.3001 0.0750
0.3000 23.0642 0.0794
0.4000 28.2241 0.0833
0.5000 32.9447 0.0868
0.6000 37.2967 0.0899
0.7000 41.5213 0.0928
0.8000 45.8207 0.0954
0.9000 50.9545 0.0979
1.0000 59.5425 0.1007
#TI average gradients and standard deviation in kcal/mol
0.0000 181.2001 58.6766
0.1000 76.6111 21.1069
0.2000 61.5106 18.1565
0.3000 54.1900 17.5268
0.4000 49.4764 17.0004
0.5000 45.1763 16.5473
0.6000 42.5100 15.7276
0.7000 41.9388 15.7284
0.8000 45.3824 15.1176
0.9000 60.9549 15.2280
1.0000 125.3653 17.6131
#PMF from TI in kcal/mol
0.0000 0.0000
0.1000 12.8906
0.2000 19.7966
0.3000 25.5817
0.4000 30.7650
0.5000 35.4976
0.6000 39.8819
0.7000 44.1044
0.8000 48.4704
0.9000 53.7873
1.0000 63.1033
#MBAR free energy difference in kcal/mol: 
59.542547, 0.100713  #WARNING SUBSAMPLING DISABLED, CONSIDER RERUN WITH SUBSAMPLING OPTION
#TI free energy difference in kcal/mol: 
63.103316  #WARNING SUBSAMPLING DISABLED, CONSIDER RERUN WITH SUBSAMPLING OPTION 
Starting /export/users/common/BioSimSpace/sire.app/bin/analyse_freenrg: number of threads equals 32
