# Analysing data contained in file(s) ['lambda_0.0000/simfile.dat', 'lambda_0.1000/simfile.dat', 'lambda_0.2000/simfile.dat', 'lambda_0.3000/simfile.dat', 'lambda_0.4000/simfile.dat', 'lambda_0.5000/simfile.dat', 'lambda_0.6000/simfile.dat', 'lambda_0.7000/simfile.dat', 'lambda_0.8000/simfile.dat', 'lambda_0.9000/simfile.dat', 'lambda_1.0000/simfile.dat']
#Overlap matrix
0.7858 0.1996 0.0142 0.0003 0.0000 0.0000 0.0000 0.0000 0.0000 0.0000 0.0000
0.1996 0.5535 0.2231 0.0231 0.0006 0.0000 0.0000 0.0000 0.0000 0.0000 0.0000
0.0142 0.2231 0.5024 0.2329 0.0266 0.0007 0.0000 0.0000 0.0000 0.0000 0.0000
0.0003 0.0231 0.2329 0.4841 0.2325 0.0263 0.0006 0.0000 0.0000 0.0000 0.0000
0.0000 0.0006 0.0266 0.2325 0.4820 0.2336 0.0241 0.0005 0.0000 0.0000 0.0000
0.0000 0.0000 0.0007 0.0263 0.2336 0.4903 0.2279 0.0208 0.0004 0.0000 0.0000
0.0000 0.0000 0.0000 0.0006 0.0241 0.2279 0.5017 0.2255 0.0199 0.0003 0.0000
0.0000 0.0000 0.0000 0.0000 0.0005 0.0208 0.2255 0.5099 0.2250 0.0181 0.0002
0.0000 0.0000 0.0000 0.0000 0.0000 0.0004 0.0199 0.2250 0.5177 0.2211 0.0160
0.0000 0.0000 0.0000 0.0000 0.0000 0.0000 0.0003 0.0181 0.2211 0.5312 0.2294
0.0000 0.0000 0.0000 0.0000 0.0000 0.0000 0.0000 0.0002 0.0160 0.2294 0.7544
#DG from neighbouring lambda in kcal/mol
0.0000 0.1000 -2.3304 0.0142
0.1000 0.2000 -1.2189 0.0118
0.2000 0.3000 -0.7856 0.0109
0.3000 0.4000 -0.6423 0.0108
0.4000 0.5000 -0.5868 0.0108
0.5000 0.6000 -0.5476 0.0113
0.6000 0.7000 -0.5235 0.0116
0.7000 0.8000 -0.4452 0.0117
0.8000 0.9000 -0.3370 0.0121
0.9000 1.0000 -0.2203 0.0125
#PMF from MBAR in kcal/mol
0.0000 0.0000 0.0000
0.1000 -2.3304 0.0142
0.2000 -3.5493 0.0212
0.3000 -4.3349 0.0259
0.4000 -4.9772 0.0298
0.5000 -5.5640 0.0333
0.6000 -6.1116 0.0366
0.7000 -6.6352 0.0397
0.8000 -7.0804 0.0427
0.9000 -7.4174 0.0456
1.0000 -7.6377 0.0485
#TI average gradients and standard deviation in kcal/mol
0.0000 -32.9735 14.1039
0.1000 -15.9144 11.4634
0.2000 -9.3397 10.3756
0.3000 -6.7872 10.2030
0.4000 -6.1799 9.9767
0.5000 -5.7351 10.5248
0.6000 -5.3921 10.8616
0.7000 -4.8174 10.9254
0.8000 -3.9954 11.0104
0.9000 -2.7957 11.2530
1.0000 -0.1247 11.5638
#PMF from TI in kcal/mol
0.0000 0.0000
0.1000 -2.4444
0.2000 -3.7071
0.3000 -4.5134
0.4000 -5.1618
0.5000 -5.7575
0.6000 -6.3139
0.7000 -6.8244
0.8000 -7.2650
0.9000 -7.6046
1.0000 -7.7506
#MBAR free energy difference in kcal/mol: 
-7.637706, 0.048465  #WARNING SUBSAMPLING DISABLED, CONSIDER RERUN WITH SUBSAMPLING OPTION
#TI free energy difference in kcal/mol: 
-7.750598  #WARNING SUBSAMPLING DISABLED, CONSIDER RERUN WITH SUBSAMPLING OPTION 
Starting /export/users/common/BioSimSpace/sire.app/bin/analyse_freenrg: number of threads equals 32
