# Analysing data contained in file(s) ['lambda_0.0000/simfile.dat', 'lambda_0.1000/simfile.dat', 'lambda_0.2000/simfile.dat', 'lambda_0.3000/simfile.dat', 'lambda_0.4000/simfile.dat', 'lambda_0.5000/simfile.dat', 'lambda_0.6000/simfile.dat', 'lambda_0.7000/simfile.dat', 'lambda_0.8000/simfile.dat', 'lambda_0.9000/simfile.dat', 'lambda_1.0000/simfile.dat']
#Overlap matrix
0.9291 0.0707 0.0002 0.0000 0.0000 0.0000 0.0000 0.0000 0.0000 0.0000 0.0000
0.0707 0.8026 0.1256 0.0011 0.0000 0.0000 0.0000 0.0000 0.0000 0.0000 0.0000
0.0002 0.1256 0.7225 0.1497 0.0020 0.0000 0.0000 0.0000 0.0000 0.0000 0.0000
0.0000 0.0011 0.1497 0.6828 0.1640 0.0024 0.0000 0.0000 0.0000 0.0000 0.0000
0.0000 0.0000 0.0020 0.1640 0.6735 0.1584 0.0020 0.0000 0.0000 0.0000 0.0000
0.0000 0.0000 0.0000 0.0024 0.1584 0.6831 0.1545 0.0016 0.0000 0.0000 0.0000
0.0000 0.0000 0.0000 0.0000 0.0020 0.1545 0.6923 0.1497 0.0015 0.0000 0.0000
0.0000 0.0000 0.0000 0.0000 0.0000 0.0016 0.1497 0.7009 0.1467 0.0011 0.0000
0.0000 0.0000 0.0000 0.0000 0.0000 0.0000 0.0015 0.1467 0.7207 0.1306 0.0005
0.0000 0.0000 0.0000 0.0000 0.0000 0.0000 0.0000 0.0011 0.1306 0.7649 0.1035
0.0000 0.0000 0.0000 0.0000 0.0000 0.0000 0.0000 0.0000 0.0005 0.1035 0.8960
#DG from neighbouring lambda in kcal/mol
0.0000 0.1000 -2.0383 0.0301
0.1000 0.2000 -0.4824 0.0210
0.2000 0.3000 0.1359 0.0184
0.3000 0.4000 0.2359 0.0172
0.4000 0.5000 0.1046 0.0176
0.5000 0.6000 -0.2142 0.0180
0.6000 0.7000 -0.5858 0.0184
0.7000 0.8000 -0.7948 0.0188
0.8000 0.9000 -0.6579 0.0204
0.9000 1.0000 0.7839 0.0239
#PMF from MBAR in kcal/mol
0.0000 0.0000 0.0000
0.1000 -2.0383 0.0301
0.2000 -2.5208 0.0386
0.3000 -2.3849 0.0444
0.4000 -2.1489 0.0491
0.5000 -2.0443 0.0534
0.6000 -2.2585 0.0576
0.7000 -2.8443 0.0616
0.8000 -3.6391 0.0655
0.9000 -4.2970 0.0696
1.0000 -3.5131 0.0746
#TI average gradients and standard deviation in kcal/mol
0.0000 13411050510.4796 792715564622.1724
0.1000 -10.5698 18.1442
0.2000 -0.2188 15.1897
0.3000 2.4454 14.6297
0.4000 2.0353 14.6255
0.5000 -0.4886 14.9496
0.6000 -3.9286 15.0713
0.7000 -7.4890 14.9355
0.8000 -8.1913 15.9063
0.9000 -3.4741 17.1617
1.0000 30.1226 19.5402
#PMF from TI in kcal/mol
0.0000 0.0000
0.1000 670552524.9955
0.2000 670552524.4561
0.3000 670552524.5674
0.4000 670552524.7914
0.5000 670552524.8688
0.6000 670552524.6479
0.7000 670552524.0770
0.8000 670552523.2930
0.9000 670552522.7097
1.0000 670552524.0422
#MBAR free energy difference in kcal/mol: 
-3.513126, 0.074563  #WARNING SUBSAMPLING DISABLED, CONSIDER RERUN WITH SUBSAMPLING OPTION
#TI free energy difference in kcal/mol: 
670552524.042153  #WARNING SUBSAMPLING DISABLED, CONSIDER RERUN WITH SUBSAMPLING OPTION 
Starting /export/users/common/BioSimSpace/sire.app/bin/analyse_freenrg: number of threads equals 32
