# Analysing data contained in file(s) ['lambda_0.0000/simfile.dat', 'lambda_0.1000/simfile.dat', 'lambda_0.2000/simfile.dat', 'lambda_0.3000/simfile.dat', 'lambda_0.4000/simfile.dat', 'lambda_0.5000/simfile.dat', 'lambda_0.6000/simfile.dat', 'lambda_0.7000/simfile.dat', 'lambda_0.8000/simfile.dat', 'lambda_0.9000/simfile.dat', 'lambda_1.0000/simfile.dat']
#Overlap matrix
0.8908 0.1088 0.0004 0.0000 0.0000 0.0000 0.0000 0.0000 0.0000 0.0000 0.0000
0.1088 0.7501 0.1401 0.0010 0.0000 0.0000 0.0000 0.0000 0.0000 0.0000 0.0000
0.0004 0.1401 0.7101 0.1485 0.0010 0.0000 0.0000 0.0000 0.0000 0.0000 0.0000
0.0000 0.0010 0.1485 0.7126 0.1375 0.0006 0.0000 0.0000 0.0000 0.0000 0.0000
0.0000 0.0000 0.0010 0.1375 0.7370 0.1244 0.0002 0.0000 0.0000 0.0000 0.0000
0.0000 0.0000 0.0000 0.0006 0.1244 0.7773 0.0977 0.0000 0.0000 0.0000 0.0000
0.0000 0.0000 0.0000 0.0000 0.0002 0.0977 0.8473 0.0549 0.0000 0.0000 0.0000
0.0000 0.0000 0.0000 0.0000 0.0000 0.0000 0.0549 0.9314 0.0137 0.0000 0.0000
0.0000 0.0000 0.0000 0.0000 0.0000 0.0000 0.0000 0.0137 0.9804 0.0059 0.0000
0.0000 0.0000 0.0000 0.0000 0.0000 0.0000 0.0000 0.0000 0.0059 0.9768 0.0173
0.0000 0.0000 0.0000 0.0000 0.0000 0.0000 0.0000 0.0000 0.0000 0.0173 0.9827
#DG from neighbouring lambda in kcal/mol
0.0000 0.1000 6.8887 0.0231
0.1000 0.2000 6.1823 0.0195
0.2000 0.3000 5.8722 0.0187
0.3000 0.4000 5.3853 0.0197
0.4000 0.5000 4.3865 0.0212
0.5000 0.6000 2.5739 0.0248
0.6000 0.7000 -0.8261 0.0348
0.7000 0.8000 -7.7621 0.0729
0.8000 0.9000 -20.1074 0.1120
0.9000 1.0000 -30.0609 0.0646
#PMF from MBAR in kcal/mol
0.0000 0.0000 0.0000
0.1000 6.8887 0.0231
0.2000 13.0709 0.0326
0.3000 18.9432 0.0394
0.4000 24.3285 0.0456
0.5000 28.7150 0.0517
0.6000 31.2889 0.0586
0.7000 30.4628 0.0693
0.8000 22.7007 0.1013
0.9000 2.5932 0.1515
1.0000 -27.4676 0.1652
#TI average gradients and standard deviation in kcal/mol
0.0000 74.0075 17.8898
0.1000 64.1157 16.6707
0.2000 60.1966 15.3258
0.3000 57.0414 15.3016
0.4000 49.5961 16.2842
0.5000 36.7349 17.3311
0.6000 12.5868 19.3881
0.7000 -34.2454 23.7907
0.8000 -134.2669 31.4031
0.9000 -260.7150 28.3848
1.0000 -335.5050 27.5848
#PMF from TI in kcal/mol
0.0000 0.0000
0.1000 6.9062
0.2000 13.1218
0.3000 18.9837
0.4000 24.3156
0.5000 28.6321
0.6000 31.0982
0.7000 30.0153
0.8000 21.5896
0.9000 1.8405
1.0000 -27.9705
#MBAR free energy difference in kcal/mol: 
-27.467637, 0.165180  #WARNING SUBSAMPLING DISABLED, CONSIDER RERUN WITH SUBSAMPLING OPTION
#TI free energy difference in kcal/mol: 
-27.970451  #WARNING SUBSAMPLING DISABLED, CONSIDER RERUN WITH SUBSAMPLING OPTION 
Starting /export/users/common/BioSimSpace/sire.app/bin/analyse_freenrg: number of threads equals 32
