# Analysing data contained in file(s) ['lambda_0.0000/simfile.dat', 'lambda_0.1000/simfile.dat', 'lambda_0.2000/simfile.dat', 'lambda_0.3000/simfile.dat', 'lambda_0.4000/simfile.dat', 'lambda_0.5000/simfile.dat', 'lambda_0.6000/simfile.dat', 'lambda_0.7000/simfile.dat', 'lambda_0.8000/simfile.dat', 'lambda_0.9000/simfile.dat', 'lambda_1.0000/simfile.dat']
#Overlap matrix
0.9139 0.0854 0.0006 0.0000 0.0000 0.0000 0.0000 0.0000 0.0000 0.0000 0.0000
0.0854 0.7764 0.1354 0.0027 0.0000 0.0000 0.0000 0.0000 0.0000 0.0000 0.0000
0.0006 0.1354 0.6900 0.1705 0.0034 0.0000 0.0000 0.0000 0.0000 0.0000 0.0000
0.0000 0.0027 0.1705 0.6615 0.1625 0.0027 0.0000 0.0000 0.0000 0.0000 0.0000
0.0000 0.0000 0.0034 0.1625 0.6689 0.1630 0.0021 0.0000 0.0000 0.0000 0.0000
0.0000 0.0000 0.0000 0.0027 0.1630 0.6812 0.1516 0.0014 0.0000 0.0000 0.0000
0.0000 0.0000 0.0000 0.0000 0.0021 0.1516 0.7014 0.1438 0.0011 0.0000 0.0000
0.0000 0.0000 0.0000 0.0000 0.0000 0.0014 0.1438 0.7132 0.1406 0.0010 0.0000
0.0000 0.0000 0.0000 0.0000 0.0000 0.0000 0.0011 0.1406 0.7195 0.1380 0.0007
0.0000 0.0000 0.0000 0.0000 0.0000 0.0000 0.0000 0.0010 0.1380 0.7246 0.1364
0.0000 0.0000 0.0000 0.0000 0.0000 0.0000 0.0000 0.0000 0.0007 0.1364 0.8629
#DG from neighbouring lambda in kcal/mol
0.0000 0.1000 -1.5172 0.0268
0.1000 0.2000 1.6679 0.0197
0.2000 0.3000 2.1769 0.0166
0.3000 0.4000 2.0607 0.0172
0.4000 0.5000 1.8534 0.0172
0.5000 0.6000 1.6334 0.0182
0.6000 0.7000 1.4052 0.0190
0.7000 0.8000 1.2930 0.0194
0.8000 0.9000 1.2505 0.0196
0.9000 1.0000 1.1560 0.0199
#PMF from MBAR in kcal/mol
0.0000 0.0000 0.0000
0.1000 -1.5172 0.0268
0.2000 0.1507 0.0354
0.3000 2.3276 0.0407
0.4000 4.3883 0.0457
0.5000 6.2418 0.0502
0.6000 7.8751 0.0547
0.7000 9.2803 0.0591
0.8000 10.5733 0.0633
0.9000 11.8239 0.0673
1.0000 12.9799 0.0712
#TI average gradients and standard deviation in kcal/mol
0.0000 -56.3035 22.0322
0.1000 9.9775 16.9081
0.2000 20.6471 15.0908
0.3000 21.9701 14.3830
0.4000 19.5217 14.4015
0.5000 17.6644 14.8797
0.6000 15.0916 15.2968
0.7000 13.4596 15.6773
0.8000 12.5935 15.6530
0.9000 11.6449 16.6124
1.0000 17.5330 18.0257
#PMF from TI in kcal/mol
0.0000 0.0000
0.1000 -2.3163
0.2000 -0.7851
0.3000 1.3458
0.4000 3.4204
0.5000 5.2797
0.6000 6.9175
0.7000 8.3450
0.8000 9.6477
0.9000 10.8596
1.0000 12.3185
#MBAR free energy difference in kcal/mol: 
12.979859, 0.071237  #WARNING SUBSAMPLING DISABLED, CONSIDER RERUN WITH SUBSAMPLING OPTION
#TI free energy difference in kcal/mol: 
12.318507  #WARNING SUBSAMPLING DISABLED, CONSIDER RERUN WITH SUBSAMPLING OPTION 
Starting /export/users/common/BioSimSpace/sire.app/bin/analyse_freenrg: number of threads equals 32
