# Analysing data contained in file(s) ['lambda_0.0000/simfile.dat', 'lambda_0.1000/simfile.dat', 'lambda_0.2000/simfile.dat', 'lambda_0.3000/simfile.dat', 'lambda_0.4000/simfile.dat', 'lambda_0.5000/simfile.dat', 'lambda_0.6000/simfile.dat', 'lambda_0.7000/simfile.dat', 'lambda_0.8000/simfile.dat', 'lambda_0.9000/simfile.dat', 'lambda_1.0000/simfile.dat']
#Overlap matrix
0.9950 0.0050 0.0000 0.0000 0.0000 0.0000 0.0000 0.0000 0.0000 0.0000 0.0000
0.0050 0.9819 0.0131 0.0000 0.0000 0.0000 0.0000 0.0000 0.0000 0.0000 0.0000
0.0000 0.0131 0.9594 0.0275 0.0000 0.0000 0.0000 0.0000 0.0000 0.0000 0.0000
0.0000 0.0000 0.0275 0.9475 0.0250 0.0000 0.0000 0.0000 0.0000 0.0000 0.0000
0.0000 0.0000 0.0000 0.0250 0.9576 0.0175 0.0000 0.0000 0.0000 0.0000 0.0000
0.0000 0.0000 0.0000 0.0000 0.0175 0.9690 0.0136 0.0000 0.0000 0.0000 0.0000
0.0000 0.0000 0.0000 0.0000 0.0000 0.0136 0.9587 0.0277 0.0000 0.0000 0.0000
0.0000 0.0000 0.0000 0.0000 0.0000 0.0000 0.0277 0.9108 0.0615 0.0000 0.0000
0.0000 0.0000 0.0000 0.0000 0.0000 0.0000 0.0000 0.0615 0.8413 0.0971 0.0000
0.0000 0.0000 0.0000 0.0000 0.0000 0.0000 0.0000 0.0000 0.0971 0.8821 0.0208
0.0000 0.0000 0.0000 0.0000 0.0000 0.0000 0.0000 0.0000 0.0000 0.0208 0.9792
#DG from neighbouring lambda in kcal/mol
0.0000 0.1000 1.7060 0.1215
0.1000 0.2000 8.6840 0.0745
0.2000 0.3000 12.9794 0.0507
0.3000 0.4000 15.1618 0.0533
0.4000 0.5000 15.5843 0.0643
0.5000 0.6000 16.5210 0.0733
0.6000 0.7000 19.8476 0.0505
0.7000 0.8000 24.3796 0.0326
0.8000 0.9000 27.4215 0.0249
0.9000 1.0000 28.1080 0.0588
#PMF from MBAR in kcal/mol
0.0000 0.0000 0.0000
0.1000 1.7060 0.1215
0.2000 10.3900 0.1430
0.3000 23.3694 0.1523
0.4000 38.5312 0.1618
0.5000 54.1155 0.1745
0.6000 70.6365 0.1897
0.7000 90.4841 0.1967
0.8000 114.8637 0.1997
0.9000 142.2852 0.2017
1.0000 170.3932 0.2104
#TI average gradients and standard deviation in kcal/mol
0.0000 -34.1143 35.3065
0.1000 59.0261 31.1917
0.2000 109.9983 27.1173
0.3000 144.9030 24.9307
0.4000 155.1176 27.3726
0.5000 157.5542 28.5051
0.6000 177.2045 26.7440
0.7000 221.4770 21.7395
0.8000 260.6629 20.1552
0.9000 288.5502 19.1777
1.0000 277.1764 24.8880
#PMF from TI in kcal/mol
0.0000 0.0000
0.1000 1.2456
0.2000 9.6968
0.3000 22.4419
0.4000 37.4429
0.5000 53.0765
0.6000 69.8144
0.7000 89.7485
0.8000 113.8555
0.9000 141.3162
1.0000 169.6025
#MBAR free energy difference in kcal/mol: 
170.393186, 0.210402  #WARNING SUBSAMPLING DISABLED, CONSIDER RERUN WITH SUBSAMPLING OPTION
#TI free energy difference in kcal/mol: 
169.602489  #WARNING SUBSAMPLING DISABLED, CONSIDER RERUN WITH SUBSAMPLING OPTION 
Starting /export/users/common/BioSimSpace/sire.app/bin/analyse_freenrg: number of threads equals 32
