# Analysing data contained in file(s) ['lambda_0.0000/simfile.dat', 'lambda_0.1000/simfile.dat', 'lambda_0.2000/simfile.dat', 'lambda_0.3000/simfile.dat', 'lambda_0.4000/simfile.dat', 'lambda_0.5000/simfile.dat', 'lambda_0.6000/simfile.dat', 'lambda_0.7000/simfile.dat', 'lambda_0.8000/simfile.dat', 'lambda_0.9000/simfile.dat', 'lambda_1.0000/simfile.dat']
#Overlap matrix
0.7730 0.2023 0.0231 0.0015 0.0001 0.0000 0.0000 0.0000 0.0000 0.0000 0.0000
0.2023 0.4915 0.2462 0.0536 0.0060 0.0004 0.0000 0.0000 0.0000 0.0000 0.0000
0.0231 0.2462 0.4062 0.2450 0.0690 0.0098 0.0007 0.0000 0.0000 0.0000 0.0000
0.0015 0.0536 0.2450 0.3692 0.2417 0.0761 0.0120 0.0009 0.0000 0.0000 0.0000
0.0001 0.0060 0.0690 0.2417 0.3510 0.2391 0.0796 0.0126 0.0008 0.0000 0.0000
0.0000 0.0004 0.0098 0.0761 0.2391 0.3444 0.2391 0.0792 0.0113 0.0006 0.0000
0.0000 0.0000 0.0007 0.0120 0.0796 0.2391 0.3458 0.2411 0.0737 0.0079 0.0002
0.0000 0.0000 0.0000 0.0009 0.0126 0.0792 0.2411 0.3601 0.2440 0.0589 0.0031
0.0000 0.0000 0.0000 0.0000 0.0008 0.0113 0.0737 0.2440 0.3969 0.2419 0.0313
0.0000 0.0000 0.0000 0.0000 0.0000 0.0006 0.0079 0.0589 0.2419 0.4726 0.2181
0.0000 0.0000 0.0000 0.0000 0.0000 0.0000 0.0002 0.0031 0.0313 0.2181 0.7473
#DG from neighbouring lambda in kcal/mol
0.0000 0.1000 6.0775 0.0135
0.1000 0.2000 4.7778 0.0092
0.2000 0.3000 4.0856 0.0077
0.3000 0.4000 3.5970 0.0071
0.4000 0.5000 3.1963 0.0068
0.5000 0.6000 2.8494 0.0067
0.6000 0.7000 2.5682 0.0068
0.7000 0.8000 2.4507 0.0074
0.8000 0.9000 2.7799 0.0089
0.9000 1.0000 4.2448 0.0123
#PMF from MBAR in kcal/mol
0.0000 0.0000 0.0000
0.1000 6.0775 0.0135
0.2000 10.8553 0.0192
0.3000 14.9409 0.0225
0.4000 18.5379 0.0250
0.5000 21.7342 0.0272
0.6000 24.5836 0.0291
0.7000 27.1518 0.0310
0.8000 29.6024 0.0329
0.9000 32.3824 0.0352
1.0000 36.6272 0.0385
#TI average gradients and standard deviation in kcal/mol
0.0000 71.2500 14.8653
0.1000 52.5288 10.0958
0.2000 43.8058 8.5245
0.3000 38.1450 7.8723
0.4000 33.8452 7.4317
0.5000 30.2204 7.3585
0.6000 26.8654 7.3637
0.7000 24.7641 7.5919
0.8000 24.9600 8.3253
0.9000 32.3966 10.1599
1.0000 57.0128 13.3548
#PMF from TI in kcal/mol
0.0000 0.0000
0.1000 6.1889
0.2000 11.0057
0.3000 15.1032
0.4000 18.7027
0.5000 21.9060
0.6000 24.7603
0.7000 27.3417
0.8000 29.8280
0.9000 32.6958
1.0000 37.1663
#MBAR free energy difference in kcal/mol: 
36.627214, 0.038484  #WARNING SUBSAMPLING DISABLED, CONSIDER RERUN WITH SUBSAMPLING OPTION
#TI free energy difference in kcal/mol: 
37.166255  #WARNING SUBSAMPLING DISABLED, CONSIDER RERUN WITH SUBSAMPLING OPTION 
Starting /export/users/common/BioSimSpace/sire.app/bin/analyse_freenrg: number of threads equals 32
