# Analysing data contained in file(s) ['lambda_0.0000/simfile.dat', 'lambda_0.1000/simfile.dat', 'lambda_0.2000/simfile.dat', 'lambda_0.3000/simfile.dat', 'lambda_0.4000/simfile.dat', 'lambda_0.5000/simfile.dat', 'lambda_0.6000/simfile.dat', 'lambda_0.7000/simfile.dat', 'lambda_0.8000/simfile.dat', 'lambda_0.9000/simfile.dat', 'lambda_1.0000/simfile.dat']
#Overlap matrix
0.8140 0.1544 0.0240 0.0059 0.0014 0.0002 0.0000 0.0000 0.0000 0.0000 0.0000
0.1544 0.5392 0.2214 0.0641 0.0171 0.0033 0.0004 0.0000 0.0000 0.0000 0.0000
0.0240 0.2214 0.4239 0.2270 0.0784 0.0210 0.0039 0.0004 0.0000 0.0000 0.0000
0.0059 0.0641 0.2270 0.3724 0.2222 0.0823 0.0224 0.0035 0.0003 0.0000 0.0000
0.0014 0.0171 0.0784 0.2222 0.3457 0.2230 0.0891 0.0206 0.0024 0.0002 0.0000
0.0002 0.0033 0.0210 0.0823 0.2230 0.3400 0.2325 0.0813 0.0147 0.0016 0.0001
0.0000 0.0004 0.0039 0.0224 0.0891 0.2325 0.3474 0.2240 0.0653 0.0130 0.0020
0.0000 0.0000 0.0004 0.0035 0.0206 0.0813 0.2240 0.3667 0.2077 0.0751 0.0208
0.0000 0.0000 0.0000 0.0003 0.0024 0.0147 0.0653 0.2077 0.3505 0.2462 0.1129
0.0000 0.0000 0.0000 0.0000 0.0002 0.0016 0.0130 0.0751 0.2462 0.3556 0.3083
0.0000 0.0000 0.0000 0.0000 0.0000 0.0001 0.0020 0.0208 0.1129 0.3083 0.5558
#DG from neighbouring lambda in kcal/mol
0.0000 0.1000 -7.8996 0.0161
0.1000 0.2000 -4.3169 0.0095
0.2000 0.3000 -3.6388 0.0074
0.3000 0.4000 -3.5748 0.0067
0.4000 0.5000 -3.5804 0.0064
0.5000 0.6000 -3.5613 0.0062
0.6000 0.7000 -3.6301 0.0071
0.7000 0.8000 -3.7538 0.0078
0.8000 0.9000 -3.8199 0.0060
0.9000 1.0000 -3.8224 0.0059
#PMF from MBAR in kcal/mol
0.0000 0.0000 0.0000
0.1000 -7.8996 0.0161
0.2000 -12.2166 0.0205
0.3000 -15.8553 0.0229
0.4000 -19.4301 0.0248
0.5000 -23.0105 0.0265
0.6000 -26.5718 0.0281
0.7000 -30.2019 0.0299
0.8000 -33.9557 0.0319
0.9000 -37.7756 0.0334
1.0000 -41.5979 0.0346
#TI average gradients and standard deviation in kcal/mol
0.0000 -122.2230 19.3351
0.1000 -51.9311 11.8417
0.2000 -37.5730 9.1136
0.3000 -35.2842 8.2452
0.4000 -36.1219 8.2160
0.5000 -35.6876 7.6174
0.6000 -36.4480 8.2535
0.7000 -33.7948 7.8348
0.8000 -40.7363 7.5171
0.9000 -42.9137 6.9329
1.0000 -26.8427 9.7365
#PMF from TI in kcal/mol
0.0000 0.0000
0.1000 -8.7077
0.2000 -13.1829
0.3000 -16.8258
0.4000 -20.3961
0.5000 -23.9865
0.6000 -27.5933
0.7000 -31.1055
0.8000 -34.8320
0.9000 -39.0145
1.0000 -42.5023
#MBAR free energy difference in kcal/mol: 
-41.597934, 0.034633  #WARNING SUBSAMPLING DISABLED, CONSIDER RERUN WITH SUBSAMPLING OPTION
#TI free energy difference in kcal/mol: 
-42.502337  #WARNING SUBSAMPLING DISABLED, CONSIDER RERUN WITH SUBSAMPLING OPTION 
Starting /export/users/common/BioSimSpace/sire.app/bin/analyse_freenrg: number of threads equals 32
