# Analysing data contained in file(s) ['lambda_0.0000/simfile.dat', 'lambda_0.1000/simfile.dat', 'lambda_0.2000/simfile.dat', 'lambda_0.3000/simfile.dat', 'lambda_0.4000/simfile.dat', 'lambda_0.5000/simfile.dat', 'lambda_0.6000/simfile.dat', 'lambda_0.7000/simfile.dat', 'lambda_0.8000/simfile.dat', 'lambda_0.9000/simfile.dat', 'lambda_1.0000/simfile.dat']
#Overlap matrix
0.8139 0.1768 0.0092 0.0001 0.0000 0.0000 0.0000 0.0000 0.0000 0.0000 0.0000
0.1768 0.5839 0.2203 0.0187 0.0004 0.0000 0.0000 0.0000 0.0000 0.0000 0.0000
0.0092 0.2203 0.5198 0.2293 0.0211 0.0004 0.0000 0.0000 0.0000 0.0000 0.0000
0.0001 0.0187 0.2293 0.5016 0.2283 0.0216 0.0004 0.0000 0.0000 0.0000 0.0000
0.0000 0.0004 0.0211 0.2283 0.5047 0.2262 0.0190 0.0003 0.0000 0.0000 0.0000
0.0000 0.0000 0.0004 0.0216 0.2262 0.5082 0.2245 0.0189 0.0002 0.0000 0.0000
0.0000 0.0000 0.0000 0.0004 0.0190 0.2245 0.5170 0.2230 0.0160 0.0002 0.0000
0.0000 0.0000 0.0000 0.0000 0.0003 0.0189 0.2230 0.5272 0.2179 0.0126 0.0001
0.0000 0.0000 0.0000 0.0000 0.0000 0.0002 0.0160 0.2179 0.5492 0.2101 0.0066
0.0000 0.0000 0.0000 0.0000 0.0000 0.0000 0.0002 0.0126 0.2101 0.6006 0.1765
0.0000 0.0000 0.0000 0.0000 0.0000 0.0000 0.0000 0.0001 0.0066 0.1765 0.8168
#DG from neighbouring lambda in kcal/mol
0.0000 0.1000 1.9293 0.0159
0.1000 0.2000 5.3347 0.0124
0.2000 0.3000 6.6974 0.0114
0.3000 0.4000 7.3853 0.0114
0.4000 0.5000 7.8865 0.0115
0.5000 0.6000 8.2817 0.0117
0.6000 0.7000 8.6848 0.0119
0.7000 0.8000 9.0088 0.0125
0.8000 0.9000 9.1962 0.0133
0.9000 1.0000 8.9685 0.0161
#PMF from MBAR in kcal/mol
0.0000 0.0000 0.0000
0.1000 1.9293 0.0159
0.2000 7.2641 0.0229
0.3000 13.9615 0.0277
0.4000 21.3468 0.0316
0.5000 29.2333 0.0352
0.6000 37.5150 0.0386
0.7000 46.1999 0.0417
0.8000 55.2087 0.0448
0.9000 64.4049 0.0480
1.0000 73.3734 0.0518
#TI average gradients and standard deviation in kcal/mol
0.0000 -12.3984 15.6646
0.1000 41.7784 12.2216
0.2000 61.9595 10.8311
0.3000 70.9947 10.7935
0.4000 76.5214 10.7648
0.5000 81.1414 10.8593
0.6000 84.6502 10.6290
0.7000 88.8398 11.1700
0.8000 91.1605 11.4868
0.9000 92.1078 12.6278
1.0000 86.0970 15.4549
#PMF from TI in kcal/mol
0.0000 0.0000
0.1000 1.4690
0.2000 6.6559
0.3000 13.3036
0.4000 20.6794
0.5000 28.5625
0.6000 36.8521
0.7000 45.5266
0.8000 54.5266
0.9000 63.6901
1.0000 72.6003
#MBAR free energy difference in kcal/mol: 
73.373373, 0.051847  #WARNING SUBSAMPLING DISABLED, CONSIDER RERUN WITH SUBSAMPLING OPTION
#TI free energy difference in kcal/mol: 
72.600306  #WARNING SUBSAMPLING DISABLED, CONSIDER RERUN WITH SUBSAMPLING OPTION 
Starting /export/users/common/BioSimSpace/sire.app/bin/analyse_freenrg: number of threads equals 32
