# Analysing data contained in file(s) ['lambda_0.0000/simfile.dat', 'lambda_0.1000/simfile.dat', 'lambda_0.2000/simfile.dat', 'lambda_0.3000/simfile.dat', 'lambda_0.4000/simfile.dat', 'lambda_0.5000/simfile.dat', 'lambda_0.6000/simfile.dat', 'lambda_0.7000/simfile.dat', 'lambda_0.8000/simfile.dat', 'lambda_0.9000/simfile.dat', 'lambda_1.0000/simfile.dat']
#Overlap matrix
1.0000 0.0000 0.0000 0.0000 0.0000 0.0000 0.0000 0.0000 0.0000 0.0000 0.0000
0.0000 0.8596 0.1390 0.0014 0.0000 0.0000 0.0000 0.0000 0.0000 0.0000 0.0000
0.0000 0.1390 0.7013 0.1580 0.0017 0.0000 0.0000 0.0000 0.0000 0.0000 0.0000
0.0000 0.0014 0.1580 0.6831 0.1563 0.0012 0.0000 0.0000 0.0000 0.0000 0.0000
0.0000 0.0000 0.0017 0.1563 0.6955 0.1457 0.0009 0.0000 0.0000 0.0000 0.0000
0.0000 0.0000 0.0000 0.0012 0.1457 0.7210 0.1317 0.0003 0.0000 0.0000 0.0000
0.0000 0.0000 0.0000 0.0000 0.0009 0.1317 0.7611 0.1063 0.0000 0.0000 0.0000
0.0000 0.0000 0.0000 0.0000 0.0000 0.0003 0.1063 0.8290 0.0644 0.0000 0.0000
0.0000 0.0000 0.0000 0.0000 0.0000 0.0000 0.0000 0.0644 0.9259 0.0096 0.0000
0.0000 0.0000 0.0000 0.0000 0.0000 0.0000 0.0000 0.0000 0.0096 0.9904 0.0000
0.0000 0.0000 0.0000 0.0000 0.0000 0.0000 0.0000 0.0000 0.0000 0.0000 1.0000
#DG from neighbouring lambda in kcal/mol
0.0000 0.1000 30.2170 0.0364
0.1000 0.2000 8.4600 0.0196
0.2000 0.3000 7.3693 0.0177
0.3000 0.4000 6.3375 0.0179
0.4000 0.5000 5.1016 0.0189
0.5000 0.6000 3.6707 0.0203
0.6000 0.7000 1.6805 0.0235
0.7000 0.8000 -1.5564 0.0318
0.8000 0.9000 -8.7774 0.0872
0.9000 1.0000 -127.2228 0.0862
#PMF from MBAR in kcal/mol
0.0000 0.0000 0.0000
0.1000 30.2170 0.0364
0.2000 38.6771 0.0303
0.3000 46.0463 0.0258
0.4000 52.3838 0.0226
0.5000 57.4855 0.0214
0.6000 61.1561 0.0227
0.7000 62.8366 0.0274
0.8000 61.2802 0.0373
0.9000 52.5028 0.0862
1.0000 -74.7200 0.0000
#TI average gradients and standard deviation in kcal/mol
0.0000 3097.1734 337.3672
0.1000 93.0453 17.8878
0.2000 78.5016 14.5787
0.3000 68.5991 14.6485
0.4000 57.5584 15.3975
0.5000 44.3385 15.6018
0.6000 28.1896 16.4054
0.7000 3.4572 18.2528
0.8000 -39.5155 22.8565
0.9000 -161.7735 38.0591
1.0000 -3184.6616 339.8698
#PMF from TI in kcal/mol
0.0000 0.0000
0.1000 159.5109
0.2000 168.0883
0.3000 175.4433
0.4000 181.7512
0.5000 186.8460
0.6000 190.4724
0.7000 192.0548
0.8000 190.2519
0.9000 180.1874
1.0000 12.8657
#MBAR free energy difference in kcal/mol: 
-74.719980, 0.000000  #WARNING SUBSAMPLING DISABLED, CONSIDER RERUN WITH SUBSAMPLING OPTION
#TI free energy difference in kcal/mol: 
12.865653  #WARNING SUBSAMPLING DISABLED, CONSIDER RERUN WITH SUBSAMPLING OPTION 
Starting /export/users/common/BioSimSpace/sire.app/bin/analyse_freenrg: number of threads equals 32
