# Analysing data contained in file(s) ['lambda_0.0000/simfile.dat', 'lambda_0.1000/simfile.dat', 'lambda_0.2000/simfile.dat', 'lambda_0.3000/simfile.dat', 'lambda_0.4000/simfile.dat', 'lambda_0.5000/simfile.dat', 'lambda_0.6000/simfile.dat', 'lambda_0.7000/simfile.dat', 'lambda_0.8000/simfile.dat', 'lambda_0.9000/simfile.dat', 'lambda_1.0000/simfile.dat']
#Overlap matrix
0.9087 0.0901 0.0012 0.0000 0.0000 0.0000 0.0000 0.0000 0.0000 0.0000 0.0000
0.0901 0.7616 0.1441 0.0042 0.0000 0.0000 0.0000 0.0000 0.0000 0.0000 0.0000
0.0012 0.1441 0.6611 0.1844 0.0093 0.0001 0.0000 0.0000 0.0000 0.0000 0.0000
0.0000 0.0042 0.1844 0.5985 0.2024 0.0104 0.0001 0.0000 0.0000 0.0000 0.0000
0.0000 0.0000 0.0093 0.2024 0.5710 0.2067 0.0106 0.0001 0.0000 0.0000 0.0000
0.0000 0.0000 0.0001 0.0104 0.2067 0.5618 0.2108 0.0101 0.0001 0.0000 0.0000
0.0000 0.0000 0.0000 0.0001 0.0106 0.2108 0.5694 0.2012 0.0079 0.0000 0.0000
0.0000 0.0000 0.0000 0.0000 0.0001 0.0101 0.2012 0.5825 0.1978 0.0082 0.0000
0.0000 0.0000 0.0000 0.0000 0.0000 0.0001 0.0079 0.1978 0.5923 0.1956 0.0063
0.0000 0.0000 0.0000 0.0000 0.0000 0.0000 0.0000 0.0082 0.1956 0.6109 0.1851
0.0000 0.0000 0.0000 0.0000 0.0000 0.0000 0.0000 0.0000 0.0063 0.1851 0.8086
#DG from neighbouring lambda in kcal/mol
0.0000 0.1000 4.5548 0.0259
0.1000 0.2000 5.5611 0.0187
0.2000 0.3000 4.5748 0.0151
0.3000 0.4000 3.2196 0.0137
0.4000 0.5000 1.6352 0.0134
0.5000 0.6000 -0.0165 0.0132
0.6000 0.7000 -1.5662 0.0139
0.7000 0.8000 -3.0896 0.0142
0.8000 0.9000 -4.3495 0.0144
0.9000 1.0000 -5.4366 0.0155
#PMF from MBAR in kcal/mol
0.0000 0.0000 0.0000
0.1000 4.5548 0.0259
0.2000 10.1159 0.0340
0.3000 14.6906 0.0389
0.4000 17.9102 0.0427
0.5000 19.5454 0.0461
0.6000 19.5289 0.0492
0.7000 17.9628 0.0523
0.8000 14.8732 0.0553
0.9000 10.5237 0.0582
1.0000 5.0871 0.0613
#TI average gradients and standard deviation in kcal/mol
0.0000 25.5246 22.3815
0.1000 56.6489 16.6956
0.2000 51.5120 14.1126
0.3000 39.6489 12.6211
0.4000 24.5636 11.8409
0.5000 7.6638 12.2226
0.6000 -7.5980 12.2293
0.7000 -23.3800 12.5027
0.8000 -37.3072 12.5114
0.9000 -49.5088 12.9126
1.0000 -1491612770.6217 96294406626.6843
#PMF from TI in kcal/mol
0.0000 0.0000
0.1000 4.1087
0.2000 9.5167
0.3000 14.0748
0.4000 17.2854
0.5000 18.8968
0.6000 18.9000
0.7000 17.3511
0.8000 14.3168
0.9000 9.9760
1.0000 -74580631.0305
#MBAR free energy difference in kcal/mol: 
5.087087, 0.061272  #WARNING SUBSAMPLING DISABLED, CONSIDER RERUN WITH SUBSAMPLING OPTION
#TI free energy difference in kcal/mol: 
-74580631.030533  #WARNING SUBSAMPLING DISABLED, CONSIDER RERUN WITH SUBSAMPLING OPTION 
Starting /export/users/common/BioSimSpace/sire.app/bin/analyse_freenrg: number of threads equals 32
