# Analysing data contained in file(s) ['lambda_0.0000/simfile.dat', 'lambda_0.1000/simfile.dat', 'lambda_0.2000/simfile.dat', 'lambda_0.3000/simfile.dat', 'lambda_0.4000/simfile.dat', 'lambda_0.5000/simfile.dat', 'lambda_0.6000/simfile.dat', 'lambda_0.7000/simfile.dat', 'lambda_0.8000/simfile.dat', 'lambda_0.9000/simfile.dat', 'lambda_1.0000/simfile.dat']
#Overlap matrix
0.7786 0.2102 0.0111 0.0001 0.0000 0.0000 0.0000 0.0000 0.0000 0.0000 0.0000
0.2102 0.5666 0.2124 0.0107 0.0001 0.0000 0.0000 0.0000 0.0000 0.0000 0.0000
0.0111 0.2124 0.5583 0.2038 0.0141 0.0003 0.0000 0.0000 0.0000 0.0000 0.0000
0.0001 0.0107 0.2038 0.5504 0.2180 0.0168 0.0003 0.0000 0.0000 0.0000 0.0000
0.0000 0.0001 0.0141 0.2180 0.5550 0.2015 0.0112 0.0001 0.0000 0.0000 0.0000
0.0000 0.0000 0.0003 0.0168 0.2015 0.5967 0.1787 0.0061 0.0000 0.0000 0.0000
0.0000 0.0000 0.0000 0.0003 0.0112 0.1787 0.6498 0.1577 0.0023 0.0000 0.0000
0.0000 0.0000 0.0000 0.0000 0.0001 0.0061 0.1577 0.7342 0.1001 0.0017 0.0000
0.0000 0.0000 0.0000 0.0000 0.0000 0.0000 0.0023 0.1001 0.7324 0.1643 0.0008
0.0000 0.0000 0.0000 0.0000 0.0000 0.0000 0.0000 0.0017 0.1643 0.7647 0.0693
0.0000 0.0000 0.0000 0.0000 0.0000 0.0000 0.0000 0.0000 0.0008 0.0693 0.9299
#DG from neighbouring lambda in kcal/mol
0.0000 0.1000 -11.3395 0.0138
0.1000 0.2000 -7.5388 0.0131
0.2000 0.3000 -6.0935 0.0134
0.3000 0.4000 -4.9119 0.0124
0.4000 0.5000 -3.4360 0.0133
0.5000 0.6000 -1.9909 0.0153
0.6000 0.7000 -0.4757 0.0173
0.7000 0.8000 1.0105 0.0238
0.8000 0.9000 2.4275 0.0173
0.9000 1.0000 6.7341 0.0303
#PMF from MBAR in kcal/mol
0.0000 0.0000 0.0000
0.1000 -11.3395 0.0138
0.2000 -18.8783 0.0219
0.3000 -24.9718 0.0279
0.4000 -29.8837 0.0323
0.5000 -33.3197 0.0364
0.6000 -35.3106 0.0409
0.7000 -35.7863 0.0458
0.8000 -34.7758 0.0529
0.9000 -32.3482 0.0568
1.0000 -25.6141 0.0654
#TI average gradients and standard deviation in kcal/mol
0.0000 -154.3348 39.9575
0.1000 -88.1680 11.7473
0.2000 -66.3662 12.2153
0.3000 -55.5200 11.4591
0.4000 -42.2079 11.6187
0.5000 -27.1679 12.4628
0.6000 -12.8284 13.9667
0.7000 3.4674 15.7688
0.8000 9.9396 13.4802
0.9000 42.7515 16.9837
1.0000 94.8049 23.5343
#PMF from TI in kcal/mol
0.0000 0.0000
0.1000 -12.1251
0.2000 -19.8519
0.3000 -25.9462
0.4000 -30.8326
0.5000 -34.3014
0.6000 -36.3012
0.7000 -36.7692
0.8000 -36.0989
0.9000 -33.4643
1.0000 -26.5865
#MBAR free energy difference in kcal/mol: 
-25.614129, 0.065450  #WARNING SUBSAMPLING DISABLED, CONSIDER RERUN WITH SUBSAMPLING OPTION
#TI free energy difference in kcal/mol: 
-26.586504  #WARNING SUBSAMPLING DISABLED, CONSIDER RERUN WITH SUBSAMPLING OPTION 
Starting /export/users/common/BioSimSpace/sire.app/bin/analyse_freenrg: number of threads equals 32
