# Analysing data contained in file(s) ['lambda_0.0000/simfile.dat', 'lambda_0.1000/simfile.dat', 'lambda_0.2000/simfile.dat', 'lambda_0.3000/simfile.dat', 'lambda_0.4000/simfile.dat', 'lambda_0.5000/simfile.dat', 'lambda_0.6000/simfile.dat', 'lambda_0.7000/simfile.dat', 'lambda_0.8000/simfile.dat', 'lambda_0.9000/simfile.dat', 'lambda_1.0000/simfile.dat']
#Overlap matrix
0.9301 0.0698 0.0000 0.0000 0.0000 0.0000 0.0000 0.0000 0.0000 0.0000 0.0000
0.0698 0.8345 0.0956 0.0001 0.0000 0.0000 0.0000 0.0000 0.0000 0.0000 0.0000
0.0000 0.0956 0.7974 0.1067 0.0002 0.0000 0.0000 0.0000 0.0000 0.0000 0.0000
0.0000 0.0001 0.1067 0.7866 0.1064 0.0002 0.0000 0.0000 0.0000 0.0000 0.0000
0.0000 0.0000 0.0002 0.1064 0.7878 0.1055 0.0001 0.0000 0.0000 0.0000 0.0000
0.0000 0.0000 0.0000 0.0002 0.1055 0.8008 0.0935 0.0001 0.0000 0.0000 0.0000
0.0000 0.0000 0.0000 0.0000 0.0001 0.0935 0.8076 0.0988 0.0001 0.0000 0.0000
0.0000 0.0000 0.0000 0.0000 0.0000 0.0001 0.0988 0.8096 0.0915 0.0000 0.0000
0.0000 0.0000 0.0000 0.0000 0.0000 0.0000 0.0001 0.0915 0.8685 0.0399 0.0000
0.0000 0.0000 0.0000 0.0000 0.0000 0.0000 0.0000 0.0000 0.0399 0.9601 0.0000
0.0000 0.0000 0.0000 0.0000 0.0000 0.0000 0.0000 0.0000 0.0000 0.0000 1.0000
#DG from neighbouring lambda in kcal/mol
0.0000 0.1000 1.3918 0.0304
0.1000 0.2000 2.0304 0.0251
0.2000 0.3000 3.1048 0.0234
0.3000 0.4000 4.1963 0.0235
0.4000 0.5000 5.0357 0.0236
0.5000 0.6000 5.5093 0.0255
0.6000 0.7000 5.7866 0.0246
0.7000 0.8000 6.1835 0.0258
0.8000 0.9000 5.5763 0.0415
0.9000 1.0000 -39.3834 0.0550
#PMF from MBAR in kcal/mol
0.0000 0.0000 0.0000
0.1000 1.3918 0.0304
0.2000 3.4222 0.0413
0.3000 6.5270 0.0490
0.4000 10.7233 0.0557
0.5000 15.7590 0.0617
0.6000 21.2683 0.0678
0.7000 27.0550 0.0732
0.8000 33.2385 0.0786
0.9000 38.8147 0.0897
1.0000 -0.5687 0.0481
#TI average gradients and standard deviation in kcal/mol
0.0000 13.3314 21.5001
0.1000 15.9146 18.8698
0.2000 25.4358 17.8321
0.3000 36.9429 17.2492
0.4000 46.4172 17.6827
0.5000 53.8201 18.0340
0.6000 56.1739 18.1373
0.7000 60.1740 17.7542
0.8000 62.5492 19.4518
0.9000 38.0450 29.1234
1.0000 -2957.9312 341.2282
#PMF from TI in kcal/mol
0.0000 0.0000
0.1000 1.4623
0.2000 3.5298
0.3000 6.6487
0.4000 10.8168
0.5000 15.8286
0.6000 21.3283
0.7000 27.1457
0.8000 33.2819
0.9000 38.3116
1.0000 -107.6827
#MBAR free energy difference in kcal/mol: 
-0.568671, 0.048121  #WARNING SUBSAMPLING DISABLED, CONSIDER RERUN WITH SUBSAMPLING OPTION
#TI free energy difference in kcal/mol: 
-107.682729  #WARNING SUBSAMPLING DISABLED, CONSIDER RERUN WITH SUBSAMPLING OPTION 
Starting /export/users/common/BioSimSpace/sire.app/bin/analyse_freenrg: number of threads equals 32
