# Analysing data contained in file(s) ['lambda_0.0000/simfile.dat', 'lambda_0.1000/simfile.dat', 'lambda_0.2000/simfile.dat', 'lambda_0.3000/simfile.dat', 'lambda_0.4000/simfile.dat', 'lambda_0.5000/simfile.dat', 'lambda_0.6000/simfile.dat', 'lambda_0.7000/simfile.dat', 'lambda_0.8000/simfile.dat', 'lambda_0.9000/simfile.dat', 'lambda_1.0000/simfile.dat']
#Overlap matrix
0.8061 0.1875 0.0064 0.0000 0.0000 0.0000 0.0000 0.0000 0.0000 0.0000 0.0000
0.1875 0.6042 0.1998 0.0085 0.0001 0.0000 0.0000 0.0000 0.0000 0.0000 0.0000
0.0064 0.1998 0.5811 0.2033 0.0093 0.0001 0.0000 0.0000 0.0000 0.0000 0.0000
0.0000 0.0085 0.2033 0.5721 0.2058 0.0101 0.0001 0.0000 0.0000 0.0000 0.0000
0.0000 0.0001 0.0093 0.2058 0.5665 0.2084 0.0099 0.0001 0.0000 0.0000 0.0000
0.0000 0.0000 0.0001 0.0101 0.2084 0.5682 0.2042 0.0089 0.0001 0.0000 0.0000
0.0000 0.0000 0.0000 0.0001 0.0099 0.2042 0.5747 0.2022 0.0089 0.0000 0.0000
0.0000 0.0000 0.0000 0.0000 0.0001 0.0089 0.2022 0.5831 0.1986 0.0070 0.0000
0.0000 0.0000 0.0000 0.0000 0.0000 0.0001 0.0089 0.1986 0.5955 0.1917 0.0053
0.0000 0.0000 0.0000 0.0000 0.0000 0.0000 0.0000 0.0070 0.1917 0.6248 0.1764
0.0000 0.0000 0.0000 0.0000 0.0000 0.0000 0.0000 0.0000 0.0053 0.1764 0.8183
#DG from neighbouring lambda in kcal/mol
0.0000 0.1000 0.2322 0.0154
0.1000 0.2000 0.6036 0.0141
0.2000 0.3000 0.7510 0.0138
0.3000 0.4000 0.7747 0.0135
0.4000 0.5000 0.7864 0.0134
0.5000 0.6000 0.7803 0.0137
0.6000 0.7000 0.7506 0.0138
0.7000 0.8000 0.8233 0.0141
0.8000 0.9000 0.9610 0.0148
0.9000 1.0000 1.2911 0.0162
#PMF from MBAR in kcal/mol
0.0000 0.0000 0.0000
0.1000 0.2322 0.0154
0.2000 0.8358 0.0237
0.3000 1.5868 0.0296
0.4000 2.3616 0.0344
0.5000 3.1480 0.0385
0.6000 3.9283 0.0423
0.7000 4.6790 0.0459
0.8000 5.5022 0.0492
0.9000 6.4632 0.0526
1.0000 7.7543 0.0562
#TI average gradients and standard deviation in kcal/mol
0.0000 -1.4189 13.7624
0.1000 4.5314 12.7550
0.2000 7.1028 12.3911
0.3000 7.8395 12.2700
0.4000 7.7399 12.0470
0.5000 7.8863 12.0357
0.6000 7.6721 12.3153
0.7000 7.7255 12.1285
0.8000 8.6820 12.6242
0.9000 10.9494 13.3607
1.0000 14.9420 15.0800
#PMF from TI in kcal/mol
0.0000 0.0000
0.1000 0.1556
0.2000 0.7373
0.3000 1.4845
0.4000 2.2634
0.5000 3.0447
0.6000 3.8226
0.7000 4.5925
0.8000 5.4129
0.9000 6.3945
1.0000 7.6890
#MBAR free energy difference in kcal/mol: 
7.754349, 0.056218  #WARNING SUBSAMPLING DISABLED, CONSIDER RERUN WITH SUBSAMPLING OPTION
#TI free energy difference in kcal/mol: 
7.689046  #WARNING SUBSAMPLING DISABLED, CONSIDER RERUN WITH SUBSAMPLING OPTION 
Starting /export/users/common/BioSimSpace/sire.app/bin/analyse_freenrg: number of threads equals 32
