# Analysing data contained in file(s) ['lambda_0.0000/simfile.dat', 'lambda_0.1000/simfile.dat', 'lambda_0.2000/simfile.dat', 'lambda_0.3000/simfile.dat', 'lambda_0.4000/simfile.dat', 'lambda_0.5000/simfile.dat', 'lambda_0.6000/simfile.dat', 'lambda_0.7000/simfile.dat', 'lambda_0.8000/simfile.dat', 'lambda_0.9000/simfile.dat', 'lambda_1.0000/simfile.dat']
#Overlap matrix
0.9495 0.0505 0.0000 0.0000 0.0000 0.0000 0.0000 0.0000 0.0000 0.0000 0.0000
0.0505 0.8756 0.0738 0.0000 0.0000 0.0000 0.0000 0.0000 0.0000 0.0000 0.0000
0.0000 0.0738 0.8397 0.0864 0.0001 0.0000 0.0000 0.0000 0.0000 0.0000 0.0000
0.0000 0.0000 0.0864 0.8101 0.1033 0.0002 0.0000 0.0000 0.0000 0.0000 0.0000
0.0000 0.0000 0.0001 0.1033 0.7819 0.1143 0.0003 0.0000 0.0000 0.0000 0.0000
0.0000 0.0000 0.0000 0.0002 0.1143 0.7621 0.1229 0.0005 0.0000 0.0000 0.0000
0.0000 0.0000 0.0000 0.0000 0.0003 0.1229 0.7424 0.1337 0.0008 0.0000 0.0000
0.0000 0.0000 0.0000 0.0000 0.0000 0.0005 0.1337 0.7232 0.1416 0.0010 0.0000
0.0000 0.0000 0.0000 0.0000 0.0000 0.0000 0.0008 0.1416 0.7065 0.1501 0.0010
0.0000 0.0000 0.0000 0.0000 0.0000 0.0000 0.0000 0.0010 0.1501 0.7114 0.1375
0.0000 0.0000 0.0000 0.0000 0.0000 0.0000 0.0000 0.0000 0.0010 0.1375 0.8615
#DG from neighbouring lambda in kcal/mol
0.0000 0.1000 28.7054 0.0365
0.1000 0.2000 23.6137 0.0294
0.2000 0.3000 19.2846 0.0268
0.3000 0.4000 15.5367 0.0239
0.4000 0.5000 12.0741 0.0224
0.5000 0.6000 8.8086 0.0213
0.6000 0.7000 5.6430 0.0201
0.7000 0.8000 2.6701 0.0193
0.8000 0.9000 0.1329 0.0185
0.9000 1.0000 -0.9422 0.0198
#PMF from MBAR in kcal/mol
0.0000 0.0000 0.0000
0.1000 28.7054 0.0365
0.2000 52.3191 0.0484
0.3000 71.6037 0.0567
0.4000 87.1404 0.0627
0.5000 99.2146 0.0677
0.6000 108.0231 0.0720
0.7000 113.6662 0.0757
0.8000 116.3363 0.0790
0.9000 116.4693 0.0820
1.0000 115.5271 0.0852
#TI average gradients and standard deviation in kcal/mol
0.0000 316.2683 23.3346
0.1000 259.5600 20.9596
0.2000 213.7437 19.7581
0.3000 173.3913 18.3291
0.4000 137.8905 17.5482
0.5000 104.3363 16.6791
0.6000 71.6980 16.4442
0.7000 41.4411 15.8360
0.8000 12.5615 15.4205
0.9000 -7.9122 15.5249
1.0000 -3.3888 16.8646
#PMF from TI in kcal/mol
0.0000 0.0000
0.1000 28.7914
0.2000 52.4566
0.3000 71.8134
0.4000 87.3774
0.5000 99.4888
0.6000 108.2905
0.7000 113.9475
0.8000 116.6476
0.9000 116.8801
1.0000 116.3150
#MBAR free energy difference in kcal/mol: 
115.527087, 0.085233  #WARNING SUBSAMPLING DISABLED, CONSIDER RERUN WITH SUBSAMPLING OPTION
#TI free energy difference in kcal/mol: 
116.315012  #WARNING SUBSAMPLING DISABLED, CONSIDER RERUN WITH SUBSAMPLING OPTION 
Starting /export/users/common/BioSimSpace/sire.app/bin/analyse_freenrg: number of threads equals 32
