# Analysing data contained in file(s) ['lambda_0.0000/simfile.dat', 'lambda_0.1000/simfile.dat', 'lambda_0.2000/simfile.dat', 'lambda_0.3000/simfile.dat', 'lambda_0.4000/simfile.dat', 'lambda_0.5000/simfile.dat', 'lambda_0.6000/simfile.dat', 'lambda_0.7000/simfile.dat', 'lambda_0.8000/simfile.dat', 'lambda_0.9000/simfile.dat', 'lambda_1.0000/simfile.dat']
#Overlap matrix
0.9826 0.0174 0.0000 0.0000 0.0000 0.0000 0.0000 0.0000 0.0000 0.0000 0.0000
0.0174 0.9599 0.0227 0.0000 0.0000 0.0000 0.0000 0.0000 0.0000 0.0000 0.0000
0.0000 0.0227 0.9506 0.0267 0.0000 0.0000 0.0000 0.0000 0.0000 0.0000 0.0000
0.0000 0.0000 0.0267 0.9422 0.0311 0.0000 0.0000 0.0000 0.0000 0.0000 0.0000
0.0000 0.0000 0.0000 0.0311 0.9355 0.0333 0.0000 0.0000 0.0000 0.0000 0.0000
0.0000 0.0000 0.0000 0.0000 0.0333 0.9238 0.0429 0.0000 0.0000 0.0000 0.0000
0.0000 0.0000 0.0000 0.0000 0.0000 0.0429 0.9094 0.0478 0.0000 0.0000 0.0000
0.0000 0.0000 0.0000 0.0000 0.0000 0.0000 0.0478 0.8964 0.0559 0.0000 0.0000
0.0000 0.0000 0.0000 0.0000 0.0000 0.0000 0.0000 0.0559 0.8828 0.0613 0.0000
0.0000 0.0000 0.0000 0.0000 0.0000 0.0000 0.0000 0.0000 0.0613 0.8651 0.0736
0.0000 0.0000 0.0000 0.0000 0.0000 0.0000 0.0000 0.0000 0.0000 0.0736 0.9263
#DG from neighbouring lambda in kcal/mol
0.0000 0.1000 -10.3725 0.0644
0.1000 0.2000 -7.2469 0.0561
0.2000 0.3000 -6.0960 0.0515
0.3000 0.4000 -5.4939 0.0475
0.4000 0.5000 -5.1114 0.0458
0.5000 0.6000 -4.6459 0.0400
0.6000 0.7000 -4.2153 0.0376
0.7000 0.8000 -3.9557 0.0345
0.8000 0.9000 -3.7498 0.0327
0.9000 1.0000 -3.6017 0.0294
#PMF from MBAR in kcal/mol
0.0000 0.0000 0.0000
0.1000 -10.3725 0.0644
0.2000 -17.6194 0.0863
0.3000 -23.7154 0.1012
0.4000 -29.2093 0.1125
0.5000 -34.3206 0.1221
0.6000 -38.9665 0.1290
0.7000 -43.1818 0.1349
0.8000 -47.1375 0.1398
0.9000 -50.8873 0.1441
1.0000 -54.4890 0.1476
#TI average gradients and standard deviation in kcal/mol
0.0000 -130.1578 29.0530
0.1000 -83.0834 25.9335
0.2000 -66.1879 25.1936
0.3000 -57.3297 24.5571
0.4000 -52.3196 23.6681
0.5000 -48.8684 22.6355
0.6000 -43.9740 22.0496
0.7000 -40.6604 21.2801
0.8000 -38.1519 20.3581
0.9000 -36.9760 19.5621
1.0000 -31.6688 18.5688
#PMF from TI in kcal/mol
0.0000 0.0000
0.1000 -10.6621
0.2000 -18.1256
0.3000 -24.3015
0.4000 -29.7840
0.5000 -34.8434
0.6000 -39.4855
0.7000 -43.7172
0.8000 -47.6578
0.9000 -51.4142
1.0000 -54.8465
#MBAR free energy difference in kcal/mol: 
-54.488983, 0.147598  #WARNING SUBSAMPLING DISABLED, CONSIDER RERUN WITH SUBSAMPLING OPTION
#TI free energy difference in kcal/mol: 
-54.846462  #WARNING SUBSAMPLING DISABLED, CONSIDER RERUN WITH SUBSAMPLING OPTION 
Starting /export/users/common/BioSimSpace/sire.app/bin/analyse_freenrg: number of threads equals 32
