# Analysing data contained in file(s) ['lambda_0.0000/simfile.dat', 'lambda_0.1000/simfile.dat', 'lambda_0.2000/simfile.dat', 'lambda_0.3000/simfile.dat', 'lambda_0.4000/simfile.dat', 'lambda_0.5000/simfile.dat', 'lambda_0.6000/simfile.dat', 'lambda_0.7000/simfile.dat', 'lambda_0.8000/simfile.dat', 'lambda_0.9000/simfile.dat', 'lambda_1.0000/simfile.dat']
#Overlap matrix
0.9089 0.0910 0.0001 0.0000 0.0000 0.0000 0.0000 0.0000 0.0000 0.0000 0.0000
0.0910 0.8052 0.1037 0.0001 0.0000 0.0000 0.0000 0.0000 0.0000 0.0000 0.0000
0.0001 0.1037 0.7897 0.1064 0.0001 0.0000 0.0000 0.0000 0.0000 0.0000 0.0000
0.0000 0.0001 0.1064 0.7947 0.0987 0.0001 0.0000 0.0000 0.0000 0.0000 0.0000
0.0000 0.0000 0.0001 0.0987 0.8105 0.0906 0.0001 0.0000 0.0000 0.0000 0.0000
0.0000 0.0000 0.0000 0.0001 0.0906 0.8236 0.0857 0.0000 0.0000 0.0000 0.0000
0.0000 0.0000 0.0000 0.0000 0.0001 0.0857 0.8346 0.0796 0.0000 0.0000 0.0000
0.0000 0.0000 0.0000 0.0000 0.0000 0.0000 0.0796 0.8486 0.0717 0.0000 0.0000
0.0000 0.0000 0.0000 0.0000 0.0000 0.0000 0.0000 0.0717 0.8638 0.0644 0.0000
0.0000 0.0000 0.0000 0.0000 0.0000 0.0000 0.0000 0.0000 0.0644 0.8967 0.0389
0.0000 0.0000 0.0000 0.0000 0.0000 0.0000 0.0000 0.0000 0.0000 0.0389 0.9611
#DG from neighbouring lambda in kcal/mol
0.0000 0.1000 39.5229 0.0259
0.1000 0.2000 35.4591 0.0239
0.2000 0.3000 30.5609 0.0235
0.3000 0.4000 25.4373 0.0246
0.4000 0.5000 20.1864 0.0260
0.5000 0.6000 14.8071 0.0269
0.6000 0.7000 9.5406 0.0281
0.7000 0.8000 4.2606 0.0299
0.8000 0.9000 -0.7242 0.0318
0.9000 1.0000 -5.4820 0.0421
#PMF from MBAR in kcal/mol
0.0000 0.0000 0.0000
0.1000 39.5229 0.0259
0.2000 74.9820 0.0373
0.3000 105.5429 0.0457
0.4000 130.9803 0.0533
0.5000 151.1667 0.0606
0.6000 165.9738 0.0674
0.7000 175.5144 0.0740
0.8000 179.7751 0.0807
0.9000 179.0509 0.0876
1.0000 173.5689 0.0980
#TI average gradients and standard deviation in kcal/mol
0.0000 408.5484 18.7166
0.1000 376.7860 17.3393
0.2000 330.7396 17.2966
0.3000 280.3098 17.2756
0.4000 228.1722 17.5204
0.5000 174.7412 18.2225
0.6000 121.5510 18.7788
0.7000 68.9005 19.4484
0.8000 16.9963 19.7604
0.9000 -30.9329 21.2753
1.0000 -77.2813 24.1360
#PMF from TI in kcal/mol
0.0000 0.0000
0.1000 39.2667
0.2000 74.6430
0.3000 105.1955
0.4000 130.6196
0.5000 150.7652
0.6000 165.5798
0.7000 175.1024
0.8000 179.3972
0.9000 178.7004
1.0000 173.2897
#MBAR free energy difference in kcal/mol: 
173.568888, 0.097996  #WARNING SUBSAMPLING DISABLED, CONSIDER RERUN WITH SUBSAMPLING OPTION
#TI free energy difference in kcal/mol: 
173.289700  #WARNING SUBSAMPLING DISABLED, CONSIDER RERUN WITH SUBSAMPLING OPTION 
Starting /export/users/common/BioSimSpace/sire.app/bin/analyse_freenrg: number of threads equals 32
