# Analysing data contained in file(s) ['lambda_0.0000/simfile.dat', 'lambda_0.1000/simfile.dat', 'lambda_0.2000/simfile.dat', 'lambda_0.3000/simfile.dat', 'lambda_0.4000/simfile.dat', 'lambda_0.5000/simfile.dat', 'lambda_0.6000/simfile.dat', 'lambda_0.7000/simfile.dat', 'lambda_0.8000/simfile.dat', 'lambda_0.9000/simfile.dat', 'lambda_1.0000/simfile.dat']
#Overlap matrix
0.7916 0.2002 0.0081 0.0001 0.0000 0.0000 0.0000 0.0000 0.0000 0.0000 0.0000
0.2002 0.5861 0.2030 0.0105 0.0001 0.0000 0.0000 0.0000 0.0000 0.0000 0.0000
0.0081 0.2030 0.5666 0.2093 0.0128 0.0002 0.0000 0.0000 0.0000 0.0000 0.0000
0.0001 0.0105 0.2093 0.5461 0.2182 0.0155 0.0002 0.0000 0.0000 0.0000 0.0000
0.0000 0.0001 0.0128 0.2182 0.5308 0.2208 0.0169 0.0003 0.0000 0.0000 0.0000
0.0000 0.0000 0.0002 0.0155 0.2208 0.5208 0.2223 0.0200 0.0004 0.0000 0.0000
0.0000 0.0000 0.0000 0.0002 0.0169 0.2223 0.5110 0.2273 0.0217 0.0005 0.0000
0.0000 0.0000 0.0000 0.0000 0.0003 0.0200 0.2273 0.5030 0.2268 0.0221 0.0005
0.0000 0.0000 0.0000 0.0000 0.0000 0.0004 0.0217 0.2268 0.5017 0.2280 0.0214
0.0000 0.0000 0.0000 0.0000 0.0000 0.0000 0.0005 0.0221 0.2280 0.5144 0.2350
0.0000 0.0000 0.0000 0.0000 0.0000 0.0000 0.0000 0.0005 0.0214 0.2350 0.7431
#DG from neighbouring lambda in kcal/mol
0.0000 0.1000 -0.7770 0.0145
0.1000 0.2000 -0.4639 0.0137
0.2000 0.3000 -0.2991 0.0132
0.3000 0.4000 -0.1483 0.0125
0.4000 0.5000 0.0291 0.0121
0.5000 0.6000 0.1898 0.0119
0.6000 0.7000 0.4048 0.0114
0.7000 0.8000 0.6614 0.0114
0.8000 0.9000 0.9845 0.0114
0.9000 1.0000 1.4413 0.0120
#PMF from MBAR in kcal/mol
0.0000 0.0000 0.0000
0.1000 -0.7770 0.0145
0.2000 -1.2409 0.0228
0.3000 -1.5400 0.0285
0.4000 -1.6883 0.0330
0.5000 -1.6592 0.0367
0.6000 -1.4693 0.0400
0.7000 -1.0646 0.0429
0.8000 -0.4032 0.0455
0.9000 0.5813 0.0480
1.0000 2.0226 0.0506
#TI average gradients and standard deviation in kcal/mol
0.0000 -11.3297 13.6775
0.1000 -5.7496 12.6781
0.2000 -3.6633 12.0909
0.3000 -2.3265 11.7173
0.4000 -0.6357 11.3635
0.5000 1.1226 11.1798
0.6000 2.8736 10.6023
0.7000 5.1031 10.5962
0.8000 8.1231 10.5102
0.9000 12.0000 10.4477
1.0000 17.1679 11.2252
#PMF from TI in kcal/mol
0.0000 0.0000
0.1000 -0.8540
0.2000 -1.3246
0.3000 -1.6241
0.4000 -1.7722
0.5000 -1.7479
0.6000 -1.5481
0.7000 -1.1492
0.8000 -0.4879
0.9000 0.5182
1.0000 1.9766
#MBAR free energy difference in kcal/mol: 
2.022599, 0.050553  #WARNING SUBSAMPLING DISABLED, CONSIDER RERUN WITH SUBSAMPLING OPTION
#TI free energy difference in kcal/mol: 
1.976639  #WARNING SUBSAMPLING DISABLED, CONSIDER RERUN WITH SUBSAMPLING OPTION 
Starting /export/users/common/BioSimSpace/sire.app/bin/analyse_freenrg: number of threads equals 32
