# Analysing data contained in file(s) ['lambda_0.0000/simfile.dat', 'lambda_0.1000/simfile.dat', 'lambda_0.2000/simfile.dat', 'lambda_0.3000/simfile.dat', 'lambda_0.4000/simfile.dat', 'lambda_0.5000/simfile.dat', 'lambda_0.6000/simfile.dat', 'lambda_0.7000/simfile.dat', 'lambda_0.8000/simfile.dat', 'lambda_0.9000/simfile.dat', 'lambda_1.0000/simfile.dat']
#Overlap matrix
0.9980 0.0020 0.0000 0.0000 0.0000 0.0000 0.0000 0.0000 0.0000 0.0000 0.0000
0.0020 0.9947 0.0033 0.0000 0.0000 0.0000 0.0000 0.0000 0.0000 0.0000 0.0000
0.0000 0.0033 0.9930 0.0036 0.0000 0.0000 0.0000 0.0000 0.0000 0.0000 0.0000
0.0000 0.0000 0.0036 0.9912 0.0052 0.0000 0.0000 0.0000 0.0000 0.0000 0.0000
0.0000 0.0000 0.0000 0.0052 0.9891 0.0058 0.0000 0.0000 0.0000 0.0000 0.0000
0.0000 0.0000 0.0000 0.0000 0.0058 0.9892 0.0051 0.0000 0.0000 0.0000 0.0000
0.0000 0.0000 0.0000 0.0000 0.0000 0.0051 0.9893 0.0056 0.0000 0.0000 0.0000
0.0000 0.0000 0.0000 0.0000 0.0000 0.0000 0.0056 0.9887 0.0057 0.0000 0.0000
0.0000 0.0000 0.0000 0.0000 0.0000 0.0000 0.0000 0.0057 0.9897 0.0046 0.0000
0.0000 0.0000 0.0000 0.0000 0.0000 0.0000 0.0000 0.0000 0.0046 0.9929 0.0025
0.0000 0.0000 0.0000 0.0000 0.0000 0.0000 0.0000 0.0000 0.0000 0.0025 0.9975
#DG from neighbouring lambda in kcal/mol
0.0000 0.1000 0.3746 0.1929
0.1000 0.2000 -2.5361 0.1493
0.2000 0.3000 -6.3225 0.1429
0.3000 0.4000 -10.5274 0.1195
0.4000 0.5000 -13.8455 0.1134
0.5000 0.6000 -17.0655 0.1209
0.6000 0.7000 -20.5640 0.1148
0.7000 0.8000 -23.1386 0.1136
0.8000 0.9000 -24.5910 0.1276
0.9000 1.0000 -22.4154 0.1716
#PMF from MBAR in kcal/mol
0.0000 0.0000 0.0000
0.1000 0.3746 0.1929
0.2000 -2.1615 0.2443
0.3000 -8.4840 0.2832
0.4000 -19.0114 0.3077
0.5000 -32.8570 0.3281
0.6000 -49.9224 0.3499
0.7000 -70.4864 0.3685
0.8000 -93.6250 0.3858
0.9000 -118.2160 0.4065
1.0000 -140.6314 0.4414
#TI average gradients and standard deviation in kcal/mol
0.0000 11032389305245.5625 655299143566347.6250
0.1000 -9.4365 34.9321
0.2000 -42.3522 34.0285
0.3000 -84.9182 33.5512
0.4000 -122.3814 32.1603
0.5000 -154.3009 32.0262
0.6000 -189.2975 31.7143
0.7000 -219.1535 31.9266
0.8000 -242.3872 32.7778
0.9000 -245.5309 34.4875
1.0000 -185.9002 50.5516
#PMF from TI in kcal/mol
0.0000 0.0000
0.1000 551619465261.8064
0.2000 551619465259.2169
0.3000 551619465252.8534
0.4000 551619465242.4883
0.5000 551619465228.6542
0.6000 551619465211.4744
0.7000 551619465191.0518
0.8000 551619465167.9749
0.9000 551619465143.5789
1.0000 551619465122.0073
#MBAR free energy difference in kcal/mol: 
-140.631397, 0.441414  #WARNING SUBSAMPLING DISABLED, CONSIDER RERUN WITH SUBSAMPLING OPTION
#TI free energy difference in kcal/mol: 
551619465122.007324  #WARNING SUBSAMPLING DISABLED, CONSIDER RERUN WITH SUBSAMPLING OPTION 
Starting /export/users/common/BioSimSpace/sire.app/bin/analyse_freenrg: number of threads equals 32
