# Analysing data contained in file(s) ['lambda_0.0000/simfile.dat', 'lambda_0.1000/simfile.dat', 'lambda_0.2000/simfile.dat', 'lambda_0.3000/simfile.dat', 'lambda_0.4000/simfile.dat', 'lambda_0.5000/simfile.dat', 'lambda_0.6000/simfile.dat', 'lambda_0.7000/simfile.dat', 'lambda_0.8000/simfile.dat', 'lambda_0.9000/simfile.dat', 'lambda_1.0000/simfile.dat']
#Overlap matrix
0.7166 0.2488 0.0332 0.0014 0.0000 0.0000 0.0000 0.0000 0.0000 0.0000 0.0000
0.2488 0.4652 0.2451 0.0392 0.0017 0.0000 0.0000 0.0000 0.0000 0.0000 0.0000
0.0332 0.2451 0.4438 0.2401 0.0363 0.0015 0.0000 0.0000 0.0000 0.0000 0.0000
0.0014 0.0392 0.2401 0.4478 0.2367 0.0337 0.0011 0.0000 0.0000 0.0000 0.0000
0.0000 0.0017 0.0363 0.2367 0.4565 0.2385 0.0295 0.0007 0.0000 0.0000 0.0000
0.0000 0.0000 0.0015 0.0337 0.2385 0.4713 0.2319 0.0228 0.0003 0.0000 0.0000
0.0000 0.0000 0.0000 0.0011 0.0295 0.2319 0.4944 0.2280 0.0150 0.0000 0.0000
0.0000 0.0000 0.0000 0.0000 0.0007 0.0228 0.2280 0.5394 0.2072 0.0019 0.0000
0.0000 0.0000 0.0000 0.0000 0.0000 0.0003 0.0150 0.2072 0.6663 0.1110 0.0002
0.0000 0.0000 0.0000 0.0000 0.0000 0.0000 0.0000 0.0019 0.1110 0.7691 0.1180
0.0000 0.0000 0.0000 0.0000 0.0000 0.0000 0.0000 0.0000 0.0002 0.1180 0.8817
#DG from neighbouring lambda in kcal/mol
0.0000 0.1000 -2.9684 0.0109
0.1000 0.2000 0.1692 0.0095
0.2000 0.3000 1.3111 0.0096
0.3000 0.4000 2.0024 0.0099
0.4000 0.5000 2.6242 0.0101
0.5000 0.6000 3.2284 0.0108
0.6000 0.7000 3.7447 0.0116
0.7000 0.8000 4.0513 0.0136
0.8000 0.9000 3.0777 0.0226
0.9000 1.0000 0.8823 0.0220
#PMF from MBAR in kcal/mol
0.0000 0.0000 0.0000
0.1000 -2.9684 0.0109
0.2000 -2.7992 0.0173
0.3000 -1.4881 0.0220
0.4000 0.5142 0.0260
0.5000 3.1384 0.0295
0.6000 6.3668 0.0330
0.7000 10.1115 0.0364
0.8000 14.1628 0.0403
0.9000 17.2406 0.0477
1.0000 18.1229 0.0539
#TI average gradients and standard deviation in kcal/mol
0.0000 -62.7684 11.7163
0.1000 -7.9685 9.4292
0.2000 8.7852 9.3978
0.3000 16.8076 9.5853
0.4000 23.1196 10.0164
0.5000 29.5550 10.1211
0.6000 34.9585 10.8753
0.7000 39.7342 11.4623
0.8000 39.8206 14.1603
0.9000 19.3433 17.0235
1.0000 -0.5886 16.5278
#PMF from TI in kcal/mol
0.0000 0.0000
0.1000 -3.5368
0.2000 -3.4960
0.3000 -2.2164
0.4000 -0.2200
0.5000 2.4137
0.6000 5.6394
0.7000 9.3740
0.8000 13.3518
0.9000 16.3100
1.0000 17.2477
#MBAR free energy difference in kcal/mol: 
18.122899, 0.053908  #WARNING SUBSAMPLING DISABLED, CONSIDER RERUN WITH SUBSAMPLING OPTION
#TI free energy difference in kcal/mol: 
17.247693  #WARNING SUBSAMPLING DISABLED, CONSIDER RERUN WITH SUBSAMPLING OPTION 
Starting /export/users/common/BioSimSpace/sire.app/bin/analyse_freenrg: number of threads equals 32
