# Analysing data contained in file(s) ['lambda_0.0000/simfile.dat', 'lambda_0.1000/simfile.dat', 'lambda_0.2000/simfile.dat', 'lambda_0.3000/simfile.dat', 'lambda_0.4000/simfile.dat', 'lambda_0.5000/simfile.dat', 'lambda_0.6000/simfile.dat', 'lambda_0.7000/simfile.dat', 'lambda_0.8000/simfile.dat', 'lambda_0.9000/simfile.dat', 'lambda_1.0000/simfile.dat']
#Overlap matrix
0.9979 0.0021 0.0000 0.0000 0.0000 0.0000 0.0000 0.0000 0.0000 0.0000 0.0000
0.0021 0.9087 0.0890 0.0001 0.0000 0.0000 0.0000 0.0000 0.0000 0.0000 0.0000
0.0000 0.0890 0.8001 0.1106 0.0003 0.0000 0.0000 0.0000 0.0000 0.0000 0.0000
0.0000 0.0001 0.1106 0.8540 0.0352 0.0000 0.0000 0.0000 0.0000 0.0000 0.0000
0.0000 0.0000 0.0003 0.0352 0.9644 0.0000 0.0000 0.0000 0.0000 0.0000 0.0000
0.0000 0.0000 0.0000 0.0000 0.0000 0.9020 0.0977 0.0003 0.0000 0.0000 0.0000
0.0000 0.0000 0.0000 0.0000 0.0000 0.0977 0.7865 0.1154 0.0004 0.0000 0.0000
0.0000 0.0000 0.0000 0.0000 0.0000 0.0003 0.1154 0.7743 0.1096 0.0004 0.0000
0.0000 0.0000 0.0000 0.0000 0.0000 0.0000 0.0004 0.1096 0.7935 0.0964 0.0001
0.0000 0.0000 0.0000 0.0000 0.0000 0.0000 0.0000 0.0004 0.0964 0.8505 0.0528
0.0000 0.0000 0.0000 0.0000 0.0000 0.0000 0.0000 0.0000 0.0001 0.0528 0.9471
#DG from neighbouring lambda in kcal/mol
0.0000 0.1000 13.3417 0.1884
0.1000 0.2000 6.6147 0.0263
0.2000 0.3000 8.1881 0.0229
0.3000 0.4000 21.5192 0.0442
0.4000 0.5000 18.6224 1.4338
0.5000 0.6000 8.0409 0.0248
0.6000 0.7000 5.7817 0.0222
0.7000 0.8000 3.7206 0.0230
0.8000 0.9000 2.4577 0.0250
0.9000 1.0000 5.9649 0.0356
#PMF from MBAR in kcal/mol
0.0000 0.0000 0.0000
0.1000 13.3417 0.1884
0.2000 19.9564 0.1906
0.3000 28.1445 0.1924
0.4000 49.6637 0.1977
0.5000 68.2861 1.4474
0.6000 76.3270 1.4477
0.7000 82.1088 1.4479
0.8000 85.8294 1.4481
0.9000 88.2871 1.4484
1.0000 94.2519 1.4489
#TI average gradients and standard deviation in kcal/mol
0.0000 172.6422 21.2320
0.1000 75.4304 21.1953
0.2000 63.9617 17.6727
0.3000 117.9238 17.3568
0.4000 303.7559 59.4151
0.5000 94.3751 22.3249
0.6000 68.4465 17.5796
0.7000 47.2989 17.6279
0.8000 27.8026 17.3800
0.9000 27.9464 19.7323
1.0000 117.6695 26.8607
#PMF from TI in kcal/mol
0.0000 0.0000
0.1000 12.4036
0.2000 19.3732
0.3000 28.4675
0.4000 49.5515
0.5000 69.4581
0.6000 77.5991
0.7000 83.3864
0.8000 87.1415
0.9000 89.9289
1.0000 97.2097
#MBAR free energy difference in kcal/mol: 
94.251935, 1.448894  #WARNING SUBSAMPLING DISABLED, CONSIDER RERUN WITH SUBSAMPLING OPTION
#TI free energy difference in kcal/mol: 
97.209723  #WARNING SUBSAMPLING DISABLED, CONSIDER RERUN WITH SUBSAMPLING OPTION 
Starting /export/users/common/BioSimSpace/sire.app/bin/analyse_freenrg: number of threads equals 32
