# Analysing data contained in file(s) ['lambda_0.0000/simfile.dat', 'lambda_0.1000/simfile.dat', 'lambda_0.2000/simfile.dat', 'lambda_0.3000/simfile.dat', 'lambda_0.4000/simfile.dat', 'lambda_0.5000/simfile.dat', 'lambda_0.6000/simfile.dat', 'lambda_0.7000/simfile.dat', 'lambda_0.8000/simfile.dat', 'lambda_0.9000/simfile.dat', 'lambda_1.0000/simfile.dat']
#Overlap matrix
0.9193 0.0806 0.0001 0.0000 0.0000 0.0000 0.0000 0.0000 0.0000 0.0000 0.0000
0.0806 0.8239 0.0955 0.0000 0.0000 0.0000 0.0000 0.0000 0.0000 0.0000 0.0000
0.0001 0.0955 0.8691 0.0353 0.0000 0.0000 0.0000 0.0000 0.0000 0.0000 0.0000
0.0000 0.0000 0.0353 0.9133 0.0512 0.0002 0.0000 0.0000 0.0000 0.0000 0.0000
0.0000 0.0000 0.0000 0.0512 0.7696 0.1699 0.0091 0.0003 0.0000 0.0000 0.0000
0.0000 0.0000 0.0000 0.0002 0.1699 0.5651 0.2290 0.0330 0.0027 0.0001 0.0000
0.0000 0.0000 0.0000 0.0000 0.0091 0.2290 0.4520 0.2421 0.0592 0.0080 0.0006
0.0000 0.0000 0.0000 0.0000 0.0003 0.0330 0.2421 0.3902 0.2454 0.0772 0.0117
0.0000 0.0000 0.0000 0.0000 0.0000 0.0027 0.0592 0.2454 0.3608 0.2494 0.0825
0.0000 0.0000 0.0000 0.0000 0.0000 0.0001 0.0080 0.0772 0.2494 0.3753 0.2899
0.0000 0.0000 0.0000 0.0000 0.0000 0.0000 0.0006 0.0117 0.0825 0.2899 0.6153
#DG from neighbouring lambda in kcal/mol
0.0000 0.1000 25.1556 0.0279
0.1000 0.2000 21.9908 0.0252
0.2000 0.3000 16.9714 0.0444
0.3000 0.4000 4.0346 0.0362
0.4000 0.5000 -0.2509 0.0164
0.5000 0.6000 -2.0343 0.0113
0.6000 0.7000 -2.9065 0.0088
0.7000 0.8000 -3.3299 0.0073
0.8000 0.9000 -3.5362 0.0067
0.9000 1.0000 -3.7137 0.0075
#PMF from MBAR in kcal/mol
0.0000 0.0000 0.0000
0.1000 25.1556 0.0279
0.2000 47.1463 0.0395
0.3000 64.1177 0.0606
0.4000 68.1523 0.0716
0.5000 67.9015 0.0745
0.6000 65.8672 0.0761
0.7000 62.9607 0.0772
0.8000 59.6308 0.0781
0.9000 56.0946 0.0788
1.0000 52.3809 0.0796
#TI average gradients and standard deviation in kcal/mol
0.0000 259.7217 19.9053
0.1000 238.5847 19.1145
0.2000 201.1424 17.6098
0.3000 94.7881 38.4035
0.4000 11.6624 15.8339
0.5000 -13.6384 11.9013
0.6000 -25.7429 9.5580
0.7000 -31.6366 8.1334
0.8000 -34.5153 7.2154
0.9000 -36.1013 7.1053
1.0000 -37.6521 7.6464
#PMF from TI in kcal/mol
0.0000 0.0000
0.1000 24.9153
0.2000 46.9017
0.3000 61.6982
0.4000 67.0207
0.5000 66.9219
0.6000 64.9529
0.7000 62.0839
0.8000 58.7763
0.9000 55.2455
1.0000 51.5578
#MBAR free energy difference in kcal/mol: 
52.380926, 0.079552  #WARNING SUBSAMPLING DISABLED, CONSIDER RERUN WITH SUBSAMPLING OPTION
#TI free energy difference in kcal/mol: 
51.557790  #WARNING SUBSAMPLING DISABLED, CONSIDER RERUN WITH SUBSAMPLING OPTION 
Starting /export/users/common/BioSimSpace/sire.app/bin/analyse_freenrg: number of threads equals 32
