# Analysing data contained in file(s) ['lambda_0.0000/simfile.dat', 'lambda_0.1000/simfile.dat', 'lambda_0.2000/simfile.dat', 'lambda_0.3000/simfile.dat', 'lambda_0.4000/simfile.dat', 'lambda_0.5000/simfile.dat', 'lambda_0.6000/simfile.dat', 'lambda_0.7000/simfile.dat', 'lambda_0.8000/simfile.dat', 'lambda_0.9000/simfile.dat', 'lambda_1.0000/simfile.dat']
#Overlap matrix
0.9214 0.0786 0.0000 0.0000 0.0000 0.0000 0.0000 0.0000 0.0000 0.0000 0.0000
0.0786 0.8277 0.0937 0.0001 0.0000 0.0000 0.0000 0.0000 0.0000 0.0000 0.0000
0.0000 0.0937 0.8172 0.0890 0.0000 0.0000 0.0000 0.0000 0.0000 0.0000 0.0000
0.0000 0.0001 0.0890 0.9027 0.0082 0.0000 0.0000 0.0000 0.0000 0.0000 0.0000
0.0000 0.0000 0.0000 0.0082 0.9115 0.0801 0.0002 0.0000 0.0000 0.0000 0.0000
0.0000 0.0000 0.0000 0.0000 0.0801 0.7856 0.1333 0.0010 0.0000 0.0000 0.0000
0.0000 0.0000 0.0000 0.0000 0.0002 0.1333 0.7179 0.1480 0.0006 0.0000 0.0000
0.0000 0.0000 0.0000 0.0000 0.0000 0.0010 0.1480 0.7432 0.1079 0.0000 0.0000
0.0000 0.0000 0.0000 0.0000 0.0000 0.0000 0.0006 0.1079 0.8634 0.0281 0.0000
0.0000 0.0000 0.0000 0.0000 0.0000 0.0000 0.0000 0.0000 0.0281 0.9715 0.0004
0.0000 0.0000 0.0000 0.0000 0.0000 0.0000 0.0000 0.0000 0.0000 0.0004 0.9996
#DG from neighbouring lambda in kcal/mol
0.0000 0.1000 23.2335 0.0283
0.1000 0.2000 18.9254 0.0255
0.2000 0.3000 14.7338 0.0263
0.3000 0.4000 7.2130 0.0948
0.4000 0.5000 -1.3480 0.0280
0.5000 0.6000 -5.0222 0.0202
0.6000 0.7000 -7.6859 0.0187
0.7000 0.8000 -10.6572 0.0232
0.8000 0.9000 -16.1926 0.0501
0.9000 1.0000 -33.0335 0.4407
#PMF from MBAR in kcal/mol
0.0000 0.0000 0.0000
0.1000 23.2335 0.0283
0.2000 42.1589 0.0400
0.3000 56.8927 0.0494
0.4000 64.1057 0.1076
0.5000 62.7578 0.1119
0.6000 57.7356 0.1143
0.7000 50.0497 0.1164
0.8000 39.3925 0.1193
0.9000 23.1999 0.1300
1.0000 -9.8337 0.4597
#TI average gradients and standard deviation in kcal/mol
0.0000 255.2101 20.1308
0.1000 210.1763 18.5536
0.2000 168.6910 18.0925
0.3000 124.5782 19.6821
0.4000 13.8372 22.1387
0.5000 -34.9009 16.4400
0.6000 -64.0392 14.7471
0.7000 -89.8585 15.1375
0.8000 -126.5175 18.7112
0.9000 -213.5159 30.2577
1.0000 -482.2435 51.1204
#PMF from TI in kcal/mol
0.0000 0.0000
0.1000 23.2693
0.2000 42.2127
0.3000 56.8761
0.4000 63.7969
0.5000 62.7437
0.6000 57.7967
0.7000 50.1018
0.8000 39.2830
0.9000 22.2814
1.0000 -12.5066
#MBAR free energy difference in kcal/mol: 
-9.833659, 0.459675  #WARNING SUBSAMPLING DISABLED, CONSIDER RERUN WITH SUBSAMPLING OPTION
#TI free energy difference in kcal/mol: 
-12.506611  #WARNING SUBSAMPLING DISABLED, CONSIDER RERUN WITH SUBSAMPLING OPTION 
Starting /export/users/common/BioSimSpace/sire.app/bin/analyse_freenrg: number of threads equals 32
