# Analysing data contained in file(s) ['lambda_0.0000/simfile.dat', 'lambda_0.1000/simfile.dat', 'lambda_0.2000/simfile.dat', 'lambda_0.3000/simfile.dat', 'lambda_0.4000/simfile.dat', 'lambda_0.5000/simfile.dat', 'lambda_0.6000/simfile.dat', 'lambda_0.7000/simfile.dat', 'lambda_0.8000/simfile.dat', 'lambda_0.9000/simfile.dat', 'lambda_1.0000/simfile.dat']
#Overlap matrix
0.9148 0.0852 0.0001 0.0000 0.0000 0.0000 0.0000 0.0000 0.0000 0.0000 0.0000
0.0852 0.8122 0.1025 0.0001 0.0000 0.0000 0.0000 0.0000 0.0000 0.0000 0.0000
0.0001 0.1025 0.7959 0.1014 0.0002 0.0000 0.0000 0.0000 0.0000 0.0000 0.0000
0.0000 0.0001 0.1014 0.7854 0.1129 0.0002 0.0000 0.0000 0.0000 0.0000 0.0000
0.0000 0.0000 0.0002 0.1129 0.7658 0.1208 0.0004 0.0000 0.0000 0.0000 0.0000
0.0000 0.0000 0.0000 0.0002 0.1208 0.7529 0.1256 0.0005 0.0000 0.0000 0.0000
0.0000 0.0000 0.0000 0.0000 0.0004 0.1256 0.7538 0.1199 0.0003 0.0000 0.0000
0.0000 0.0000 0.0000 0.0000 0.0000 0.0005 0.1199 0.7734 0.1059 0.0003 0.0000
0.0000 0.0000 0.0000 0.0000 0.0000 0.0000 0.0003 0.1059 0.7675 0.1259 0.0004
0.0000 0.0000 0.0000 0.0000 0.0000 0.0000 0.0000 0.0003 0.1259 0.7640 0.1098
0.0000 0.0000 0.0000 0.0000 0.0000 0.0000 0.0000 0.0000 0.0004 0.1098 0.8899
#DG from neighbouring lambda in kcal/mol
0.0000 0.1000 1.2819 0.0270
0.1000 0.2000 0.8790 0.0241
0.2000 0.3000 0.4548 0.0242
0.3000 0.4000 -0.0804 0.0226
0.4000 0.5000 -0.6220 0.0216
0.5000 0.6000 -1.1446 0.0210
0.6000 0.7000 -1.7492 0.0217
0.7000 0.8000 -2.7735 0.0235
0.8000 0.9000 -3.9696 0.0210
0.9000 1.0000 -4.8310 0.0230
#PMF from MBAR in kcal/mol
0.0000 0.0000 0.0000
0.1000 1.2819 0.0270
0.2000 2.1608 0.0382
0.3000 2.6156 0.0468
0.4000 2.5352 0.0534
0.5000 1.9132 0.0588
0.6000 0.7686 0.0636
0.7000 -0.9806 0.0683
0.8000 -3.7542 0.0732
0.9000 -7.7238 0.0772
1.0000 -12.5548 0.0814
#TI average gradients and standard deviation in kcal/mol
0.0000 14.6356 18.6257
0.1000 10.0387 18.2571
0.2000 7.3905 17.9223
0.3000 1.6654 17.3478
0.4000 -3.6459 17.2286
0.5000 -8.4669 16.4343
0.6000 -13.6043 15.6379
0.7000 -21.6404 15.7920
0.8000 -35.0415 15.9423
0.9000 -44.1958 15.8870
1.0000 -51.5387 18.0392
#PMF from TI in kcal/mol
0.0000 0.0000
0.1000 1.2337
0.2000 2.1052
0.3000 2.5580
0.4000 2.4589
0.5000 1.8533
0.6000 0.7498
0.7000 -1.0125
0.8000 -3.8466
0.9000 -7.8084
1.0000 -12.5952
#MBAR free energy difference in kcal/mol: 
-12.554777, 0.081410  #WARNING SUBSAMPLING DISABLED, CONSIDER RERUN WITH SUBSAMPLING OPTION
#TI free energy difference in kcal/mol: 
-12.595174  #WARNING SUBSAMPLING DISABLED, CONSIDER RERUN WITH SUBSAMPLING OPTION 
Starting /export/users/common/BioSimSpace/sire.app/bin/analyse_freenrg: number of threads equals 32
