# Analysing data contained in file(s) ['lambda_0.0000/simfile.dat', 'lambda_0.1000/simfile.dat', 'lambda_0.2000/simfile.dat', 'lambda_0.3000/simfile.dat', 'lambda_0.4000/simfile.dat', 'lambda_0.5000/simfile.dat', 'lambda_0.6000/simfile.dat', 'lambda_0.7000/simfile.dat', 'lambda_0.8000/simfile.dat', 'lambda_0.9000/simfile.dat', 'lambda_1.0000/simfile.dat']
#Overlap matrix
0.9306 0.0693 0.0001 0.0000 0.0000 0.0000 0.0000 0.0000 0.0000 0.0000 0.0000
0.0693 0.8175 0.1129 0.0003 0.0000 0.0000 0.0000 0.0000 0.0000 0.0000 0.0000
0.0001 0.1129 0.7639 0.1227 0.0004 0.0000 0.0000 0.0000 0.0000 0.0000 0.0000
0.0000 0.0003 0.1227 0.7478 0.1286 0.0006 0.0000 0.0000 0.0000 0.0000 0.0000
0.0000 0.0000 0.0004 0.1286 0.7380 0.1323 0.0007 0.0000 0.0000 0.0000 0.0000
0.0000 0.0000 0.0000 0.0006 0.1323 0.7329 0.1336 0.0007 0.0000 0.0000 0.0000
0.0000 0.0000 0.0000 0.0000 0.0007 0.1336 0.7305 0.1345 0.0008 0.0000 0.0000
0.0000 0.0000 0.0000 0.0000 0.0000 0.0007 0.1345 0.7261 0.1381 0.0007 0.0000
0.0000 0.0000 0.0000 0.0000 0.0000 0.0000 0.0008 0.1381 0.7327 0.1282 0.0004
0.0000 0.0000 0.0000 0.0000 0.0000 0.0000 0.0000 0.0007 0.1282 0.7674 0.1037
0.0000 0.0000 0.0000 0.0000 0.0000 0.0000 0.0000 0.0000 0.0004 0.1037 0.8959
#DG from neighbouring lambda in kcal/mol
0.0000 0.1000 37.3217 0.0305
0.1000 0.2000 31.9749 0.0226
0.2000 0.3000 27.5291 0.0214
0.3000 0.4000 23.3298 0.0207
0.4000 0.5000 19.2654 0.0203
0.5000 0.6000 15.3150 0.0201
0.6000 0.7000 11.4547 0.0200
0.7000 0.8000 7.8510 0.0197
0.8000 0.9000 4.9618 0.0207
0.9000 1.0000 4.0661 0.0239
#PMF from MBAR in kcal/mol
0.0000 0.0000 0.0000
0.1000 37.3217 0.0305
0.2000 69.2966 0.0398
0.3000 96.8257 0.0468
0.4000 120.1555 0.0526
0.5000 139.4209 0.0576
0.6000 154.7359 0.0622
0.7000 166.1906 0.0664
0.8000 174.0415 0.0703
0.9000 179.0033 0.0743
1.0000 183.0694 0.0789
#TI average gradients and standard deviation in kcal/mol
0.0000 407.8610 24.4138
0.1000 343.4084 18.0516
0.2000 296.9810 17.0887
0.3000 253.9396 16.4380
0.4000 212.8423 16.1811
0.5000 172.8586 15.8457
0.6000 133.6391 15.8071
0.7000 95.8794 15.6948
0.8000 62.1225 15.8183
0.9000 39.7833 16.9871
1.0000 50.0287 19.6191
#PMF from TI in kcal/mol
0.0000 0.0000
0.1000 37.5635
0.2000 69.5829
0.3000 97.1290
0.4000 120.4681
0.5000 139.7531
0.6000 155.0780
0.7000 166.5539
0.8000 174.4540
0.9000 179.5493
1.0000 184.0399
#MBAR free energy difference in kcal/mol: 
183.069399, 0.078943  #WARNING SUBSAMPLING DISABLED, CONSIDER RERUN WITH SUBSAMPLING OPTION
#TI free energy difference in kcal/mol: 
184.039901  #WARNING SUBSAMPLING DISABLED, CONSIDER RERUN WITH SUBSAMPLING OPTION 
Starting /export/users/common/BioSimSpace/sire.app/bin/analyse_freenrg: number of threads equals 32
