# Analysing data contained in file(s) ['lambda_0.0000/simfile.dat', 'lambda_0.1000/simfile.dat', 'lambda_0.2000/simfile.dat', 'lambda_0.3000/simfile.dat', 'lambda_0.4000/simfile.dat', 'lambda_0.5000/simfile.dat', 'lambda_0.6000/simfile.dat', 'lambda_0.7000/simfile.dat', 'lambda_0.8000/simfile.dat', 'lambda_0.9000/simfile.dat', 'lambda_1.0000/simfile.dat']
#Overlap matrix
0.7408 0.2363 0.0225 0.0004 0.0000 0.0000 0.0000 0.0000 0.0000 0.0000 0.0000
0.2363 0.5252 0.2221 0.0162 0.0002 0.0000 0.0000 0.0000 0.0000 0.0000 0.0000
0.0225 0.2221 0.5309 0.2115 0.0129 0.0001 0.0000 0.0000 0.0000 0.0000 0.0000
0.0004 0.0162 0.2115 0.5518 0.2096 0.0103 0.0001 0.0000 0.0000 0.0000 0.0000
0.0000 0.0002 0.0129 0.2096 0.5666 0.2025 0.0082 0.0000 0.0000 0.0000 0.0000
0.0000 0.0000 0.0001 0.0103 0.2025 0.5822 0.1986 0.0063 0.0000 0.0000 0.0000
0.0000 0.0000 0.0000 0.0001 0.0082 0.1986 0.6015 0.1869 0.0048 0.0000 0.0000
0.0000 0.0000 0.0000 0.0000 0.0000 0.0063 0.1869 0.6174 0.1849 0.0045 0.0000
0.0000 0.0000 0.0000 0.0000 0.0000 0.0000 0.0048 0.1849 0.6243 0.1812 0.0048
0.0000 0.0000 0.0000 0.0000 0.0000 0.0000 0.0000 0.0045 0.1812 0.6186 0.1957
0.0000 0.0000 0.0000 0.0000 0.0000 0.0000 0.0000 0.0000 0.0048 0.1957 0.7995
#DG from neighbouring lambda in kcal/mol
0.0000 0.1000 -3.3578 0.0119
0.1000 0.2000 -1.9301 0.0118
0.2000 0.3000 -1.1274 0.0128
0.3000 0.4000 -0.5477 0.0132
0.4000 0.5000 -0.0877 0.0138
0.5000 0.6000 0.3179 0.0142
0.6000 0.7000 0.6697 0.0151
0.7000 0.8000 0.9515 0.0154
0.8000 0.9000 1.3035 0.0156
0.9000 1.0000 1.8229 0.0150
#PMF from MBAR in kcal/mol
0.0000 0.0000 0.0000
0.1000 -3.3578 0.0119
0.2000 -5.2879 0.0195
0.3000 -6.4153 0.0256
0.4000 -6.9630 0.0307
0.5000 -7.0506 0.0354
0.6000 -6.7327 0.0397
0.7000 -6.0630 0.0440
0.8000 -5.1115 0.0480
0.9000 -3.8080 0.0518
1.0000 -1.9851 0.0551
#TI average gradients and standard deviation in kcal/mol
0.0000 -43.9080 11.3937
0.1000 -25.0747 10.7993
0.2000 -14.6187 11.2656
0.3000 -8.0757 11.5978
0.4000 -3.1124 12.0185
0.5000 1.1824 12.4180
0.6000 5.1971 12.8453
0.7000 8.1003 13.2378
0.8000 11.0494 13.3779
0.9000 15.1824 13.5537
1.0000 22.5632 12.8332
#PMF from TI in kcal/mol
0.0000 0.0000
0.1000 -3.4491
0.2000 -5.4338
0.3000 -6.5685
0.4000 -7.1279
0.5000 -7.2244
0.6000 -6.9055
0.7000 -6.2406
0.8000 -5.2831
0.9000 -3.9715
1.0000 -2.0842
#MBAR free energy difference in kcal/mol: 
-1.985064, 0.055082  #WARNING SUBSAMPLING DISABLED, CONSIDER RERUN WITH SUBSAMPLING OPTION
#TI free energy difference in kcal/mol: 
-2.084219  #WARNING SUBSAMPLING DISABLED, CONSIDER RERUN WITH SUBSAMPLING OPTION 
Starting /export/users/common/BioSimSpace/sire.app/bin/analyse_freenrg: number of threads equals 32
