# Analysing data contained in file(s) ['lambda_0.0000/simfile.dat', 'lambda_0.1000/simfile.dat', 'lambda_0.2000/simfile.dat', 'lambda_0.3000/simfile.dat', 'lambda_0.4000/simfile.dat', 'lambda_0.5000/simfile.dat', 'lambda_0.6000/simfile.dat', 'lambda_0.7000/simfile.dat', 'lambda_0.8000/simfile.dat', 'lambda_0.9000/simfile.dat', 'lambda_1.0000/simfile.dat']
#Overlap matrix
0.9249 0.0751 0.0000 0.0000 0.0000 0.0000 0.0000 0.0000 0.0000 0.0000 0.0000
0.0751 0.8447 0.0801 0.0000 0.0000 0.0000 0.0000 0.0000 0.0000 0.0000 0.0000
0.0000 0.0801 0.8290 0.0909 0.0001 0.0000 0.0000 0.0000 0.0000 0.0000 0.0000
0.0000 0.0000 0.0909 0.8159 0.0931 0.0001 0.0000 0.0000 0.0000 0.0000 0.0000
0.0000 0.0000 0.0001 0.0931 0.8069 0.0998 0.0001 0.0000 0.0000 0.0000 0.0000
0.0000 0.0000 0.0000 0.0001 0.0998 0.7972 0.1028 0.0002 0.0000 0.0000 0.0000
0.0000 0.0000 0.0000 0.0000 0.0001 0.1028 0.7954 0.1016 0.0000 0.0000 0.0000
0.0000 0.0000 0.0000 0.0000 0.0000 0.0002 0.1016 0.8538 0.0444 0.0000 0.0000
0.0000 0.0000 0.0000 0.0000 0.0000 0.0000 0.0000 0.0444 0.8933 0.0622 0.0000
0.0000 0.0000 0.0000 0.0000 0.0000 0.0000 0.0000 0.0000 0.0622 0.9123 0.0255
0.0000 0.0000 0.0000 0.0000 0.0000 0.0000 0.0000 0.0000 0.0000 0.0255 0.9745
#DG from neighbouring lambda in kcal/mol
0.0000 0.1000 0.6826 0.0291
0.1000 0.2000 1.4545 0.0280
0.2000 0.3000 2.4522 0.0259
0.3000 0.4000 3.3603 0.0256
0.4000 0.5000 4.3054 0.0245
0.5000 0.6000 5.5300 0.0240
0.6000 0.7000 7.3026 0.0242
0.7000 0.8000 9.3298 0.0392
0.8000 0.9000 11.3681 0.0324
0.9000 1.0000 16.1362 0.0528
#PMF from MBAR in kcal/mol
0.0000 0.0000 0.0000
0.1000 0.6826 0.0291
0.2000 2.1371 0.0422
0.3000 4.5894 0.0510
0.4000 7.9497 0.0583
0.5000 12.2551 0.0644
0.6000 17.7852 0.0698
0.7000 25.0878 0.0749
0.8000 34.4175 0.0854
0.9000 45.7857 0.0921
1.0000 61.9219 0.1069
#TI average gradients and standard deviation in kcal/mol
0.0000 1.3916 20.4092
0.1000 10.8619 19.6696
0.2000 19.1223 18.8315
0.3000 29.4486 18.9069
0.4000 38.2053 18.1171
0.5000 48.4749 17.6116
0.6000 62.3104 18.1121
0.7000 85.3954 18.9965
0.8000 96.2402 19.4464
0.9000 133.5133 22.8503
1.0000 192.3763 28.1359
#PMF from TI in kcal/mol
0.0000 0.0000
0.1000 0.6127
0.2000 2.1119
0.3000 4.5404
0.4000 7.9231
0.5000 12.2571
0.6000 17.7964
0.7000 25.1817
0.8000 34.2635
0.9000 45.7511
1.0000 62.0456
#MBAR free energy difference in kcal/mol: 
61.921854, 0.106882  #WARNING SUBSAMPLING DISABLED, CONSIDER RERUN WITH SUBSAMPLING OPTION
#TI free energy difference in kcal/mol: 
62.045629  #WARNING SUBSAMPLING DISABLED, CONSIDER RERUN WITH SUBSAMPLING OPTION 
Starting /export/users/common/BioSimSpace/sire.app/bin/analyse_freenrg: number of threads equals 32
