# Analysing data contained in file(s) ['lambda_0.0000/simfile.dat', 'lambda_0.1000/simfile.dat', 'lambda_0.2000/simfile.dat', 'lambda_0.3000/simfile.dat', 'lambda_0.4000/simfile.dat', 'lambda_0.5000/simfile.dat', 'lambda_0.6000/simfile.dat', 'lambda_0.7000/simfile.dat', 'lambda_0.8000/simfile.dat', 'lambda_0.9000/simfile.dat', 'lambda_1.0000/simfile.dat']
#Overlap matrix
0.9497 0.0503 0.0000 0.0000 0.0000 0.0000 0.0000 0.0000 0.0000 0.0000 0.0000
0.0503 0.8540 0.0957 0.0001 0.0000 0.0000 0.0000 0.0000 0.0000 0.0000 0.0000
0.0000 0.0957 0.8085 0.0957 0.0001 0.0000 0.0000 0.0000 0.0000 0.0000 0.0000
0.0000 0.0001 0.0957 0.8056 0.0985 0.0001 0.0000 0.0000 0.0000 0.0000 0.0000
0.0000 0.0000 0.0001 0.0985 0.8072 0.0942 0.0001 0.0000 0.0000 0.0000 0.0000
0.0000 0.0000 0.0000 0.0001 0.0942 0.8054 0.1003 0.0001 0.0000 0.0000 0.0000
0.0000 0.0000 0.0000 0.0000 0.0001 0.1003 0.8025 0.0970 0.0001 0.0000 0.0000
0.0000 0.0000 0.0000 0.0000 0.0000 0.0001 0.0970 0.8021 0.1007 0.0001 0.0000
0.0000 0.0000 0.0000 0.0000 0.0000 0.0000 0.0001 0.1007 0.7974 0.1018 0.0001
0.0000 0.0000 0.0000 0.0000 0.0000 0.0000 0.0000 0.0001 0.1018 0.8049 0.0932
0.0000 0.0000 0.0000 0.0000 0.0000 0.0000 0.0000 0.0000 0.0001 0.0932 0.9067
#DG from neighbouring lambda in kcal/mol
0.0000 0.1000 28.5778 0.0366
0.1000 0.2000 22.9615 0.0251
0.2000 0.3000 18.0416 0.0251
0.3000 0.4000 13.1335 0.0247
0.4000 0.5000 8.3546 0.0254
0.5000 0.6000 3.5157 0.0244
0.6000 0.7000 -1.1505 0.0249
0.7000 0.8000 -5.7118 0.0243
0.8000 0.9000 -9.9902 0.0242
0.9000 1.0000 -13.5161 0.0255
#PMF from MBAR in kcal/mol
0.0000 0.0000 0.0000
0.1000 28.5778 0.0366
0.2000 51.5393 0.0460
0.3000 69.5809 0.0538
0.4000 82.7144 0.0605
0.5000 91.0689 0.0667
0.6000 94.5847 0.0720
0.7000 93.4341 0.0772
0.8000 87.7223 0.0818
0.9000 77.7321 0.0862
1.0000 64.2160 0.0907
#TI average gradients and standard deviation in kcal/mol
0.0000 321.2361 22.1820
0.1000 254.2291 18.3665
0.2000 205.1420 18.0240
0.3000 155.5445 18.1545
0.4000 107.5169 17.8845
0.5000 58.9821 18.3453
0.6000 11.9060 17.9745
0.7000 -34.8174 18.0945
0.8000 -79.2475 18.0821
0.9000 -119.3603 18.0106
1.0000 -146.3496 18.6887
#PMF from TI in kcal/mol
0.0000 0.0000
0.1000 28.7733
0.2000 51.7418
0.3000 69.7761
0.4000 82.9292
0.5000 91.2542
0.6000 94.7986
0.7000 93.6530
0.8000 87.9498
0.9000 78.0194
1.0000 64.7339
#MBAR free energy difference in kcal/mol: 
64.215965, 0.090718  #WARNING SUBSAMPLING DISABLED, CONSIDER RERUN WITH SUBSAMPLING OPTION
#TI free energy difference in kcal/mol: 
64.733861  #WARNING SUBSAMPLING DISABLED, CONSIDER RERUN WITH SUBSAMPLING OPTION 
Starting /export/users/common/BioSimSpace/sire.app/bin/analyse_freenrg: number of threads equals 32
