# Analysing data contained in file(s) ['lambda_0.0000/simfile.dat', 'lambda_0.1000/simfile.dat', 'lambda_0.2000/simfile.dat', 'lambda_0.3000/simfile.dat', 'lambda_0.4000/simfile.dat', 'lambda_0.5000/simfile.dat', 'lambda_0.6000/simfile.dat', 'lambda_0.7000/simfile.dat', 'lambda_0.8000/simfile.dat', 'lambda_0.9000/simfile.dat', 'lambda_1.0000/simfile.dat']
#Overlap matrix
0.7376 0.2603 0.0022 0.0000 0.0000 0.0000 0.0000 0.0000 0.0000 0.0000 0.0000
0.2603 0.6444 0.0932 0.0021 0.0000 0.0000 0.0000 0.0000 0.0000 0.0000 0.0000
0.0022 0.0932 0.6570 0.2223 0.0240 0.0013 0.0001 0.0000 0.0000 0.0000 0.0000
0.0000 0.0021 0.2223 0.5009 0.2441 0.0306 0.0000 0.0000 0.0000 0.0000 0.0000
0.0000 0.0000 0.0240 0.2441 0.5248 0.2070 0.0000 0.0000 0.0000 0.0000 0.0000
0.0000 0.0000 0.0013 0.0306 0.2070 0.7608 0.0004 0.0000 0.0000 0.0000 0.0000
0.0000 0.0000 0.0001 0.0000 0.0000 0.0004 0.8444 0.1381 0.0162 0.0008 0.0000
0.0000 0.0000 0.0000 0.0000 0.0000 0.0000 0.1381 0.5646 0.2591 0.0372 0.0010
0.0000 0.0000 0.0000 0.0000 0.0000 0.0000 0.0162 0.2591 0.4719 0.2322 0.0206
0.0000 0.0000 0.0000 0.0000 0.0000 0.0000 0.0008 0.0372 0.2322 0.5211 0.2088
0.0000 0.0000 0.0000 0.0000 0.0000 0.0000 0.0000 0.0010 0.0206 0.2088 0.7696
#DG from neighbouring lambda in kcal/mol
0.0000 0.1000 0.8471 0.0116
0.1000 0.2000 -1.2121 0.0249
0.2000 0.3000 -3.4689 0.0124
0.3000 0.4000 -3.4998 0.0103
0.4000 0.5000 0.4023 0.0130
0.5000 0.6000 8.2868 0.3676
0.6000 0.7000 0.4592 0.0183
0.7000 0.8000 -0.3477 0.0097
0.8000 0.9000 -0.1099 0.0106
0.9000 1.0000 0.9171 0.0133
#PMF from MBAR in kcal/mol
0.0000 0.0000 0.0000
0.1000 0.8471 0.0116
0.2000 -0.3650 0.0298
0.3000 -3.8339 0.0343
0.4000 -7.3337 0.0372
0.5000 -6.9314 0.0405
0.6000 1.3554 0.3694
0.7000 1.8146 0.3701
0.8000 1.4669 0.3703
0.9000 1.3569 0.3706
1.0000 2.2740 0.3710
#TI average gradients and standard deviation in kcal/mol
0.0000 7.8148 10.6460
0.1000 4.7334 13.4764
0.2000 -28.7976 13.5005
0.3000 -38.1021 10.1699
0.4000 -26.9502 10.1021
0.5000 55.2826 17.7385
0.6000 26.8812 32.5465
0.7000 -3.4337 9.4250
0.8000 -3.0766 9.8368
0.9000 1.7128 10.8167
1.0000 19.9775 13.5554
#PMF from TI in kcal/mol
0.0000 0.0000
0.1000 0.6274
0.2000 -0.5758
0.3000 -3.9208
0.4000 -7.1734
0.5000 -5.7568
0.6000 -1.6486
0.7000 -0.4762
0.8000 -0.8017
0.9000 -0.8699
1.0000 0.2146
#MBAR free energy difference in kcal/mol: 
2.273980, 0.370990  #WARNING SUBSAMPLING DISABLED, CONSIDER RERUN WITH SUBSAMPLING OPTION
#TI free energy difference in kcal/mol: 
0.214593  #WARNING SUBSAMPLING DISABLED, CONSIDER RERUN WITH SUBSAMPLING OPTION 
Starting /export/users/common/BioSimSpace/sire.app/bin/analyse_freenrg: number of threads equals 32
