# Analysing data contained in file(s) ['lambda_0.0000/simfile.dat', 'lambda_0.1000/simfile.dat', 'lambda_0.2000/simfile.dat', 'lambda_0.3000/simfile.dat', 'lambda_0.4000/simfile.dat', 'lambda_0.5000/simfile.dat', 'lambda_0.6000/simfile.dat', 'lambda_0.7000/simfile.dat', 'lambda_0.8000/simfile.dat', 'lambda_0.9000/simfile.dat', 'lambda_1.0000/simfile.dat']
#Overlap matrix
0.9040 0.0959 0.0001 0.0000 0.0000 0.0000 0.0000 0.0000 0.0000 0.0000 0.0000
0.0959 0.8072 0.0968 0.0001 0.0000 0.0000 0.0000 0.0000 0.0000 0.0000 0.0000
0.0001 0.0968 0.7969 0.1061 0.0002 0.0000 0.0000 0.0000 0.0000 0.0000 0.0000
0.0000 0.0001 0.1061 0.7833 0.1102 0.0002 0.0000 0.0000 0.0000 0.0000 0.0000
0.0000 0.0000 0.0002 0.1102 0.7752 0.1142 0.0003 0.0000 0.0000 0.0000 0.0000
0.0000 0.0000 0.0000 0.0002 0.1142 0.7677 0.1175 0.0003 0.0000 0.0000 0.0000
0.0000 0.0000 0.0000 0.0000 0.0003 0.1175 0.7619 0.1199 0.0004 0.0000 0.0000
0.0000 0.0000 0.0000 0.0000 0.0000 0.0003 0.1199 0.7590 0.1204 0.0003 0.0000
0.0000 0.0000 0.0000 0.0000 0.0000 0.0000 0.0004 0.1204 0.7655 0.1135 0.0002
0.0000 0.0000 0.0000 0.0000 0.0000 0.0000 0.0000 0.0003 0.1135 0.7904 0.0958
0.0000 0.0000 0.0000 0.0000 0.0000 0.0000 0.0000 0.0000 0.0002 0.0958 0.9040
#DG from neighbouring lambda in kcal/mol
0.0000 0.1000 28.2520 0.0251
0.1000 0.2000 24.5247 0.0249
0.2000 0.3000 20.7714 0.0235
0.3000 0.4000 17.0271 0.0229
0.4000 0.5000 13.3653 0.0224
0.5000 0.6000 9.6774 0.0220
0.6000 0.7000 5.9677 0.0217
0.7000 0.8000 2.2730 0.0216
0.8000 0.9000 -1.2879 0.0225
0.9000 1.0000 -4.4046 0.0251
#PMF from MBAR in kcal/mol
0.0000 0.0000 0.0000
0.1000 28.2520 0.0251
0.2000 52.7767 0.0374
0.3000 73.5481 0.0458
0.4000 90.5752 0.0527
0.5000 103.9405 0.0585
0.6000 113.6179 0.0637
0.7000 119.5856 0.0684
0.8000 121.8586 0.0727
0.9000 120.5707 0.0771
1.0000 116.1662 0.0819
#TI average gradients and standard deviation in kcal/mol
0.0000 298.6850 18.4733
0.1000 264.3873 17.7330
0.2000 226.1931 17.4205
0.3000 189.1004 17.5028
0.4000 152.0982 16.6741
0.5000 115.1433 16.8597
0.6000 78.3751 16.4951
0.7000 41.0103 16.2319
0.8000 4.5215 16.6345
0.9000 -29.7252 17.4392
1.0000 -55.9466 19.0547
#PMF from TI in kcal/mol
0.0000 0.0000
0.1000 28.1536
0.2000 52.6826
0.3000 73.4473
0.4000 90.5072
0.5000 103.8693
0.6000 113.5452
0.7000 119.5145
0.8000 121.7911
0.9000 120.5309
1.0000 116.2473
#MBAR free energy difference in kcal/mol: 
116.166152, 0.081945  #WARNING SUBSAMPLING DISABLED, CONSIDER RERUN WITH SUBSAMPLING OPTION
#TI free energy difference in kcal/mol: 
116.247328  #WARNING SUBSAMPLING DISABLED, CONSIDER RERUN WITH SUBSAMPLING OPTION 
Starting /export/users/common/BioSimSpace/sire.app/bin/analyse_freenrg: number of threads equals 32
