# Analysing data contained in file(s) ['lambda_0.0000/simfile.dat', 'lambda_0.1000/simfile.dat', 'lambda_0.2000/simfile.dat', 'lambda_0.3000/simfile.dat', 'lambda_0.4000/simfile.dat', 'lambda_0.5000/simfile.dat', 'lambda_0.6000/simfile.dat', 'lambda_0.7000/simfile.dat', 'lambda_0.8000/simfile.dat', 'lambda_0.9000/simfile.dat', 'lambda_1.0000/simfile.dat']
#Overlap matrix
0.9865 0.0135 0.0000 0.0000 0.0000 0.0000 0.0000 0.0000 0.0000 0.0000 0.0000
0.0135 0.9798 0.0067 0.0000 0.0000 0.0000 0.0000 0.0000 0.0000 0.0000 0.0000
0.0000 0.0067 0.9773 0.0160 0.0000 0.0000 0.0000 0.0000 0.0000 0.0000 0.0000
0.0000 0.0000 0.0160 0.9309 0.0531 0.0000 0.0000 0.0000 0.0000 0.0000 0.0000
0.0000 0.0000 0.0000 0.0531 0.8531 0.0937 0.0001 0.0000 0.0000 0.0000 0.0000
0.0000 0.0000 0.0000 0.0000 0.0937 0.7904 0.1155 0.0004 0.0000 0.0000 0.0000
0.0000 0.0000 0.0000 0.0000 0.0001 0.1155 0.7517 0.1319 0.0008 0.0000 0.0000
0.0000 0.0000 0.0000 0.0000 0.0000 0.0004 0.1319 0.7287 0.1381 0.0008 0.0000
0.0000 0.0000 0.0000 0.0000 0.0000 0.0000 0.0008 0.1381 0.7261 0.1347 0.0004
0.0000 0.0000 0.0000 0.0000 0.0000 0.0000 0.0000 0.0008 0.1347 0.7595 0.1050
0.0000 0.0000 0.0000 0.0000 0.0000 0.0000 0.0000 0.0000 0.0004 0.1050 0.8946
#DG from neighbouring lambda in kcal/mol
0.0000 0.1000 24.8772 0.0736
0.1000 0.2000 15.3653 0.1047
0.2000 0.3000 4.6320 0.0672
0.3000 0.4000 -1.5537 0.0355
0.4000 0.5000 -4.3290 0.0255
0.5000 0.6000 -5.6019 0.0223
0.6000 0.7000 -6.1134 0.0203
0.7000 0.8000 -6.0798 0.0196
0.8000 0.9000 -5.7560 0.0200
0.9000 1.0000 -5.3444 0.0237
#PMF from MBAR in kcal/mol
0.0000 0.0000 0.0000
0.1000 24.8772 0.0736
0.2000 40.2425 0.1286
0.3000 44.8745 0.1456
0.4000 43.3209 0.1504
0.5000 38.9919 0.1530
0.6000 33.3900 0.1551
0.7000 27.2766 0.1569
0.8000 21.1968 0.1585
0.9000 15.4408 0.1603
1.0000 10.0964 0.1624
#TI average gradients and standard deviation in kcal/mol
0.0000 286.2054 28.3217
0.1000 209.0422 28.2728
0.2000 94.6092 30.7884
0.3000 6.9063 23.8613
0.4000 -33.2239 19.6344
0.5000 -51.1889 17.4984
0.6000 -59.4826 16.2385
0.7000 -61.6042 15.3949
0.8000 -59.6126 15.4830
0.9000 -55.3448 16.4470
1.0000 -50.3411 18.1599
#PMF from TI in kcal/mol
0.0000 0.0000
0.1000 24.7624
0.2000 39.9450
0.3000 45.0207
0.4000 43.7049
0.5000 39.4842
0.6000 33.9506
0.7000 27.8963
0.8000 21.8355
0.9000 16.0876
1.0000 10.8033
#MBAR free energy difference in kcal/mol: 
10.096379, 0.162444  #WARNING SUBSAMPLING DISABLED, CONSIDER RERUN WITH SUBSAMPLING OPTION
#TI free energy difference in kcal/mol: 
10.803295  #WARNING SUBSAMPLING DISABLED, CONSIDER RERUN WITH SUBSAMPLING OPTION 
Starting /export/users/common/BioSimSpace/sire.app/bin/analyse_freenrg: number of threads equals 32
