# Analysing data contained in file(s) ['lambda_0.0000/simfile.dat', 'lambda_0.1000/simfile.dat', 'lambda_0.2000/simfile.dat', 'lambda_0.3000/simfile.dat', 'lambda_0.4000/simfile.dat', 'lambda_0.5000/simfile.dat', 'lambda_0.6000/simfile.dat', 'lambda_0.7000/simfile.dat', 'lambda_0.8000/simfile.dat', 'lambda_0.9000/simfile.dat', 'lambda_1.0000/simfile.dat']
#Overlap matrix
0.8665 0.1256 0.0079 0.0000 0.0000 0.0000 0.0000 0.0000 0.0000 0.0000 0.0000
0.2390 0.4981 0.2563 0.0065 0.0000 0.0000 0.0000 0.0000 0.0000 0.0000 0.0000
0.0079 0.1346 0.6644 0.1899 0.0031 0.0000 0.0000 0.0000 0.0000 0.0000 0.0000
0.0000 0.0034 0.1899 0.6817 0.1242 0.0007 0.0000 0.0000 0.0000 0.0000 0.0000
0.0000 0.0000 0.0031 0.1242 0.7623 0.1094 0.0011 0.0000 0.0000 0.0000 0.0000
0.0000 0.0000 0.0000 0.0007 0.1094 0.7719 0.1164 0.0016 0.0000 0.0000 0.0000
0.0000 0.0000 0.0000 0.0000 0.0011 0.1164 0.8269 0.0556 0.0001 0.0000 0.0000
0.0000 0.0000 0.0000 0.0000 0.0000 0.0016 0.0556 0.9181 0.0246 0.0000 0.0000
0.0000 0.0000 0.0000 0.0000 0.0000 0.0000 0.0001 0.0246 0.9421 0.0332 0.0000
0.0000 0.0000 0.0000 0.0000 0.0000 0.0000 0.0000 0.0000 0.0332 0.9423 0.0245
0.0000 0.0000 0.0000 0.0000 0.0000 0.0000 0.0000 0.0000 0.0000 0.0245 0.9755
#DG from neighbouring lambda in kcal/mol
0.0000 0.1000 -4.6955 0.0186
0.1000 0.2000 -4.3678 0.0172
0.2000 0.3000 -3.9527 0.0152
0.3000 0.4000 -3.5721 0.0209
0.4000 0.5000 -4.1374 0.0229
0.5000 0.6000 -3.5854 0.0219
0.6000 0.7000 0.0505 0.0340
0.7000 0.8000 2.7967 0.0537
0.8000 0.9000 4.1672 0.0459
0.9000 1.0000 7.8919 0.0539
#PMF from MBAR in kcal/mol
0.0000 0.0000 0.0000
0.1000 -4.6955 0.0186
0.2000 -9.0633 0.0294
0.3000 -13.0161 0.0351
0.4000 -16.5882 0.0424
0.5000 -20.7256 0.0496
0.6000 -24.3110 0.0555
0.7000 -24.2605 0.0659
0.8000 -21.4637 0.0859
0.9000 -17.2966 0.0981
1.0000 -9.4047 0.1126
#TI average gradients and standard deviation in kcal/mol
0.0000 -57.0507 14.1445
0.1000 -24.0931 24.8804
0.2000 -42.0022 13.3731
0.3000 -36.2213 14.0862
0.4000 -38.0032 18.1658
0.5000 -43.5958 17.8443
0.6000 -21.6996 19.4083
0.7000 18.7122 26.5055
0.8000 33.5116 26.8756
0.9000 54.8767 24.8911
1.0000 109.2440 28.7419
#PMF from TI in kcal/mol
0.0000 0.0000
0.1000 -4.0572
0.2000 -7.3620
0.3000 -11.2731
0.4000 -14.9843
0.5000 -19.0643
0.6000 -22.3291
0.7000 -22.4784
0.8000 -19.8672
0.9000 -15.4478
1.0000 -7.2418
#MBAR free energy difference in kcal/mol: 
-9.404665, 0.112600  #WARNING SUBSAMPLING DISABLED, CONSIDER RERUN WITH SUBSAMPLING OPTION
#TI free energy difference in kcal/mol: 
-7.241801  #WARNING SUBSAMPLING DISABLED, CONSIDER RERUN WITH SUBSAMPLING OPTION 
Starting /export/users/common/BioSimSpace/sire.app/bin/analyse_freenrg: number of threads equals 32
