# Analysing data contained in file(s) ['lambda_0.0000/simfile.dat', 'lambda_0.1000/simfile.dat', 'lambda_0.2000/simfile.dat', 'lambda_0.3000/simfile.dat', 'lambda_0.4000/simfile.dat', 'lambda_0.5000/simfile.dat', 'lambda_0.6000/simfile.dat', 'lambda_0.7000/simfile.dat', 'lambda_0.8000/simfile.dat', 'lambda_0.9000/simfile.dat', 'lambda_1.0000/simfile.dat']
#Overlap matrix
0.9645 0.0355 0.0000 0.0000 0.0000 0.0000 0.0000 0.0000 0.0000 0.0000 0.0000
0.0355 0.9131 0.0514 0.0000 0.0000 0.0000 0.0000 0.0000 0.0000 0.0000 0.0000
0.0000 0.0514 0.8815 0.0670 0.0000 0.0000 0.0000 0.0000 0.0000 0.0000 0.0000
0.0000 0.0000 0.0670 0.8571 0.0759 0.0000 0.0000 0.0000 0.0000 0.0000 0.0000
0.0000 0.0000 0.0000 0.0759 0.8689 0.0552 0.0000 0.0000 0.0000 0.0000 0.0000
0.0000 0.0000 0.0000 0.0000 0.0552 0.8867 0.0581 0.0000 0.0000 0.0000 0.0000
0.0000 0.0000 0.0000 0.0000 0.0000 0.0581 0.8805 0.0614 0.0000 0.0000 0.0000
0.0000 0.0000 0.0000 0.0000 0.0000 0.0000 0.0614 0.8781 0.0604 0.0000 0.0000
0.0000 0.0000 0.0000 0.0000 0.0000 0.0000 0.0000 0.0604 0.8873 0.0523 0.0000
0.0000 0.0000 0.0000 0.0000 0.0000 0.0000 0.0000 0.0000 0.0523 0.9006 0.0471
0.0000 0.0000 0.0000 0.0000 0.0000 0.0000 0.0000 0.0000 0.0000 0.0471 0.9529
#DG from neighbouring lambda in kcal/mol
0.0000 0.1000 31.8104 0.0443
0.1000 0.2000 25.7578 0.0361
0.2000 0.3000 20.8010 0.0311
0.3000 0.4000 16.8817 0.0289
0.4000 0.5000 13.6725 0.0347
0.5000 0.6000 9.9056 0.0337
0.6000 0.7000 6.3212 0.0327
0.7000 0.8000 2.9457 0.0330
0.8000 0.9000 0.2064 0.0358
0.9000 1.0000 -1.2463 0.0379
#PMF from MBAR in kcal/mol
0.0000 0.0000 0.0000
0.1000 31.8104 0.0443
0.2000 57.5682 0.0584
0.3000 78.3692 0.0673
0.4000 95.2509 0.0743
0.5000 108.9234 0.0829
0.6000 118.8290 0.0903
0.7000 125.1502 0.0968
0.8000 128.0959 0.1030
0.9000 128.3022 0.1097
1.0000 127.0559 0.1167
#TI average gradients and standard deviation in kcal/mol
0.0000 341.8181 25.1758
0.1000 286.4907 22.5233
0.2000 231.4128 20.4278
0.3000 185.3551 20.3107
0.4000 154.3293 21.5102
0.5000 117.9909 21.7972
0.6000 80.3572 21.3938
0.7000 46.1464 21.6988
0.8000 15.1334 21.1366
0.9000 -10.0874 22.6597
1.0000 -7.9188 24.2351
#PMF from TI in kcal/mol
0.0000 0.0000
0.1000 31.4154
0.2000 57.3106
0.3000 78.1490
0.4000 95.1332
0.5000 108.7492
0.6000 118.6666
0.7000 124.9918
0.8000 128.0558
0.9000 128.3081
1.0000 127.4078
#MBAR free energy difference in kcal/mol: 
127.055941, 0.116739  #WARNING SUBSAMPLING DISABLED, CONSIDER RERUN WITH SUBSAMPLING OPTION
#TI free energy difference in kcal/mol: 
127.407799  #WARNING SUBSAMPLING DISABLED, CONSIDER RERUN WITH SUBSAMPLING OPTION 
Starting /export/users/common/BioSimSpace/sire.app/bin/analyse_freenrg: number of threads equals 32
