# Analysing data contained in file(s) ['lambda_0.0000/simfile.dat', 'lambda_0.1000/simfile.dat', 'lambda_0.2000/simfile.dat', 'lambda_0.3000/simfile.dat', 'lambda_0.4000/simfile.dat', 'lambda_0.5000/simfile.dat', 'lambda_0.6000/simfile.dat', 'lambda_0.7000/simfile.dat', 'lambda_0.8000/simfile.dat', 'lambda_0.9000/simfile.dat', 'lambda_1.0000/simfile.dat']
#Overlap matrix
0.9846 0.0154 0.0000 0.0000 0.0000 0.0000 0.0000 0.0000 0.0000 0.0000 0.0000
0.0154 0.9551 0.0295 0.0000 0.0000 0.0000 0.0000 0.0000 0.0000 0.0000 0.0000
0.0000 0.0295 0.9297 0.0408 0.0000 0.0000 0.0000 0.0000 0.0000 0.0000 0.0000
0.0000 0.0000 0.0408 0.9207 0.0385 0.0000 0.0000 0.0000 0.0000 0.0000 0.0000
0.0000 0.0000 0.0000 0.0385 0.9284 0.0330 0.0000 0.0000 0.0000 0.0000 0.0000
0.0000 0.0000 0.0000 0.0000 0.0330 0.9501 0.0156 0.0008 0.0004 0.0000 0.0000
0.0000 0.0000 0.0000 0.0000 0.0000 0.0156 0.7933 0.1793 0.0116 0.0001 0.0000
0.0000 0.0000 0.0000 0.0000 0.0000 0.0008 0.1793 0.6410 0.1736 0.0052 0.0000
0.0000 0.0000 0.0000 0.0000 0.0000 0.0004 0.0116 0.1736 0.6093 0.1949 0.0102
0.0000 0.0000 0.0000 0.0000 0.0000 0.0000 0.0001 0.0052 0.1949 0.5701 0.2297
0.0000 0.0000 0.0000 0.0000 0.0000 0.0000 0.0000 0.0000 0.0102 0.2297 0.7601
#DG from neighbouring lambda in kcal/mol
0.0000 0.1000 -7.6388 0.0686
0.1000 0.2000 -1.5003 0.0488
0.2000 0.3000 -0.3654 0.0410
0.3000 0.4000 -0.2335 0.0423
0.4000 0.5000 -0.7395 0.0460
0.5000 0.6000 -1.7120 0.0655
0.6000 0.7000 2.1343 0.0155
0.7000 0.8000 3.7291 0.0156
0.8000 0.9000 2.2458 0.0144
0.9000 1.0000 1.1762 0.0128
#PMF from MBAR in kcal/mol
0.0000 0.0000 0.0000
0.1000 -7.6388 0.0686
0.2000 -9.1391 0.0851
0.3000 -9.5046 0.0953
0.4000 -9.7381 0.1049
0.5000 -10.4775 0.1152
0.6000 -12.1896 0.1331
0.7000 -10.0553 0.1343
0.8000 -6.3263 0.1355
0.9000 -4.0804 0.1368
1.0000 -2.9043 0.1378
#TI average gradients and standard deviation in kcal/mol
0.0000 -153.0718 30.7298
0.1000 -30.9124 27.0775
0.2000 -6.5325 25.4583
0.3000 -0.7410 23.7300
0.4000 -4.2689 24.0849
0.5000 -11.0729 27.2708
0.6000 -9.6324 22.2842
0.7000 39.9307 13.4125
0.8000 30.2613 13.9670
0.9000 15.6534 12.3309
1.0000 39.3515 11.8786
#PMF from TI in kcal/mol
0.0000 0.0000
0.1000 -9.1992
0.2000 -11.0715
0.3000 -11.4351
0.4000 -11.6856
0.5000 -12.4527
0.6000 -13.4880
0.7000 -11.9731
0.8000 -8.4635
0.9000 -6.1677
1.0000 -3.4175
#MBAR free energy difference in kcal/mol: 
-2.904265, 0.137811  #WARNING SUBSAMPLING DISABLED, CONSIDER RERUN WITH SUBSAMPLING OPTION
#TI free energy difference in kcal/mol: 
-3.417495  #WARNING SUBSAMPLING DISABLED, CONSIDER RERUN WITH SUBSAMPLING OPTION 
Starting /export/users/common/BioSimSpace/sire.app/bin/analyse_freenrg: number of threads equals 32
