# Analysing data contained in file(s) ['lambda_0.0000/simfile.dat', 'lambda_0.1000/simfile.dat', 'lambda_0.2000/simfile.dat', 'lambda_0.3000/simfile.dat', 'lambda_0.4000/simfile.dat', 'lambda_0.5000/simfile.dat', 'lambda_0.6000/simfile.dat', 'lambda_0.7000/simfile.dat', 'lambda_0.8000/simfile.dat', 'lambda_0.9000/simfile.dat', 'lambda_1.0000/simfile.dat']
#Overlap matrix
0.7572 0.2179 0.0234 0.0014 0.0000 0.0000 0.0000 0.0000 0.0000 0.0000 0.0000
0.2179 0.5165 0.2269 0.0362 0.0024 0.0001 0.0000 0.0000 0.0000 0.0000 0.0000
0.0234 0.2269 0.4582 0.2437 0.0450 0.0027 0.0001 0.0000 0.0000 0.0000 0.0000
0.0014 0.0362 0.2437 0.4307 0.2421 0.0432 0.0026 0.0001 0.0000 0.0000 0.0000
0.0000 0.0024 0.0450 0.2421 0.4250 0.2380 0.0445 0.0028 0.0001 0.0000 0.0000
0.0000 0.0001 0.0027 0.0432 0.2380 0.4240 0.2433 0.0460 0.0027 0.0000 0.0000
0.0000 0.0000 0.0001 0.0026 0.0445 0.2433 0.4225 0.2418 0.0429 0.0024 0.0000
0.0000 0.0000 0.0000 0.0001 0.0028 0.0460 0.2418 0.4269 0.2389 0.0413 0.0022
0.0000 0.0000 0.0000 0.0000 0.0001 0.0027 0.0429 0.2389 0.4319 0.2414 0.0422
0.0000 0.0000 0.0000 0.0000 0.0000 0.0000 0.0024 0.0413 0.2414 0.4473 0.2677
0.0000 0.0000 0.0000 0.0000 0.0000 0.0000 0.0000 0.0022 0.0422 0.2677 0.6879
#DG from neighbouring lambda in kcal/mol
0.0000 0.1000 5.4581 0.0127
0.1000 0.2000 4.7635 0.0107
0.2000 0.3000 3.5188 0.0092
0.3000 0.4000 1.9863 0.0090
0.4000 0.5000 0.2671 0.0092
0.5000 0.6000 -1.4758 0.0089
0.6000 0.7000 -3.1999 0.0090
0.7000 0.8000 -4.9599 0.0093
0.8000 0.9000 -6.7357 0.0093
0.9000 1.0000 -8.4943 0.0097
#PMF from MBAR in kcal/mol
0.0000 0.0000 0.0000
0.1000 5.4581 0.0127
0.2000 10.2216 0.0193
0.3000 13.7403 0.0234
0.4000 15.7266 0.0267
0.5000 15.9938 0.0297
0.6000 14.5180 0.0324
0.7000 11.3181 0.0349
0.8000 6.3582 0.0373
0.9000 -0.3775 0.0396
1.0000 -8.8718 0.0418
#TI average gradients and standard deviation in kcal/mol
0.0000 54.4578 13.4637
0.1000 52.8639 11.1076
0.2000 41.6305 9.7240
0.3000 28.0311 9.1620
0.4000 11.3167 9.2446
0.5000 -6.0508 9.5201
0.6000 -23.3064 8.8630
0.7000 -40.6789 9.3833
0.8000 -58.7363 9.4366
0.9000 -76.1889 9.6346
1.0000 -91.4471 9.8188
#PMF from TI in kcal/mol
0.0000 0.0000
0.1000 5.3661
0.2000 10.0908
0.3000 13.5739
0.4000 15.5413
0.5000 15.8046
0.6000 14.3367
0.7000 11.1375
0.8000 6.1667
0.9000 -0.5796
1.0000 -8.9614
#MBAR free energy difference in kcal/mol: 
-8.871828, 0.041835  #WARNING SUBSAMPLING DISABLED, CONSIDER RERUN WITH SUBSAMPLING OPTION
#TI free energy difference in kcal/mol: 
-8.961366  #WARNING SUBSAMPLING DISABLED, CONSIDER RERUN WITH SUBSAMPLING OPTION 
Starting /export/users/common/BioSimSpace/sire.app/bin/analyse_freenrg: number of threads equals 32
