# Analysing data contained in file(s) ['lambda_0.0000/simfile.dat', 'lambda_0.1000/simfile.dat', 'lambda_0.2000/simfile.dat', 'lambda_0.3000/simfile.dat', 'lambda_0.4000/simfile.dat', 'lambda_0.5000/simfile.dat', 'lambda_0.6000/simfile.dat', 'lambda_0.7000/simfile.dat', 'lambda_0.8000/simfile.dat', 'lambda_0.9000/simfile.dat', 'lambda_1.0000/simfile.dat']
#Overlap matrix
0.9002 0.0995 0.0004 0.0000 0.0000 0.0000 0.0000 0.0000 0.0000 0.0000 0.0000
0.0995 0.8029 0.0973 0.0003 0.0000 0.0000 0.0000 0.0000 0.0000 0.0000 0.0000
0.0004 0.0973 0.8106 0.0914 0.0003 0.0000 0.0000 0.0000 0.0000 0.0000 0.0000
0.0000 0.0003 0.0914 0.8050 0.1028 0.0005 0.0000 0.0000 0.0000 0.0000 0.0000
0.0000 0.0000 0.0003 0.1028 0.7805 0.1161 0.0003 0.0000 0.0000 0.0000 0.0000
0.0000 0.0000 0.0000 0.0005 0.1161 0.7832 0.1001 0.0002 0.0000 0.0000 0.0000
0.0000 0.0000 0.0000 0.0000 0.0003 0.1001 0.7818 0.1175 0.0003 0.0000 0.0000
0.0000 0.0000 0.0000 0.0000 0.0000 0.0002 0.1175 0.7650 0.1171 0.0003 0.0000
0.0000 0.0000 0.0000 0.0000 0.0000 0.0000 0.0003 0.1171 0.7689 0.1135 0.0002
0.0000 0.0000 0.0000 0.0000 0.0000 0.0000 0.0000 0.0003 0.1135 0.7854 0.1009
0.0000 0.0000 0.0000 0.0000 0.0000 0.0000 0.0000 0.0000 0.0002 0.1009 0.8989
#DG from neighbouring lambda in kcal/mol
0.0000 0.1000 -0.7236 0.0245
0.1000 0.2000 1.0009 0.0248
0.2000 0.3000 2.3486 0.0258
0.3000 0.4000 3.7760 0.0239
0.4000 0.5000 5.1954 0.0222
0.5000 0.6000 5.5050 0.0244
0.6000 0.7000 5.1859 0.0220
0.7000 0.8000 5.3753 0.0221
0.8000 0.9000 5.9201 0.0225
0.9000 1.0000 7.1722 0.0243
#PMF from MBAR in kcal/mol
0.0000 0.0000 0.0000
0.1000 -0.7236 0.0245
0.2000 0.2773 0.0369
0.3000 2.6259 0.0466
0.4000 6.4018 0.0537
0.5000 11.5973 0.0593
0.6000 17.1023 0.0653
0.7000 22.2883 0.0699
0.8000 27.6636 0.0743
0.9000 33.5837 0.0786
1.0000 40.7559 0.0832
#TI average gradients and standard deviation in kcal/mol
0.0000 -17.9463 18.5429
0.1000 1.9001 18.4462
0.2000 17.1013 19.3394
0.3000 30.3529 19.2321
0.4000 45.9568 17.7047
0.5000 55.8976 17.4990
0.6000 52.2002 18.6768
0.7000 52.6637 17.6363
0.8000 55.7574 17.3999
0.9000 63.9573 17.8517
1.0000 83.0618 19.2779
#PMF from TI in kcal/mol
0.0000 0.0000
0.1000 -0.8023
0.2000 0.1478
0.3000 2.5205
0.4000 6.3360
0.5000 11.4287
0.6000 16.8336
0.7000 22.0768
0.8000 27.4978
0.9000 33.4836
1.0000 40.8345
#MBAR free energy difference in kcal/mol: 
40.755908, 0.083160  #WARNING SUBSAMPLING DISABLED, CONSIDER RERUN WITH SUBSAMPLING OPTION
#TI free energy difference in kcal/mol: 
40.834510  #WARNING SUBSAMPLING DISABLED, CONSIDER RERUN WITH SUBSAMPLING OPTION 
Starting /export/users/common/BioSimSpace/sire.app/bin/analyse_freenrg: number of threads equals 32
