# Analysing data contained in file(s) ['lambda_0.0000/simfile.dat', 'lambda_0.1000/simfile.dat', 'lambda_0.2000/simfile.dat', 'lambda_0.3000/simfile.dat', 'lambda_0.4000/simfile.dat', 'lambda_0.5000/simfile.dat', 'lambda_0.6000/simfile.dat', 'lambda_0.7000/simfile.dat', 'lambda_0.8000/simfile.dat', 'lambda_0.9000/simfile.dat', 'lambda_1.0000/simfile.dat']
#Overlap matrix
0.9738 0.0262 0.0000 0.0000 0.0000 0.0000 0.0000 0.0000 0.0000 0.0000 0.0000
0.0262 0.9387 0.0351 0.0000 0.0000 0.0000 0.0000 0.0000 0.0000 0.0000 0.0000
0.0000 0.0351 0.9244 0.0405 0.0000 0.0000 0.0000 0.0000 0.0000 0.0000 0.0000
0.0000 0.0000 0.0405 0.9096 0.0499 0.0000 0.0000 0.0000 0.0000 0.0000 0.0000
0.0000 0.0000 0.0000 0.0499 0.8946 0.0554 0.0000 0.0000 0.0000 0.0000 0.0000
0.0000 0.0000 0.0000 0.0000 0.0554 0.8747 0.0699 0.0000 0.0000 0.0000 0.0000
0.0000 0.0000 0.0000 0.0000 0.0000 0.0699 0.8538 0.0763 0.0000 0.0000 0.0000
0.0000 0.0000 0.0000 0.0000 0.0000 0.0000 0.0763 0.8341 0.0894 0.0001 0.0000
0.0000 0.0000 0.0000 0.0000 0.0000 0.0000 0.0000 0.0894 0.8157 0.0948 0.0000
0.0000 0.0000 0.0000 0.0000 0.0000 0.0000 0.0000 0.0001 0.0948 0.8332 0.0720
0.0000 0.0000 0.0000 0.0000 0.0000 0.0000 0.0000 0.0000 0.0000 0.0720 0.9280
#DG from neighbouring lambda in kcal/mol
0.0000 0.1000 -1.6371 0.0520
0.1000 0.2000 -0.8321 0.0445
0.2000 0.3000 -0.4328 0.0412
0.3000 0.4000 -0.3927 0.0367
0.4000 0.5000 -0.4560 0.0347
0.5000 0.6000 -0.3936 0.0303
0.6000 0.7000 -0.5034 0.0288
0.7000 0.8000 -0.8696 0.0262
0.8000 0.9000 -1.2607 0.0253
0.9000 1.0000 -2.2640 0.0298
#PMF from MBAR in kcal/mol
0.0000 0.0000 0.0000
0.1000 -1.6371 0.0520
0.2000 -2.4692 0.0695
0.3000 -2.9020 0.0818
0.4000 -3.2947 0.0905
0.5000 -3.7508 0.0976
0.6000 -4.1444 0.1030
0.7000 -4.6478 0.1076
0.8000 -5.5174 0.1114
0.9000 -6.7781 0.1149
1.0000 -9.0421 0.1193
#TI average gradients and standard deviation in kcal/mol
0.0000 -20.4908 28.0769
0.1000 -10.6923 25.9263
0.2000 -5.2351 23.8859
0.3000 -4.4255 22.6921
0.4000 -4.1613 21.7729
0.5000 -5.0068 21.1805
0.6000 -3.5619 20.3838
0.7000 -6.8849 19.4686
0.8000 -10.0488 18.5108
0.9000 -15.6508 18.3686
1.0000 -33.2638 23.3829
#PMF from TI in kcal/mol
0.0000 0.0000
0.1000 -1.5592
0.2000 -2.3555
0.3000 -2.8386
0.4000 -3.2679
0.5000 -3.7263
0.6000 -4.1547
0.7000 -4.6771
0.8000 -5.5238
0.9000 -6.8088
1.0000 -9.2545
#MBAR free energy difference in kcal/mol: 
-9.042103, 0.119340  #WARNING SUBSAMPLING DISABLED, CONSIDER RERUN WITH SUBSAMPLING OPTION
#TI free energy difference in kcal/mol: 
-9.254484  #WARNING SUBSAMPLING DISABLED, CONSIDER RERUN WITH SUBSAMPLING OPTION 
Starting /export/users/common/BioSimSpace/sire.app/bin/analyse_freenrg: number of threads equals 32
