# Analysing data contained in file(s) ['lambda_0.0000/simfile.dat', 'lambda_0.1000/simfile.dat', 'lambda_0.2000/simfile.dat', 'lambda_0.3000/simfile.dat', 'lambda_0.4000/simfile.dat', 'lambda_0.5000/simfile.dat', 'lambda_0.6000/simfile.dat', 'lambda_0.7000/simfile.dat', 'lambda_0.8000/simfile.dat', 'lambda_0.9000/simfile.dat', 'lambda_1.0000/simfile.dat']
#Overlap matrix
0.8189 0.1692 0.0111 0.0008 0.0001 0.0000 0.0000 0.0000 0.0000 0.0000 0.0000
0.1692 0.6115 0.1968 0.0206 0.0017 0.0001 0.0000 0.0000 0.0000 0.0000 0.0000
0.0111 0.1968 0.5496 0.2109 0.0280 0.0031 0.0004 0.0000 0.0000 0.0000 0.0000
0.0008 0.0206 0.2109 0.5122 0.2099 0.0373 0.0070 0.0012 0.0001 0.0000 0.0000
0.0001 0.0017 0.0280 0.2099 0.4682 0.2160 0.0600 0.0141 0.0019 0.0001 0.0000
0.0000 0.0001 0.0031 0.0373 0.2160 0.4082 0.2362 0.0807 0.0163 0.0020 0.0002
0.0000 0.0000 0.0004 0.0070 0.0600 0.2362 0.3605 0.2344 0.0821 0.0171 0.0023
0.0000 0.0000 0.0000 0.0012 0.0141 0.0807 0.2344 0.3269 0.2297 0.0909 0.0220
0.0000 0.0000 0.0000 0.0001 0.0019 0.0163 0.0821 0.2297 0.3199 0.2411 0.1089
0.0000 0.0000 0.0000 0.0000 0.0001 0.0020 0.0171 0.0909 0.2411 0.3449 0.3038
0.0000 0.0000 0.0000 0.0000 0.0000 0.0002 0.0023 0.0220 0.1089 0.3038 0.5628
#DG from neighbouring lambda in kcal/mol
0.0000 0.1000 -1.1670 0.0163
0.1000 0.2000 -0.4054 0.0133
0.2000 0.3000 -0.0684 0.0118
0.3000 0.4000 0.0055 0.0109
0.4000 0.5000 0.0625 0.0093
0.5000 0.6000 0.2260 0.0072
0.6000 0.7000 0.2462 0.0065
0.7000 0.8000 0.0227 0.0062
0.8000 0.9000 -0.1907 0.0058
0.9000 1.0000 -0.3292 0.0061
#PMF from MBAR in kcal/mol
0.0000 0.0000 0.0000
0.1000 -1.1670 0.0163
0.2000 -1.5724 0.0234
0.3000 -1.6408 0.0280
0.4000 -1.6353 0.0314
0.5000 -1.5728 0.0339
0.6000 -1.3469 0.0355
0.7000 -1.1006 0.0368
0.8000 -1.0779 0.0381
0.9000 -1.2686 0.0393
1.0000 -1.5977 0.0404
#TI average gradients and standard deviation in kcal/mol
0.0000 -16.6528 15.3470
0.1000 -7.4022 13.7233
0.2000 -1.8241 12.7059
0.3000 0.4543 11.1721
0.4000 0.1324 10.7698
0.5000 1.3724 8.8679
0.6000 3.0488 7.1158
0.7000 1.1190 6.9885
0.8000 -1.1139 6.9093
0.9000 -2.6862 6.5483
1.0000 -0.4587 6.3789
#PMF from TI in kcal/mol
0.0000 0.0000
0.1000 -1.2027
0.2000 -1.6641
0.3000 -1.7326
0.4000 -1.7032
0.5000 -1.6280
0.6000 -1.4069
0.7000 -1.1985
0.8000 -1.1983
0.9000 -1.3883
1.0000 -1.5455
#MBAR free energy difference in kcal/mol: 
-1.597746, 0.040443  #WARNING SUBSAMPLING DISABLED, CONSIDER RERUN WITH SUBSAMPLING OPTION
#TI free energy difference in kcal/mol: 
-1.545518  #WARNING SUBSAMPLING DISABLED, CONSIDER RERUN WITH SUBSAMPLING OPTION 
Starting /export/users/common/BioSimSpace/sire.app/bin/analyse_freenrg: number of threads equals 32
