# Analysing data contained in file(s) ['lambda_0.0000/simfile.dat', 'lambda_0.1000/simfile.dat', 'lambda_0.2000/simfile.dat', 'lambda_0.3000/simfile.dat', 'lambda_0.4000/simfile.dat', 'lambda_0.5000/simfile.dat', 'lambda_0.6000/simfile.dat', 'lambda_0.7000/simfile.dat', 'lambda_0.8000/simfile.dat', 'lambda_0.9000/simfile.dat', 'lambda_1.0000/simfile.dat']
#Overlap matrix
0.9509 0.0490 0.0001 0.0000 0.0000 0.0000 0.0000 0.0000 0.0000 0.0000 0.0000
0.0490 0.8769 0.0739 0.0002 0.0000 0.0000 0.0000 0.0000 0.0000 0.0000 0.0000
0.0001 0.0739 0.8412 0.0846 0.0003 0.0000 0.0000 0.0000 0.0000 0.0000 0.0000
0.0000 0.0002 0.0846 0.8291 0.0859 0.0003 0.0000 0.0000 0.0000 0.0000 0.0000
0.0000 0.0000 0.0003 0.0859 0.8404 0.0732 0.0002 0.0000 0.0000 0.0000 0.0000
0.0000 0.0000 0.0000 0.0003 0.0732 0.8474 0.0785 0.0006 0.0000 0.0000 0.0000
0.0000 0.0000 0.0000 0.0000 0.0002 0.0785 0.8131 0.1077 0.0005 0.0000 0.0000
0.0000 0.0000 0.0000 0.0000 0.0000 0.0006 0.1077 0.7911 0.1004 0.0002 0.0000
0.0000 0.0000 0.0000 0.0000 0.0000 0.0000 0.0005 0.1004 0.8260 0.0731 0.0000
0.0000 0.0000 0.0000 0.0000 0.0000 0.0000 0.0000 0.0002 0.0731 0.8994 0.0273
0.0000 0.0000 0.0000 0.0000 0.0000 0.0000 0.0000 0.0000 0.0000 0.0273 0.9726
#DG from neighbouring lambda in kcal/mol
0.0000 0.1000 -6.2300 0.0371
0.1000 0.2000 -3.4644 0.0293
0.2000 0.3000 -2.9881 0.0270
0.3000 0.4000 -2.9561 0.0268
0.4000 0.5000 -3.0565 0.0294
0.5000 0.6000 -3.1900 0.0282
0.6000 0.7000 -2.7682 0.0232
0.7000 0.8000 -2.8071 0.0243
0.8000 0.9000 -2.6340 0.0295
0.9000 1.0000 -1.1853 0.0509
#PMF from MBAR in kcal/mol
0.0000 0.0000 0.0000
0.1000 -6.2300 0.0371
0.2000 -9.6944 0.0488
0.3000 -12.6825 0.0570
0.4000 -15.6387 0.0641
0.5000 -18.6952 0.0716
0.6000 -21.8852 0.0779
0.7000 -24.6534 0.0821
0.8000 -27.4605 0.0865
0.9000 -30.0945 0.0922
1.0000 -31.2798 0.1060
#TI average gradients and standard deviation in kcal/mol
0.0000 2071346278892.0532 107928523034048.2812
0.1000 -42.5433 20.9021
0.2000 -30.6489 20.2014
0.3000 -29.3936 20.1402
0.4000 -29.4465 20.1341
0.5000 -32.0734 22.0556
0.6000 -29.9150 18.8543
0.7000 -27.6671 18.3425
0.8000 -28.4671 19.6745
0.9000 -20.9850 22.4335
1.0000 -45475523.5163 2881904128.3764
#PMF from TI in kcal/mol
0.0000 0.0000
0.1000 103567313942.4755
0.2000 103567313938.8159
0.3000 103567313935.8138
0.4000 103567313932.8718
0.5000 103567313929.7958
0.6000 103567313926.6964
0.7000 103567313923.8173
0.8000 103567313921.0106
0.9000 103567313918.5379
1.0000 103565040141.3129
#MBAR free energy difference in kcal/mol: 
-31.279794, 0.105960  #WARNING SUBSAMPLING DISABLED, CONSIDER RERUN WITH SUBSAMPLING OPTION
#TI free energy difference in kcal/mol: 
103565040141.312881  #WARNING SUBSAMPLING DISABLED, CONSIDER RERUN WITH SUBSAMPLING OPTION 
Starting /export/users/common/BioSimSpace/sire.app/bin/analyse_freenrg: number of threads equals 32
