# Analysing data contained in file(s) ['lambda_0.0000/simfile.dat', 'lambda_0.1000/simfile.dat', 'lambda_0.2000/simfile.dat', 'lambda_0.3000/simfile.dat', 'lambda_0.4000/simfile.dat', 'lambda_0.5000/simfile.dat', 'lambda_0.6000/simfile.dat', 'lambda_0.7000/simfile.dat', 'lambda_0.8000/simfile.dat', 'lambda_0.9000/simfile.dat', 'lambda_1.0000/simfile.dat']
#Overlap matrix
0.9506 0.0494 0.0000 0.0000 0.0000 0.0000 0.0000 0.0000 0.0000 0.0000 0.0000
0.0494 0.8986 0.0520 0.0000 0.0000 0.0000 0.0000 0.0000 0.0000 0.0000 0.0000
0.0000 0.0520 0.8932 0.0547 0.0000 0.0000 0.0000 0.0000 0.0000 0.0000 0.0000
0.0000 0.0000 0.0547 0.8805 0.0647 0.0000 0.0000 0.0000 0.0000 0.0000 0.0000
0.0000 0.0000 0.0000 0.0647 0.8769 0.0583 0.0000 0.0000 0.0000 0.0000 0.0000
0.0000 0.0000 0.0000 0.0000 0.0583 0.8796 0.0621 0.0000 0.0000 0.0000 0.0000
0.0000 0.0000 0.0000 0.0000 0.0000 0.0621 0.8799 0.0580 0.0000 0.0000 0.0000
0.0000 0.0000 0.0000 0.0000 0.0000 0.0000 0.0580 0.8820 0.0599 0.0000 0.0000
0.0000 0.0000 0.0000 0.0000 0.0000 0.0000 0.0000 0.0599 0.8815 0.0585 0.0000
0.0000 0.0000 0.0000 0.0000 0.0000 0.0000 0.0000 0.0000 0.0585 0.8860 0.0555
0.0000 0.0000 0.0000 0.0000 0.0000 0.0000 0.0000 0.0000 0.0000 0.0555 0.9445
#DG from neighbouring lambda in kcal/mol
0.0000 0.1000 30.6854 0.0369
0.1000 0.2000 26.4633 0.0359
0.2000 0.3000 22.0792 0.0349
0.3000 0.4000 17.6921 0.0317
0.4000 0.5000 13.1065 0.0337
0.5000 0.6000 8.4014 0.0325
0.6000 0.7000 3.6149 0.0338
0.7000 0.8000 -1.1371 0.0331
0.8000 0.9000 -6.3244 0.0336
0.9000 1.0000 -11.3628 0.0346
#PMF from MBAR in kcal/mol
0.0000 0.0000 0.0000
0.1000 30.6854 0.0369
0.2000 57.1487 0.0529
0.3000 79.2279 0.0646
0.4000 96.9200 0.0730
0.5000 110.0265 0.0813
0.6000 118.4279 0.0884
0.7000 122.0428 0.0954
0.8000 120.9057 0.1017
0.9000 114.5813 0.1078
1.0000 103.2185 0.1139
#TI average gradients and standard deviation in kcal/mol
0.0000 327.1187 22.9121
0.1000 286.3375 22.5972
0.2000 242.9174 22.1785
0.3000 197.8181 21.7310
0.4000 155.0554 21.4135
0.5000 107.0411 21.1923
0.6000 60.6740 21.4116
0.7000 12.3621 21.0204
0.8000 -36.9420 22.6663
0.9000 -87.4061 21.6088
1.0000 -137.0899 21.5971
#PMF from TI in kcal/mol
0.0000 0.0000
0.1000 30.6728
0.2000 57.1356
0.3000 79.1723
0.4000 96.8160
0.5000 109.9208
0.6000 118.3066
0.7000 121.9584
0.8000 120.7294
0.9000 114.5120
1.0000 103.2872
#MBAR free energy difference in kcal/mol: 
103.218515, 0.113913  #WARNING SUBSAMPLING DISABLED, CONSIDER RERUN WITH SUBSAMPLING OPTION
#TI free energy difference in kcal/mol: 
103.287203  #WARNING SUBSAMPLING DISABLED, CONSIDER RERUN WITH SUBSAMPLING OPTION 
Starting /export/users/common/BioSimSpace/sire.app/bin/analyse_freenrg: number of threads equals 32
