# Analysing data contained in file(s) ['lambda_0.0000/simfile.dat', 'lambda_0.1000/simfile.dat', 'lambda_0.2000/simfile.dat', 'lambda_0.3000/simfile.dat', 'lambda_0.4000/simfile.dat', 'lambda_0.5000/simfile.dat', 'lambda_0.6000/simfile.dat', 'lambda_0.7000/simfile.dat', 'lambda_0.8000/simfile.dat', 'lambda_0.9000/simfile.dat', 'lambda_1.0000/simfile.dat']
#Overlap matrix
0.9750 0.0250 0.0000 0.0000 0.0000 0.0000 0.0000 0.0000 0.0000 0.0000 0.0000
0.0250 0.9479 0.0270 0.0000 0.0000 0.0000 0.0000 0.0000 0.0000 0.0000 0.0000
0.0000 0.0270 0.9511 0.0219 0.0000 0.0000 0.0000 0.0000 0.0000 0.0000 0.0000
0.0000 0.0000 0.0219 0.9186 0.0595 0.0001 0.0000 0.0000 0.0000 0.0000 0.0000
0.0000 0.0000 0.0000 0.0595 0.9261 0.0144 0.0000 0.0000 0.0000 0.0000 0.0000
0.0000 0.0000 0.0000 0.0001 0.0144 0.9606 0.0249 0.0000 0.0000 0.0000 0.0000
0.0000 0.0000 0.0000 0.0000 0.0000 0.0249 0.9389 0.0362 0.0000 0.0000 0.0000
0.0000 0.0000 0.0000 0.0000 0.0000 0.0000 0.0362 0.9296 0.0342 0.0000 0.0000
0.0000 0.0000 0.0000 0.0000 0.0000 0.0000 0.0000 0.0342 0.9304 0.0355 0.0000
0.0000 0.0000 0.0000 0.0000 0.0000 0.0000 0.0000 0.0000 0.0355 0.9336 0.0309
0.0000 0.0000 0.0000 0.0000 0.0000 0.0000 0.0000 0.0000 0.0000 0.0309 0.9691
#DG from neighbouring lambda in kcal/mol
0.0000 0.1000 21.7917 0.0533
0.1000 0.2000 17.9719 0.0512
0.2000 0.3000 14.6505 0.0572
0.3000 0.4000 15.8116 0.0333
0.4000 0.5000 18.8050 0.0709
0.5000 0.6000 15.6599 0.0534
0.6000 0.7000 12.4384 0.0438
0.7000 0.8000 9.5924 0.0452
0.8000 0.9000 8.0497 0.0443
0.9000 1.0000 10.4414 0.0477
#PMF from MBAR in kcal/mol
0.0000 0.0000 0.0000
0.1000 21.7917 0.0533
0.2000 39.7636 0.0749
0.3000 54.4141 0.0950
0.4000 70.2257 0.1014
0.5000 89.0306 0.1243
0.6000 104.6905 0.1358
0.7000 117.1289 0.1432
0.8000 126.7213 0.1507
0.9000 134.7710 0.1575
1.0000 145.2124 0.1650
#TI average gradients and standard deviation in kcal/mol
0.0000 224.0434 27.9995
0.1000 198.3436 26.1727
0.2000 161.9835 27.4351
0.3000 139.1347 24.6989
0.4000 187.6684 24.5191
0.5000 174.3691 27.0362
0.6000 138.5629 25.2635
0.7000 108.3865 25.4311
0.8000 84.7223 25.1330
0.9000 80.8303 25.4106
1.0000 151.2192 26.3455
#PMF from TI in kcal/mol
0.0000 0.0000
0.1000 21.1193
0.2000 39.1357
0.3000 54.1916
0.4000 70.5318
0.5000 88.6336
0.6000 104.2802
0.7000 116.6277
0.8000 126.2832
0.9000 134.5608
1.0000 146.1633
#MBAR free energy difference in kcal/mol: 
145.212371, 0.165046  #WARNING SUBSAMPLING DISABLED, CONSIDER RERUN WITH SUBSAMPLING OPTION
#TI free energy difference in kcal/mol: 
146.163263  #WARNING SUBSAMPLING DISABLED, CONSIDER RERUN WITH SUBSAMPLING OPTION 
Starting /export/users/common/BioSimSpace/sire.app/bin/analyse_freenrg: number of threads equals 32
