# Analysing data contained in file(s) ['lambda_0.0000/simfile.dat', 'lambda_0.1000/simfile.dat', 'lambda_0.2000/simfile.dat', 'lambda_0.3000/simfile.dat', 'lambda_0.4000/simfile.dat', 'lambda_0.5000/simfile.dat', 'lambda_0.6000/simfile.dat', 'lambda_0.7000/simfile.dat', 'lambda_0.8000/simfile.dat', 'lambda_0.9000/simfile.dat', 'lambda_1.0000/simfile.dat']
#Overlap matrix
0.9402 0.0598 0.0000 0.0000 0.0000 0.0000 0.0000 0.0000 0.0000 0.0000 0.0000
0.0598 0.8683 0.0719 0.0000 0.0000 0.0000 0.0000 0.0000 0.0000 0.0000 0.0000
0.0000 0.0719 0.8473 0.0807 0.0001 0.0000 0.0000 0.0000 0.0000 0.0000 0.0000
0.0000 0.0000 0.0807 0.8313 0.0879 0.0001 0.0000 0.0000 0.0000 0.0000 0.0000
0.0000 0.0000 0.0001 0.0879 0.8664 0.0456 0.0000 0.0000 0.0000 0.0000 0.0000
0.0000 0.0000 0.0000 0.0001 0.0456 0.8900 0.0643 0.0001 0.0000 0.0000 0.0000
0.0000 0.0000 0.0000 0.0000 0.0000 0.0643 0.8615 0.0741 0.0001 0.0000 0.0000
0.0000 0.0000 0.0000 0.0000 0.0000 0.0001 0.0741 0.8462 0.0796 0.0001 0.0000
0.0000 0.0000 0.0000 0.0000 0.0000 0.0000 0.0001 0.0796 0.8474 0.0728 0.0001
0.0000 0.0000 0.0000 0.0000 0.0000 0.0000 0.0000 0.0001 0.0728 0.8566 0.0705
0.0000 0.0000 0.0000 0.0000 0.0000 0.0000 0.0000 0.0000 0.0001 0.0705 0.9294
#DG from neighbouring lambda in kcal/mol
0.0000 0.1000 0.5154 0.0332
0.1000 0.2000 -0.1571 0.0298
0.2000 0.3000 -0.8566 0.0279
0.3000 0.4000 -0.4233 0.0265
0.4000 0.5000 0.7659 0.0386
0.5000 0.6000 0.2872 0.0318
0.6000 0.7000 0.1779 0.0293
0.7000 0.8000 0.3003 0.0281
0.8000 0.9000 0.8455 0.0296
0.9000 1.0000 2.8245 0.0302
#PMF from MBAR in kcal/mol
0.0000 0.0000 0.0000
0.1000 0.5154 0.0332
0.2000 0.3583 0.0463
0.3000 -0.4983 0.0554
0.4000 -0.9216 0.0626
0.5000 -0.1557 0.0745
0.6000 0.1315 0.0819
0.7000 0.3094 0.0879
0.8000 0.6098 0.0930
0.9000 1.4553 0.0984
1.0000 4.2798 0.1036
#TI average gradients and standard deviation in kcal/mol
0.0000 4.1510 23.5540
0.1000 1.9411 19.9483
0.2000 -5.8762 19.9775
0.3000 -9.9127 19.0509
0.4000 6.2325 21.0351
0.5000 4.5774 21.7855
0.6000 2.1512 21.2033
0.7000 1.6345 20.4014
0.8000 5.4502 19.9601
0.9000 13.6473 20.5134
1.0000 50.9208 21.1974
#PMF from TI in kcal/mol
0.0000 0.0000
0.1000 0.3046
0.2000 0.1078
0.3000 -0.6816
0.4000 -0.8656
0.5000 -0.3251
0.6000 0.0113
0.7000 0.2006
0.8000 0.5548
0.9000 1.5097
1.0000 4.7381
#MBAR free energy difference in kcal/mol: 
4.279837, 0.103596  #WARNING SUBSAMPLING DISABLED, CONSIDER RERUN WITH SUBSAMPLING OPTION
#TI free energy difference in kcal/mol: 
4.738122  #WARNING SUBSAMPLING DISABLED, CONSIDER RERUN WITH SUBSAMPLING OPTION 
Starting /export/users/common/BioSimSpace/sire.app/bin/analyse_freenrg: number of threads equals 32
