# Analysing data contained in file(s) ['lambda_0.0000/simfile.dat', 'lambda_0.1000/simfile.dat', 'lambda_0.2000/simfile.dat', 'lambda_0.3000/simfile.dat', 'lambda_0.4000/simfile.dat', 'lambda_0.5000/simfile.dat', 'lambda_0.6000/simfile.dat', 'lambda_0.7000/simfile.dat', 'lambda_0.8000/simfile.dat', 'lambda_0.9000/simfile.dat', 'lambda_1.0000/simfile.dat']
#Overlap matrix
0.9877 0.0123 0.0000 0.0000 0.0000 0.0000 0.0000 0.0000 0.0000 0.0000 0.0000
0.0123 0.9687 0.0191 0.0000 0.0000 0.0000 0.0000 0.0000 0.0000 0.0000 0.0000
0.0000 0.0191 0.9584 0.0225 0.0000 0.0000 0.0000 0.0000 0.0000 0.0000 0.0000
0.0000 0.0000 0.0225 0.9277 0.0498 0.0001 0.0000 0.0000 0.0000 0.0000 0.0000
0.0000 0.0000 0.0000 0.0498 0.8734 0.0768 0.0000 0.0000 0.0000 0.0000 0.0000
0.0000 0.0000 0.0000 0.0001 0.0768 0.8506 0.0725 0.0000 0.0000 0.0000 0.0000
0.0000 0.0000 0.0000 0.0000 0.0000 0.0725 0.8575 0.0699 0.0000 0.0000 0.0000
0.0000 0.0000 0.0000 0.0000 0.0000 0.0000 0.0699 0.8616 0.0684 0.0000 0.0000
0.0000 0.0000 0.0000 0.0000 0.0000 0.0000 0.0000 0.0684 0.8665 0.0651 0.0000
0.0000 0.0000 0.0000 0.0000 0.0000 0.0000 0.0000 0.0000 0.0651 0.8825 0.0524
0.0000 0.0000 0.0000 0.0000 0.0000 0.0000 0.0000 0.0000 0.0000 0.0524 0.9476
#DG from neighbouring lambda in kcal/mol
0.0000 0.1000 8.9722 0.0771
0.1000 0.2000 7.0123 0.0614
0.2000 0.3000 4.1881 0.0564
0.3000 0.4000 1.9672 0.0368
0.4000 0.5000 0.4109 0.0287
0.5000 0.6000 -2.9987 0.0297
0.6000 0.7000 -7.0446 0.0303
0.7000 0.8000 -10.9230 0.0307
0.8000 0.9000 -14.4726 0.0316
0.9000 1.0000 -17.3923 0.0358
#PMF from MBAR in kcal/mol
0.0000 0.0000 0.0000
0.1000 8.9722 0.0771
0.2000 15.9845 0.0993
0.3000 20.1726 0.1149
0.4000 22.1398 0.1212
0.5000 22.5507 0.1252
0.6000 19.5520 0.1292
0.7000 12.5074 0.1333
0.8000 1.5844 0.1373
0.9000 -12.8883 0.1415
1.0000 -30.2805 0.1464
#TI average gradients and standard deviation in kcal/mol
0.0000 30654.4018 1110060.2280
0.1000 83.5583 28.5987
0.2000 56.2770 27.8661
0.3000 27.1574 26.2441
0.4000 14.1972 20.6819
0.5000 -10.6117 20.7008
0.6000 -49.6192 20.6302
0.7000 -90.5167 20.1996
0.8000 -128.1514 21.2383
0.9000 -160.1481 21.3661
1.0000 -672467.6885 46286667.4730
#PMF from TI in kcal/mol
0.0000 0.0000
0.1000 1536.8980
0.2000 1543.8898
0.3000 1548.0615
0.4000 1550.1292
0.5000 1550.3085
0.6000 1547.2969
0.7000 1540.2902
0.8000 1529.3567
0.9000 1514.9418
1.0000 -32116.4501
#MBAR free energy difference in kcal/mol: 
-30.280509, 0.146410  #WARNING SUBSAMPLING DISABLED, CONSIDER RERUN WITH SUBSAMPLING OPTION
#TI free energy difference in kcal/mol: 
-32116.450063  #WARNING SUBSAMPLING DISABLED, CONSIDER RERUN WITH SUBSAMPLING OPTION 
Starting /export/users/common/BioSimSpace/sire.app/bin/analyse_freenrg: number of threads equals 32
