# Analysing data contained in file(s) ['lambda_0.0000/simfile.dat', 'lambda_0.1000/simfile.dat', 'lambda_0.2000/simfile.dat', 'lambda_0.3000/simfile.dat', 'lambda_0.4000/simfile.dat', 'lambda_0.5000/simfile.dat', 'lambda_0.6000/simfile.dat', 'lambda_0.7000/simfile.dat', 'lambda_0.8000/simfile.dat', 'lambda_0.9000/simfile.dat', 'lambda_1.0000/simfile.dat']
#Overlap matrix
0.9193 0.0804 0.0003 0.0000 0.0000 0.0000 0.0000 0.0000 0.0000 0.0000 0.0000
0.0804 0.7759 0.1422 0.0015 0.0000 0.0000 0.0000 0.0000 0.0000 0.0000 0.0000
0.0003 0.1422 0.6976 0.1578 0.0021 0.0000 0.0000 0.0000 0.0000 0.0000 0.0000
0.0000 0.0015 0.1578 0.6878 0.1512 0.0016 0.0000 0.0000 0.0000 0.0000 0.0000
0.0000 0.0000 0.0021 0.1512 0.7130 0.1327 0.0010 0.0000 0.0000 0.0000 0.0000
0.0000 0.0000 0.0000 0.0016 0.1327 0.7466 0.1184 0.0007 0.0000 0.0000 0.0000
0.0000 0.0000 0.0000 0.0000 0.0010 0.1184 0.7630 0.1169 0.0006 0.0000 0.0000
0.0000 0.0000 0.0000 0.0000 0.0000 0.0007 0.1169 0.7718 0.1103 0.0004 0.0000
0.0000 0.0000 0.0000 0.0000 0.0000 0.0000 0.0006 0.1103 0.8012 0.0879 0.0001
0.0000 0.0000 0.0000 0.0000 0.0000 0.0000 0.0000 0.0004 0.0879 0.8630 0.0488
0.0000 0.0000 0.0000 0.0000 0.0000 0.0000 0.0000 0.0000 0.0001 0.0488 0.9512
#DG from neighbouring lambda in kcal/mol
0.0000 0.1000 -0.5412 0.0279
0.1000 0.2000 -0.8778 0.0192
0.2000 0.3000 -0.8567 0.0177
0.3000 0.4000 -0.7556 0.0183
0.4000 0.5000 -0.7072 0.0201
0.5000 0.6000 -0.7944 0.0218
0.6000 0.7000 -1.0902 0.0220
0.7000 0.8000 -1.1135 0.0229
0.8000 0.9000 -0.5126 0.0264
0.9000 1.0000 0.5654 0.0372
#PMF from MBAR in kcal/mol
0.0000 0.0000 0.0000
0.1000 -0.5412 0.0279
0.2000 -1.4190 0.0360
0.3000 -2.2758 0.0418
0.4000 -3.0314 0.0471
0.5000 -3.7386 0.0525
0.6000 -4.5330 0.0581
0.7000 -5.6232 0.0632
0.8000 -6.7367 0.0683
0.9000 -7.2493 0.0742
1.0000 -6.6839 0.0839
#TI average gradients and standard deviation in kcal/mol
0.0000 -6.1990 23.3939
0.1000 -8.6576 17.2337
0.2000 -8.5249 15.2531
0.3000 -8.5191 14.8397
0.4000 -6.9861 16.2448
0.5000 -6.7626 17.1413
0.6000 -9.8228 17.4643
0.7000 -11.6949 17.6505
0.8000 -9.2538 18.2179
0.9000 -0.4853 20.8426
1.0000 16.9610 23.2429
#PMF from TI in kcal/mol
0.0000 0.0000
0.1000 -0.7428
0.2000 -1.6020
0.3000 -2.4542
0.4000 -3.2294
0.5000 -3.9169
0.6000 -4.7461
0.7000 -5.8220
0.8000 -6.8694
0.9000 -7.3564
1.0000 -6.5326
#MBAR free energy difference in kcal/mol: 
-6.683877, 0.083892  #WARNING SUBSAMPLING DISABLED, CONSIDER RERUN WITH SUBSAMPLING OPTION
#TI free energy difference in kcal/mol: 
-6.532620  #WARNING SUBSAMPLING DISABLED, CONSIDER RERUN WITH SUBSAMPLING OPTION 
Starting /export/users/common/BioSimSpace/sire.app/bin/analyse_freenrg: number of threads equals 32
