# Analysing data contained in file(s) ['lambda_0.0000/simfile.dat', 'lambda_0.1000/simfile.dat', 'lambda_0.2000/simfile.dat', 'lambda_0.3000/simfile.dat', 'lambda_0.4000/simfile.dat', 'lambda_0.5000/simfile.dat', 'lambda_0.6000/simfile.dat', 'lambda_0.7000/simfile.dat', 'lambda_0.8000/simfile.dat', 'lambda_0.9000/simfile.dat', 'lambda_1.0000/simfile.dat']
#Overlap matrix
0.9749 0.0251 0.0000 0.0000 0.0000 0.0000 0.0000 0.0000 0.0000 0.0000 0.0000
0.0251 0.9311 0.0438 0.0000 0.0000 0.0000 0.0000 0.0000 0.0000 0.0000 0.0000
0.0000 0.0438 0.8994 0.0568 0.0000 0.0000 0.0000 0.0000 0.0000 0.0000 0.0000
0.0000 0.0000 0.0568 0.8897 0.0535 0.0000 0.0000 0.0000 0.0000 0.0000 0.0000
0.0000 0.0000 0.0000 0.0535 0.8924 0.0541 0.0000 0.0000 0.0000 0.0000 0.0000
0.0000 0.0000 0.0000 0.0000 0.0541 0.8557 0.0902 0.0000 0.0000 0.0000 0.0000
0.0000 0.0000 0.0000 0.0000 0.0000 0.0902 0.9092 0.0006 0.0000 0.0000 0.0000
0.0000 0.0000 0.0000 0.0000 0.0000 0.0000 0.0006 0.9798 0.0196 0.0000 0.0000
0.0000 0.0000 0.0000 0.0000 0.0000 0.0000 0.0000 0.0196 0.9681 0.0124 0.0000
0.0000 0.0000 0.0000 0.0000 0.0000 0.0000 0.0000 0.0000 0.0124 0.9757 0.0119
0.0000 0.0000 0.0000 0.0000 0.0000 0.0000 0.0000 0.0000 0.0000 0.0119 0.9881
#DG from neighbouring lambda in kcal/mol
0.0000 0.1000 -8.7194 0.0532
0.1000 0.2000 -5.8628 0.0395
0.2000 0.3000 -6.2601 0.0342
0.3000 0.4000 -8.6960 0.0354
0.4000 0.5000 -12.2037 0.0351
0.5000 0.6000 -11.7046 0.0261
0.6000 0.7000 -1.7981 0.3402
0.7000 0.8000 -7.0565 0.0606
0.8000 0.9000 -6.9858 0.0768
0.9000 1.0000 -8.1331 0.0784
#PMF from MBAR in kcal/mol
0.0000 0.0000 0.0000
0.1000 -8.7194 0.0532
0.2000 -14.5821 0.0673
0.3000 -20.8422 0.0765
0.4000 -29.5382 0.0851
0.5000 -41.7419 0.0929
0.6000 -53.4465 0.0973
0.7000 -55.2446 0.3540
0.8000 -62.3011 0.3594
0.9000 -69.2869 0.3677
1.0000 -77.4200 0.3761
#TI average gradients and standard deviation in kcal/mol
0.0000 -126.1863 30.9249
0.1000 -64.6812 24.6256
0.2000 -56.8806 21.8502
0.3000 -70.9454 21.7363
0.4000 -104.2058 21.4469
0.5000 -135.8259 20.7741
0.6000 -70.4375 21.6969
0.7000 -74.7578 36.3952
0.8000 -67.4120 29.1574
0.9000 -74.8348 29.3980
1.0000 -80.3165 32.3398
#PMF from TI in kcal/mol
0.0000 0.0000
0.1000 -9.5434
0.2000 -15.6215
0.3000 -22.0128
0.4000 -30.7703
0.5000 -42.7719
0.6000 -53.0851
0.7000 -60.3448
0.8000 -67.4533
0.9000 -74.5657
1.0000 -82.3232
#MBAR free energy difference in kcal/mol: 
-77.420031, 0.376138  #WARNING SUBSAMPLING DISABLED, CONSIDER RERUN WITH SUBSAMPLING OPTION
#TI free energy difference in kcal/mol: 
-82.323233  #WARNING SUBSAMPLING DISABLED, CONSIDER RERUN WITH SUBSAMPLING OPTION 
Starting /export/users/common/BioSimSpace/sire.app/bin/analyse_freenrg: number of threads equals 32
