# Analysing data contained in file(s) ['lambda_0.0000/simfile.dat', 'lambda_0.1000/simfile.dat', 'lambda_0.2000/simfile.dat', 'lambda_0.3000/simfile.dat', 'lambda_0.4000/simfile.dat', 'lambda_0.5000/simfile.dat', 'lambda_0.6000/simfile.dat', 'lambda_0.7000/simfile.dat', 'lambda_0.8000/simfile.dat', 'lambda_0.9000/simfile.dat', 'lambda_1.0000/simfile.dat']
#Overlap matrix
0.8405 0.1591 0.0004 0.0000 0.0000 0.0000 0.0000 0.0000 0.0000 0.0000 0.0000
0.1591 0.7403 0.0999 0.0007 0.0000 0.0000 0.0000 0.0000 0.0000 0.0000 0.0000
0.0004 0.0999 0.7454 0.1527 0.0017 0.0000 0.0000 0.0000 0.0000 0.0000 0.0000
0.0000 0.0007 0.1527 0.7074 0.1373 0.0020 0.0000 0.0000 0.0000 0.0000 0.0000
0.0000 0.0000 0.0017 0.1373 0.7309 0.1294 0.0008 0.0000 0.0000 0.0000 0.0000
0.0000 0.0000 0.0000 0.0020 0.1294 0.8238 0.0449 0.0000 0.0000 0.0000 0.0000
0.0000 0.0000 0.0000 0.0000 0.0008 0.0449 0.9543 0.0000 0.0000 0.0000 0.0000
0.0000 0.0000 0.0000 0.0000 0.0000 0.0000 0.0000 0.9999 0.0001 0.0000 0.0000
0.0000 0.0000 0.0000 0.0000 0.0000 0.0000 0.0000 0.0001 0.9986 0.0013 0.0000
0.0000 0.0000 0.0000 0.0000 0.0000 0.0000 0.0000 0.0000 0.0013 0.9948 0.0039
0.0000 0.0000 0.0000 0.0000 0.0000 0.0000 0.0000 0.0000 0.0000 0.0039 0.9961
#DG from neighbouring lambda in kcal/mol
0.0000 0.1000 0.6973 0.0179
0.1000 0.2000 -1.7510 0.0243
0.2000 0.3000 -5.0355 0.0182
0.3000 0.4000 -7.8307 0.0195
0.4000 0.5000 -9.0369 0.0204
0.5000 0.6000 -0.8943 0.0386
0.6000 0.7000 21.7318 0.6132
0.7000 0.8000 14.4112 0.7987
0.8000 0.9000 12.6309 0.2382
0.9000 1.0000 12.4798 0.1382
#PMF from MBAR in kcal/mol
0.0000 0.0000 0.0000
0.1000 0.6973 0.0179
0.2000 -1.0537 0.0325
0.3000 -6.0892 0.0392
0.4000 -13.9199 0.0453
0.5000 -22.9568 0.0510
0.6000 -23.8511 0.0650
0.7000 -2.1193 0.6126
0.8000 12.2919 0.2371
0.9000 24.9228 0.2371
1.0000 37.4025 0.2566
#TI average gradients and standard deviation in kcal/mol
0.0000 -3.8299 14.5281
0.1000 -0.5945 16.9660
0.2000 -35.8300 15.4471
0.3000 -64.8253 15.6121
0.4000 -90.3509 16.9465
0.5000 -77.0729 18.4106
0.6000 105.7312 34.5277
0.7000 129.0455 42.1823
0.8000 133.4848 42.9338
0.9000 120.9414 37.2728
1.0000 132.3018 32.1946
#PMF from TI in kcal/mol
0.0000 0.0000
0.1000 -0.2212
0.2000 -2.0424
0.3000 -7.0752
0.4000 -14.8340
0.5000 -23.2052
0.6000 -21.7723
0.7000 -10.0335
0.8000 3.0931
0.9000 15.8144
1.0000 28.4765
#MBAR free energy difference in kcal/mol: 
37.402539, 0.256635  #WARNING SUBSAMPLING DISABLED, CONSIDER RERUN WITH SUBSAMPLING OPTION
#TI free energy difference in kcal/mol: 
28.476524  #WARNING SUBSAMPLING DISABLED, CONSIDER RERUN WITH SUBSAMPLING OPTION 
Starting /export/users/common/BioSimSpace/sire.app/bin/analyse_freenrg: number of threads equals 32
