# Analysing data contained in file(s) ['lambda_0.0000/simfile.dat', 'lambda_0.1000/simfile.dat', 'lambda_0.2000/simfile.dat', 'lambda_0.3000/simfile.dat', 'lambda_0.4000/simfile.dat', 'lambda_0.5000/simfile.dat', 'lambda_0.6000/simfile.dat', 'lambda_0.7000/simfile.dat', 'lambda_0.8000/simfile.dat', 'lambda_0.9000/simfile.dat', 'lambda_1.0000/simfile.dat']
#Overlap matrix
0.8867 0.1125 0.0008 0.0000 0.0000 0.0000 0.0000 0.0000 0.0000 0.0000 0.0000
0.1125 0.7239 0.1613 0.0024 0.0000 0.0000 0.0000 0.0000 0.0000 0.0000 0.0000
0.0008 0.1613 0.6675 0.1678 0.0026 0.0000 0.0000 0.0000 0.0000 0.0000 0.0000
0.0000 0.0024 0.1678 0.6580 0.1681 0.0037 0.0000 0.0000 0.0000 0.0000 0.0000
0.0000 0.0000 0.0026 0.1681 0.6399 0.1847 0.0046 0.0000 0.0000 0.0000 0.0000
0.0000 0.0000 0.0000 0.0037 0.1847 0.6316 0.1781 0.0018 0.0000 0.0000 0.0000
0.0000 0.0000 0.0000 0.0000 0.0046 0.1781 0.6976 0.1154 0.0043 0.0000 0.0000
0.0000 0.0000 0.0000 0.0000 0.0000 0.0035 0.2197 0.5613 0.2134 0.0021 0.0000
0.0000 0.0000 0.0000 0.0000 0.0000 0.0000 0.0043 0.1121 0.7457 0.1372 0.0007
0.0000 0.0000 0.0000 0.0000 0.0000 0.0000 0.0000 0.0011 0.1372 0.7524 0.1093
0.0000 0.0000 0.0000 0.0000 0.0000 0.0000 0.0000 0.0000 0.0007 0.1093 0.8900
#DG from neighbouring lambda in kcal/mol
0.0000 0.1000 -3.2773 0.0226
0.1000 0.2000 -3.9230 0.0175
0.2000 0.3000 -3.8783 0.0168
0.3000 0.4000 -3.7660 0.0167
0.4000 0.5000 -3.3901 0.0154
0.5000 0.6000 -2.7024 0.0160
0.6000 0.7000 -2.0671 0.0200
0.7000 0.8000 -1.1951 0.0205
0.8000 0.9000 0.0957 0.0197
0.9000 1.0000 1.6014 0.0230
#PMF from MBAR in kcal/mol
0.0000 0.0000 0.0000
0.1000 -3.2773 0.0226
0.2000 -7.2003 0.0310
0.3000 -11.0785 0.0371
0.4000 -14.8445 0.0424
0.5000 -18.2346 0.0466
0.6000 -20.9370 0.0505
0.7000 -23.0041 0.0556
0.8000 -24.1992 0.0613
0.9000 -24.1035 0.0654
1.0000 -22.5021 0.0704
#TI average gradients and standard deviation in kcal/mol
0.0000 -27.1360 18.6800
0.1000 -38.4353 15.4029
0.2000 -39.1569 14.7749
0.3000 -38.1946 14.5414
0.4000 -36.7742 14.1303
0.5000 -30.3210 13.9738
0.6000 -23.5885 14.4837
0.7000 -9.1992 13.6602
0.8000 -6.0222 15.7171
0.9000 7.6518 17.1184
1.0000 26.1122 18.7969
#PMF from TI in kcal/mol
0.0000 0.0000
0.1000 -3.2786
0.2000 -7.1582
0.3000 -11.0257
0.4000 -14.7742
0.5000 -18.1289
0.6000 -20.8244
0.7000 -22.4638
0.8000 -23.2249
0.9000 -23.1434
1.0000 -21.4552
#MBAR free energy difference in kcal/mol: 
-22.502051, 0.070382  #WARNING SUBSAMPLING DISABLED, CONSIDER RERUN WITH SUBSAMPLING OPTION
#TI free energy difference in kcal/mol: 
-21.455194  #WARNING SUBSAMPLING DISABLED, CONSIDER RERUN WITH SUBSAMPLING OPTION 
Starting /export/users/common/BioSimSpace/sire.app/bin/analyse_freenrg: number of threads equals 32
