# Analysing data contained in file(s) ['lambda_0.0000/simfile.dat', 'lambda_0.1000/simfile.dat', 'lambda_0.2000/simfile.dat', 'lambda_0.3000/simfile.dat', 'lambda_0.4000/simfile.dat', 'lambda_0.5000/simfile.dat', 'lambda_0.6000/simfile.dat', 'lambda_0.7000/simfile.dat', 'lambda_0.8000/simfile.dat', 'lambda_0.9000/simfile.dat', 'lambda_1.0000/simfile.dat']
#Overlap matrix
0.9815 0.0185 0.0000 0.0000 0.0000 0.0000 0.0000 0.0000 0.0000 0.0000 0.0000
0.0185 0.9729 0.0086 0.0000 0.0000 0.0000 0.0000 0.0000 0.0000 0.0000 0.0000
0.0000 0.0086 0.9822 0.0092 0.0000 0.0000 0.0000 0.0000 0.0000 0.0000 0.0000
0.0000 0.0000 0.0092 0.9908 0.0000 0.0000 0.0000 0.0000 0.0000 0.0000 0.0000
0.0000 0.0000 0.0000 0.0000 0.8916 0.1075 0.0008 0.0000 0.0000 0.0000 0.0000
0.0000 0.0000 0.0000 0.0000 0.1075 0.7686 0.1235 0.0004 0.0000 0.0000 0.0000
0.0000 0.0000 0.0000 0.0000 0.0008 0.1235 0.7637 0.1119 0.0001 0.0000 0.0000
0.0000 0.0000 0.0000 0.0000 0.0000 0.0004 0.1119 0.8242 0.0635 0.0000 0.0000
0.0000 0.0000 0.0000 0.0000 0.0000 0.0000 0.0001 0.0635 0.8505 0.0859 0.0001
0.0000 0.0000 0.0000 0.0000 0.0000 0.0000 0.0000 0.0000 0.0859 0.8413 0.0728
0.0000 0.0000 0.0000 0.0000 0.0000 0.0000 0.0000 0.0000 0.0001 0.0728 0.9271
#DG from neighbouring lambda in kcal/mol
0.0000 0.1000 -3.5117 0.0624
0.1000 0.2000 -3.9046 0.0922
0.2000 0.3000 -3.5765 0.0895
0.3000 0.4000 -8.0296 5.1170
0.4000 0.5000 4.0663 0.0233
0.5000 0.6000 7.9300 0.0212
0.6000 0.7000 6.3259 0.0227
0.7000 0.8000 3.6606 0.0320
0.8000 0.9000 1.6149 0.0269
0.9000 1.0000 2.4162 0.0296
#PMF from MBAR in kcal/mol
0.0000 0.0000 0.0000
0.1000 -3.5117 0.0624
0.2000 -7.4163 0.1120
0.3000 -10.9929 0.1439
0.4000 -19.0225 5.1190
0.5000 -14.9562 5.1191
0.6000 -7.0262 5.1192
0.7000 -0.7003 5.1192
0.8000 2.9603 5.1193
0.9000 4.5752 5.1194
1.0000 6.9914 5.1195
#TI average gradients and standard deviation in kcal/mol
0.0000 -38.6821 27.6106
0.1000 -35.5358 29.8186
0.2000 -39.7703 32.5274
0.3000 -24.8358 29.8406
0.4000 -28.7020 24.6373
0.5000 78.1437 16.7685
0.6000 73.9734 16.5224
0.7000 51.9470 18.3967
0.8000 20.3739 20.9940
0.9000 17.3029 19.2313
1.0000 -26252.9982 1151142.1626
#PMF from TI in kcal/mol
0.0000 0.0000
0.1000 -3.7109
0.2000 -7.4762
0.3000 -10.7065
0.4000 -13.3834
0.5000 -10.9113
0.6000 -3.3054
0.7000 2.9906
0.8000 6.6066
0.9000 8.4905
1.0000 -1303.2943
#MBAR free energy difference in kcal/mol: 
6.991417, 5.119516  #WARNING SUBSAMPLING DISABLED, CONSIDER RERUN WITH SUBSAMPLING OPTION
#TI free energy difference in kcal/mol: 
-1303.294296  #WARNING SUBSAMPLING DISABLED, CONSIDER RERUN WITH SUBSAMPLING OPTION 
Starting /export/users/common/BioSimSpace/sire.app/bin/analyse_freenrg: number of threads equals 32
