# Analysing data contained in file(s) ['lambda_0.0000/simfile.dat', 'lambda_0.1000/simfile.dat', 'lambda_0.2000/simfile.dat', 'lambda_0.3000/simfile.dat', 'lambda_0.4000/simfile.dat', 'lambda_0.5000/simfile.dat', 'lambda_0.6000/simfile.dat', 'lambda_0.7000/simfile.dat', 'lambda_0.8000/simfile.dat', 'lambda_0.9000/simfile.dat', 'lambda_1.0000/simfile.dat']
#Overlap matrix
0.8414 0.1573 0.0013 0.0000 0.0000 0.0000 0.0000 0.0000 0.0000 0.0000 0.0000
0.1573 0.6993 0.1427 0.0008 0.0000 0.0000 0.0000 0.0000 0.0000 0.0000 0.0000
0.0013 0.1427 0.7230 0.1327 0.0003 0.0000 0.0000 0.0000 0.0000 0.0000 0.0000
0.0000 0.0008 0.1327 0.7531 0.1132 0.0002 0.0000 0.0000 0.0000 0.0000 0.0000
0.0000 0.0000 0.0003 0.1132 0.7886 0.0978 0.0001 0.0000 0.0000 0.0000 0.0000
0.0000 0.0000 0.0000 0.0002 0.0978 0.8297 0.0724 0.0000 0.0000 0.0000 0.0000
0.0000 0.0000 0.0000 0.0000 0.0001 0.0724 0.9042 0.0233 0.0000 0.0000 0.0000
0.0000 0.0000 0.0000 0.0000 0.0000 0.0000 0.0233 0.9765 0.0001 0.0000 0.0000
0.0000 0.0000 0.0000 0.0000 0.0000 0.0000 0.0000 0.0001 0.9849 0.0149 0.0000
0.0000 0.0000 0.0000 0.0000 0.0000 0.0000 0.0000 0.0000 0.0149 0.9724 0.0127
0.0000 0.0000 0.0000 0.0000 0.0000 0.0000 0.0000 0.0000 0.0000 0.0127 0.9873
#DG from neighbouring lambda in kcal/mol
0.0000 0.1000 0.7059 0.0180
0.1000 0.2000 -0.9484 0.0192
0.2000 0.3000 -3.1284 0.0202
0.3000 0.4000 -5.9479 0.0225
0.4000 0.5000 -9.0108 0.0248
0.5000 0.6000 -11.9017 0.0297
0.6000 0.7000 -15.0821 0.0553
0.7000 0.8000 -26.6249 0.7434
0.8000 0.9000 -38.9413 0.0697
0.9000 1.0000 -44.8706 0.0758
#PMF from MBAR in kcal/mol
0.0000 0.0000 0.0000
0.1000 0.7059 0.0180
0.2000 -0.2425 0.0288
0.3000 -3.3709 0.0372
0.4000 -9.3188 0.0451
0.5000 -18.3296 0.0529
0.6000 -30.2312 0.0619
0.7000 -45.3133 0.0839
0.8000 -71.9382 0.7483
0.9000 -110.8795 0.7516
1.0000 -155.7502 0.7555
#TI average gradients and standard deviation in kcal/mol
0.0000 11.8446 14.5862
0.1000 -0.3514 15.0916
0.2000 -19.6390 15.6083
0.3000 -44.2238 16.8415
0.4000 -74.7532 17.3963
0.5000 -105.5107 19.3743
0.6000 -131.4295 22.7297
0.7000 -179.6126 32.3706
0.8000 -358.2129 30.0242
0.9000 -418.4866 29.6938
1.0000 -471.1417 27.9349
#PMF from TI in kcal/mol
0.0000 0.0000
0.1000 0.5747
0.2000 -0.4249
0.3000 -3.6180
0.4000 -9.5669
0.5000 -18.5800
0.6000 -30.4271
0.7000 -45.9792
0.8000 -72.8704
0.9000 -111.7054
1.0000 -156.1868
#MBAR free energy difference in kcal/mol: 
-155.750166, 0.755511  #WARNING SUBSAMPLING DISABLED, CONSIDER RERUN WITH SUBSAMPLING OPTION
#TI free energy difference in kcal/mol: 
-156.186838  #WARNING SUBSAMPLING DISABLED, CONSIDER RERUN WITH SUBSAMPLING OPTION 
Starting /export/users/common/BioSimSpace/sire.app/bin/analyse_freenrg: number of threads equals 32
