# Analysing data contained in file(s) ['lambda_0.0000/simfile.dat', 'lambda_0.1000/simfile.dat', 'lambda_0.2000/simfile.dat', 'lambda_0.3000/simfile.dat', 'lambda_0.4000/simfile.dat', 'lambda_0.5000/simfile.dat', 'lambda_0.6000/simfile.dat', 'lambda_0.7000/simfile.dat', 'lambda_0.8000/simfile.dat', 'lambda_0.9000/simfile.dat', 'lambda_1.0000/simfile.dat']
#Overlap matrix
0.9837 0.0163 0.0000 0.0000 0.0000 0.0000 0.0000 0.0000 0.0000 0.0000 0.0000
0.0163 0.9759 0.0078 0.0000 0.0000 0.0000 0.0000 0.0000 0.0000 0.0000 0.0000
0.0000 0.0078 0.9887 0.0035 0.0000 0.0000 0.0000 0.0000 0.0000 0.0000 0.0000
0.0000 0.0000 0.0035 0.9965 0.0000 0.0000 0.0000 0.0000 0.0000 0.0000 0.0000
0.0000 0.0000 0.0000 0.0000 0.9381 0.0605 0.0014 0.0000 0.0000 0.0000 0.0000
0.0000 0.0000 0.0000 0.0000 0.0605 0.7815 0.1555 0.0025 0.0000 0.0000 0.0000
0.0000 0.0000 0.0000 0.0000 0.0014 0.1555 0.6772 0.1645 0.0015 0.0000 0.0000
0.0000 0.0000 0.0000 0.0000 0.0000 0.0025 0.1645 0.6976 0.1352 0.0002 0.0000
0.0000 0.0000 0.0000 0.0000 0.0000 0.0000 0.0015 0.1352 0.7809 0.0824 0.0000
0.0000 0.0000 0.0000 0.0000 0.0000 0.0000 0.0000 0.0002 0.0824 0.8597 0.0577
0.0000 0.0000 0.0000 0.0000 0.0000 0.0000 0.0000 0.0000 0.0000 0.0577 0.9423
#DG from neighbouring lambda in kcal/mol
0.0000 0.1000 -6.3874 0.0667
0.1000 0.2000 -5.5827 0.0971
0.2000 0.3000 -5.3052 0.1456
0.3000 0.4000 -11.0956 56.9531
0.4000 0.5000 3.2004 0.0326
0.5000 0.6000 10.9903 0.0179
0.6000 0.7000 10.5232 0.0172
0.7000 0.8000 8.6292 0.0199
0.8000 0.9000 6.3904 0.0275
0.9000 1.0000 3.9837 0.0339
#PMF from MBAR in kcal/mol
0.0000 0.0000 0.0000
0.1000 -6.3874 0.0667
0.2000 -11.9701 0.1184
0.3000 -17.2753 0.1881
0.4000 -28.3709 56.9534
0.5000 -25.1705 56.9534
0.6000 -14.1802 56.9534
0.7000 -3.6570 56.9534
0.8000 4.9721 56.9534
0.9000 11.3625 56.9534
1.0000 15.3462 56.9534
#TI average gradients and standard deviation in kcal/mol
0.0000 -79.0885 27.3349
0.1000 -56.6645 30.7968
0.2000 -55.1495 35.1164
0.3000 -46.6879 36.4712
0.4000 -71.9765 31.8711
0.5000 95.0701 16.6355
0.6000 112.5481 14.7977
0.7000 96.4035 15.2245
0.8000 75.8453 17.6727
0.9000 50.3581 21.4693
1.0000 34.8734 24.2494
#PMF from TI in kcal/mol
0.0000 0.0000
0.1000 -6.7876
0.2000 -12.3784
0.3000 -17.4702
0.4000 -23.4034
0.5000 -22.2488
0.6000 -11.8678
0.7000 -1.4203
0.8000 7.1922
0.9000 13.5023
1.0000 17.7639
#MBAR free energy difference in kcal/mol: 
15.346179, 56.953411  #WARNING SUBSAMPLING DISABLED, CONSIDER RERUN WITH SUBSAMPLING OPTION
#TI free energy difference in kcal/mol: 
17.763915  #WARNING SUBSAMPLING DISABLED, CONSIDER RERUN WITH SUBSAMPLING OPTION 
Starting /export/users/common/BioSimSpace/sire.app/bin/analyse_freenrg: number of threads equals 32
