# Analysing data contained in file(s) ['lambda_0.0000/simfile.dat', 'lambda_0.1000/simfile.dat', 'lambda_0.2000/simfile.dat', 'lambda_0.3000/simfile.dat', 'lambda_0.4000/simfile.dat', 'lambda_0.5000/simfile.dat', 'lambda_0.6000/simfile.dat', 'lambda_0.7000/simfile.dat', 'lambda_0.8000/simfile.dat', 'lambda_0.9000/simfile.dat', 'lambda_1.0000/simfile.dat']
#Overlap matrix
0.8836 0.1148 0.0015 0.0000 0.0000 0.0000 0.0000 0.0000 0.0000 0.0000 0.0000
0.1148 0.7340 0.1479 0.0033 0.0000 0.0000 0.0000 0.0000 0.0000 0.0000 0.0000
0.0015 0.1479 0.6739 0.1702 0.0063 0.0001 0.0000 0.0000 0.0000 0.0000 0.0000
0.0000 0.0033 0.1702 0.6345 0.1833 0.0086 0.0001 0.0000 0.0000 0.0000 0.0000
0.0000 0.0000 0.0063 0.1833 0.6119 0.1875 0.0107 0.0002 0.0000 0.0000 0.0000
0.0000 0.0000 0.0001 0.0086 0.1875 0.5804 0.2052 0.0178 0.0004 0.0000 0.0000
0.0000 0.0000 0.0000 0.0001 0.0107 0.2052 0.5332 0.2296 0.0209 0.0004 0.0000
0.0000 0.0000 0.0000 0.0000 0.0002 0.0178 0.2296 0.5108 0.2235 0.0179 0.0002
0.0000 0.0000 0.0000 0.0000 0.0000 0.0004 0.0209 0.2235 0.5216 0.2191 0.0146
0.0000 0.0000 0.0000 0.0000 0.0000 0.0000 0.0004 0.0179 0.2191 0.5447 0.2180
0.0000 0.0000 0.0000 0.0000 0.0000 0.0000 0.0000 0.0002 0.0146 0.2180 0.7672
#DG from neighbouring lambda in kcal/mol
0.0000 0.1000 -3.6423 0.0222
0.1000 0.2000 -2.0793 0.0185
0.2000 0.3000 -1.2754 0.0163
0.3000 0.4000 -0.7032 0.0151
0.4000 0.5000 -0.2317 0.0146
0.5000 0.6000 0.1835 0.0131
0.6000 0.7000 0.6654 0.0115
0.7000 0.8000 0.9973 0.0117
0.8000 0.9000 1.2255 0.0122
0.9000 1.0000 1.5075 0.0131
#PMF from MBAR in kcal/mol
0.0000 0.0000 0.0000
0.1000 -3.6423 0.0222
0.2000 -5.7216 0.0312
0.3000 -6.9970 0.0370
0.4000 -7.7001 0.0415
0.5000 -7.9319 0.0453
0.6000 -7.7484 0.0484
0.7000 -7.0830 0.0508
0.8000 -6.0858 0.0531
0.9000 -4.8603 0.0555
1.0000 -3.3528 0.0580
#TI average gradients and standard deviation in kcal/mol
0.0000 -47.3251 19.2808
0.1000 -26.8864 15.9371
0.2000 -16.6005 15.8628
0.3000 -9.5474 13.8138
0.4000 -3.8901 13.6169
0.5000 -0.4725 12.9708
0.6000 4.0987 11.3845
0.7000 8.6771 11.0107
0.8000 11.2292 11.3523
0.9000 13.4306 11.5322
1.0000 21.2071 12.5913
#PMF from TI in kcal/mol
0.0000 0.0000
0.1000 -3.7106
0.2000 -5.8849
0.3000 -7.1923
0.4000 -7.8642
0.5000 -8.0823
0.6000 -7.9010
0.7000 -7.2622
0.8000 -6.2669
0.9000 -5.0339
1.0000 -3.3020
#MBAR free energy difference in kcal/mol: 
-3.352794, 0.058046  #WARNING SUBSAMPLING DISABLED, CONSIDER RERUN WITH SUBSAMPLING OPTION
#TI free energy difference in kcal/mol: 
-3.302030  #WARNING SUBSAMPLING DISABLED, CONSIDER RERUN WITH SUBSAMPLING OPTION 
Starting /export/users/common/BioSimSpace/sire.app/bin/analyse_freenrg: number of threads equals 32
