# Analysing data contained in file(s) ['lambda_0.0000/simfile.dat', 'lambda_0.1000/simfile.dat', 'lambda_0.2000/simfile.dat', 'lambda_0.3000/simfile.dat', 'lambda_0.4000/simfile.dat', 'lambda_0.5000/simfile.dat', 'lambda_0.6000/simfile.dat', 'lambda_0.7000/simfile.dat', 'lambda_0.8000/simfile.dat', 'lambda_0.9000/simfile.dat', 'lambda_1.0000/simfile.dat']
#Overlap matrix
0.9239 0.0759 0.0002 0.0000 0.0000 0.0000 0.0000 0.0000 0.0000 0.0000 0.0000
0.0759 0.8177 0.1057 0.0007 0.0000 0.0000 0.0000 0.0000 0.0000 0.0000 0.0000
0.0002 0.1057 0.7701 0.1229 0.0011 0.0000 0.0000 0.0000 0.0000 0.0000 0.0000
0.0000 0.0007 0.1229 0.7405 0.1344 0.0015 0.0000 0.0000 0.0000 0.0000 0.0000
0.0000 0.0000 0.0011 0.1344 0.7231 0.1394 0.0021 0.0000 0.0000 0.0000 0.0000
0.0000 0.0000 0.0000 0.0015 0.1394 0.7000 0.1564 0.0027 0.0000 0.0000 0.0000
0.0000 0.0000 0.0000 0.0000 0.0021 0.1564 0.6734 0.1658 0.0023 0.0000 0.0000
0.0000 0.0000 0.0000 0.0000 0.0000 0.0027 0.1658 0.6657 0.1641 0.0017 0.0000
0.0000 0.0000 0.0000 0.0000 0.0000 0.0000 0.0023 0.1641 0.6895 0.1434 0.0008
0.0000 0.0000 0.0000 0.0000 0.0000 0.0000 0.0000 0.0017 0.1434 0.7389 0.1160
0.0000 0.0000 0.0000 0.0000 0.0000 0.0000 0.0000 0.0000 0.0008 0.1160 0.8832
#DG from neighbouring lambda in kcal/mol
0.0000 0.1000 2.1422 0.0289
0.1000 0.2000 3.0491 0.0235
0.2000 0.3000 3.4440 0.0212
0.3000 0.4000 3.4684 0.0199
0.4000 0.5000 3.3312 0.0193
0.5000 0.6000 3.1972 0.0177
0.6000 0.7000 3.0559 0.0170
0.7000 0.8000 2.8985 0.0172
0.8000 0.9000 3.0903 0.0191
0.9000 1.0000 3.7842 0.0222
#PMF from MBAR in kcal/mol
0.0000 0.0000 0.0000
0.1000 2.1422 0.0289
0.2000 5.1913 0.0391
0.3000 8.6353 0.0461
0.4000 12.1038 0.0516
0.5000 15.4350 0.0563
0.6000 18.6322 0.0602
0.7000 21.6881 0.0636
0.8000 24.5866 0.0669
0.9000 27.6769 0.0706
1.0000 31.4611 0.0750
#TI average gradients and standard deviation in kcal/mol
0.0000 11.2102 22.3267
0.1000 27.3716 19.4503
0.2000 33.6118 17.7990
0.3000 35.0963 17.1040
0.4000 34.5804 16.2088
0.5000 32.4240 15.6110
0.6000 31.3639 14.7075
0.7000 29.5166 15.0563
0.8000 29.3829 15.0779
0.9000 33.0278 16.5242
1.0000 -39577.1231 1674892.2706
#PMF from TI in kcal/mol
0.0000 0.0000
0.1000 1.9291
0.2000 4.9783
0.3000 8.4137
0.4000 11.8975
0.5000 15.2477
0.6000 18.4371
0.7000 21.4811
0.8000 24.4261
0.9000 27.5466
1.0000 -1949.6581
#MBAR free energy difference in kcal/mol: 
31.461091, 0.074953  #WARNING SUBSAMPLING DISABLED, CONSIDER RERUN WITH SUBSAMPLING OPTION
#TI free energy difference in kcal/mol: 
-1949.658126  #WARNING SUBSAMPLING DISABLED, CONSIDER RERUN WITH SUBSAMPLING OPTION 
Starting /export/users/common/BioSimSpace/sire.app/bin/analyse_freenrg: number of threads equals 32
