# Analysing data contained in file(s) ['lambda_0.0000/simfile.dat', 'lambda_0.1000/simfile.dat', 'lambda_0.2000/simfile.dat', 'lambda_0.3000/simfile.dat', 'lambda_0.4000/simfile.dat', 'lambda_0.5000/simfile.dat', 'lambda_0.6000/simfile.dat', 'lambda_0.7000/simfile.dat', 'lambda_0.8000/simfile.dat', 'lambda_0.9000/simfile.dat', 'lambda_1.0000/simfile.dat']
#Overlap matrix
0.7715 0.2251 0.0034 0.0000 0.0000 0.0000 0.0000 0.0000 0.0000 0.0000 0.0000
0.2251 0.6060 0.1585 0.0100 0.0004 0.0000 0.0000 0.0000 0.0000 0.0000 0.0000
0.0034 0.1585 0.5771 0.2356 0.0248 0.0007 0.0000 0.0000 0.0000 0.0000 0.0000
0.0000 0.0100 0.2356 0.5485 0.1985 0.0073 0.0001 0.0000 0.0000 0.0000 0.0000
0.0000 0.0004 0.0248 0.1985 0.6580 0.1180 0.0004 0.0000 0.0000 0.0000 0.0000
0.0000 0.0000 0.0007 0.0073 0.1180 0.8552 0.0189 0.0000 0.0000 0.0000 0.0000
0.0000 0.0000 0.0000 0.0001 0.0004 0.0189 0.9806 0.0000 0.0000 0.0000 0.0000
0.0000 0.0000 0.0000 0.0000 0.0000 0.0000 0.0000 1.0000 0.0000 0.0000 0.0000
0.0000 0.0000 0.0000 0.0000 0.0000 0.0000 0.0000 0.0000 0.9978 0.0021 0.0000
0.0000 0.0000 0.0000 0.0000 0.0000 0.0000 0.0000 0.0000 0.0021 0.9909 0.0070
0.0000 0.0000 0.0000 0.0000 0.0000 0.0000 0.0000 0.0000 0.0000 0.0070 0.9930
#DG from neighbouring lambda in kcal/mol
0.0000 0.1000 -0.9301 0.0133
0.1000 0.2000 -4.2007 0.0169
0.2000 0.3000 -7.6578 0.0114
0.3000 0.4000 -9.9964 0.0133
0.4000 0.5000 -10.4452 0.0211
0.5000 0.6000 -0.8581 0.0609
0.6000 0.7000 16.5716 24.3987
0.7000 0.8000 10.6092 1.2741
0.8000 0.9000 5.9673 0.1877
0.9000 1.0000 7.5571 0.1029
#PMF from MBAR in kcal/mol
0.0000 0.0000 0.0000
0.1000 -0.9301 0.0133
0.2000 -5.1308 0.0245
0.3000 -12.7886 0.0291
0.4000 -22.7850 0.0334
0.5000 -33.2303 0.0408
0.6000 -34.0883 0.0741
0.7000 -17.5167 24.3988
0.8000 -6.9075 24.4321
0.9000 -0.9402 24.4328
1.0000 6.6169 24.4330
#TI average gradients and standard deviation in kcal/mol
0.0000 -25.9218 12.8003
0.1000 -21.6414 14.4773
0.2000 -61.4330 11.7451
0.3000 -90.2284 11.0324
0.4000 -107.3685 15.3990
0.5000 -86.9025 19.2443
0.6000 97.3895 46.4572
0.7000 144.0543 58.2378
0.8000 68.9811 40.9177
0.9000 56.0632 33.4669
1.0000 115.4255 31.4332
#PMF from TI in kcal/mol
0.0000 0.0000
0.1000 -2.3782
0.2000 -6.5319
0.3000 -14.1150
0.4000 -23.9948
0.5000 -33.7083
0.6000 -33.1840
0.7000 -21.1118
0.8000 -10.4600
0.9000 -4.2078
1.0000 4.3666
#MBAR free energy difference in kcal/mol: 
6.616934, 24.433012  #WARNING SUBSAMPLING DISABLED, CONSIDER RERUN WITH SUBSAMPLING OPTION
#TI free energy difference in kcal/mol: 
4.366620  #WARNING SUBSAMPLING DISABLED, CONSIDER RERUN WITH SUBSAMPLING OPTION 
Starting /export/users/common/BioSimSpace/sire.app/bin/analyse_freenrg: number of threads equals 32
