# Analysing data contained in file(s) ['lambda_0.0000/simfile.dat', 'lambda_0.1000/simfile.dat', 'lambda_0.2000/simfile.dat', 'lambda_0.3000/simfile.dat', 'lambda_0.4000/simfile.dat', 'lambda_0.5000/simfile.dat', 'lambda_0.6000/simfile.dat', 'lambda_0.7000/simfile.dat', 'lambda_0.8000/simfile.dat', 'lambda_0.9000/simfile.dat', 'lambda_1.0000/simfile.dat']
#Overlap matrix
0.9916 0.0084 0.0000 0.0000 0.0000 0.0000 0.0000 0.0000 0.0000 0.0000 0.0000
0.0084 0.9792 0.0124 0.0000 0.0000 0.0000 0.0000 0.0000 0.0000 0.0000 0.0000
0.0000 0.0124 0.9733 0.0143 0.0000 0.0000 0.0000 0.0000 0.0000 0.0000 0.0000
0.0000 0.0000 0.0143 0.9666 0.0192 0.0000 0.0000 0.0000 0.0000 0.0000 0.0000
0.0000 0.0000 0.0000 0.0192 0.9559 0.0249 0.0000 0.0000 0.0000 0.0000 0.0000
0.0000 0.0000 0.0000 0.0000 0.0249 0.9454 0.0297 0.0000 0.0000 0.0000 0.0000
0.0000 0.0000 0.0000 0.0000 0.0000 0.0297 0.9288 0.0416 0.0000 0.0000 0.0000
0.0000 0.0000 0.0000 0.0000 0.0000 0.0000 0.0416 0.9018 0.0566 0.0000 0.0000
0.0000 0.0000 0.0000 0.0000 0.0000 0.0000 0.0000 0.0566 0.8797 0.0637 0.0000
0.0000 0.0000 0.0000 0.0000 0.0000 0.0000 0.0000 0.0000 0.0637 0.8639 0.0724
0.0000 0.0000 0.0000 0.0000 0.0000 0.0000 0.0000 0.0000 0.0000 0.0724 0.9276
#DG from neighbouring lambda in kcal/mol
0.0000 0.1000 1.1576 0.0938
0.1000 0.2000 1.8927 0.0766
0.2000 0.3000 2.1981 0.0714
0.3000 0.4000 2.4025 0.0613
0.4000 0.5000 2.6045 0.0534
0.5000 0.6000 2.6670 0.0487
0.6000 0.7000 2.8314 0.0406
0.7000 0.8000 2.9118 0.0342
0.8000 0.9000 2.9206 0.0320
0.9000 1.0000 2.7449 0.0297
#PMF from MBAR in kcal/mol
0.0000 0.0000 0.0000
0.1000 1.1576 0.0938
0.2000 3.0503 0.1217
0.3000 5.2484 0.1416
0.4000 7.6510 0.1548
0.5000 10.2555 0.1642
0.6000 12.9225 0.1717
0.7000 15.7538 0.1769
0.8000 18.6656 0.1806
0.9000 21.5863 0.1838
1.0000 24.3311 0.1866
#TI average gradients and standard deviation in kcal/mol
0.0000 6.5509 30.6890
0.1000 15.5416 30.7137
0.2000 21.5543 28.6772
0.3000 23.6033 27.1192
0.4000 25.7185 26.0973
0.5000 26.2119 25.1550
0.6000 26.4907 23.7294
0.7000 28.1934 23.3408
0.8000 29.6516 22.2267
0.9000 28.3461 21.3871
1.0000 36.6146 19.9140
#PMF from TI in kcal/mol
0.0000 0.0000
0.1000 1.1046
0.2000 2.9594
0.3000 5.2173
0.4000 7.6834
0.5000 10.2799
0.6000 12.9150
0.7000 15.6492
0.8000 18.5415
0.9000 21.4414
1.0000 24.6894
#MBAR free energy difference in kcal/mol: 
24.331140, 0.186589  #WARNING SUBSAMPLING DISABLED, CONSIDER RERUN WITH SUBSAMPLING OPTION
#TI free energy difference in kcal/mol: 
24.689408  #WARNING SUBSAMPLING DISABLED, CONSIDER RERUN WITH SUBSAMPLING OPTION 
Starting /export/users/common/BioSimSpace/sire.app/bin/analyse_freenrg: number of threads equals 32
