# Analysing data contained in file(s) ['lambda_0.0000/simfile.dat', 'lambda_0.1000/simfile.dat', 'lambda_0.2000/simfile.dat', 'lambda_0.3000/simfile.dat', 'lambda_0.4000/simfile.dat', 'lambda_0.5000/simfile.dat', 'lambda_0.6000/simfile.dat', 'lambda_0.7000/simfile.dat', 'lambda_0.8000/simfile.dat', 'lambda_0.9000/simfile.dat', 'lambda_1.0000/simfile.dat']
#Overlap matrix
0.6548 0.2826 0.0573 0.0051 0.0002 0.0000 0.0000 0.0000 0.0000 0.0000 0.0000
0.2826 0.4105 0.2443 0.0573 0.0051 0.0002 0.0000 0.0000 0.0000 0.0000 0.0000
0.0573 0.2443 0.3983 0.2450 0.0509 0.0040 0.0002 0.0000 0.0000 0.0000 0.0000
0.0051 0.0573 0.2450 0.4193 0.2328 0.0380 0.0025 0.0001 0.0000 0.0000 0.0000
0.0002 0.0051 0.0509 0.2328 0.4689 0.2154 0.0253 0.0014 0.0000 0.0000 0.0000
0.0000 0.0002 0.0040 0.0380 0.2154 0.5190 0.2027 0.0197 0.0009 0.0000 0.0000
0.0000 0.0000 0.0002 0.0025 0.0253 0.2027 0.5524 0.2017 0.0149 0.0004 0.0000
0.0000 0.0000 0.0000 0.0001 0.0014 0.0197 0.2017 0.5873 0.1818 0.0080 0.0001
0.0000 0.0000 0.0000 0.0000 0.0000 0.0009 0.0149 0.1818 0.6426 0.1574 0.0024
0.0000 0.0000 0.0000 0.0000 0.0000 0.0000 0.0004 0.0080 0.1574 0.7232 0.1111
0.0000 0.0000 0.0000 0.0000 0.0000 0.0000 0.0000 0.0001 0.0024 0.1111 0.8865
#DG from neighbouring lambda in kcal/mol
0.0000 0.1000 -1.1398 0.0086
0.1000 0.2000 -0.9766 0.0082
0.2000 0.3000 -0.8468 0.0082
0.3000 0.4000 -0.6105 0.0093
0.4000 0.5000 -0.2890 0.0109
0.5000 0.6000 -0.0921 0.0123
0.6000 0.7000 0.0545 0.0129
0.7000 0.8000 0.4414 0.0147
0.8000 0.9000 1.2495 0.0172
0.9000 1.0000 3.4152 0.0226
#PMF from MBAR in kcal/mol
0.0000 0.0000 0.0000
0.1000 -1.1398 0.0086
0.2000 -2.1164 0.0146
0.3000 -2.9632 0.0189
0.4000 -3.5737 0.0229
0.5000 -3.8626 0.0269
0.6000 -3.9547 0.0311
0.7000 -3.9002 0.0351
0.8000 -3.4588 0.0394
0.9000 -2.2093 0.0443
1.0000 1.2060 0.0510
#TI average gradients and standard deviation in kcal/mol
0.0000 -22.4480 8.8951
0.1000 -10.1977 8.8729
0.2000 -9.3247 8.6474
0.3000 -7.2233 8.8435
0.4000 -4.6600 10.3037
0.5000 -1.7610 11.6172
0.6000 -0.0483 12.6824
0.7000 1.8124 12.7946
0.8000 6.5435 14.3410
0.9000 19.6871 16.6865
1.0000 54.6639 20.6834
#PMF from TI in kcal/mol
0.0000 0.0000
0.1000 -1.6323
0.2000 -2.6084
0.3000 -3.4358
0.4000 -4.0300
0.5000 -4.3510
0.6000 -4.4415
0.7000 -4.3533
0.8000 -3.9355
0.9000 -2.6240
1.0000 1.0936
#MBAR free energy difference in kcal/mol: 
1.205969, 0.050992  #WARNING SUBSAMPLING DISABLED, CONSIDER RERUN WITH SUBSAMPLING OPTION
#TI free energy difference in kcal/mol: 
1.093598  #WARNING SUBSAMPLING DISABLED, CONSIDER RERUN WITH SUBSAMPLING OPTION 
Starting /export/users/common/BioSimSpace/sire.app/bin/analyse_freenrg: number of threads equals 32
