# Analysing data contained in file(s) ['lambda_0.0000/simfile.dat', 'lambda_0.1000/simfile.dat', 'lambda_0.2000/simfile.dat', 'lambda_0.3000/simfile.dat', 'lambda_0.4000/simfile.dat', 'lambda_0.5000/simfile.dat', 'lambda_0.6000/simfile.dat', 'lambda_0.7000/simfile.dat', 'lambda_0.8000/simfile.dat', 'lambda_0.9000/simfile.dat', 'lambda_1.0000/simfile.dat']
#Overlap matrix
0.8458 0.1510 0.0031 0.0000 0.0000 0.0000 0.0000 0.0000 0.0000 0.0000 0.0000
0.1510 0.6615 0.1830 0.0045 0.0000 0.0000 0.0000 0.0000 0.0000 0.0000 0.0000
0.0031 0.1830 0.6258 0.1798 0.0079 0.0003 0.0000 0.0000 0.0000 0.0000 0.0000
0.0000 0.0045 0.1798 0.6060 0.2003 0.0092 0.0001 0.0000 0.0000 0.0000 0.0000
0.0000 0.0000 0.0079 0.2003 0.7013 0.0890 0.0014 0.0000 0.0000 0.0000 0.0000
0.0000 0.0000 0.0003 0.0092 0.0890 0.7913 0.1087 0.0014 0.0000 0.0000 0.0000
0.0000 0.0000 0.0000 0.0001 0.0014 0.1087 0.7712 0.1168 0.0018 0.0000 0.0000
0.0000 0.0000 0.0000 0.0000 0.0000 0.0014 0.1168 0.7489 0.1312 0.0017 0.0000
0.0000 0.0000 0.0000 0.0000 0.0000 0.0000 0.0018 0.1312 0.7452 0.1212 0.0007
0.0000 0.0000 0.0000 0.0000 0.0000 0.0000 0.0000 0.0017 0.1212 0.7837 0.0935
0.0000 0.0000 0.0000 0.0000 0.0000 0.0000 0.0000 0.0000 0.0007 0.0935 0.9059
#DG from neighbouring lambda in kcal/mol
0.0000 0.1000 12.4277 0.0183
0.1000 0.2000 8.7974 0.0156
0.2000 0.3000 5.0770 0.0155
0.3000 0.4000 2.3025 0.0140
0.4000 0.5000 1.1489 0.0245
0.5000 0.6000 -1.4221 0.0228
0.6000 0.7000 -4.1889 0.0218
0.7000 0.8000 -6.7304 0.0202
0.8000 0.9000 -8.4557 0.0214
0.9000 1.0000 -7.8783 0.0254
#PMF from MBAR in kcal/mol
0.0000 0.0000 0.0000
0.1000 12.4277 0.0183
0.2000 21.2251 0.0267
0.3000 26.3021 0.0329
0.4000 28.6045 0.0374
0.5000 29.7534 0.0457
0.6000 28.3314 0.0523
0.7000 24.1424 0.0578
0.8000 17.4120 0.0623
0.9000 8.9563 0.0669
1.0000 1.0781 0.0725
#TI average gradients and standard deviation in kcal/mol
0.0000 135.3671 16.4852
0.1000 105.8556 13.9166
0.2000 69.4209 13.6435
0.3000 33.2093 13.3491
0.4000 19.0801 14.3789
0.5000 -1.9537 19.6160
0.6000 -27.4596 18.5007
0.7000 -55.6310 16.9001
0.8000 -77.6804 16.5354
0.9000 -88.1289 17.4783
1.0000 -57.9976 20.8217
#PMF from TI in kcal/mol
0.0000 0.0000
0.1000 12.0611
0.2000 20.8250
0.3000 25.9565
0.4000 28.5709
0.5000 29.4273
0.6000 27.9566
0.7000 23.8021
0.8000 17.1365
0.9000 8.8460
1.0000 1.5397
#MBAR free energy difference in kcal/mol: 
1.078091, 0.072538  #WARNING SUBSAMPLING DISABLED, CONSIDER RERUN WITH SUBSAMPLING OPTION
#TI free energy difference in kcal/mol: 
1.539698  #WARNING SUBSAMPLING DISABLED, CONSIDER RERUN WITH SUBSAMPLING OPTION 
Starting /export/users/common/BioSimSpace/sire.app/bin/analyse_freenrg: number of threads equals 32
