# Analysing data contained in file(s) ['lambda_0.0000/simfile.dat', 'lambda_0.1000/simfile.dat', 'lambda_0.2000/simfile.dat', 'lambda_0.3000/simfile.dat', 'lambda_0.4000/simfile.dat', 'lambda_0.5000/simfile.dat', 'lambda_0.6000/simfile.dat', 'lambda_0.7000/simfile.dat', 'lambda_0.8000/simfile.dat', 'lambda_0.9000/simfile.dat', 'lambda_1.0000/simfile.dat']
#Overlap matrix
0.9926 0.0074 0.0000 0.0000 0.0000 0.0000 0.0000 0.0000 0.0000 0.0000 0.0000
0.0074 0.9882 0.0044 0.0000 0.0000 0.0000 0.0000 0.0000 0.0000 0.0000 0.0000
0.0000 0.0044 0.9940 0.0016 0.0000 0.0000 0.0000 0.0000 0.0000 0.0000 0.0000
0.0000 0.0000 0.0016 0.9971 0.0013 0.0000 0.0000 0.0000 0.0000 0.0000 0.0000
0.0000 0.0000 0.0000 0.0013 0.9874 0.0107 0.0002 0.0003 0.0000 0.0000 0.0000
0.0000 0.0000 0.0000 0.0000 0.0107 0.8313 0.1287 0.0281 0.0012 0.0000 0.0000
0.0000 0.0000 0.0000 0.0000 0.0002 0.1287 0.6868 0.1816 0.0027 0.0000 0.0000
0.0000 0.0000 0.0000 0.0000 0.0003 0.0281 0.1816 0.6673 0.1224 0.0004 0.0000
0.0000 0.0000 0.0000 0.0000 0.0000 0.0012 0.0027 0.1224 0.7861 0.0875 0.0000
0.0000 0.0000 0.0000 0.0000 0.0000 0.0000 0.0000 0.0004 0.0875 0.8404 0.0717
0.0000 0.0000 0.0000 0.0000 0.0000 0.0000 0.0000 0.0000 0.0000 0.0717 0.9283
#DG from neighbouring lambda in kcal/mol
0.0000 0.1000 -5.3106 0.0998
0.1000 0.2000 -3.7640 0.1298
0.2000 0.3000 -4.8976 0.2130
0.3000 0.4000 -5.2862 0.2406
0.4000 0.5000 -0.8623 0.0805
0.5000 0.6000 6.7163 0.0183
0.6000 0.7000 9.2618 0.0145
0.7000 0.8000 6.3497 0.0210
0.8000 0.9000 2.1141 0.0265
0.9000 1.0000 -2.4013 0.0299
#PMF from MBAR in kcal/mol
0.0000 0.0000 0.0000
0.1000 -5.3106 0.0998
0.2000 -9.0745 0.1642
0.3000 -13.9722 0.2692
0.4000 -19.2584 0.3613
0.5000 -20.1206 0.3703
0.6000 -13.4043 0.3709
0.7000 -4.1425 0.3712
0.8000 2.2072 0.3720
0.9000 4.3214 0.3731
1.0000 1.9201 0.3745
#TI average gradients and standard deviation in kcal/mol
0.0000 -80.3911 30.7703
0.1000 -39.0225 34.2591
0.2000 -43.3274 35.6408
0.3000 -54.6117 39.4611
0.4000 -38.3884 36.4867
0.5000 22.7606 25.1712
0.6000 77.7322 16.8297
0.7000 83.5516 16.1374
0.8000 43.1390 17.3061
0.9000 -2.9941 20.3009
1.0000 -32.2300 20.5986
#PMF from TI in kcal/mol
0.0000 0.0000
0.1000 -5.9707
0.2000 -10.0882
0.3000 -14.9851
0.4000 -19.6351
0.5000 -20.4165
0.6000 -15.3919
0.7000 -7.3277
0.8000 -0.9932
0.9000 1.0141
1.0000 -0.7471
#MBAR free energy difference in kcal/mol: 
1.920080, 0.374507  #WARNING SUBSAMPLING DISABLED, CONSIDER RERUN WITH SUBSAMPLING OPTION
#TI free energy difference in kcal/mol: 
-0.747126  #WARNING SUBSAMPLING DISABLED, CONSIDER RERUN WITH SUBSAMPLING OPTION 
Starting /export/users/common/BioSimSpace/sire.app/bin/analyse_freenrg: number of threads equals 32
