# Analysing data contained in file(s) ['lambda_0.0000/simfile.dat', 'lambda_0.1000/simfile.dat', 'lambda_0.2000/simfile.dat', 'lambda_0.3000/simfile.dat', 'lambda_0.4000/simfile.dat', 'lambda_0.5000/simfile.dat', 'lambda_0.6000/simfile.dat', 'lambda_0.7000/simfile.dat', 'lambda_0.8000/simfile.dat', 'lambda_0.9000/simfile.dat', 'lambda_1.0000/simfile.dat']
#Overlap matrix
0.9383 0.0617 0.0000 0.0000 0.0000 0.0000 0.0000 0.0000 0.0000 0.0000 0.0000
0.0617 0.8576 0.0807 0.0001 0.0000 0.0000 0.0000 0.0000 0.0000 0.0000 0.0000
0.0000 0.0807 0.8217 0.0975 0.0001 0.0000 0.0000 0.0000 0.0000 0.0000 0.0000
0.0000 0.0001 0.0975 0.8089 0.0935 0.0001 0.0000 0.0000 0.0000 0.0000 0.0000
0.0000 0.0000 0.0001 0.0935 0.8369 0.0695 0.0000 0.0000 0.0000 0.0000 0.0000
0.0000 0.0000 0.0000 0.0001 0.0695 0.8600 0.0703 0.0000 0.0000 0.0000 0.0000
0.0000 0.0000 0.0000 0.0000 0.0000 0.0703 0.8554 0.0742 0.0000 0.0000 0.0000
0.0000 0.0000 0.0000 0.0000 0.0000 0.0000 0.0742 0.8573 0.0684 0.0000 0.0000
0.0000 0.0000 0.0000 0.0000 0.0000 0.0000 0.0000 0.0684 0.8691 0.0624 0.0000
0.0000 0.0000 0.0000 0.0000 0.0000 0.0000 0.0000 0.0000 0.0624 0.9003 0.0373
0.0000 0.0000 0.0000 0.0000 0.0000 0.0000 0.0000 0.0000 0.0000 0.0373 0.9627
#DG from neighbouring lambda in kcal/mol
0.0000 0.1000 40.8419 0.0326
0.1000 0.2000 34.6809 0.0279
0.2000 0.3000 29.3980 0.0248
0.3000 0.4000 24.9663 0.0255
0.4000 0.5000 21.0528 0.0304
0.5000 0.6000 16.5040 0.0302
0.6000 0.7000 12.0569 0.0293
0.7000 0.8000 8.0419 0.0307
0.8000 0.9000 5.1097 0.0324
0.9000 1.0000 4.6348 0.0431
#PMF from MBAR in kcal/mol
0.0000 0.0000 0.0000
0.1000 40.8419 0.0326
0.2000 75.5227 0.0446
0.3000 104.9207 0.0525
0.4000 129.8870 0.0596
0.5000 150.9398 0.0680
0.6000 167.4438 0.0754
0.7000 179.5007 0.0818
0.8000 187.5426 0.0882
0.9000 192.6523 0.0948
1.0000 197.2871 0.1048
#TI average gradients and standard deviation in kcal/mol
0.0000 435.2923 25.5382
0.1000 376.6932 20.6592
0.2000 318.9937 18.8588
0.3000 270.1260 18.5500
0.4000 230.9901 20.1747
0.5000 187.9535 20.6272
0.6000 141.9353 20.3328
0.7000 99.8650 20.3803
0.8000 62.2303 21.6392
0.9000 42.9621 23.2014
1.0000 57.9686 26.5530
#PMF from TI in kcal/mol
0.0000 0.0000
0.1000 40.5993
0.2000 75.3836
0.3000 104.8396
0.4000 129.8954
0.5000 150.8426
0.6000 167.3370
0.7000 179.4271
0.8000 187.5318
0.9000 192.7914
1.0000 197.8380
#MBAR free energy difference in kcal/mol: 
197.287069, 0.104821  #WARNING SUBSAMPLING DISABLED, CONSIDER RERUN WITH SUBSAMPLING OPTION
#TI free energy difference in kcal/mol: 
197.837974  #WARNING SUBSAMPLING DISABLED, CONSIDER RERUN WITH SUBSAMPLING OPTION 
Starting /export/users/common/BioSimSpace/sire.app/bin/analyse_freenrg: number of threads equals 32
