# Analysing data contained in file(s) ['lambda_0.0000/simfile.dat', 'lambda_0.1000/simfile.dat', 'lambda_0.2000/simfile.dat', 'lambda_0.3000/simfile.dat', 'lambda_0.4000/simfile.dat', 'lambda_0.5000/simfile.dat', 'lambda_0.6000/simfile.dat', 'lambda_0.7000/simfile.dat', 'lambda_0.8000/simfile.dat', 'lambda_0.9000/simfile.dat', 'lambda_1.0000/simfile.dat']
#Overlap matrix
0.7371 0.2417 0.0209 0.0003 0.0000 0.0000 0.0000 0.0000 0.0000 0.0000 0.0000
0.2417 0.5116 0.2300 0.0164 0.0002 0.0000 0.0000 0.0000 0.0000 0.0000 0.0000
0.0209 0.2300 0.5309 0.2034 0.0146 0.0003 0.0000 0.0000 0.0000 0.0000 0.0000
0.0003 0.0164 0.2034 0.5581 0.2106 0.0110 0.0002 0.0000 0.0000 0.0000 0.0000
0.0000 0.0002 0.0146 0.2106 0.6158 0.1543 0.0044 0.0000 0.0000 0.0000 0.0000
0.0000 0.0000 0.0003 0.0110 0.1543 0.7013 0.1306 0.0024 0.0000 0.0000 0.0000
0.0000 0.0000 0.0000 0.0002 0.0044 0.1306 0.7393 0.1238 0.0017 0.0000 0.0000
0.0000 0.0000 0.0000 0.0000 0.0000 0.0024 0.1238 0.7613 0.1116 0.0008 0.0000
0.0000 0.0000 0.0000 0.0000 0.0000 0.0000 0.0017 0.1116 0.8006 0.0858 0.0002
0.0000 0.0000 0.0000 0.0000 0.0000 0.0000 0.0000 0.0008 0.0858 0.8542 0.0592
0.0000 0.0000 0.0000 0.0000 0.0000 0.0000 0.0000 0.0000 0.0002 0.0592 0.9406
#DG from neighbouring lambda in kcal/mol
0.0000 0.1000 1.0352 0.0117
0.1000 0.2000 0.7014 0.0115
0.2000 0.3000 0.1003 0.0131
0.3000 0.4000 -0.1759 0.0130
0.4000 0.5000 -0.0475 0.0171
0.5000 0.6000 -0.2329 0.0199
0.6000 0.7000 -0.6222 0.0209
0.7000 0.8000 -0.8340 0.0225
0.8000 0.9000 -0.4411 0.0267
0.9000 1.0000 1.4607 0.0333
#PMF from MBAR in kcal/mol
0.0000 0.0000 0.0000
0.1000 1.0352 0.0117
0.2000 1.7366 0.0193
0.3000 1.8369 0.0256
0.4000 1.6610 0.0306
0.5000 1.6136 0.0365
0.6000 1.3807 0.0430
0.7000 0.7584 0.0491
0.8000 -0.0756 0.0552
0.9000 -0.5166 0.0625
1.0000 0.9441 0.0718
#TI average gradients and standard deviation in kcal/mol
0.0000 -5.1841 12.0948
0.1000 9.4645 12.2234
0.2000 5.1718 11.4335
0.3000 -2.6764 12.0782
0.4000 -0.4542 14.1756
0.5000 -0.9243 16.5608
0.6000 -4.4261 17.4612
0.7000 -7.7789 17.7754
0.8000 -7.8699 18.2941
0.9000 -0.0654 20.6510
1.0000 37.3403 24.3996
#PMF from TI in kcal/mol
0.0000 0.0000
0.1000 0.2140
0.2000 0.9458
0.3000 1.0706
0.4000 0.9141
0.5000 0.8452
0.6000 0.5776
0.7000 -0.0326
0.8000 -0.8150
0.9000 -1.2118
1.0000 0.6519
#MBAR free energy difference in kcal/mol: 
0.944113, 0.071815  #WARNING SUBSAMPLING DISABLED, CONSIDER RERUN WITH SUBSAMPLING OPTION
#TI free energy difference in kcal/mol: 
0.651937  #WARNING SUBSAMPLING DISABLED, CONSIDER RERUN WITH SUBSAMPLING OPTION 
Starting /export/users/common/BioSimSpace/sire.app/bin/analyse_freenrg: number of threads equals 32
