# Analysing data contained in file(s) ['lambda_0.0000/simfile.dat', 'lambda_0.1000/simfile.dat', 'lambda_0.2000/simfile.dat', 'lambda_0.3000/simfile.dat', 'lambda_0.4000/simfile.dat', 'lambda_0.5000/simfile.dat', 'lambda_0.6000/simfile.dat', 'lambda_0.7000/simfile.dat', 'lambda_0.8000/simfile.dat', 'lambda_0.9000/simfile.dat', 'lambda_1.0000/simfile.dat']
#Overlap matrix
0.9099 0.0896 0.0005 0.0000 0.0000 0.0000 0.0000 0.0000 0.0000 0.0000 0.0000
0.0896 0.7995 0.1100 0.0010 0.0000 0.0000 0.0000 0.0000 0.0000 0.0000 0.0000
0.0005 0.1100 0.7557 0.1310 0.0028 0.0000 0.0000 0.0000 0.0000 0.0000 0.0000
0.0000 0.0010 0.1310 0.6988 0.1644 0.0048 0.0000 0.0000 0.0000 0.0000 0.0000
0.0000 0.0000 0.0028 0.1644 0.6460 0.1816 0.0052 0.0000 0.0000 0.0000 0.0000
0.0000 0.0000 0.0000 0.0048 0.1816 0.6163 0.1914 0.0058 0.0000 0.0000 0.0000
0.0000 0.0000 0.0000 0.0000 0.0052 0.1914 0.6100 0.1888 0.0046 0.0000 0.0000
0.0000 0.0000 0.0000 0.0000 0.0000 0.0058 0.1888 0.6232 0.1778 0.0044 0.0000
0.0000 0.0000 0.0000 0.0000 0.0000 0.0000 0.0046 0.1778 0.6287 0.1862 0.0028
0.0000 0.0000 0.0000 0.0000 0.0000 0.0000 0.0000 0.0044 0.1862 0.6498 0.1596
0.0000 0.0000 0.0000 0.0000 0.0000 0.0000 0.0000 0.0000 0.0028 0.1596 0.8376
#DG from neighbouring lambda in kcal/mol
0.0000 0.1000 -0.0287 0.0261
0.1000 0.2000 0.0137 0.0228
0.2000 0.3000 -1.1314 0.0201
0.3000 0.4000 -2.3597 0.0169
0.4000 0.5000 -3.9234 0.0155
0.5000 0.6000 -5.9829 0.0148
0.6000 0.7000 -8.1345 0.0150
0.7000 0.8000 -10.3771 0.0159
0.8000 0.9000 -12.5407 0.0154
0.9000 1.0000 -14.8281 0.0176
#PMF from MBAR in kcal/mol
0.0000 0.0000 0.0000
0.1000 -0.0287 0.0261
0.2000 -0.0150 0.0367
0.3000 -1.1464 0.0435
0.4000 -3.5060 0.0480
0.5000 -7.4294 0.0517
0.6000 -13.4124 0.0550
0.7000 -21.5469 0.0582
0.8000 -31.9240 0.0614
0.9000 -44.4646 0.0643
1.0000 -59.2928 0.0677
#TI average gradients and standard deviation in kcal/mol
0.0000 -6.1389 20.5963
0.1000 2.6906 17.8848
0.2000 -4.9910 17.3003
0.3000 -17.2756 15.0140
0.4000 -30.5211 14.1021
0.5000 -49.1576 13.6389
0.6000 -70.2687 12.9269
0.7000 -92.4820 13.3999
0.8000 -115.3229 13.8525
0.9000 -135.6947 14.5424
1.0000 -156.7577 14.8691
#PMF from TI in kcal/mol
0.0000 0.0000
0.1000 -0.1724
0.2000 -0.2874
0.3000 -1.4008
0.4000 -3.7906
0.5000 -7.7745
0.6000 -13.7459
0.7000 -21.8834
0.8000 -32.2736
0.9000 -44.8245
1.0000 -59.4471
#MBAR free energy difference in kcal/mol: 
-59.292758, 0.067693  #WARNING SUBSAMPLING DISABLED, CONSIDER RERUN WITH SUBSAMPLING OPTION
#TI free energy difference in kcal/mol: 
-59.447138  #WARNING SUBSAMPLING DISABLED, CONSIDER RERUN WITH SUBSAMPLING OPTION 
Starting /export/users/common/BioSimSpace/sire.app/bin/analyse_freenrg: number of threads equals 32
