# Analysing data contained in file(s) ['lambda_0.0000/simfile.dat', 'lambda_0.1000/simfile.dat', 'lambda_0.2000/simfile.dat', 'lambda_0.3000/simfile.dat', 'lambda_0.4000/simfile.dat', 'lambda_0.5000/simfile.dat', 'lambda_0.6000/simfile.dat', 'lambda_0.7000/simfile.dat', 'lambda_0.8000/simfile.dat', 'lambda_0.9000/simfile.dat', 'lambda_1.0000/simfile.dat']
#Overlap matrix
0.8908 0.1089 0.0002 0.0000 0.0000 0.0000 0.0000 0.0000 0.0000 0.0000 0.0000
0.1089 0.7753 0.1154 0.0004 0.0000 0.0000 0.0000 0.0000 0.0000 0.0000 0.0000
0.0002 0.1154 0.7600 0.1240 0.0004 0.0000 0.0000 0.0000 0.0000 0.0000 0.0000
0.0000 0.0004 0.1240 0.7533 0.1219 0.0004 0.0000 0.0000 0.0000 0.0000 0.0000
0.0000 0.0000 0.0004 0.1219 0.7497 0.1274 0.0006 0.0000 0.0000 0.0000 0.0000
0.0000 0.0000 0.0000 0.0004 0.1274 0.7384 0.1333 0.0005 0.0000 0.0000 0.0000
0.0000 0.0000 0.0000 0.0000 0.0006 0.1333 0.7646 0.1014 0.0001 0.0000 0.0000
0.0000 0.0000 0.0000 0.0000 0.0000 0.0005 0.1014 0.8288 0.0693 0.0000 0.0000
0.0000 0.0000 0.0000 0.0000 0.0000 0.0000 0.0001 0.0693 0.8672 0.0634 0.0000
0.0000 0.0000 0.0000 0.0000 0.0000 0.0000 0.0000 0.0000 0.0634 0.8877 0.0489
0.0000 0.0000 0.0000 0.0000 0.0000 0.0000 0.0000 0.0000 0.0000 0.0489 0.9511
#DG from neighbouring lambda in kcal/mol
0.0000 0.1000 0.9603 0.0231
0.1000 0.2000 1.7345 0.0223
0.2000 0.3000 2.2788 0.0212
0.3000 0.4000 2.4085 0.0214
0.4000 0.5000 2.2254 0.0208
0.5000 0.6000 2.1256 0.0202
0.6000 0.7000 2.5428 0.0242
0.7000 0.8000 2.9796 0.0305
0.8000 0.9000 3.1470 0.0321
0.9000 1.0000 3.2968 0.0371
#PMF from MBAR in kcal/mol
0.0000 0.0000 0.0000
0.1000 0.9603 0.0231
0.2000 2.6949 0.0343
0.3000 4.9737 0.0421
0.4000 7.3822 0.0488
0.5000 9.6075 0.0544
0.6000 11.7332 0.0592
0.7000 14.2760 0.0651
0.8000 17.2556 0.0729
0.9000 20.4026 0.0806
1.0000 23.6994 0.0895
#TI average gradients and standard deviation in kcal/mol
0.0000 0.4549 18.3259
0.1000 14.4108 18.3101
0.2000 20.6150 17.2448
0.3000 24.3135 17.0226
0.4000 23.0363 17.2295
0.5000 21.4417 16.9065
0.6000 22.7419 16.2400
0.7000 27.5902 20.0839
0.8000 30.4534 21.9790
0.9000 32.0267 22.0946
1.0000 35.9584 23.3300
#PMF from TI in kcal/mol
0.0000 0.0000
0.1000 0.7433
0.2000 2.4946
0.3000 4.7410
0.4000 7.1085
0.5000 9.3324
0.6000 11.5416
0.7000 14.0582
0.8000 16.9604
0.9000 20.0844
1.0000 23.4836
#MBAR free energy difference in kcal/mol: 
23.699377, 0.089542  #WARNING SUBSAMPLING DISABLED, CONSIDER RERUN WITH SUBSAMPLING OPTION
#TI free energy difference in kcal/mol: 
23.483631  #WARNING SUBSAMPLING DISABLED, CONSIDER RERUN WITH SUBSAMPLING OPTION 
Starting /export/users/common/BioSimSpace/sire.app/bin/analyse_freenrg: number of threads equals 32
