# Analysing data contained in file(s) ['lambda_0.0000/simfile.dat', 'lambda_0.1000/simfile.dat', 'lambda_0.2000/simfile.dat', 'lambda_0.3000/simfile.dat', 'lambda_0.4000/simfile.dat', 'lambda_0.5000/simfile.dat', 'lambda_0.6000/simfile.dat', 'lambda_0.7000/simfile.dat', 'lambda_0.8000/simfile.dat', 'lambda_0.9000/simfile.dat', 'lambda_1.0000/simfile.dat']
#Overlap matrix
0.9353 0.0646 0.0001 0.0000 0.0000 0.0000 0.0000 0.0000 0.0000 0.0000 0.0000
0.0646 0.8657 0.0696 0.0001 0.0000 0.0000 0.0000 0.0000 0.0000 0.0000 0.0000
0.0001 0.0696 0.8512 0.0789 0.0002 0.0000 0.0000 0.0000 0.0000 0.0000 0.0000
0.0000 0.0001 0.0789 0.8491 0.0717 0.0001 0.0000 0.0000 0.0000 0.0000 0.0000
0.0000 0.0000 0.0002 0.0717 0.8700 0.0581 0.0000 0.0000 0.0000 0.0000 0.0000
0.0000 0.0000 0.0000 0.0001 0.0581 0.9078 0.0329 0.0010 0.0000 0.0000 0.0000
0.0000 0.0000 0.0000 0.0000 0.0000 0.0329 0.8053 0.1588 0.0029 0.0000 0.0000
0.0000 0.0000 0.0000 0.0000 0.0000 0.0010 0.1588 0.7112 0.1286 0.0003 0.0000
0.0000 0.0000 0.0000 0.0000 0.0000 0.0000 0.0029 0.1286 0.7557 0.1126 0.0001
0.0000 0.0000 0.0000 0.0000 0.0000 0.0000 0.0000 0.0003 0.1126 0.8241 0.0630
0.0000 0.0000 0.0000 0.0000 0.0000 0.0000 0.0000 0.0000 0.0001 0.0630 0.9370
#DG from neighbouring lambda in kcal/mol
0.0000 0.1000 -5.8046 0.0317
0.1000 0.2000 -2.6932 0.0304
0.2000 0.3000 -3.7953 0.0282
0.3000 0.4000 -5.7040 0.0298
0.4000 0.5000 -7.9784 0.0337
0.5000 0.6000 -10.5822 0.0453
0.6000 0.7000 -10.5071 0.0176
0.7000 0.8000 -11.7258 0.0204
0.8000 0.9000 -15.8772 0.0226
0.9000 1.0000 -20.9171 0.0322
#PMF from MBAR in kcal/mol
0.0000 0.0000 0.0000
0.1000 -5.8046 0.0317
0.2000 -8.4978 0.0456
0.3000 -12.2931 0.0549
0.4000 -17.9971 0.0636
0.5000 -25.9754 0.0730
0.6000 -36.5576 0.0867
0.7000 -47.0648 0.0892
0.8000 -58.7906 0.0922
0.9000 -74.6677 0.0957
1.0000 -95.5848 0.1017
#TI average gradients and standard deviation in kcal/mol
0.0000 -111.0958 22.7369
0.1000 -29.0134 21.2358
0.2000 -30.3601 20.6516
0.3000 -46.5175 21.0281
0.4000 -67.8339 21.6947
0.5000 -90.7327 22.5830
0.6000 -114.8817 20.9761
0.7000 -102.3650 14.6921
0.8000 -136.6582 17.1299
0.9000 -181.3818 18.1315
1.0000 -230.5347 27.9705
#PMF from TI in kcal/mol
0.0000 0.0000
0.1000 -7.0055
0.2000 -9.9741
0.3000 -13.8180
0.4000 -19.5356
0.5000 -27.4639
0.6000 -37.7446
0.7000 -48.6070
0.8000 -60.5581
0.9000 -76.4601
1.0000 -97.0560
#MBAR free energy difference in kcal/mol: 
-95.584819, 0.101720  #WARNING SUBSAMPLING DISABLED, CONSIDER RERUN WITH SUBSAMPLING OPTION
#TI free energy difference in kcal/mol: 
-97.055950  #WARNING SUBSAMPLING DISABLED, CONSIDER RERUN WITH SUBSAMPLING OPTION 
Starting /export/users/common/BioSimSpace/sire.app/bin/analyse_freenrg: number of threads equals 32
