# Analysing data contained in file(s) ['lambda_0.0000/simfile.dat', 'lambda_0.1000/simfile.dat', 'lambda_0.2000/simfile.dat', 'lambda_0.3000/simfile.dat', 'lambda_0.4000/simfile.dat', 'lambda_0.5000/simfile.dat', 'lambda_0.6000/simfile.dat', 'lambda_0.7000/simfile.dat', 'lambda_0.8000/simfile.dat', 'lambda_0.9000/simfile.dat', 'lambda_1.0000/simfile.dat']
#Overlap matrix
0.9102 0.0897 0.0001 0.0000 0.0000 0.0000 0.0000 0.0000 0.0000 0.0000 0.0000
0.0897 0.8115 0.0985 0.0003 0.0000 0.0000 0.0000 0.0000 0.0000 0.0000 0.0000
0.0001 0.0985 0.7757 0.1249 0.0007 0.0000 0.0000 0.0000 0.0000 0.0000 0.0000
0.0000 0.0003 0.1249 0.7425 0.1310 0.0012 0.0000 0.0000 0.0000 0.0000 0.0000
0.0000 0.0000 0.0007 0.1310 0.7216 0.1447 0.0020 0.0000 0.0000 0.0000 0.0000
0.0000 0.0000 0.0000 0.0012 0.1447 0.6844 0.1661 0.0036 0.0000 0.0000 0.0000
0.0000 0.0000 0.0000 0.0000 0.0020 0.1661 0.6491 0.1777 0.0050 0.0000 0.0000
0.0000 0.0000 0.0000 0.0000 0.0000 0.0036 0.1777 0.6160 0.1943 0.0083 0.0001
0.0000 0.0000 0.0000 0.0000 0.0000 0.0000 0.0050 0.1943 0.5848 0.2035 0.0124
0.0000 0.0000 0.0000 0.0000 0.0000 0.0000 0.0000 0.0083 0.2035 0.5561 0.2321
0.0000 0.0000 0.0000 0.0000 0.0000 0.0000 0.0000 0.0001 0.0124 0.2321 0.7555
#DG from neighbouring lambda in kcal/mol
0.0000 0.1000 -0.3687 0.0261
0.1000 0.2000 -0.1708 0.0246
0.2000 0.3000 -0.0224 0.0211
0.3000 0.4000 0.0191 0.0203
0.4000 0.5000 0.0268 0.0189
0.5000 0.6000 0.0591 0.0169
0.6000 0.7000 0.0600 0.0159
0.7000 0.8000 -0.0952 0.0145
0.8000 0.9000 -0.1674 0.0136
0.9000 1.0000 -0.1970 0.0125
#PMF from MBAR in kcal/mol
0.0000 0.0000 0.0000
0.1000 -0.3687 0.0261
0.2000 -0.5394 0.0379
0.3000 -0.5619 0.0450
0.4000 -0.5428 0.0508
0.5000 -0.5159 0.0555
0.6000 -0.4568 0.0592
0.7000 -0.3968 0.0624
0.8000 -0.4920 0.0650
0.9000 -0.6594 0.0674
1.0000 -0.8564 0.0694
#TI average gradients and standard deviation in kcal/mol
0.0000 -4.8828 20.3470
0.1000 -1.7187 19.1051
0.2000 -1.2351 17.6304
0.3000 0.6836 16.6197
0.4000 0.1651 15.5878
0.5000 0.0792 15.5191
0.6000 1.0357 14.1452
0.7000 -0.3815 13.9054
0.8000 -0.7610 12.2828
0.9000 -2.4342 11.6855
1.0000 -0.2890 11.5961
#PMF from TI in kcal/mol
0.0000 0.0000
0.1000 -0.3301
0.2000 -0.4778
0.3000 -0.5053
0.4000 -0.4629
0.5000 -0.4507
0.6000 -0.3949
0.7000 -0.3622
0.8000 -0.4194
0.9000 -0.5791
1.0000 -0.7153
#MBAR free energy difference in kcal/mol: 
-0.856440, 0.069383  #WARNING SUBSAMPLING DISABLED, CONSIDER RERUN WITH SUBSAMPLING OPTION
#TI free energy difference in kcal/mol: 
-0.715280  #WARNING SUBSAMPLING DISABLED, CONSIDER RERUN WITH SUBSAMPLING OPTION 
Starting /export/users/common/BioSimSpace/sire.app/bin/analyse_freenrg: number of threads equals 32
