# Analysing data contained in file(s) ['lambda_0.0000/simfile.dat', 'lambda_0.1000/simfile.dat', 'lambda_0.2000/simfile.dat', 'lambda_0.3000/simfile.dat', 'lambda_0.4000/simfile.dat', 'lambda_0.5000/simfile.dat', 'lambda_0.6000/simfile.dat', 'lambda_0.7000/simfile.dat', 'lambda_0.8000/simfile.dat', 'lambda_0.9000/simfile.dat', 'lambda_1.0000/simfile.dat']
#Overlap matrix
0.9922 0.0078 0.0000 0.0000 0.0000 0.0000 0.0000 0.0000 0.0000 0.0000 0.0000
0.0078 0.9842 0.0080 0.0000 0.0000 0.0000 0.0000 0.0000 0.0000 0.0000 0.0000
0.0000 0.0080 0.9828 0.0092 0.0000 0.0000 0.0000 0.0000 0.0000 0.0000 0.0000
0.0000 0.0000 0.0092 0.9805 0.0103 0.0000 0.0000 0.0000 0.0000 0.0000 0.0000
0.0000 0.0000 0.0000 0.0103 0.9758 0.0139 0.0000 0.0000 0.0000 0.0000 0.0000
0.0000 0.0000 0.0000 0.0000 0.0139 0.9734 0.0127 0.0000 0.0000 0.0000 0.0000
0.0000 0.0000 0.0000 0.0000 0.0000 0.0127 0.9603 0.0270 0.0000 0.0000 0.0000
0.0000 0.0000 0.0000 0.0000 0.0000 0.0000 0.0270 0.9454 0.0276 0.0000 0.0000
0.0000 0.0000 0.0000 0.0000 0.0000 0.0000 0.0000 0.0276 0.9437 0.0287 0.0000
0.0000 0.0000 0.0000 0.0000 0.0000 0.0000 0.0000 0.0000 0.0287 0.9446 0.0268
0.0000 0.0000 0.0000 0.0000 0.0000 0.0000 0.0000 0.0000 0.0000 0.0268 0.9732
#DG from neighbouring lambda in kcal/mol
0.0000 0.1000 -15.2813 0.0973
0.1000 0.2000 -15.6320 0.0957
0.2000 0.3000 -19.5154 0.0895
0.3000 0.4000 -23.7806 0.0842
0.4000 0.5000 -28.2129 0.0723
0.5000 0.6000 -32.4181 0.0756
0.6000 0.7000 -35.2340 0.0512
0.7000 0.8000 -38.3889 0.0506
0.8000 0.9000 -42.4777 0.0496
0.9000 1.0000 -46.4937 0.0514
#PMF from MBAR in kcal/mol
0.0000 0.0000 0.0000
0.1000 -15.2813 0.0973
0.2000 -30.9133 0.1370
0.3000 -50.4287 0.1641
0.4000 -74.2093 0.1849
0.5000 -102.4222 0.1989
0.6000 -134.8403 0.2131
0.7000 -170.0743 0.2195
0.8000 -208.4631 0.2256
0.9000 -250.9409 0.2313
1.0000 -297.4346 0.2373
#TI average gradients and standard deviation in kcal/mol
0.0000 -170.0749 31.9235
0.1000 -145.4248 30.2624
0.2000 -172.9087 30.6767
0.3000 -216.2181 30.2446
0.4000 -260.1572 29.0802
0.5000 -302.1979 28.8352
0.6000 -342.1274 27.3691
0.7000 -365.0420 24.8847
0.8000 -404.2463 24.7768
0.9000 -444.8353 24.6890
1.0000 -471.9357 26.8906
#PMF from TI in kcal/mol
0.0000 0.0000
0.1000 -15.7750
0.2000 -31.6917
0.3000 -51.1480
0.4000 -74.9668
0.5000 -103.0845
0.6000 -135.3008
0.7000 -170.6593
0.8000 -209.1237
0.9000 -251.5778
1.0000 -297.4163
#MBAR free energy difference in kcal/mol: 
-297.434570, 0.237306  #WARNING SUBSAMPLING DISABLED, CONSIDER RERUN WITH SUBSAMPLING OPTION
#TI free energy difference in kcal/mol: 
-297.416314  #WARNING SUBSAMPLING DISABLED, CONSIDER RERUN WITH SUBSAMPLING OPTION 
Starting /export/users/common/BioSimSpace/sire.app/bin/analyse_freenrg: number of threads equals 32
