# Analysing data contained in file(s) ['lambda_0.0000/simfile.dat', 'lambda_0.1000/simfile.dat', 'lambda_0.2000/simfile.dat', 'lambda_0.3000/simfile.dat', 'lambda_0.4000/simfile.dat', 'lambda_0.5000/simfile.dat', 'lambda_0.6000/simfile.dat', 'lambda_0.7000/simfile.dat', 'lambda_0.8000/simfile.dat', 'lambda_0.9000/simfile.dat', 'lambda_1.0000/simfile.dat']
#Overlap matrix
0.7614 0.2244 0.0141 0.0001 0.0000 0.0000 0.0000 0.0000 0.0000 0.0000 0.0000
0.2244 0.5499 0.2177 0.0080 0.0001 0.0000 0.0000 0.0000 0.0000 0.0000 0.0000
0.0141 0.2177 0.5815 0.1791 0.0073 0.0003 0.0000 0.0000 0.0000 0.0000 0.0000
0.0001 0.0080 0.1791 0.6061 0.1972 0.0095 0.0002 0.0000 0.0000 0.0000 0.0000
0.0000 0.0001 0.0073 0.1972 0.6869 0.1079 0.0006 0.0000 0.0000 0.0000 0.0000
0.0000 0.0000 0.0003 0.0095 0.1079 0.8274 0.0549 0.0001 0.0000 0.0000 0.0000
0.0000 0.0000 0.0000 0.0002 0.0006 0.0549 0.9076 0.0368 0.0000 0.0000 0.0000
0.0000 0.0000 0.0000 0.0000 0.0000 0.0001 0.0368 0.9352 0.0280 0.0000 0.0000
0.0000 0.0000 0.0000 0.0000 0.0000 0.0000 0.0000 0.0280 0.9426 0.0294 0.0000
0.0000 0.0000 0.0000 0.0000 0.0000 0.0000 0.0000 0.0000 0.0294 0.9403 0.0303
0.0000 0.0000 0.0000 0.0000 0.0000 0.0000 0.0000 0.0000 0.0000 0.0303 0.9697
#DG from neighbouring lambda in kcal/mol
0.0000 0.1000 9.2863 0.0128
0.1000 0.2000 6.7082 0.0128
0.2000 0.3000 3.5982 0.0153
0.3000 0.4000 0.8577 0.0142
0.4000 0.5000 0.6585 0.0220
0.5000 0.6000 0.1957 0.0345
0.6000 0.7000 -0.2003 0.0434
0.7000 0.8000 -0.9816 0.0502
0.8000 0.9000 -2.1008 0.0489
0.9000 1.0000 -2.0362 0.0482
#PMF from MBAR in kcal/mol
0.0000 0.0000 0.0000
0.1000 9.2863 0.0128
0.2000 15.9945 0.0210
0.3000 19.5926 0.0283
0.4000 20.4504 0.0335
0.5000 21.1088 0.0412
0.6000 21.3046 0.0550
0.7000 21.1042 0.0710
0.8000 20.1226 0.0879
0.9000 18.0218 0.1013
1.0000 15.9855 0.1128
#TI average gradients and standard deviation in kcal/mol
0.0000 89.5413 12.2790
0.1000 80.4020 11.6848
0.2000 52.8338 12.8618
0.3000 19.4624 13.5076
0.4000 3.7221 13.9095
0.5000 7.3929 23.1015
0.6000 -1.0786 23.1469
0.7000 -4.4839 26.3127
0.8000 -15.7096 26.4605
0.9000 -24.8394 25.9864
1.0000 -7.4944 26.9535
#PMF from TI in kcal/mol
0.0000 0.0000
0.1000 8.4972
0.2000 15.1590
0.3000 18.7738
0.4000 19.9330
0.5000 20.4887
0.6000 20.8045
0.7000 20.5263
0.8000 19.5166
0.9000 17.4892
1.0000 15.8725
#MBAR free energy difference in kcal/mol: 
15.985531, 0.112819  #WARNING SUBSAMPLING DISABLED, CONSIDER RERUN WITH SUBSAMPLING OPTION
#TI free energy difference in kcal/mol: 
15.872506  #WARNING SUBSAMPLING DISABLED, CONSIDER RERUN WITH SUBSAMPLING OPTION 
Starting /export/users/common/BioSimSpace/sire.app/bin/analyse_freenrg: number of threads equals 32
