# Analysing data contained in file(s) ['lambda_0.0000/simfile.dat', 'lambda_0.1000/simfile.dat', 'lambda_0.2000/simfile.dat', 'lambda_0.3000/simfile.dat', 'lambda_0.4000/simfile.dat', 'lambda_0.5000/simfile.dat', 'lambda_0.6000/simfile.dat', 'lambda_0.7000/simfile.dat', 'lambda_0.8000/simfile.dat', 'lambda_0.9000/simfile.dat', 'lambda_1.0000/simfile.dat']
#Overlap matrix
0.9481 0.0519 0.0000 0.0000 0.0000 0.0000 0.0000 0.0000 0.0000 0.0000 0.0000
0.0519 0.8712 0.0769 0.0001 0.0000 0.0000 0.0000 0.0000 0.0000 0.0000 0.0000
0.0000 0.0769 0.8147 0.1079 0.0005 0.0000 0.0000 0.0000 0.0000 0.0000 0.0000
0.0000 0.0001 0.1079 0.8338 0.0582 0.0001 0.0000 0.0000 0.0000 0.0000 0.0000
0.0000 0.0000 0.0005 0.0582 0.8531 0.0879 0.0003 0.0000 0.0000 0.0000 0.0000
0.0000 0.0000 0.0000 0.0001 0.0879 0.8352 0.0768 0.0001 0.0000 0.0000 0.0000
0.0000 0.0000 0.0000 0.0000 0.0003 0.0768 0.8724 0.0506 0.0000 0.0000 0.0000
0.0000 0.0000 0.0000 0.0000 0.0000 0.0001 0.0506 0.8968 0.0525 0.0000 0.0000
0.0000 0.0000 0.0000 0.0000 0.0000 0.0000 0.0000 0.0525 0.8899 0.0576 0.0000
0.0000 0.0000 0.0000 0.0000 0.0000 0.0000 0.0000 0.0000 0.0576 0.8917 0.0507
0.0000 0.0000 0.0000 0.0000 0.0000 0.0000 0.0000 0.0000 0.0000 0.0507 0.9493
#DG from neighbouring lambda in kcal/mol
0.0000 0.1000 13.7364 0.0360
0.1000 0.2000 10.0754 0.0287
0.2000 0.3000 7.5763 0.0232
0.3000 0.4000 7.5697 0.0335
0.4000 0.5000 5.8167 0.0264
0.5000 0.6000 5.6066 0.0286
0.6000 0.7000 5.6538 0.0364
0.7000 0.8000 5.0445 0.0357
0.8000 0.9000 4.7027 0.0339
0.9000 1.0000 5.4533 0.0364
#PMF from MBAR in kcal/mol
0.0000 0.0000 0.0000
0.1000 13.7364 0.0360
0.2000 23.8118 0.0476
0.3000 31.3881 0.0543
0.4000 38.9579 0.0649
0.5000 44.7746 0.0711
0.6000 50.3812 0.0776
0.7000 56.0350 0.0866
0.8000 61.0795 0.0944
0.9000 65.7822 0.1011
1.0000 71.2355 0.1081
#TI average gradients and standard deviation in kcal/mol
0.0000 153.5224 24.7787
0.1000 117.4426 20.8676
0.2000 84.5640 19.4713
0.3000 74.3655 17.5463
0.4000 65.8130 22.7974
0.5000 54.1749 19.7943
0.6000 57.5339 22.5490
0.7000 53.6075 23.4900
0.8000 47.8985 22.2715
0.9000 47.4979 21.6071
1.0000 67.2623 22.1510
#PMF from TI in kcal/mol
0.0000 0.0000
0.1000 13.5482
0.2000 23.6486
0.3000 31.5951
0.4000 38.6040
0.5000 44.6034
0.6000 50.1888
0.7000 55.7459
0.8000 60.8212
0.9000 65.5910
1.0000 71.3290
#MBAR free energy difference in kcal/mol: 
71.235550, 0.108110  #WARNING SUBSAMPLING DISABLED, CONSIDER RERUN WITH SUBSAMPLING OPTION
#TI free energy difference in kcal/mol: 
71.329022  #WARNING SUBSAMPLING DISABLED, CONSIDER RERUN WITH SUBSAMPLING OPTION 
Starting /export/users/common/BioSimSpace/sire.app/bin/analyse_freenrg: number of threads equals 32
