# Analysing data contained in file(s) ['lambda_0.0000/simfile.dat', 'lambda_0.1000/simfile.dat', 'lambda_0.2000/simfile.dat', 'lambda_0.3000/simfile.dat', 'lambda_0.4000/simfile.dat', 'lambda_0.5000/simfile.dat', 'lambda_0.6000/simfile.dat', 'lambda_0.7000/simfile.dat', 'lambda_0.8000/simfile.dat', 'lambda_0.9000/simfile.dat', 'lambda_1.0000/simfile.dat']
#Overlap matrix
0.9456 0.0543 0.0000 0.0000 0.0000 0.0000 0.0000 0.0000 0.0000 0.0000 0.0000
0.0543 0.8579 0.0877 0.0001 0.0000 0.0000 0.0000 0.0000 0.0000 0.0000 0.0000
0.0000 0.0877 0.8215 0.0907 0.0001 0.0000 0.0000 0.0000 0.0000 0.0000 0.0000
0.0000 0.0001 0.0907 0.8095 0.0997 0.0001 0.0000 0.0000 0.0000 0.0000 0.0000
0.0000 0.0000 0.0001 0.0997 0.8073 0.0928 0.0000 0.0000 0.0000 0.0000 0.0000
0.0000 0.0000 0.0000 0.0001 0.0928 0.8283 0.0787 0.0000 0.0000 0.0000 0.0000
0.0000 0.0000 0.0000 0.0000 0.0000 0.0787 0.8408 0.0804 0.0000 0.0000 0.0000
0.0000 0.0000 0.0000 0.0000 0.0000 0.0000 0.0804 0.8456 0.0739 0.0000 0.0000
0.0000 0.0000 0.0000 0.0000 0.0000 0.0000 0.0000 0.0739 0.8933 0.0327 0.0000
0.0000 0.0000 0.0000 0.0000 0.0000 0.0000 0.0000 0.0000 0.0327 0.9673 0.0000
0.0000 0.0000 0.0000 0.0000 0.0000 0.0000 0.0000 0.0000 0.0000 0.0000 1.0000
#DG from neighbouring lambda in kcal/mol
0.0000 0.1000 1.8446 0.0350
0.1000 0.2000 2.3165 0.0265
0.2000 0.3000 3.2015 0.0260
0.3000 0.4000 4.0173 0.0245
0.4000 0.5000 4.6614 0.0256
0.5000 0.6000 4.6374 0.0283
0.6000 0.7000 4.4240 0.0279
0.7000 0.8000 4.6117 0.0294
0.8000 0.9000 3.8129 0.0462
0.9000 1.0000 -34.1549 0.0606
#PMF from MBAR in kcal/mol
0.0000 0.0000 0.0000
0.1000 1.8446 0.0350
0.2000 4.1611 0.0456
0.3000 7.3626 0.0539
0.4000 11.3799 0.0604
0.5000 16.0413 0.0667
0.6000 20.6786 0.0735
0.7000 25.1027 0.0796
0.8000 29.7144 0.0857
0.9000 33.5273 0.0981
1.0000 -0.6275 0.0526
#TI average gradients and standard deviation in kcal/mol
0.0000 16.5909 22.4996
0.1000 18.5345 19.8859
0.2000 27.9660 18.9869
0.3000 35.7839 18.4284
0.4000 44.0102 18.1922
0.5000 47.1384 19.7520
0.6000 44.9493 20.2578
0.7000 44.6725 19.6099
0.8000 45.5347 22.1127
0.9000 21.3197 30.6553
1.0000 -3014.2085 357.5734
#PMF from TI in kcal/mol
0.0000 0.0000
0.1000 1.7563
0.2000 4.0813
0.3000 7.2688
0.4000 11.2585
0.5000 15.8159
0.6000 20.4203
0.7000 24.9014
0.8000 29.4118
0.9000 32.7545
1.0000 -116.8900
#MBAR free energy difference in kcal/mol: 
-0.627530, 0.052582  #WARNING SUBSAMPLING DISABLED, CONSIDER RERUN WITH SUBSAMPLING OPTION
#TI free energy difference in kcal/mol: 
-116.889958  #WARNING SUBSAMPLING DISABLED, CONSIDER RERUN WITH SUBSAMPLING OPTION 
Starting /export/users/common/BioSimSpace/sire.app/bin/analyse_freenrg: number of threads equals 32
