# Analysing data contained in file(s) ['lambda_0.0000/simfile.dat', 'lambda_0.1000/simfile.dat', 'lambda_0.2000/simfile.dat', 'lambda_0.3000/simfile.dat', 'lambda_0.4000/simfile.dat', 'lambda_0.5000/simfile.dat', 'lambda_0.6000/simfile.dat', 'lambda_0.7000/simfile.dat', 'lambda_0.8000/simfile.dat', 'lambda_0.9000/simfile.dat', 'lambda_1.0000/simfile.dat']
#Overlap matrix
0.8219 0.1774 0.0007 0.0000 0.0000 0.0000 0.0000 0.0000 0.0000 0.0000 0.0000
0.1774 0.6759 0.1416 0.0047 0.0001 0.0002 0.0000 0.0000 0.0000 0.0000 0.0000
0.0007 0.1416 0.6235 0.2098 0.0242 0.0002 0.0000 0.0000 0.0000 0.0000 0.0000
0.0000 0.0047 0.2098 0.5264 0.2592 0.0000 0.0000 0.0000 0.0000 0.0000 0.0000
0.0000 0.0001 0.0242 0.2592 0.7163 0.0001 0.0000 0.0000 0.0000 0.0000 0.0000
0.0000 0.0002 0.0002 0.0000 0.0001 0.9702 0.0291 0.0000 0.0000 0.0000 0.0000
0.0000 0.0000 0.0000 0.0000 0.0000 0.0291 0.9359 0.0350 0.0000 0.0000 0.0000
0.0000 0.0000 0.0000 0.0000 0.0000 0.0000 0.0350 0.9378 0.0271 0.0000 0.0000
0.0000 0.0000 0.0000 0.0000 0.0000 0.0000 0.0000 0.0516 0.8976 0.0507 0.0000
0.0000 0.0000 0.0000 0.0000 0.0000 0.0000 0.0000 0.0000 0.0266 0.9251 0.0482
0.0000 0.0000 0.0000 0.0000 0.0000 0.0000 0.0000 0.0000 0.0000 0.0482 0.9518
#DG from neighbouring lambda in kcal/mol
0.0000 0.1000 14.2217 0.0164
0.1000 0.2000 8.3778 0.0189
0.2000 0.3000 3.5091 0.0129
0.3000 0.4000 4.0470 0.0108
0.4000 0.5000 12.5738 0.3422
0.5000 0.6000 3.9407 0.0492
0.6000 0.7000 2.7198 0.0445
0.7000 0.8000 0.8418 0.0504
0.8000 0.9000 -1.1538 0.0508
0.9000 1.0000 -2.3546 0.0375
#PMF from MBAR in kcal/mol
0.0000 0.0000 0.0000
0.1000 14.2217 0.0164
0.2000 22.5995 0.0278
0.3000 26.1087 0.0327
0.4000 30.1557 0.0358
0.5000 42.7294 0.3426
0.6000 46.6701 0.3463
0.7000 49.3899 0.3494
0.8000 50.2318 0.3532
0.9000 49.0780 0.3572
1.0000 46.7233 0.3594
#TI average gradients and standard deviation in kcal/mol
0.0000 152.1006 11.8772
0.1000 115.8777 17.4361
0.2000 55.3256 13.0570
0.3000 21.3870 11.0142
0.4000 94.0535 15.6032
0.5000 64.5419 37.2269
0.6000 30.2261 23.9636
0.7000 19.8020 26.8719
0.8000 -0.6784 17.9356
0.9000 -20.6902 23.0838
1.0000 -21.5984 23.0081
#PMF from TI in kcal/mol
0.0000 0.0000
0.1000 13.3989
0.2000 21.9591
0.3000 25.7947
0.4000 31.5667
0.5000 39.4965
0.6000 44.2349
0.7000 46.7363
0.8000 47.6925
0.9000 46.6241
1.0000 44.5096
#MBAR free energy difference in kcal/mol: 
46.723329, 0.359406  #WARNING SUBSAMPLING DISABLED, CONSIDER RERUN WITH SUBSAMPLING OPTION
#TI free energy difference in kcal/mol: 
44.509637  #WARNING SUBSAMPLING DISABLED, CONSIDER RERUN WITH SUBSAMPLING OPTION 
Starting /export/users/common/BioSimSpace/sire.app/bin/analyse_freenrg: number of threads equals 32
