# Analysing data contained in file(s) ['lambda_0.0000/simfile.dat', 'lambda_0.1000/simfile.dat', 'lambda_0.2000/simfile.dat', 'lambda_0.3000/simfile.dat', 'lambda_0.4000/simfile.dat', 'lambda_0.5000/simfile.dat', 'lambda_0.6000/simfile.dat', 'lambda_0.7000/simfile.dat', 'lambda_0.8000/simfile.dat', 'lambda_0.9000/simfile.dat', 'lambda_1.0000/simfile.dat']
#Overlap matrix
0.8306 0.1676 0.0017 0.0000 0.0000 0.0000 0.0000 0.0000 0.0000 0.0000 0.0000
0.1676 0.6738 0.1569 0.0016 0.0000 0.0000 0.0000 0.0000 0.0000 0.0000 0.0000
0.0017 0.1569 0.6858 0.1536 0.0019 0.0000 0.0000 0.0000 0.0000 0.0000 0.0000
0.0000 0.0016 0.1536 0.6838 0.1592 0.0018 0.0000 0.0000 0.0000 0.0000 0.0000
0.0000 0.0000 0.0019 0.1592 0.6739 0.1623 0.0026 0.0000 0.0000 0.0000 0.0000
0.0000 0.0000 0.0000 0.0018 0.1623 0.6575 0.1753 0.0032 0.0000 0.0000 0.0000
0.0000 0.0000 0.0000 0.0000 0.0026 0.1753 0.6444 0.1743 0.0033 0.0000 0.0000
0.0000 0.0000 0.0000 0.0000 0.0000 0.0032 0.1743 0.6411 0.1763 0.0051 0.0000
0.0000 0.0000 0.0000 0.0000 0.0000 0.0000 0.0033 0.1763 0.6256 0.1886 0.0062
0.0000 0.0000 0.0000 0.0000 0.0000 0.0000 0.0000 0.0051 0.1886 0.6267 0.1796
0.0000 0.0000 0.0000 0.0000 0.0000 0.0000 0.0000 0.0000 0.0062 0.1796 0.8142
#DG from neighbouring lambda in kcal/mol
0.0000 0.1000 5.2676 0.0171
0.1000 0.2000 4.5779 0.0178
0.2000 0.3000 3.6855 0.0181
0.3000 0.4000 2.7778 0.0176
0.4000 0.5000 1.7072 0.0173
0.5000 0.6000 0.7861 0.0162
0.6000 0.7000 -0.1188 0.0163
0.7000 0.8000 -1.0155 0.0160
0.8000 0.9000 -1.5235 0.0150
0.9000 1.0000 -1.4957 0.0159
#PMF from MBAR in kcal/mol
0.0000 0.0000 0.0000
0.1000 5.2676 0.0171
0.2000 9.8454 0.0274
0.3000 13.5309 0.0349
0.4000 16.3087 0.0408
0.5000 18.0160 0.0459
0.6000 18.8020 0.0500
0.7000 18.6832 0.0539
0.8000 17.6677 0.0574
0.9000 16.1442 0.0604
1.0000 14.6485 0.0635
#TI average gradients and standard deviation in kcal/mol
0.0000 52.8874 14.5622
0.1000 49.7694 15.9644
0.2000 42.1173 15.1107
0.3000 32.3927 14.1183
0.4000 22.2884 14.7915
0.5000 11.9063 14.2737
0.6000 3.2782 14.5808
0.7000 -5.7288 14.7585
0.8000 -13.4453 13.1885
0.9000 -16.1285 13.4182
1.0000 -13.0375 15.1707
#PMF from TI in kcal/mol
0.0000 0.0000
0.1000 5.1328
0.2000 9.7272
0.3000 13.4527
0.4000 16.1867
0.5000 17.8965
0.6000 18.6557
0.7000 18.5332
0.8000 17.5745
0.9000 16.0958
1.0000 14.6375
#MBAR free energy difference in kcal/mol: 
14.648504, 0.063466  #WARNING SUBSAMPLING DISABLED, CONSIDER RERUN WITH SUBSAMPLING OPTION
#TI free energy difference in kcal/mol: 
14.637464  #WARNING SUBSAMPLING DISABLED, CONSIDER RERUN WITH SUBSAMPLING OPTION 
Starting /export/users/common/BioSimSpace/sire.app/bin/analyse_freenrg: number of threads equals 32
