# Analysing data contained in file(s) ['lambda_0.0000/simfile.dat', 'lambda_0.1000/simfile.dat', 'lambda_0.2000/simfile.dat', 'lambda_0.3000/simfile.dat', 'lambda_0.4000/simfile.dat', 'lambda_0.5000/simfile.dat', 'lambda_0.6000/simfile.dat', 'lambda_0.7000/simfile.dat', 'lambda_0.8000/simfile.dat', 'lambda_0.9000/simfile.dat', 'lambda_1.0000/simfile.dat']
#Overlap matrix
0.9922 0.0078 0.0000 0.0000 0.0000 0.0000 0.0000 0.0000 0.0000 0.0000 0.0000
0.0078 0.9885 0.0037 0.0000 0.0000 0.0000 0.0000 0.0000 0.0000 0.0000 0.0000
0.0000 0.0037 0.9912 0.0051 0.0000 0.0000 0.0000 0.0000 0.0000 0.0000 0.0000
0.0000 0.0000 0.0051 0.9865 0.0084 0.0000 0.0000 0.0000 0.0000 0.0000 0.0000
0.0000 0.0000 0.0000 0.0084 0.9858 0.0058 0.0000 0.0000 0.0000 0.0000 0.0000
0.0000 0.0000 0.0000 0.0000 0.0058 0.9934 0.0008 0.0000 0.0000 0.0000 0.0000
0.0000 0.0000 0.0000 0.0000 0.0000 0.0008 0.9015 0.0975 0.0001 0.0000 0.0000
0.0000 0.0000 0.0000 0.0000 0.0000 0.0000 0.0975 0.8226 0.0798 0.0000 0.0000
0.0000 0.0000 0.0000 0.0000 0.0000 0.0000 0.0001 0.0798 0.8601 0.0599 0.0001
0.0000 0.0000 0.0000 0.0000 0.0000 0.0000 0.0000 0.0000 0.0599 0.8156 0.1245
0.0000 0.0000 0.0000 0.0000 0.0000 0.0000 0.0000 0.0000 0.0001 0.1245 0.8754
#DG from neighbouring lambda in kcal/mol
0.0000 0.1000 -5.0244 0.0970
0.1000 0.2000 -2.9422 0.1426
0.2000 0.3000 -2.3708 0.1204
0.3000 0.4000 -0.5575 0.0935
0.4000 0.5000 1.0155 0.1129
0.5000 0.6000 -2.4301 0.3053
0.6000 0.7000 6.6576 0.0248
0.7000 0.8000 7.6913 0.0280
0.8000 0.9000 3.6829 0.0331
0.9000 1.0000 1.1350 0.0212
#PMF from MBAR in kcal/mol
0.0000 0.0000 0.0000
0.1000 -5.0244 0.0970
0.2000 -7.9667 0.1729
0.3000 -10.3374 0.2110
0.4000 -10.8949 0.2311
0.5000 -9.8795 0.2575
0.6000 -12.3096 0.3996
0.7000 -5.6519 0.4005
0.8000 2.0394 0.4017
0.9000 5.7223 0.4033
1.0000 6.8573 0.4040
#TI average gradients and standard deviation in kcal/mol
0.0000 -84.1618 33.1775
0.1000 -28.8056 31.7233
0.2000 -27.0144 34.2737
0.3000 -16.3360 33.9107
0.4000 8.9306 29.7395
0.5000 -8.5360 42.4881
0.6000 18.9139 21.3426
0.7000 86.0129 18.4091
0.8000 60.2079 21.7989
0.9000 18.8281 18.6179
1.0000 24.6731 16.9281
#PMF from TI in kcal/mol
0.0000 0.0000
0.1000 -5.6484
0.2000 -8.4394
0.3000 -10.6069
0.4000 -10.9772
0.5000 -10.9574
0.6000 -10.4385
0.7000 -5.1922
0.8000 2.1188
0.9000 6.0706
1.0000 8.2457
#MBAR free energy difference in kcal/mol: 
6.857257, 0.403997  #WARNING SUBSAMPLING DISABLED, CONSIDER RERUN WITH SUBSAMPLING OPTION
#TI free energy difference in kcal/mol: 
8.245708  #WARNING SUBSAMPLING DISABLED, CONSIDER RERUN WITH SUBSAMPLING OPTION 
Starting /export/users/common/BioSimSpace/sire.app/bin/analyse_freenrg: number of threads equals 32
