# Analysing data contained in file(s) ['lambda_0.0000/simfile.dat', 'lambda_0.1000/simfile.dat', 'lambda_0.2000/simfile.dat', 'lambda_0.3000/simfile.dat', 'lambda_0.4000/simfile.dat', 'lambda_0.5000/simfile.dat', 'lambda_0.6000/simfile.dat', 'lambda_0.7000/simfile.dat', 'lambda_0.8000/simfile.dat', 'lambda_0.9000/simfile.dat', 'lambda_1.0000/simfile.dat']
#Overlap matrix
0.8062 0.1865 0.0073 0.0001 0.0000 0.0000 0.0000 0.0000 0.0000 0.0000 0.0000
0.1865 0.6019 0.2014 0.0102 0.0001 0.0000 0.0000 0.0000 0.0000 0.0000 0.0000
0.0073 0.2014 0.5741 0.2059 0.0112 0.0001 0.0000 0.0000 0.0000 0.0000 0.0000
0.0001 0.0102 0.2059 0.5625 0.2101 0.0110 0.0001 0.0000 0.0000 0.0000 0.0000
0.0000 0.0001 0.0112 0.2101 0.5547 0.2119 0.0118 0.0001 0.0000 0.0000 0.0000
0.0000 0.0000 0.0001 0.0110 0.2119 0.5586 0.2088 0.0096 0.0001 0.0000 0.0000
0.0000 0.0000 0.0000 0.0001 0.0118 0.2088 0.5659 0.2048 0.0086 0.0000 0.0000
0.0000 0.0000 0.0000 0.0000 0.0001 0.0096 0.2048 0.5839 0.1971 0.0045 0.0000
0.0000 0.0000 0.0000 0.0000 0.0000 0.0001 0.0086 0.1971 0.6291 0.1652 0.0000
0.0000 0.0000 0.0000 0.0000 0.0000 0.0000 0.0000 0.0045 0.1652 0.8285 0.0018
0.0000 0.0000 0.0000 0.0000 0.0000 0.0000 0.0000 0.0000 0.0000 0.0018 0.9982
#DG from neighbouring lambda in kcal/mol
0.0000 0.1000 -0.3284 0.0154
0.1000 0.2000 -0.0704 0.0139
0.2000 0.3000 -0.0250 0.0134
0.3000 0.4000 -0.1320 0.0132
0.4000 0.5000 -0.4149 0.0131
0.5000 0.6000 -0.7187 0.0133
0.6000 0.7000 -1.1721 0.0137
0.7000 0.8000 -1.6403 0.0144
0.8000 0.9000 -2.3460 0.0171
0.9000 1.0000 -8.1199 0.2057
#PMF from MBAR in kcal/mol
0.0000 0.0000 0.0000
0.1000 -0.3284 0.0154
0.2000 -0.3988 0.0235
0.3000 -0.4238 0.0292
0.4000 -0.5559 0.0338
0.5000 -0.9708 0.0379
0.6000 -1.6895 0.0416
0.7000 -2.8615 0.0452
0.8000 -4.5018 0.0487
0.9000 -6.8479 0.0528
1.0000 -14.9678 0.2127
#TI average gradients and standard deviation in kcal/mol
0.0000 -7.0223 13.8474
0.1000 -1.5786 13.4298
0.2000 -0.0109 12.5056
0.3000 -0.5861 12.0458
0.4000 -2.4773 12.2716
0.5000 -5.7551 12.0660
0.6000 -9.1264 12.6580
0.7000 -14.1289 12.7024
0.8000 -19.1263 13.7148
0.9000 -29.4185 16.8032
1.0000 -2603.3096 1351.7031
#PMF from TI in kcal/mol
0.0000 0.0000
0.1000 -0.4300
0.2000 -0.5095
0.3000 -0.5394
0.4000 -0.6925
0.5000 -1.1042
0.6000 -1.8482
0.7000 -3.0110
0.8000 -4.6738
0.9000 -7.1010
1.0000 -138.7374
#MBAR free energy difference in kcal/mol: 
-14.967800, 0.212725  #WARNING SUBSAMPLING DISABLED, CONSIDER RERUN WITH SUBSAMPLING OPTION
#TI free energy difference in kcal/mol: 
-138.737421  #WARNING SUBSAMPLING DISABLED, CONSIDER RERUN WITH SUBSAMPLING OPTION 
Starting /export/users/common/BioSimSpace/sire.app/bin/analyse_freenrg: number of threads equals 32
