# Analysing data contained in file(s) ['lambda_0.0000/simfile.dat', 'lambda_0.1000/simfile.dat', 'lambda_0.2000/simfile.dat', 'lambda_0.3000/simfile.dat', 'lambda_0.4000/simfile.dat', 'lambda_0.5000/simfile.dat', 'lambda_0.6000/simfile.dat', 'lambda_0.7000/simfile.dat', 'lambda_0.8000/simfile.dat', 'lambda_0.9000/simfile.dat', 'lambda_1.0000/simfile.dat']
#Overlap matrix
0.9439 0.0561 0.0000 0.0000 0.0000 0.0000 0.0000 0.0000 0.0000 0.0000 0.0000
0.0561 0.8465 0.0971 0.0003 0.0000 0.0000 0.0000 0.0000 0.0000 0.0000 0.0000
0.0000 0.0971 0.7773 0.1249 0.0007 0.0000 0.0000 0.0000 0.0000 0.0000 0.0000
0.0000 0.0003 0.1249 0.7306 0.1432 0.0010 0.0000 0.0000 0.0000 0.0000 0.0000
0.0000 0.0000 0.0007 0.1432 0.7159 0.1393 0.0009 0.0000 0.0000 0.0000 0.0000
0.0000 0.0000 0.0000 0.0010 0.1393 0.7193 0.1397 0.0007 0.0000 0.0000 0.0000
0.0000 0.0000 0.0000 0.0000 0.0009 0.1397 0.7196 0.1391 0.0007 0.0000 0.0000
0.0000 0.0000 0.0000 0.0000 0.0000 0.0007 0.1391 0.7271 0.1325 0.0007 0.0000
0.0000 0.0000 0.0000 0.0000 0.0000 0.0000 0.0007 0.1325 0.7269 0.1394 0.0006
0.0000 0.0000 0.0000 0.0000 0.0000 0.0000 0.0000 0.0007 0.1394 0.7371 0.1229
0.0000 0.0000 0.0000 0.0000 0.0000 0.0000 0.0000 0.0000 0.0006 0.1229 0.8766
#DG from neighbouring lambda in kcal/mol
0.0000 0.1000 -1.4393 0.0344
0.1000 0.2000 0.4162 0.0249
0.2000 0.3000 1.4153 0.0211
0.3000 0.4000 1.8285 0.0191
0.4000 0.5000 1.9976 0.0195
0.5000 0.6000 1.9945 0.0195
0.6000 0.7000 1.9314 0.0196
0.7000 0.8000 1.9593 0.0202
0.8000 0.9000 2.0895 0.0196
0.9000 1.0000 2.2538 0.0214
#PMF from MBAR in kcal/mol
0.0000 0.0000 0.0000
0.1000 -1.4393 0.0344
0.2000 -1.0232 0.0442
0.3000 0.3922 0.0504
0.4000 2.2207 0.0552
0.5000 4.2182 0.0598
0.6000 6.2127 0.0640
0.7000 8.1441 0.0680
0.8000 10.1035 0.0719
0.9000 12.1929 0.0755
1.0000 14.4467 0.0794
#TI average gradients and standard deviation in kcal/mol
0.0000 -26.9324 24.8795
0.1000 -3.6998 20.7061
0.2000 10.8944 17.2090
0.3000 16.5035 16.0281
0.4000 20.0189 15.4789
0.5000 19.5901 15.3813
0.6000 19.2621 16.7552
0.7000 19.7815 16.3161
0.8000 19.5186 16.3482
0.9000 22.3066 16.8877
1.0000 26.5009 17.1000
#PMF from TI in kcal/mol
0.0000 0.0000
0.1000 -1.5316
0.2000 -1.1719
0.3000 0.1980
0.4000 2.0241
0.5000 4.0046
0.6000 5.9472
0.7000 7.8994
0.8000 9.8644
0.9000 11.9556
1.0000 14.3960
#MBAR free energy difference in kcal/mol: 
14.446732, 0.079400  #WARNING SUBSAMPLING DISABLED, CONSIDER RERUN WITH SUBSAMPLING OPTION
#TI free energy difference in kcal/mol: 
14.396016  #WARNING SUBSAMPLING DISABLED, CONSIDER RERUN WITH SUBSAMPLING OPTION 
Starting /export/users/common/BioSimSpace/sire.app/bin/analyse_freenrg: number of threads equals 32
