# Analysing data contained in file(s) ['lambda_0.0000/simfile.dat', 'lambda_0.1000/simfile.dat', 'lambda_0.2000/simfile.dat', 'lambda_0.3000/simfile.dat', 'lambda_0.4000/simfile.dat', 'lambda_0.5000/simfile.dat', 'lambda_0.6000/simfile.dat', 'lambda_0.7000/simfile.dat', 'lambda_0.8000/simfile.dat', 'lambda_0.9000/simfile.dat', 'lambda_1.0000/simfile.dat']
#Overlap matrix
0.8710 0.1285 0.0005 0.0000 0.0000 0.0000 0.0000 0.0000 0.0000 0.0000 0.0000
0.1285 0.7481 0.1230 0.0004 0.0000 0.0000 0.0000 0.0000 0.0000 0.0000 0.0000
0.0005 0.1230 0.7540 0.1220 0.0004 0.0000 0.0000 0.0000 0.0000 0.0000 0.0000
0.0000 0.0004 0.1220 0.7511 0.1261 0.0004 0.0000 0.0000 0.0000 0.0000 0.0000
0.0000 0.0000 0.0004 0.1261 0.7521 0.1210 0.0004 0.0000 0.0000 0.0000 0.0000
0.0000 0.0000 0.0000 0.0004 0.1210 0.7482 0.1298 0.0006 0.0000 0.0000 0.0000
0.0000 0.0000 0.0000 0.0000 0.0004 0.1298 0.7338 0.1352 0.0008 0.0000 0.0000
0.0000 0.0000 0.0000 0.0000 0.0000 0.0006 0.1352 0.7218 0.1413 0.0011 0.0000
0.0000 0.0000 0.0000 0.0000 0.0000 0.0000 0.0008 0.1413 0.7029 0.1538 0.0012
0.0000 0.0000 0.0000 0.0000 0.0000 0.0000 0.0000 0.0011 0.1538 0.6993 0.1458
0.0000 0.0000 0.0000 0.0000 0.0000 0.0000 0.0000 0.0000 0.0012 0.1458 0.8529
#DG from neighbouring lambda in kcal/mol
0.0000 0.1000 -3.9582 0.0207
0.1000 0.2000 -5.7487 0.0213
0.2000 0.3000 -7.7958 0.0214
0.3000 0.4000 -9.7876 0.0210
0.4000 0.5000 -11.8940 0.0215
0.5000 0.6000 -14.1048 0.0206
0.6000 0.7000 -16.2021 0.0200
0.7000 0.8000 -18.1793 0.0193
0.8000 0.9000 -20.0196 0.0182
0.9000 1.0000 -21.8206 0.0190
#PMF from MBAR in kcal/mol
0.0000 0.0000 0.0000
0.1000 -3.9582 0.0207
0.2000 -9.7069 0.0321
0.3000 -17.5027 0.0404
0.4000 -27.2904 0.0471
0.5000 -39.1843 0.0532
0.6000 -53.2892 0.0583
0.7000 -69.4913 0.0628
0.8000 -87.6706 0.0668
0.9000 -107.6902 0.0702
1.0000 -129.5108 0.0737
#TI average gradients and standard deviation in kcal/mol
0.0000 -30.5216 16.7153
0.1000 -48.1851 16.1143
0.2000 -67.5714 16.6631
0.3000 -87.9971 16.5048
0.4000 -107.7302 16.1942
0.5000 -130.4621 16.1516
0.6000 -151.6170 15.9933
0.7000 -172.3307 15.6154
0.8000 -191.3283 15.5758
0.9000 -208.5457 15.1908
1.0000 -227.8609 15.0995
#PMF from TI in kcal/mol
0.0000 0.0000
0.1000 -3.9353
0.2000 -9.7232
0.3000 -17.5016
0.4000 -27.2879
0.5000 -39.1976
0.6000 -53.3015
0.7000 -69.4989
0.8000 -87.6819
0.9000 -107.6756
1.0000 -129.4959
#MBAR free energy difference in kcal/mol: 
-129.510759, 0.073691  #WARNING SUBSAMPLING DISABLED, CONSIDER RERUN WITH SUBSAMPLING OPTION
#TI free energy difference in kcal/mol: 
-129.495877  #WARNING SUBSAMPLING DISABLED, CONSIDER RERUN WITH SUBSAMPLING OPTION 
Starting /export/users/common/BioSimSpace/sire.app/bin/analyse_freenrg: number of threads equals 32
