# Analysing data contained in file(s) ['lambda_0.0000/simfile.dat', 'lambda_0.1000/simfile.dat', 'lambda_0.2000/simfile.dat', 'lambda_0.3000/simfile.dat', 'lambda_0.4000/simfile.dat', 'lambda_0.5000/simfile.dat', 'lambda_0.6000/simfile.dat', 'lambda_0.7000/simfile.dat', 'lambda_0.8000/simfile.dat', 'lambda_0.9000/simfile.dat', 'lambda_1.0000/simfile.dat']
#Overlap matrix
0.7963 0.1877 0.0145 0.0011 0.0001 0.0000 0.0000 0.0000 0.0000 0.0000 0.0000
0.1877 0.5985 0.1924 0.0185 0.0019 0.0004 0.0002 0.0002 0.0002 0.0001 0.0000
0.0145 0.1924 0.5702 0.1921 0.0227 0.0035 0.0015 0.0014 0.0011 0.0004 0.0001
0.0011 0.0185 0.1921 0.5393 0.1950 0.0297 0.0097 0.0076 0.0050 0.0018 0.0003
0.0001 0.0019 0.0227 0.1950 0.4895 0.1869 0.0520 0.0295 0.0161 0.0053 0.0010
0.0000 0.0004 0.0035 0.0297 0.1869 0.4136 0.2134 0.0957 0.0416 0.0128 0.0025
0.0000 0.0002 0.0015 0.0097 0.0520 0.2134 0.3489 0.2278 0.1032 0.0350 0.0083
0.0000 0.0002 0.0014 0.0076 0.0295 0.0957 0.2278 0.2861 0.2096 0.1055 0.0366
0.0000 0.0002 0.0011 0.0050 0.0161 0.0416 0.1032 0.2096 0.2705 0.2258 0.1269
0.0000 0.0001 0.0004 0.0018 0.0053 0.0128 0.0350 0.1055 0.2258 0.3136 0.2999
0.0000 0.0000 0.0001 0.0003 0.0010 0.0025 0.0083 0.0366 0.1269 0.2999 0.5245
#DG from neighbouring lambda in kcal/mol
0.0000 0.1000 0.1489 0.0148
0.1000 0.2000 0.2960 0.0134
0.2000 0.3000 0.2559 0.0128
0.3000 0.4000 0.2012 0.0114
0.4000 0.5000 0.2126 0.0097
0.5000 0.6000 0.4887 0.0068
0.6000 0.7000 0.6795 0.0049
0.7000 0.8000 0.3129 0.0048
0.8000 0.9000 -0.2665 0.0048
0.9000 1.0000 -0.8054 0.0053
#PMF from MBAR in kcal/mol
0.0000 0.0000 0.0000
0.1000 0.1489 0.0148
0.2000 0.4449 0.0223
0.3000 0.7008 0.0274
0.4000 0.9019 0.0309
0.5000 1.1146 0.0332
0.6000 1.6032 0.0342
0.7000 2.2828 0.0347
0.8000 2.5957 0.0353
0.9000 2.3291 0.0362
1.0000 1.5237 0.0373
#TI average gradients and standard deviation in kcal/mol
0.0000 0.2521 14.0890
0.1000 2.7524 13.3594
0.2000 3.3393 12.6024
0.3000 2.0736 12.5509
0.4000 1.8806 12.1409
0.5000 2.9294 10.7875
0.6000 6.6784 7.3466
0.7000 5.3985 6.1191
0.8000 0.3104 6.0452
0.9000 -5.5591 5.7250
1.0000 -5.2765 5.5748
#PMF from TI in kcal/mol
0.0000 0.0000
0.1000 0.1502
0.2000 0.4548
0.3000 0.7255
0.4000 0.9232
0.5000 1.1637
0.6000 1.6441
0.7000 2.2479
0.8000 2.5333
0.9000 2.2709
1.0000 1.7291
#MBAR free energy difference in kcal/mol: 
1.523734, 0.037251  #WARNING SUBSAMPLING DISABLED, CONSIDER RERUN WITH SUBSAMPLING OPTION
#TI free energy difference in kcal/mol: 
1.729139  #WARNING SUBSAMPLING DISABLED, CONSIDER RERUN WITH SUBSAMPLING OPTION 
Starting /export/users/common/BioSimSpace/sire.app/bin/analyse_freenrg: number of threads equals 32
