# Analysing data contained in file(s) ['lambda_0.0000/simfile.dat', 'lambda_0.1000/simfile.dat', 'lambda_0.2000/simfile.dat', 'lambda_0.3000/simfile.dat', 'lambda_0.4000/simfile.dat', 'lambda_0.5000/simfile.dat', 'lambda_0.6000/simfile.dat', 'lambda_0.7000/simfile.dat', 'lambda_0.8000/simfile.dat', 'lambda_0.9000/simfile.dat', 'lambda_1.0000/simfile.dat']
#Overlap matrix
0.8765 0.1225 0.0011 0.0000 0.0000 0.0000 0.0000 0.0000 0.0000 0.0000 0.0000
0.1225 0.7301 0.1463 0.0011 0.0000 0.0000 0.0000 0.0000 0.0000 0.0000 0.0000
0.0011 0.1463 0.7136 0.1376 0.0014 0.0000 0.0000 0.0000 0.0000 0.0000 0.0000
0.0000 0.0011 0.1376 0.7665 0.0948 0.0000 0.0000 0.0000 0.0000 0.0000 0.0000
0.0000 0.0000 0.0014 0.0948 0.8902 0.0136 0.0000 0.0000 0.0000 0.0000 0.0000
0.0000 0.0000 0.0000 0.0000 0.0136 0.9718 0.0146 0.0000 0.0000 0.0000 0.0000
0.0000 0.0000 0.0000 0.0000 0.0000 0.0146 0.9778 0.0076 0.0000 0.0000 0.0000
0.0000 0.0000 0.0000 0.0000 0.0000 0.0000 0.0076 0.9864 0.0061 0.0000 0.0000
0.0000 0.0000 0.0000 0.0000 0.0000 0.0000 0.0000 0.0061 0.9872 0.0067 0.0000
0.0000 0.0000 0.0000 0.0000 0.0000 0.0000 0.0000 0.0000 0.0067 0.9901 0.0032
0.0000 0.0000 0.0000 0.0000 0.0000 0.0000 0.0000 0.0000 0.0000 0.0032 0.9968
#DG from neighbouring lambda in kcal/mol
0.0000 0.1000 -2.1608 0.0214
0.1000 0.2000 -4.6433 0.0188
0.2000 0.3000 -7.4256 0.0196
0.3000 0.4000 -7.9765 0.0251
0.4000 0.5000 -8.5345 0.0730
0.5000 0.6000 -6.3372 0.0705
0.6000 0.7000 -5.3993 0.0986
0.7000 0.8000 -4.7743 0.1105
0.8000 0.9000 -3.7653 0.1047
0.9000 1.0000 1.9405 0.1522
#PMF from MBAR in kcal/mol
0.0000 0.0000 0.0000
0.1000 -2.1608 0.0214
0.2000 -6.8042 0.0308
0.3000 -14.2298 0.0384
0.4000 -22.2063 0.0473
0.5000 -30.7408 0.0879
0.6000 -37.0780 0.1133
0.7000 -42.4773 0.1507
0.8000 -47.2516 0.1873
0.9000 -51.0169 0.2149
1.0000 -49.0764 0.2636
#TI average gradients and standard deviation in kcal/mol
0.0000 -0.8030 711.9072
0.1000 -34.5967 15.8077
0.2000 -60.4495 16.2096
0.3000 -84.1287 15.4600
0.4000 -72.7150 27.8455
0.5000 -89.9670 27.0767
0.6000 -45.1520 40.1994
0.7000 -48.0797 32.9319
0.8000 -46.5870 32.8933
0.9000 -20.9248 33.7221
1.0000 82.7747 35.8016
#PMF from TI in kcal/mol
0.0000 0.0000
0.1000 -1.7700
0.2000 -6.5223
0.3000 -13.7512
0.4000 -21.5934
0.5000 -29.7275
0.6000 -36.4834
0.7000 -41.1450
0.8000 -45.8784
0.9000 -49.2540
1.0000 -46.1615
#MBAR free energy difference in kcal/mol: 
-49.076358, 0.263614  #WARNING SUBSAMPLING DISABLED, CONSIDER RERUN WITH SUBSAMPLING OPTION
#TI free energy difference in kcal/mol: 
-46.161458  #WARNING SUBSAMPLING DISABLED, CONSIDER RERUN WITH SUBSAMPLING OPTION 
Starting /export/users/common/BioSimSpace/sire.app/bin/analyse_freenrg: number of threads equals 32
