# Analysing data contained in file(s) ['lambda_0.0000/simfile.dat', 'lambda_0.1000/simfile.dat', 'lambda_0.2000/simfile.dat', 'lambda_0.3000/simfile.dat', 'lambda_0.4000/simfile.dat', 'lambda_0.5000/simfile.dat', 'lambda_0.6000/simfile.dat', 'lambda_0.7000/simfile.dat', 'lambda_0.8000/simfile.dat', 'lambda_0.9000/simfile.dat', 'lambda_1.0000/simfile.dat']
#Overlap matrix
0.7579 0.2228 0.0188 0.0005 0.0000 0.0000 0.0000 0.0000 0.0000 0.0000 0.0000
0.2228 0.5300 0.2239 0.0226 0.0007 0.0000 0.0000 0.0000 0.0000 0.0000 0.0000
0.0188 0.2239 0.4983 0.2306 0.0275 0.0009 0.0000 0.0000 0.0000 0.0000 0.0000
0.0005 0.0226 0.2306 0.4806 0.2354 0.0293 0.0011 0.0000 0.0000 0.0000 0.0000
0.0000 0.0007 0.0275 0.2354 0.4657 0.2355 0.0340 0.0013 0.0000 0.0000 0.0000
0.0000 0.0000 0.0009 0.0293 0.2355 0.4607 0.2408 0.0319 0.0010 0.0000 0.0000
0.0000 0.0000 0.0000 0.0011 0.0340 0.2408 0.4616 0.2348 0.0270 0.0006 0.0000
0.0000 0.0000 0.0000 0.0000 0.0013 0.0319 0.2348 0.4837 0.2289 0.0193 0.0002
0.0000 0.0000 0.0000 0.0000 0.0000 0.0010 0.0270 0.2289 0.5282 0.2067 0.0083
0.0000 0.0000 0.0000 0.0000 0.0000 0.0000 0.0006 0.0193 0.2067 0.6087 0.1647
0.0000 0.0000 0.0000 0.0000 0.0000 0.0000 0.0000 0.0002 0.0083 0.1647 0.8268
#DG from neighbouring lambda in kcal/mol
0.0000 0.1000 0.9954 0.0127
0.1000 0.2000 0.8965 0.0116
0.2000 0.3000 0.4974 0.0109
0.3000 0.4000 -0.0126 0.0105
0.4000 0.5000 -0.6035 0.0102
0.5000 0.6000 -1.1592 0.0099
0.6000 0.7000 -1.7233 0.0104
0.7000 0.8000 -2.1808 0.0112
0.8000 0.9000 -2.2690 0.0131
0.9000 1.0000 -1.7614 0.0168
#PMF from MBAR in kcal/mol
0.0000 0.0000 0.0000
0.1000 0.9954 0.0127
0.2000 1.8919 0.0200
0.3000 2.3893 0.0250
0.4000 2.3767 0.0289
0.5000 1.7732 0.0322
0.6000 0.6140 0.0351
0.7000 -1.1093 0.0379
0.8000 -3.2902 0.0407
0.9000 -5.5591 0.0440
1.0000 -7.3205 0.0484
#TI average gradients and standard deviation in kcal/mol
0.0000 6.2562 12.6146
0.1000 10.1853 11.4532
0.2000 7.1274 10.9853
0.3000 2.6556 10.2173
0.4000 -3.0272 10.3338
0.5000 -9.0206 9.6930
0.6000 -14.3383 10.1337
0.7000 -20.0644 10.4621
0.8000 -23.0485 11.4268
0.9000 -21.5276 13.3496
1.0000 -10.9587 16.6351
#PMF from TI in kcal/mol
0.0000 0.0000
0.1000 0.8221
0.2000 1.6877
0.3000 2.1769
0.4000 2.1583
0.5000 1.5559
0.6000 0.3880
0.7000 -1.3322
0.8000 -3.4878
0.9000 -5.7166
1.0000 -7.3409
#MBAR free energy difference in kcal/mol: 
-7.320545, 0.048376  #WARNING SUBSAMPLING DISABLED, CONSIDER RERUN WITH SUBSAMPLING OPTION
#TI free energy difference in kcal/mol: 
-7.340941  #WARNING SUBSAMPLING DISABLED, CONSIDER RERUN WITH SUBSAMPLING OPTION 
Starting /export/users/common/BioSimSpace/sire.app/bin/analyse_freenrg: number of threads equals 32
