# Analysing data contained in file(s) ['lambda_0.0000/simfile.dat', 'lambda_0.1000/simfile.dat', 'lambda_0.2000/simfile.dat', 'lambda_0.3000/simfile.dat', 'lambda_0.4000/simfile.dat', 'lambda_0.5000/simfile.dat', 'lambda_0.6000/simfile.dat', 'lambda_0.7000/simfile.dat', 'lambda_0.8000/simfile.dat', 'lambda_0.9000/simfile.dat', 'lambda_1.0000/simfile.dat']
#Overlap matrix
0.8783 0.1211 0.0007 0.0000 0.0000 0.0000 0.0000 0.0000 0.0000 0.0000 0.0000
0.1211 0.7426 0.1354 0.0009 0.0000 0.0000 0.0000 0.0000 0.0000 0.0000 0.0000
0.0007 0.1354 0.7241 0.1390 0.0008 0.0000 0.0000 0.0000 0.0000 0.0000 0.0000
0.0000 0.0009 0.1390 0.7225 0.1369 0.0007 0.0000 0.0000 0.0000 0.0000 0.0000
0.0000 0.0000 0.0008 0.1369 0.7231 0.1383 0.0009 0.0000 0.0000 0.0000 0.0000
0.0000 0.0000 0.0000 0.0007 0.1383 0.7173 0.1426 0.0010 0.0000 0.0000 0.0000
0.0000 0.0000 0.0000 0.0000 0.0009 0.1426 0.7094 0.1459 0.0011 0.0000 0.0000
0.0000 0.0000 0.0000 0.0000 0.0000 0.0010 0.1459 0.7014 0.1503 0.0014 0.0000
0.0000 0.0000 0.0000 0.0000 0.0000 0.0000 0.0011 0.1503 0.6924 0.1552 0.0010
0.0000 0.0000 0.0000 0.0000 0.0000 0.0000 0.0000 0.0014 0.1552 0.7077 0.1358
0.0000 0.0000 0.0000 0.0000 0.0000 0.0000 0.0000 0.0000 0.0010 0.1358 0.8632
#DG from neighbouring lambda in kcal/mol
0.0000 0.1000 -4.3344 0.0216
0.1000 0.2000 -5.9497 0.0199
0.2000 0.3000 -7.9287 0.0195
0.3000 0.4000 -10.1960 0.0198
0.4000 0.5000 -12.6406 0.0196
0.5000 0.6000 -15.0073 0.0192
0.6000 0.7000 -17.2810 0.0189
0.7000 0.8000 -19.4677 0.0184
0.8000 0.9000 -21.5031 0.0180
0.9000 1.0000 -23.6876 0.0199
#PMF from MBAR in kcal/mol
0.0000 0.0000 0.0000
0.1000 -4.3344 0.0216
0.2000 -10.2841 0.0317
0.3000 -18.2128 0.0391
0.4000 -28.4088 0.0454
0.5000 -41.0493 0.0509
0.6000 -56.0566 0.0557
0.7000 -73.3376 0.0600
0.8000 -92.8053 0.0639
0.9000 -114.3084 0.0675
1.0000 -137.9961 0.0714
#TI average gradients and standard deviation in kcal/mol
0.0000 -37.1156 17.3588
0.1000 -50.8251 16.3305
0.2000 -68.7573 15.6949
0.3000 -90.0397 15.5483
0.4000 -114.2832 15.8067
0.5000 -138.3262 15.4113
0.6000 -161.7196 15.0990
0.7000 -184.0204 15.1250
0.8000 -205.3109 15.1710
0.9000 -224.8767 15.3778
1.0000 -246.9921 15.2757
#PMF from TI in kcal/mol
0.0000 0.0000
0.1000 -4.3970
0.2000 -10.3762
0.3000 -18.3160
0.4000 -28.5322
0.5000 -41.1626
0.6000 -56.1649
0.7000 -73.4519
0.8000 -92.9185
0.9000 -114.4279
1.0000 -138.0213
#MBAR free energy difference in kcal/mol: 
-137.996051, 0.071353  #WARNING SUBSAMPLING DISABLED, CONSIDER RERUN WITH SUBSAMPLING OPTION
#TI free energy difference in kcal/mol: 
-138.021300  #WARNING SUBSAMPLING DISABLED, CONSIDER RERUN WITH SUBSAMPLING OPTION 
Starting /export/users/common/BioSimSpace/sire.app/bin/analyse_freenrg: number of threads equals 32
