# Analysing data contained in file(s) ['lambda_0.0000/simfile.dat', 'lambda_0.1000/simfile.dat', 'lambda_0.2000/simfile.dat', 'lambda_0.3000/simfile.dat', 'lambda_0.4000/simfile.dat', 'lambda_0.5000/simfile.dat', 'lambda_0.6000/simfile.dat', 'lambda_0.7000/simfile.dat', 'lambda_0.8000/simfile.dat', 'lambda_0.9000/simfile.dat', 'lambda_1.0000/simfile.dat']
#Overlap matrix
0.9823 0.0177 0.0000 0.0000 0.0000 0.0000 0.0000 0.0000 0.0000 0.0000 0.0000
0.0177 0.9363 0.0460 0.0000 0.0000 0.0000 0.0000 0.0000 0.0000 0.0000 0.0000
0.0000 0.0460 0.8867 0.0673 0.0000 0.0000 0.0000 0.0000 0.0000 0.0000 0.0000
0.0000 0.0000 0.0673 0.8572 0.0755 0.0000 0.0000 0.0000 0.0000 0.0000 0.0000
0.0000 0.0000 0.0000 0.0755 0.8529 0.0716 0.0000 0.0000 0.0000 0.0000 0.0000
0.0000 0.0000 0.0000 0.0000 0.0716 0.8989 0.0294 0.0000 0.0000 0.0000 0.0000
0.0000 0.0000 0.0000 0.0000 0.0000 0.0294 0.9706 0.0000 0.0000 0.0000 0.0000
0.0000 0.0000 0.0000 0.0000 0.0000 0.0000 0.0000 0.9989 0.0011 0.0000 0.0000
0.0000 0.0000 0.0000 0.0000 0.0000 0.0000 0.0000 0.0011 0.9971 0.0018 0.0000
0.0000 0.0000 0.0000 0.0000 0.0000 0.0000 0.0000 0.0000 0.0018 0.9930 0.0052
0.0000 0.0000 0.0000 0.0000 0.0000 0.0000 0.0000 0.0000 0.0000 0.0052 0.9948
#DG from neighbouring lambda in kcal/mol
0.0000 0.1000 27.5722 0.0638
0.1000 0.2000 22.3162 0.0384
0.2000 0.3000 17.6102 0.0310
0.3000 0.4000 12.5057 0.0290
0.4000 0.5000 8.7712 0.0299
0.5000 0.6000 13.1498 0.0489
0.6000 0.7000 29.2034 0.2323
0.7000 0.8000 17.2216 0.2652
0.8000 0.9000 13.7317 0.2036
0.9000 1.0000 11.7417 0.1188
#PMF from MBAR in kcal/mol
0.0000 0.0000 0.0000
0.1000 27.5722 0.0638
0.2000 49.8885 0.0755
0.3000 67.4986 0.0825
0.4000 80.0043 0.0883
0.5000 88.7755 0.0940
0.6000 101.9252 0.1067
0.7000 131.1286 0.2355
0.8000 148.3503 0.1421
0.9000 162.0819 0.1421
1.0000 173.8236 0.1653
#TI average gradients and standard deviation in kcal/mol
0.0000 294.3223 24.9532
0.1000 248.1034 24.5526
0.2000 200.4307 21.1412
0.3000 150.7260 20.2558
0.4000 101.5882 19.3460
0.5000 85.1889 21.3661
0.6000 218.6465 35.2596
0.7000 174.5029 40.6732
0.8000 156.4144 40.9259
0.9000 122.7665 35.2015
1.0000 122.5912 32.0725
#PMF from TI in kcal/mol
0.0000 0.0000
0.1000 27.1213
0.2000 49.5480
0.3000 67.1058
0.4000 79.7215
0.5000 89.0604
0.6000 104.2522
0.7000 123.9096
0.8000 140.4555
0.9000 154.4145
1.0000 166.6824
#MBAR free energy difference in kcal/mol: 
173.823599, 0.165294  #WARNING SUBSAMPLING DISABLED, CONSIDER RERUN WITH SUBSAMPLING OPTION
#TI free energy difference in kcal/mol: 
166.682432  #WARNING SUBSAMPLING DISABLED, CONSIDER RERUN WITH SUBSAMPLING OPTION 
Starting /export/users/common/BioSimSpace/sire.app/bin/analyse_freenrg: number of threads equals 32
