# Analysing data contained in file(s) ['lambda_0.0000/simfile.dat', 'lambda_0.1000/simfile.dat', 'lambda_0.2000/simfile.dat', 'lambda_0.3000/simfile.dat', 'lambda_0.4000/simfile.dat', 'lambda_0.5000/simfile.dat', 'lambda_0.6000/simfile.dat', 'lambda_0.7000/simfile.dat', 'lambda_0.8000/simfile.dat', 'lambda_0.9000/simfile.dat', 'lambda_1.0000/simfile.dat']
#Overlap matrix
1.0000 0.0000 0.0000 0.0000 0.0000 0.0000 0.0000 0.0000 0.0000 0.0000 0.0000
0.0000 0.9293 0.0707 0.0000 0.0000 0.0000 0.0000 0.0000 0.0000 0.0000 0.0000
0.0000 0.0707 0.8608 0.0685 0.0001 0.0000 0.0000 0.0000 0.0000 0.0000 0.0000
0.0000 0.0000 0.0685 0.8153 0.1158 0.0004 0.0000 0.0000 0.0000 0.0000 0.0000
0.0000 0.0000 0.0001 0.1158 0.7514 0.1319 0.0008 0.0000 0.0000 0.0000 0.0000
0.0000 0.0000 0.0000 0.0004 0.1319 0.7154 0.1508 0.0013 0.0000 0.0000 0.0000
0.0000 0.0000 0.0000 0.0000 0.0008 0.1508 0.6962 0.1507 0.0014 0.0000 0.0000
0.0000 0.0000 0.0000 0.0000 0.0000 0.0013 0.1507 0.6971 0.1501 0.0007 0.0000
0.0000 0.0000 0.0000 0.0000 0.0000 0.0000 0.0014 0.1501 0.7367 0.1118 0.0000
0.0000 0.0000 0.0000 0.0000 0.0000 0.0000 0.0000 0.0007 0.1118 0.8875 0.0000
0.0000 0.0000 0.0000 0.0000 0.0000 0.0000 0.0000 0.0000 0.0000 0.0000 1.0000
#DG from neighbouring lambda in kcal/mol
0.0000 0.1000 33.8907 8.9230
0.1000 0.2000 4.8688 0.0301
0.2000 0.3000 1.7519 0.0307
0.3000 0.4000 -0.8041 0.0222
0.4000 0.5000 -2.3173 0.0203
0.5000 0.6000 -3.5246 0.0184
0.6000 0.7000 -4.4273 0.0184
0.7000 0.8000 -5.2002 0.0185
0.8000 0.9000 -6.1810 0.0227
0.9000 1.0000 -22.6188 89.2290
#PMF from MBAR in kcal/mol
0.0000 0.0000 0.0000
0.1000 33.8907 8.9230
0.2000 38.7595 8.9230
0.3000 40.5114 8.9229
0.4000 39.7073 8.9229
0.5000 37.3901 8.9229
0.6000 33.8654 8.9229
0.7000 29.4381 8.9229
0.8000 24.2380 8.9229
0.9000 18.0569 8.9230
1.0000 -4.5619 80.3061
#TI average gradients and standard deviation in kcal/mol
0.0000 1988.3702 90.1546
0.1000 56.0712 41.2323
0.2000 36.9649 23.6838
0.3000 1.9001 19.4577
0.4000 -15.8421 16.7647
0.5000 -29.7090 15.6282
0.6000 -40.2333 15.1517
0.7000 -48.2532 15.2822
0.8000 -56.0278 16.4082
0.9000 -70.9500 21.1414
1.0000 -2282.7842 1267.5960
#PMF from TI in kcal/mol
0.0000 0.0000
0.1000 102.2221
0.2000 106.8739
0.3000 108.8171
0.4000 108.1200
0.5000 105.8425
0.6000 102.3454
0.7000 97.9210
0.8000 92.7070
0.9000 86.3581
1.0000 -31.3286
#MBAR free energy difference in kcal/mol: 
-4.561851, 80.306118  #WARNING SUBSAMPLING DISABLED, CONSIDER RERUN WITH SUBSAMPLING OPTION
#TI free energy difference in kcal/mol: 
-31.328619  #WARNING SUBSAMPLING DISABLED, CONSIDER RERUN WITH SUBSAMPLING OPTION 
Starting /export/users/common/BioSimSpace/sire.app/bin/analyse_freenrg: number of threads equals 32
