# Analysing data contained in file(s) ['lambda_0.0000/simfile.dat', 'lambda_0.1000/simfile.dat', 'lambda_0.2000/simfile.dat', 'lambda_0.3000/simfile.dat', 'lambda_0.4000/simfile.dat', 'lambda_0.5000/simfile.dat', 'lambda_0.6000/simfile.dat', 'lambda_0.7000/simfile.dat', 'lambda_0.8000/simfile.dat', 'lambda_0.9000/simfile.dat', 'lambda_1.0000/simfile.dat']
#Overlap matrix
0.6312 0.2929 0.0687 0.0069 0.0003 0.0000 0.0000 0.0000 0.0000 0.0000 0.0000
0.2929 0.3979 0.2446 0.0595 0.0050 0.0001 0.0000 0.0000 0.0000 0.0000 0.0000
0.0687 0.2446 0.3895 0.2424 0.0514 0.0034 0.0001 0.0000 0.0000 0.0000 0.0000
0.0069 0.0595 0.2424 0.4039 0.2402 0.0448 0.0022 0.0000 0.0000 0.0000 0.0000
0.0003 0.0050 0.0514 0.2402 0.4252 0.2395 0.0372 0.0014 0.0000 0.0000 0.0000
0.0000 0.0001 0.0034 0.0448 0.2395 0.4427 0.2376 0.0310 0.0008 0.0000 0.0000
0.0000 0.0000 0.0001 0.0022 0.0372 0.2376 0.4643 0.2328 0.0254 0.0005 0.0000
0.0000 0.0000 0.0000 0.0000 0.0014 0.0310 0.2328 0.4843 0.2309 0.0194 0.0002
0.0000 0.0000 0.0000 0.0000 0.0000 0.0008 0.0254 0.2309 0.5112 0.2202 0.0114
0.0000 0.0000 0.0000 0.0000 0.0000 0.0000 0.0005 0.0194 0.2202 0.5560 0.2039
0.0000 0.0000 0.0000 0.0000 0.0000 0.0000 0.0000 0.0002 0.0114 0.2039 0.7845
#DG from neighbouring lambda in kcal/mol
0.0000 0.1000 0.3066 0.0079
0.1000 0.2000 0.1814 0.0078
0.2000 0.3000 0.0691 0.0082
0.3000 0.4000 -0.0496 0.0088
0.4000 0.5000 -0.1808 0.0093
0.5000 0.6000 -0.3500 0.0099
0.6000 0.7000 -0.5565 0.0106
0.7000 0.8000 -0.8091 0.0111
0.8000 0.9000 -1.1560 0.0123
0.9000 1.0000 -1.7747 0.0141
#PMF from MBAR in kcal/mol
0.0000 0.0000 0.0000
0.1000 0.3066 0.0079
0.2000 0.4880 0.0137
0.3000 0.5571 0.0182
0.4000 0.5075 0.0221
0.5000 0.3266 0.0258
0.6000 -0.0234 0.0292
0.7000 -0.5799 0.0326
0.8000 -1.3890 0.0359
0.9000 -2.5450 0.0394
1.0000 -4.3197 0.0432
#TI average gradients and standard deviation in kcal/mol
0.0000 3.3827 7.7471
0.1000 2.4644 8.0958
0.2000 1.5617 8.1997
0.3000 0.0627 8.3486
0.4000 -1.3957 8.9445
0.5000 -2.5852 9.7597
0.6000 -4.3459 9.9552
0.7000 -6.6819 10.2782
0.8000 -9.6829 10.9727
0.9000 -14.0464 12.2277
1.0000 -21.9967 13.1957
#PMF from TI in kcal/mol
0.0000 0.0000
0.1000 0.2924
0.2000 0.4937
0.3000 0.5749
0.4000 0.5082
0.5000 0.3092
0.6000 -0.0374
0.7000 -0.5888
0.8000 -1.4070
0.9000 -2.5935
1.0000 -4.3956
#MBAR free energy difference in kcal/mol: 
-4.319737, 0.043223  #WARNING SUBSAMPLING DISABLED, CONSIDER RERUN WITH SUBSAMPLING OPTION
#TI free energy difference in kcal/mol: 
-4.395626  #WARNING SUBSAMPLING DISABLED, CONSIDER RERUN WITH SUBSAMPLING OPTION 
Starting /export/users/common/BioSimSpace/sire.app/bin/analyse_freenrg: number of threads equals 32
