# Analysing data contained in file(s) ['lambda_0.0000/simfile.dat', 'lambda_0.1000/simfile.dat', 'lambda_0.2000/simfile.dat', 'lambda_0.3000/simfile.dat', 'lambda_0.4000/simfile.dat', 'lambda_0.5000/simfile.dat', 'lambda_0.6000/simfile.dat', 'lambda_0.7000/simfile.dat', 'lambda_0.8000/simfile.dat', 'lambda_0.9000/simfile.dat', 'lambda_1.0000/simfile.dat']
#Overlap matrix
1.0000 0.0000 0.0000 0.0000 0.0000 0.0000 0.0000 0.0000 0.0000 0.0000 0.0000
0.0000 0.9644 0.0356 0.0000 0.0000 0.0000 0.0000 0.0000 0.0000 0.0000 0.0000
0.0000 0.0356 0.9015 0.0629 0.0000 0.0000 0.0000 0.0000 0.0000 0.0000 0.0000
0.0000 0.0000 0.0629 0.8849 0.0522 0.0000 0.0000 0.0000 0.0000 0.0000 0.0000
0.0000 0.0000 0.0000 0.0522 0.8941 0.0537 0.0000 0.0000 0.0000 0.0000 0.0000
0.0000 0.0000 0.0000 0.0000 0.0537 0.8858 0.0605 0.0000 0.0000 0.0000 0.0000
0.0000 0.0000 0.0000 0.0000 0.0000 0.0605 0.8987 0.0408 0.0000 0.0000 0.0000
0.0000 0.0000 0.0000 0.0000 0.0000 0.0000 0.0408 0.9451 0.0141 0.0000 0.0000
0.0000 0.0000 0.0000 0.0000 0.0000 0.0000 0.0000 0.0141 0.9754 0.0106 0.0000
0.0000 0.0000 0.0000 0.0000 0.0000 0.0000 0.0000 0.0000 0.0106 0.9759 0.0135
0.0000 0.0000 0.0000 0.0000 0.0000 0.0000 0.0000 0.0000 0.0000 0.0135 0.9865
#DG from neighbouring lambda in kcal/mol
0.0000 0.1000 30.4671 38.6775
0.1000 0.2000 13.8990 0.0442
0.2000 0.3000 12.3226 0.0322
0.3000 0.4000 10.6105 0.0358
0.4000 0.5000 8.0808 0.0353
0.5000 0.6000 5.8591 0.0330
0.6000 0.7000 2.4965 0.0410
0.7000 0.8000 -3.8640 0.0719
0.8000 0.9000 -13.8756 0.0833
0.9000 1.0000 -23.5521 0.0734
#PMF from MBAR in kcal/mol
0.0000 0.0000 0.0000
0.1000 30.4671 38.6775
0.2000 44.3661 38.6775
0.3000 56.6887 38.6775
0.4000 67.2992 38.6775
0.5000 75.3799 38.6775
0.6000 81.2390 38.6775
0.7000 83.7355 38.6776
0.8000 79.8716 38.6776
0.9000 65.9960 38.6777
1.0000 42.4439 38.6778
#TI average gradients and standard deviation in kcal/mol
0.0000 2752.0813 1460.0350
0.1000 156.6341 28.4065
0.2000 128.5616 21.2936
0.3000 116.6026 21.2114
0.4000 94.3341 22.3680
0.5000 69.7203 21.2546
0.6000 45.3745 22.9929
0.7000 0.7059 26.0425
0.8000 -86.0310 30.5101
0.9000 -188.6123 29.3352
1.0000 -281.2922 30.2390
#PMF from TI in kcal/mol
0.0000 0.0000
0.1000 145.4358
0.2000 159.6955
0.3000 171.9538
0.4000 182.5006
0.5000 190.7033
0.6000 196.4581
0.7000 198.7621
0.8000 194.4958
0.9000 180.7637
1.0000 157.2685
#MBAR free energy difference in kcal/mol: 
42.443870, 38.677805  #WARNING SUBSAMPLING DISABLED, CONSIDER RERUN WITH SUBSAMPLING OPTION
#TI free energy difference in kcal/mol: 
157.268454  #WARNING SUBSAMPLING DISABLED, CONSIDER RERUN WITH SUBSAMPLING OPTION 
Starting /export/users/common/BioSimSpace/sire.app/bin/analyse_freenrg: number of threads equals 32
