# Analysing data contained in file(s) ['lambda_0.0000/simfile.dat', 'lambda_0.1000/simfile.dat', 'lambda_0.2000/simfile.dat', 'lambda_0.3000/simfile.dat', 'lambda_0.4000/simfile.dat', 'lambda_0.5000/simfile.dat', 'lambda_0.6000/simfile.dat', 'lambda_0.7000/simfile.dat', 'lambda_0.8000/simfile.dat', 'lambda_0.9000/simfile.dat', 'lambda_1.0000/simfile.dat']
#Overlap matrix
0.8446 0.1529 0.0025 0.0000 0.0000 0.0000 0.0000 0.0000 0.0000 0.0000 0.0000
0.1529 0.6805 0.1644 0.0022 0.0000 0.0000 0.0000 0.0000 0.0000 0.0000 0.0000
0.0025 0.1644 0.6732 0.1565 0.0034 0.0000 0.0000 0.0000 0.0000 0.0000 0.0000
0.0000 0.0022 0.1565 0.7010 0.1396 0.0007 0.0000 0.0000 0.0000 0.0000 0.0000
0.0000 0.0000 0.0034 0.1396 0.8315 0.0256 0.0000 0.0000 0.0000 0.0000 0.0000
0.0000 0.0000 0.0000 0.0007 0.0256 0.9462 0.0275 0.0000 0.0000 0.0000 0.0000
0.0000 0.0000 0.0000 0.0000 0.0000 0.0275 0.9456 0.0269 0.0000 0.0000 0.0000
0.0000 0.0000 0.0000 0.0000 0.0000 0.0000 0.0269 0.9437 0.0294 0.0000 0.0000
0.0000 0.0000 0.0000 0.0000 0.0000 0.0000 0.0000 0.0294 0.9511 0.0195 0.0000
0.0000 0.0000 0.0000 0.0000 0.0000 0.0000 0.0000 0.0000 0.0195 0.9639 0.0166
0.0000 0.0000 0.0000 0.0000 0.0000 0.0000 0.0000 0.0000 0.0000 0.0166 0.9834
#DG from neighbouring lambda in kcal/mol
0.0000 0.1000 -0.9096 0.0182
0.1000 0.2000 -2.3656 0.0171
0.2000 0.3000 -4.2517 0.0177
0.3000 0.4000 -4.2206 0.0193
0.4000 0.5000 -1.9000 0.0519
0.5000 0.6000 -2.9138 0.0507
0.6000 0.7000 -3.9631 0.0513
0.7000 0.8000 -4.6053 0.0489
0.8000 0.9000 -4.4699 0.0607
0.9000 1.0000 -0.3358 0.0659
#PMF from MBAR in kcal/mol
0.0000 0.0000 0.0000
0.1000 -0.9096 0.0182
0.2000 -3.2752 0.0276
0.3000 -7.5269 0.0348
0.4000 -11.7475 0.0414
0.5000 -13.6475 0.0673
0.6000 -16.5613 0.0851
0.7000 -20.5245 0.1001
0.8000 -25.1298 0.1121
0.9000 -29.5997 0.1281
1.0000 -29.9355 0.1446
#TI average gradients and standard deviation in kcal/mol
0.0000 64443080307.5552 4294898647434.8545
0.1000 -14.9877 14.6235
0.2000 -33.3578 15.0794
0.3000 -48.9783 14.9297
0.4000 -26.8273 20.5384
0.5000 -22.7563 27.2661
0.6000 -34.5637 25.8604
0.7000 -44.8574 25.9569
0.8000 -45.6330 26.1068
0.9000 -37.6141 27.5953
1.0000 56.0347 30.4698
#PMF from TI in kcal/mol
0.0000 0.0000
0.1000 3222154014.6284
0.2000 3222154012.2111
0.3000 3222154008.0943
0.4000 3222154004.3040
0.5000 3222154001.8248
0.6000 3222153998.9588
0.7000 3222153994.9878
0.8000 3222153990.4633
0.9000 3222153986.3009
1.0000 3222153987.2219
#MBAR free energy difference in kcal/mol: 
-29.935540, 0.144560  #WARNING SUBSAMPLING DISABLED, CONSIDER RERUN WITH SUBSAMPLING OPTION
#TI free energy difference in kcal/mol: 
3222153987.221936  #WARNING SUBSAMPLING DISABLED, CONSIDER RERUN WITH SUBSAMPLING OPTION 
Starting /export/users/common/BioSimSpace/sire.app/bin/analyse_freenrg: number of threads equals 32
