# Analysing data contained in file(s) ['lambda_0.0000/simfile.dat', 'lambda_0.1000/simfile.dat', 'lambda_0.2000/simfile.dat', 'lambda_0.3000/simfile.dat', 'lambda_0.4000/simfile.dat', 'lambda_0.5000/simfile.dat', 'lambda_0.6000/simfile.dat', 'lambda_0.7000/simfile.dat', 'lambda_0.8000/simfile.dat', 'lambda_0.9000/simfile.dat', 'lambda_1.0000/simfile.dat']
#Overlap matrix
0.9557 0.0443 0.0000 0.0000 0.0000 0.0000 0.0000 0.0000 0.0000 0.0000 0.0000
0.0443 0.9359 0.0198 0.0000 0.0000 0.0000 0.0000 0.0000 0.0000 0.0000 0.0000
0.0000 0.0198 0.9704 0.0098 0.0000 0.0000 0.0000 0.0000 0.0000 0.0000 0.0000
0.0000 0.0000 0.0098 0.9664 0.0238 0.0001 0.0000 0.0000 0.0000 0.0000 0.0000
0.0000 0.0000 0.0000 0.0238 0.8990 0.0752 0.0020 0.0000 0.0000 0.0000 0.0000
0.0000 0.0000 0.0000 0.0001 0.0752 0.7942 0.1297 0.0008 0.0000 0.0000 0.0000
0.0000 0.0000 0.0000 0.0000 0.0020 0.1297 0.8078 0.0605 0.0000 0.0000 0.0000
0.0000 0.0000 0.0000 0.0000 0.0000 0.0008 0.0605 0.9089 0.0297 0.0000 0.0000
0.0000 0.0000 0.0000 0.0000 0.0000 0.0000 0.0000 0.0297 0.9458 0.0244 0.0000
0.0000 0.0000 0.0000 0.0000 0.0000 0.0000 0.0000 0.0000 0.0244 0.9564 0.0192
0.0000 0.0000 0.0000 0.0000 0.0000 0.0000 0.0000 0.0000 0.0000 0.0192 0.9808
#DG from neighbouring lambda in kcal/mol
0.0000 0.1000 -13.5314 0.0392
0.1000 0.2000 -10.8577 0.0602
0.2000 0.3000 -10.3508 0.0866
0.3000 0.4000 -7.2211 0.0547
0.4000 0.5000 -3.4039 0.0286
0.5000 0.6000 0.3837 0.0204
0.6000 0.7000 2.9205 0.0327
0.7000 0.8000 3.8337 0.0486
0.8000 0.9000 4.3760 0.0540
0.9000 1.0000 7.1044 0.0612
#PMF from MBAR in kcal/mol
0.0000 0.0000 0.0000
0.1000 -13.5314 0.0392
0.2000 -24.3890 0.0729
0.3000 -34.7398 0.1139
0.4000 -41.9609 0.1269
0.5000 -45.3648 0.1306
0.6000 -44.9811 0.1327
0.7000 -42.0605 0.1371
0.8000 -38.2268 0.1460
0.9000 -33.8508 0.1562
1.0000 -26.7464 0.1682
#TI average gradients and standard deviation in kcal/mol
0.0000 -179.6134 24.8350
0.1000 -113.8858 25.7989
0.2000 -105.5497 30.0074
0.3000 -94.2898 29.5475
0.4000 -53.4722 25.6100
0.5000 -13.8414 17.0087
0.6000 18.9332 18.6326
0.7000 36.9991 24.6662
0.8000 39.3410 25.7636
0.9000 51.5849 26.6826
1.0000 101.1330 29.0196
#PMF from TI in kcal/mol
0.0000 0.0000
0.1000 -14.6750
0.2000 -25.6467
0.3000 -35.6387
0.4000 -43.0268
0.5000 -46.3925
0.6000 -46.1379
0.7000 -43.3413
0.8000 -39.5243
0.9000 -34.9780
1.0000 -27.3421
#MBAR free energy difference in kcal/mol: 
-26.746391, 0.168165  #WARNING SUBSAMPLING DISABLED, CONSIDER RERUN WITH SUBSAMPLING OPTION
#TI free energy difference in kcal/mol: 
-27.342079  #WARNING SUBSAMPLING DISABLED, CONSIDER RERUN WITH SUBSAMPLING OPTION 
Starting /export/users/common/BioSimSpace/sire.app/bin/analyse_freenrg: number of threads equals 32
