# Analysing data contained in file(s) ['lambda_0.0000/simfile.dat', 'lambda_0.1000/simfile.dat', 'lambda_0.2000/simfile.dat', 'lambda_0.3000/simfile.dat', 'lambda_0.4000/simfile.dat', 'lambda_0.5000/simfile.dat', 'lambda_0.6000/simfile.dat', 'lambda_0.7000/simfile.dat', 'lambda_0.8000/simfile.dat', 'lambda_0.9000/simfile.dat', 'lambda_1.0000/simfile.dat']
#Overlap matrix
0.9544 0.0456 0.0000 0.0000 0.0000 0.0000 0.0000 0.0000 0.0000 0.0000 0.0000
0.0456 0.9053 0.0490 0.0000 0.0000 0.0000 0.0000 0.0000 0.0000 0.0000 0.0000
0.0000 0.0490 0.8966 0.0544 0.0000 0.0000 0.0000 0.0000 0.0000 0.0000 0.0000
0.0000 0.0000 0.0544 0.8984 0.0472 0.0000 0.0000 0.0000 0.0000 0.0000 0.0000
0.0000 0.0000 0.0000 0.0472 0.9167 0.0361 0.0000 0.0000 0.0000 0.0000 0.0000
0.0000 0.0000 0.0000 0.0000 0.0361 0.9296 0.0330 0.0013 0.0000 0.0000 0.0000
0.0000 0.0000 0.0000 0.0000 0.0000 0.0330 0.8152 0.1487 0.0032 0.0000 0.0000
0.0000 0.0000 0.0000 0.0000 0.0000 0.0013 0.1487 0.6879 0.1593 0.0029 0.0000
0.0000 0.0000 0.0000 0.0000 0.0000 0.0000 0.0032 0.1593 0.6543 0.1776 0.0056
0.0000 0.0000 0.0000 0.0000 0.0000 0.0000 0.0000 0.0029 0.1776 0.6167 0.2029
0.0000 0.0000 0.0000 0.0000 0.0000 0.0000 0.0000 0.0000 0.0056 0.2029 0.7915
#DG from neighbouring lambda in kcal/mol
0.0000 0.1000 -10.7697 0.0386
0.1000 0.2000 -6.0058 0.0371
0.2000 0.3000 -4.6787 0.0350
0.3000 0.4000 -4.3116 0.0379
0.4000 0.5000 -4.0651 0.0439
0.5000 0.6000 -3.5807 0.0450
0.6000 0.7000 0.2150 0.0184
0.7000 0.8000 1.3030 0.0174
0.8000 0.9000 0.4650 0.0159
0.9000 1.0000 -0.2916 0.0145
#PMF from MBAR in kcal/mol
0.0000 0.0000 0.0000
0.1000 -10.7697 0.0386
0.2000 -16.7755 0.0549
0.3000 -21.4542 0.0662
0.4000 -25.7658 0.0773
0.5000 -29.8309 0.0897
0.6000 -33.4117 0.1011
0.7000 -33.1967 0.1033
0.8000 -31.8937 0.1054
0.9000 -31.4287 0.1072
1.0000 -31.7203 0.1088
#TI average gradients and standard deviation in kcal/mol
0.0000 -169.1554 23.0372
0.1000 -71.4654 23.0530
0.2000 -51.5889 22.4512
0.3000 -44.8747 23.8799
0.4000 -41.3189 24.6414
0.5000 -40.7024 27.0663
0.6000 -18.7841 19.3365
0.7000 13.7925 15.3714
0.8000 9.4888 14.9348
0.9000 0.4683 13.4452
1.0000 9.7982 11.7006
#PMF from TI in kcal/mol
0.0000 0.0000
0.1000 -12.0310
0.2000 -18.1838
0.3000 -23.0069
0.4000 -27.3166
0.5000 -31.4177
0.6000 -34.3920
0.7000 -34.6416
0.8000 -33.4775
0.9000 -32.9797
1.0000 -32.4663
#MBAR free energy difference in kcal/mol: 
-31.720262, 0.108771  #WARNING SUBSAMPLING DISABLED, CONSIDER RERUN WITH SUBSAMPLING OPTION
#TI free energy difference in kcal/mol: 
-32.466335  #WARNING SUBSAMPLING DISABLED, CONSIDER RERUN WITH SUBSAMPLING OPTION 
Starting /export/users/common/BioSimSpace/sire.app/bin/analyse_freenrg: number of threads equals 32
