# Analysing data contained in file(s) ['lambda_0.0000/simfile.dat', 'lambda_0.1000/simfile.dat', 'lambda_0.2000/simfile.dat', 'lambda_0.3000/simfile.dat', 'lambda_0.4000/simfile.dat', 'lambda_0.5000/simfile.dat', 'lambda_0.6000/simfile.dat', 'lambda_0.7000/simfile.dat', 'lambda_0.8000/simfile.dat', 'lambda_0.9000/simfile.dat', 'lambda_1.0000/simfile.dat']
#Overlap matrix
0.9126 0.0869 0.0005 0.0000 0.0000 0.0000 0.0000 0.0000 0.0000 0.0000 0.0000
0.0869 0.7794 0.1317 0.0020 0.0000 0.0000 0.0000 0.0000 0.0000 0.0000 0.0000
0.0005 0.1317 0.6939 0.1707 0.0033 0.0000 0.0000 0.0000 0.0000 0.0000 0.0000
0.0000 0.0020 0.1707 0.6531 0.1707 0.0034 0.0000 0.0000 0.0000 0.0000 0.0000
0.0000 0.0000 0.0033 0.1707 0.6445 0.1780 0.0035 0.0000 0.0000 0.0000 0.0000
0.0000 0.0000 0.0000 0.0034 0.1780 0.6396 0.1754 0.0035 0.0000 0.0000 0.0000
0.0000 0.0000 0.0000 0.0000 0.0035 0.1754 0.6448 0.1739 0.0024 0.0000 0.0000
0.0000 0.0000 0.0000 0.0000 0.0000 0.0035 0.1739 0.6451 0.1744 0.0030 0.0000
0.0000 0.0000 0.0000 0.0000 0.0000 0.0000 0.0024 0.1744 0.6554 0.1660 0.0017
0.0000 0.0000 0.0000 0.0000 0.0000 0.0000 0.0000 0.0030 0.1660 0.6752 0.1557
0.0000 0.0000 0.0000 0.0000 0.0000 0.0000 0.0000 0.0000 0.0017 0.1557 0.8426
#DG from neighbouring lambda in kcal/mol
0.0000 0.1000 -2.1669 0.0266
0.1000 0.2000 -0.0443 0.0202
0.2000 0.3000 0.9340 0.0166
0.3000 0.4000 1.2018 0.0165
0.4000 0.5000 1.1375 0.0160
0.5000 0.6000 1.0217 0.0162
0.6000 0.7000 0.9791 0.0163
0.7000 0.8000 0.8297 0.0163
0.8000 0.9000 0.9212 0.0170
0.9000 1.0000 0.7776 0.0180
#PMF from MBAR in kcal/mol
0.0000 0.0000 0.0000
0.1000 -2.1669 0.0266
0.2000 -2.2112 0.0355
0.3000 -1.2772 0.0409
0.4000 -0.0754 0.0456
0.5000 1.0621 0.0497
0.6000 2.0838 0.0535
0.7000 3.0628 0.0571
0.8000 3.8925 0.0606
0.9000 4.8137 0.0640
1.0000 5.5913 0.0675
#TI average gradients and standard deviation in kcal/mol
0.0000 -38.4080 21.6139
0.1000 -8.2176 17.9170
0.2000 5.6808 15.3647
0.3000 12.3880 13.8416
0.4000 11.1398 14.0398
0.5000 11.2233 14.2313
0.6000 9.7708 13.7545
0.7000 8.6894 15.5314
0.8000 9.2095 14.1377
0.9000 8.3923 15.7093
1.0000 12.7987 15.1671
#PMF from TI in kcal/mol
0.0000 0.0000
0.1000 -2.3313
0.2000 -2.4581
0.3000 -1.5547
0.4000 -0.3783
0.5000 0.7399
0.6000 1.7896
0.7000 2.7126
0.8000 3.6075
0.9000 4.4876
1.0000 5.5472
#MBAR free energy difference in kcal/mol: 
5.591332, 0.067500  #WARNING SUBSAMPLING DISABLED, CONSIDER RERUN WITH SUBSAMPLING OPTION
#TI free energy difference in kcal/mol: 
5.547176  #WARNING SUBSAMPLING DISABLED, CONSIDER RERUN WITH SUBSAMPLING OPTION 
Starting /export/users/common/BioSimSpace/sire.app/bin/analyse_freenrg: number of threads equals 32
