# Analysing data contained in file(s) ['lambda_0.0000/simfile.dat', 'lambda_0.1000/simfile.dat', 'lambda_0.2000/simfile.dat', 'lambda_0.3000/simfile.dat', 'lambda_0.4000/simfile.dat', 'lambda_0.5000/simfile.dat', 'lambda_0.6000/simfile.dat', 'lambda_0.7000/simfile.dat', 'lambda_0.8000/simfile.dat', 'lambda_0.9000/simfile.dat', 'lambda_1.0000/simfile.dat']
#Overlap matrix
0.9793 0.0207 0.0000 0.0000 0.0000 0.0000 0.0000 0.0000 0.0000 0.0000 0.0000
0.0207 0.9523 0.0270 0.0000 0.0000 0.0000 0.0000 0.0000 0.0000 0.0000 0.0000
0.0000 0.0270 0.9454 0.0276 0.0000 0.0000 0.0000 0.0000 0.0000 0.0000 0.0000
0.0000 0.0000 0.0276 0.9400 0.0324 0.0000 0.0000 0.0000 0.0000 0.0000 0.0000
0.0000 0.0000 0.0000 0.0324 0.9411 0.0265 0.0000 0.0000 0.0000 0.0000 0.0000
0.0000 0.0000 0.0000 0.0000 0.0265 0.9504 0.0230 0.0000 0.0000 0.0000 0.0000
0.0000 0.0000 0.0000 0.0000 0.0000 0.0230 0.9561 0.0208 0.0000 0.0000 0.0000
0.0000 0.0000 0.0000 0.0000 0.0000 0.0000 0.0208 0.9668 0.0123 0.0000 0.0000
0.0000 0.0000 0.0000 0.0000 0.0000 0.0000 0.0000 0.0123 0.9806 0.0071 0.0000
0.0000 0.0000 0.0000 0.0000 0.0000 0.0000 0.0000 0.0000 0.0071 0.9867 0.0062
0.0000 0.0000 0.0000 0.0000 0.0000 0.0000 0.0000 0.0000 0.0000 0.0062 0.9938
#DG from neighbouring lambda in kcal/mol
0.0000 0.1000 18.7488 0.0589
0.1000 0.2000 17.0706 0.0512
0.2000 0.3000 15.2649 0.0506
0.3000 0.4000 13.6900 0.0465
0.4000 0.5000 12.1882 0.0517
0.5000 0.6000 10.9130 0.0557
0.6000 0.7000 10.1993 0.0586
0.7000 0.8000 9.9795 0.0770
0.8000 0.9000 10.0614 0.1022
0.9000 1.0000 9.8307 0.1090
#PMF from MBAR in kcal/mol
0.0000 0.0000 0.0000
0.1000 18.7488 0.0589
0.2000 35.8194 0.0790
0.3000 51.0843 0.0946
0.4000 64.7742 0.1061
0.5000 76.9624 0.1187
0.6000 87.8754 0.1316
0.7000 98.0747 0.1446
0.8000 108.0542 0.1643
0.9000 118.1156 0.1939
1.0000 127.9463 0.2228
#TI average gradients and standard deviation in kcal/mol
0.0000 187.9901 27.2584
0.1000 178.1654 26.0356
0.2000 161.2581 26.1671
0.3000 142.9302 25.4943
0.4000 129.7407 25.8164
0.5000 114.6180 25.1811
0.6000 103.7798 26.3458
0.7000 100.0732 28.0568
0.8000 100.5474 29.5554
0.9000 100.2953 31.9582
1.0000 91.0075 33.5208
#PMF from TI in kcal/mol
0.0000 0.0000
0.1000 18.3078
0.2000 35.2789
0.3000 50.4884
0.4000 64.1219
0.5000 76.3398
0.6000 87.2597
0.7000 97.4524
0.8000 107.4834
0.9000 117.5255
1.0000 127.0907
#MBAR free energy difference in kcal/mol: 
127.946310, 0.222788  #WARNING SUBSAMPLING DISABLED, CONSIDER RERUN WITH SUBSAMPLING OPTION
#TI free energy difference in kcal/mol: 
127.090684  #WARNING SUBSAMPLING DISABLED, CONSIDER RERUN WITH SUBSAMPLING OPTION 
Starting /export/users/common/BioSimSpace/sire.app/bin/analyse_freenrg: number of threads equals 32
