# Analysing data contained in file(s) ['lambda_0.0000/simfile.dat', 'lambda_0.1000/simfile.dat', 'lambda_0.2000/simfile.dat', 'lambda_0.3000/simfile.dat', 'lambda_0.4000/simfile.dat', 'lambda_0.5000/simfile.dat', 'lambda_0.6000/simfile.dat', 'lambda_0.7000/simfile.dat', 'lambda_0.8000/simfile.dat', 'lambda_0.9000/simfile.dat', 'lambda_1.0000/simfile.dat']
#Overlap matrix
0.9747 0.0253 0.0000 0.0000 0.0000 0.0000 0.0000 0.0000 0.0000 0.0000 0.0000
0.0253 0.9266 0.0481 0.0000 0.0000 0.0000 0.0000 0.0000 0.0000 0.0000 0.0000
0.0000 0.0481 0.8895 0.0623 0.0001 0.0000 0.0000 0.0000 0.0000 0.0000 0.0000
0.0000 0.0000 0.0623 0.8667 0.0709 0.0001 0.0000 0.0000 0.0000 0.0000 0.0000
0.0000 0.0000 0.0001 0.0709 0.8611 0.0678 0.0001 0.0000 0.0000 0.0000 0.0000
0.0000 0.0000 0.0000 0.0001 0.0678 0.8571 0.0748 0.0002 0.0000 0.0000 0.0000
0.0000 0.0000 0.0000 0.0000 0.0001 0.0748 0.8204 0.1042 0.0005 0.0000 0.0000
0.0000 0.0000 0.0000 0.0000 0.0000 0.0002 0.1042 0.7656 0.1294 0.0005 0.0000
0.0000 0.0000 0.0000 0.0000 0.0000 0.0000 0.0005 0.1294 0.7479 0.1217 0.0004
0.0000 0.0000 0.0000 0.0000 0.0000 0.0000 0.0000 0.0005 0.1217 0.7517 0.1261
0.0000 0.0000 0.0000 0.0000 0.0000 0.0000 0.0000 0.0000 0.0004 0.1261 0.8735
#DG from neighbouring lambda in kcal/mol
0.0000 0.1000 -2.1688 0.0530
0.1000 0.2000 1.2127 0.0375
0.2000 0.3000 1.6705 0.0324
0.3000 0.4000 1.4148 0.0301
0.4000 0.5000 0.8025 0.0308
0.5000 0.6000 0.5201 0.0291
0.6000 0.7000 0.8737 0.0237
0.7000 0.8000 1.1087 0.0206
0.8000 0.9000 0.8762 0.0215
0.9000 1.0000 0.7587 0.0210
#PMF from MBAR in kcal/mol
0.0000 0.0000 0.0000
0.1000 -2.1688 0.0530
0.2000 -0.9561 0.0660
0.3000 0.7144 0.0745
0.4000 2.1292 0.0813
0.5000 2.9316 0.0878
0.6000 3.4518 0.0933
0.7000 4.3255 0.0970
0.8000 5.4342 0.0999
0.9000 6.3104 0.1029
1.0000 7.0691 0.1057
#TI average gradients and standard deviation in kcal/mol
0.0000 -65.0565 30.2809
0.1000 4.8046 24.7896
0.2000 16.7416 21.8591
0.3000 15.6372 21.1149
0.4000 11.1530 21.4771
0.5000 5.7346 21.3753
0.6000 6.3874 19.7684
0.7000 10.7231 17.0558
0.8000 10.6804 16.9844
0.9000 6.9645 17.2522
1.0000 32.9147 17.4556
#PMF from TI in kcal/mol
0.0000 0.0000
0.1000 -3.0126
0.2000 -1.9353
0.3000 -0.3163
0.4000 1.0232
0.5000 1.8675
0.6000 2.4736
0.7000 3.3292
0.8000 4.3993
0.9000 5.2816
1.0000 7.2756
#MBAR free energy difference in kcal/mol: 
7.069119, 0.105678  #WARNING SUBSAMPLING DISABLED, CONSIDER RERUN WITH SUBSAMPLING OPTION
#TI free energy difference in kcal/mol: 
7.275556  #WARNING SUBSAMPLING DISABLED, CONSIDER RERUN WITH SUBSAMPLING OPTION 
Starting /export/users/common/BioSimSpace/sire.app/bin/analyse_freenrg: number of threads equals 32
