# Analysing data contained in file(s) ['lambda_0.0000/simfile.dat', 'lambda_0.1000/simfile.dat', 'lambda_0.2000/simfile.dat', 'lambda_0.3000/simfile.dat', 'lambda_0.4000/simfile.dat', 'lambda_0.5000/simfile.dat', 'lambda_0.6000/simfile.dat', 'lambda_0.7000/simfile.dat', 'lambda_0.8000/simfile.dat', 'lambda_0.9000/simfile.dat', 'lambda_1.0000/simfile.dat']
#Overlap matrix
0.9897 0.0103 0.0000 0.0000 0.0000 0.0000 0.0000 0.0000 0.0000 0.0000 0.0000
0.0103 0.9589 0.0308 0.0000 0.0000 0.0000 0.0000 0.0000 0.0000 0.0000 0.0000
0.0000 0.0308 0.9318 0.0374 0.0000 0.0000 0.0000 0.0000 0.0000 0.0000 0.0000
0.0000 0.0000 0.0374 0.9202 0.0424 0.0000 0.0000 0.0000 0.0000 0.0000 0.0000
0.0000 0.0000 0.0000 0.0424 0.9315 0.0261 0.0000 0.0000 0.0000 0.0000 0.0000
0.0000 0.0000 0.0000 0.0000 0.0261 0.9545 0.0194 0.0000 0.0000 0.0000 0.0000
0.0000 0.0000 0.0000 0.0000 0.0000 0.0194 0.9652 0.0154 0.0000 0.0000 0.0000
0.0000 0.0000 0.0000 0.0000 0.0000 0.0000 0.0154 0.9711 0.0135 0.0000 0.0000
0.0000 0.0000 0.0000 0.0000 0.0000 0.0000 0.0000 0.0135 0.9803 0.0062 0.0000
0.0000 0.0000 0.0000 0.0000 0.0000 0.0000 0.0000 0.0000 0.0062 0.9921 0.0017
0.0000 0.0000 0.0000 0.0000 0.0000 0.0000 0.0000 0.0000 0.0000 0.0017 0.9983
#DG from neighbouring lambda in kcal/mol
0.0000 0.1000 15.5663 0.0842
0.1000 0.2000 7.7380 0.0478
0.2000 0.3000 2.6542 0.0430
0.3000 0.4000 -0.6731 0.0402
0.4000 0.5000 -3.0970 0.0521
0.5000 0.6000 -6.6047 0.0608
0.6000 0.7000 -11.1465 0.0687
0.7000 0.8000 -16.2177 0.0735
0.8000 0.9000 -21.5035 0.1087
0.9000 1.0000 -26.4603 0.2096
#PMF from MBAR in kcal/mol
0.0000 0.0000 0.0000
0.1000 15.5663 0.0842
0.2000 23.3043 0.0975
0.3000 25.9585 0.1073
0.4000 25.2854 0.1152
0.5000 22.1884 0.1271
0.6000 15.5837 0.1414
0.7000 4.4373 0.1577
0.8000 -11.7805 0.1744
0.9000 -33.2840 0.2059
1.0000 -59.7443 0.2940
#TI average gradients and standard deviation in kcal/mol
0.0000 182.2176 32.3207
0.1000 109.3350 27.1382
0.2000 49.9811 24.6023
0.3000 6.9239 23.6922
0.4000 -17.9536 25.1032
0.5000 -46.6835 28.1170
0.6000 -86.8398 29.2429
0.7000 -138.4896 29.3465
0.8000 -188.7293 31.3007
0.9000 -244.0509 34.9797
1.0000 -266.5030 40.2416
#PMF from TI in kcal/mol
0.0000 0.0000
0.1000 14.5776
0.2000 22.5434
0.3000 25.3887
0.4000 24.8372
0.5000 21.6053
0.6000 14.9292
0.7000 3.6627
0.8000 -12.6982
0.9000 -34.3372
1.0000 -59.8649
#MBAR free energy difference in kcal/mol: 
-59.744256, 0.294022  #WARNING SUBSAMPLING DISABLED, CONSIDER RERUN WITH SUBSAMPLING OPTION
#TI free energy difference in kcal/mol: 
-59.864942  #WARNING SUBSAMPLING DISABLED, CONSIDER RERUN WITH SUBSAMPLING OPTION 
Starting /export/users/common/BioSimSpace/sire.app/bin/analyse_freenrg: number of threads equals 32
