# Analysing data contained in file(s) ['lambda_0.0000/simfile.dat', 'lambda_0.1000/simfile.dat', 'lambda_0.2000/simfile.dat', 'lambda_0.3000/simfile.dat', 'lambda_0.4000/simfile.dat', 'lambda_0.5000/simfile.dat', 'lambda_0.6000/simfile.dat', 'lambda_0.7000/simfile.dat', 'lambda_0.8000/simfile.dat', 'lambda_0.9000/simfile.dat', 'lambda_1.0000/simfile.dat']
#Overlap matrix
0.9654 0.0346 0.0000 0.0000 0.0000 0.0000 0.0000 0.0000 0.0000 0.0000 0.0000
0.0346 0.9247 0.0407 0.0000 0.0000 0.0000 0.0000 0.0000 0.0000 0.0000 0.0000
0.0000 0.0407 0.9242 0.0350 0.0000 0.0000 0.0000 0.0000 0.0000 0.0000 0.0000
0.0000 0.0000 0.0350 0.9107 0.0537 0.0006 0.0000 0.0000 0.0000 0.0000 0.0000
0.0000 0.0000 0.0000 0.0537 0.8571 0.0853 0.0037 0.0002 0.0000 0.0000 0.0000
0.0000 0.0000 0.0000 0.0006 0.0853 0.7244 0.1792 0.0105 0.0001 0.0000 0.0000
0.0000 0.0000 0.0000 0.0000 0.0037 0.1792 0.6249 0.1877 0.0045 0.0000 0.0000
0.0000 0.0000 0.0000 0.0000 0.0002 0.0105 0.1877 0.6234 0.1735 0.0047 0.0000
0.0000 0.0000 0.0000 0.0000 0.0000 0.0001 0.0045 0.1735 0.6200 0.1943 0.0077
0.0000 0.0000 0.0000 0.0000 0.0000 0.0000 0.0000 0.0047 0.1943 0.5887 0.2123
0.0000 0.0000 0.0000 0.0000 0.0000 0.0000 0.0000 0.0000 0.0077 0.2123 0.7800
#DG from neighbouring lambda in kcal/mol
0.0000 0.1000 -3.8714 0.0449
0.1000 0.2000 -1.0025 0.0411
0.2000 0.3000 1.1712 0.0446
0.3000 0.4000 3.4298 0.0350
0.4000 0.5000 6.7190 0.0262
0.5000 0.6000 9.5676 0.0154
0.6000 0.7000 11.2420 0.0148
0.7000 0.8000 11.2615 0.0161
0.8000 0.9000 11.4393 0.0146
0.9000 1.0000 12.1754 0.0138
#PMF from MBAR in kcal/mol
0.0000 0.0000 0.0000
0.1000 -3.8714 0.0449
0.2000 -4.8739 0.0620
0.3000 -3.7027 0.0773
0.4000 -0.2729 0.0858
0.5000 6.4461 0.0904
0.6000 16.0136 0.0923
0.7000 27.2557 0.0941
0.8000 38.5172 0.0962
0.9000 49.9565 0.0979
1.0000 62.1320 0.0995
#TI average gradients and standard deviation in kcal/mol
0.0000 -56.1212 24.0620
0.1000 -22.2730 24.4291
0.2000 1.8398 24.0870
0.3000 19.8416 25.8416
0.4000 52.6880 20.2125
0.5000 80.2789 17.5700
0.6000 108.4704 12.4732
0.7000 113.3892 13.8933
0.8000 112.5505 13.4588
0.9000 117.1588 12.6112
1.0000 133.8253 12.2871
#PMF from TI in kcal/mol
0.0000 0.0000
0.1000 -3.9197
0.2000 -4.9414
0.3000 -3.8573
0.4000 -0.2308
0.5000 6.4175
0.6000 15.8550
0.7000 26.9480
0.8000 38.2449
0.9000 49.7304
1.0000 62.2796
#MBAR free energy difference in kcal/mol: 
62.131975, 0.099529  #WARNING SUBSAMPLING DISABLED, CONSIDER RERUN WITH SUBSAMPLING OPTION
#TI free energy difference in kcal/mol: 
62.279612  #WARNING SUBSAMPLING DISABLED, CONSIDER RERUN WITH SUBSAMPLING OPTION 
Starting /export/users/common/BioSimSpace/sire.app/bin/analyse_freenrg: number of threads equals 32
