# Analysing data contained in file(s) ['lambda_0.0000/simfile.dat', 'lambda_0.1000/simfile.dat', 'lambda_0.2000/simfile.dat', 'lambda_0.3000/simfile.dat', 'lambda_0.4000/simfile.dat', 'lambda_0.5000/simfile.dat', 'lambda_0.6000/simfile.dat', 'lambda_0.7000/simfile.dat', 'lambda_0.8000/simfile.dat', 'lambda_0.9000/simfile.dat', 'lambda_1.0000/simfile.dat']
#Overlap matrix
0.9918 0.0082 0.0000 0.0000 0.0000 0.0000 0.0000 0.0000 0.0000 0.0000 0.0000
0.0082 0.9846 0.0072 0.0000 0.0000 0.0000 0.0000 0.0000 0.0000 0.0000 0.0000
0.0000 0.0072 0.9793 0.0135 0.0000 0.0000 0.0000 0.0000 0.0000 0.0000 0.0000
0.0000 0.0000 0.0135 0.9863 0.0001 0.0000 0.0000 0.0000 0.0000 0.0000 0.0000
0.0000 0.0000 0.0000 0.0001 0.8797 0.1193 0.0009 0.0000 0.0000 0.0000 0.0000
0.0000 0.0000 0.0000 0.0000 0.1193 0.7752 0.1053 0.0002 0.0000 0.0000 0.0000
0.0000 0.0000 0.0000 0.0000 0.0009 0.1053 0.7913 0.1025 0.0001 0.0000 0.0000
0.0000 0.0000 0.0000 0.0000 0.0000 0.0002 0.1025 0.7968 0.1003 0.0002 0.0000
0.0000 0.0000 0.0000 0.0000 0.0000 0.0000 0.0001 0.1003 0.7834 0.1158 0.0004
0.0000 0.0000 0.0000 0.0000 0.0000 0.0000 0.0000 0.0002 0.1158 0.7528 0.1312
0.0000 0.0000 0.0000 0.0000 0.0000 0.0000 0.0000 0.0000 0.0004 0.1312 0.8684
#DG from neighbouring lambda in kcal/mol
0.0000 0.1000 -1.1854 0.0945
0.1000 0.2000 0.5599 0.1013
0.2000 0.3000 2.1407 0.0733
0.3000 0.4000 -3.4183 0.7740
0.4000 0.5000 8.7226 0.0217
0.5000 0.6000 10.7590 0.0235
0.6000 0.7000 8.0126 0.0240
0.7000 0.8000 4.9095 0.0244
0.8000 0.9000 2.8274 0.0222
0.9000 1.0000 1.6879 0.0205
#PMF from MBAR in kcal/mol
0.0000 0.0000 0.0000
0.1000 -1.1854 0.0945
0.2000 -0.6254 0.1391
0.3000 1.5153 0.1577
0.4000 -1.9030 0.7900
0.5000 6.8196 0.7903
0.6000 17.5786 0.7908
0.7000 25.5912 0.7912
0.8000 30.5007 0.7917
0.9000 33.3281 0.7921
1.0000 35.0160 0.7925
#TI average gradients and standard deviation in kcal/mol
0.0000 -31.2348 32.1812
0.1000 1.8762 32.1807
0.2000 10.3398 32.2768
0.3000 33.9788 28.7414
0.4000 30.2333 21.6476
0.5000 113.4042 17.7493
0.6000 95.6961 18.5512
0.7000 64.2423 18.9459
0.8000 36.5037 17.7933
0.9000 21.2591 17.5296
1.0000 24.0832 16.4185
#PMF from TI in kcal/mol
0.0000 0.0000
0.1000 -1.4679
0.2000 -0.8571
0.3000 1.3588
0.4000 4.5694
0.5000 11.7513
0.6000 22.2063
0.7000 30.2032
0.8000 35.2405
0.9000 38.1287
1.0000 40.3958
#MBAR free energy difference in kcal/mol: 
35.016011, 0.792456  #WARNING SUBSAMPLING DISABLED, CONSIDER RERUN WITH SUBSAMPLING OPTION
#TI free energy difference in kcal/mol: 
40.395778  #WARNING SUBSAMPLING DISABLED, CONSIDER RERUN WITH SUBSAMPLING OPTION 
Starting /export/users/common/BioSimSpace/sire.app/bin/analyse_freenrg: number of threads equals 32
