# Analysing data contained in file(s) ['lambda_0.0000/simfile.dat', 'lambda_0.1000/simfile.dat', 'lambda_0.2000/simfile.dat', 'lambda_0.3000/simfile.dat', 'lambda_0.4000/simfile.dat', 'lambda_0.5000/simfile.dat', 'lambda_0.6000/simfile.dat', 'lambda_0.7000/simfile.dat', 'lambda_0.8000/simfile.dat', 'lambda_0.9000/simfile.dat', 'lambda_1.0000/simfile.dat']
#Overlap matrix
0.9265 0.0735 0.0000 0.0000 0.0000 0.0000 0.0000 0.0000 0.0000 0.0000 0.0000
0.0735 0.8300 0.0965 0.0000 0.0000 0.0000 0.0000 0.0000 0.0000 0.0000 0.0000
0.0000 0.0965 0.8540 0.0494 0.0000 0.0000 0.0000 0.0000 0.0000 0.0000 0.0000
0.0000 0.0000 0.0494 0.8584 0.0915 0.0006 0.0000 0.0000 0.0000 0.0000 0.0000
0.0000 0.0000 0.0000 0.0915 0.7286 0.1792 0.0007 0.0000 0.0000 0.0000 0.0000
0.0000 0.0000 0.0000 0.0006 0.1792 0.7446 0.0756 0.0000 0.0000 0.0000 0.0000
0.0000 0.0000 0.0000 0.0000 0.0007 0.0756 0.9000 0.0237 0.0000 0.0000 0.0000
0.0000 0.0000 0.0000 0.0000 0.0000 0.0000 0.0237 0.9607 0.0155 0.0000 0.0000
0.0000 0.0000 0.0000 0.0000 0.0000 0.0000 0.0000 0.0155 0.9713 0.0132 0.0000
0.0000 0.0000 0.0000 0.0000 0.0000 0.0000 0.0000 0.0000 0.0132 0.9658 0.0210
0.0000 0.0000 0.0000 0.0000 0.0000 0.0000 0.0000 0.0000 0.0000 0.0210 0.9790
#DG from neighbouring lambda in kcal/mol
0.0000 0.1000 29.3651 0.0295
0.1000 0.2000 25.6107 0.0250
0.2000 0.3000 21.3162 0.0369
0.3000 0.4000 15.4416 0.0257
0.4000 0.5000 13.4654 0.0163
0.5000 0.6000 13.3365 0.0288
0.6000 0.7000 13.5819 0.0548
0.7000 0.8000 13.5043 0.0684
0.8000 0.9000 12.2876 0.0744
0.9000 1.0000 10.0350 0.0584
#PMF from MBAR in kcal/mol
0.0000 0.0000 0.0000
0.1000 29.3651 0.0295
0.2000 54.9758 0.0405
0.3000 76.2920 0.0562
0.4000 91.7336 0.0630
0.5000 105.1989 0.0661
0.6000 118.5354 0.0731
0.7000 132.1173 0.0922
0.8000 145.6216 0.1154
0.9000 157.9092 0.1379
1.0000 167.9442 0.1502
#TI average gradients and standard deviation in kcal/mol
0.0000 311.0959 22.0112
0.1000 273.5191 18.9574
0.2000 238.9913 18.6078
0.3000 177.6409 23.1509
0.4000 133.7273 20.0786
0.5000 135.5320 18.4056
0.6000 136.0541 23.1067
0.7000 134.4609 27.4757
0.8000 132.2012 29.5750
0.9000 111.3874 28.3635
1.0000 89.8153 25.1762
#PMF from TI in kcal/mol
0.0000 0.0000
0.1000 29.2307
0.2000 54.8563
0.3000 75.6879
0.4000 91.2563
0.5000 104.7193
0.6000 118.2986
0.7000 131.8243
0.8000 145.1574
0.9000 157.3369
1.0000 167.3970
#MBAR free energy difference in kcal/mol: 
167.944179, 0.150221  #WARNING SUBSAMPLING DISABLED, CONSIDER RERUN WITH SUBSAMPLING OPTION
#TI free energy difference in kcal/mol: 
167.396992  #WARNING SUBSAMPLING DISABLED, CONSIDER RERUN WITH SUBSAMPLING OPTION 
Starting /export/users/common/BioSimSpace/sire.app/bin/analyse_freenrg: number of threads equals 32
