# Analysing data contained in file(s) ['lambda_0.0000/simfile.dat', 'lambda_0.1000/simfile.dat', 'lambda_0.2000/simfile.dat', 'lambda_0.3000/simfile.dat', 'lambda_0.4000/simfile.dat', 'lambda_0.5000/simfile.dat', 'lambda_0.6000/simfile.dat', 'lambda_0.7000/simfile.dat', 'lambda_0.8000/simfile.dat', 'lambda_0.9000/simfile.dat', 'lambda_1.0000/simfile.dat']
#Overlap matrix
0.9901 0.0099 0.0000 0.0000 0.0000 0.0000 0.0000 0.0000 0.0000 0.0000 0.0000
0.0099 0.9848 0.0054 0.0000 0.0000 0.0000 0.0000 0.0000 0.0000 0.0000 0.0000
0.0000 0.0054 0.9806 0.0141 0.0000 0.0000 0.0000 0.0000 0.0000 0.0000 0.0000
0.0000 0.0000 0.0141 0.9448 0.0411 0.0000 0.0000 0.0000 0.0000 0.0000 0.0000
0.0000 0.0000 0.0000 0.0411 0.8880 0.0709 0.0000 0.0000 0.0000 0.0000 0.0000
0.0000 0.0000 0.0000 0.0000 0.0709 0.8277 0.1011 0.0004 0.0000 0.0000 0.0000
0.0000 0.0000 0.0000 0.0000 0.0000 0.1011 0.7949 0.1039 0.0001 0.0000 0.0000
0.0000 0.0000 0.0000 0.0000 0.0000 0.0004 0.1039 0.8479 0.0478 0.0000 0.0000
0.0000 0.0000 0.0000 0.0000 0.0000 0.0000 0.0001 0.0478 0.9056 0.0464 0.0000
0.0000 0.0000 0.0000 0.0000 0.0000 0.0000 0.0000 0.0000 0.0464 0.9160 0.0375
0.0000 0.0000 0.0000 0.0000 0.0000 0.0000 0.0000 0.0000 0.0000 0.0375 0.9625
#DG from neighbouring lambda in kcal/mol
0.0000 0.1000 24.5611 0.0861
0.1000 0.2000 15.3330 0.1176
0.2000 0.3000 4.6415 0.0719
0.3000 0.4000 -2.3440 0.0409
0.4000 0.5000 -5.9080 0.0301
0.5000 0.6000 -7.7539 0.0242
0.6000 0.7000 -6.8017 0.0238
0.7000 0.8000 -5.2609 0.0376
0.8000 0.9000 -4.5575 0.0382
0.9000 1.0000 -4.1869 0.0429
#PMF from MBAR in kcal/mol
0.0000 0.0000 0.0000
0.1000 24.5611 0.0861
0.2000 39.8941 0.1463
0.3000 44.5356 0.1634
0.4000 42.1916 0.1689
0.5000 36.2836 0.1720
0.6000 28.5297 0.1741
0.7000 21.7280 0.1762
0.8000 16.4671 0.1805
0.9000 11.9096 0.1849
1.0000 7.7226 0.1902
#TI average gradients and standard deviation in kcal/mol
0.0000 283.6563 31.6399
0.1000 207.6113 30.2185
0.2000 95.5260 31.9349
0.3000 3.7085 26.8178
0.4000 -44.5439 21.4261
0.5000 -71.8597 19.8924
0.6000 -77.4289 17.3481
0.7000 -57.3375 21.1987
0.8000 -49.3534 23.4169
0.9000 -43.2155 24.2548
1.0000 -36.7711 24.0729
#PMF from TI in kcal/mol
0.0000 0.0000
0.1000 24.5634
0.2000 39.7202
0.3000 44.6820
0.4000 42.6402
0.5000 36.8200
0.6000 29.3556
0.7000 22.6173
0.8000 17.2827
0.9000 12.6543
1.0000 8.6549
#MBAR free energy difference in kcal/mol: 
7.722638, 0.190239  #WARNING SUBSAMPLING DISABLED, CONSIDER RERUN WITH SUBSAMPLING OPTION
#TI free energy difference in kcal/mol: 
8.654939  #WARNING SUBSAMPLING DISABLED, CONSIDER RERUN WITH SUBSAMPLING OPTION 
Starting /export/users/common/BioSimSpace/sire.app/bin/analyse_freenrg: number of threads equals 32
