# Analysing data contained in file(s) ['lambda_0.0000/simfile.dat', 'lambda_0.1000/simfile.dat', 'lambda_0.2000/simfile.dat', 'lambda_0.3000/simfile.dat', 'lambda_0.4000/simfile.dat', 'lambda_0.5000/simfile.dat', 'lambda_0.6000/simfile.dat', 'lambda_0.7000/simfile.dat', 'lambda_0.8000/simfile.dat', 'lambda_0.9000/simfile.dat', 'lambda_1.0000/simfile.dat']
#Overlap matrix
0.8585 0.1388 0.0027 0.0000 0.0000 0.0000 0.0000 0.0000 0.0000 0.0000 0.0000
0.1388 0.6720 0.1833 0.0058 0.0000 0.0000 0.0000 0.0000 0.0000 0.0000 0.0000
0.0027 0.1833 0.6230 0.1856 0.0055 0.0000 0.0000 0.0000 0.0000 0.0000 0.0000
0.0000 0.0058 0.1856 0.6148 0.1883 0.0055 0.0000 0.0000 0.0000 0.0000 0.0000
0.0000 0.0000 0.0055 0.1883 0.6118 0.1894 0.0050 0.0000 0.0000 0.0000 0.0000
0.0000 0.0000 0.0000 0.0055 0.1894 0.6185 0.1828 0.0038 0.0000 0.0000 0.0000
0.0000 0.0000 0.0000 0.0000 0.0050 0.1828 0.6335 0.1757 0.0029 0.0000 0.0000
0.0000 0.0000 0.0000 0.0000 0.0000 0.0038 0.1757 0.6533 0.1650 0.0022 0.0000
0.0000 0.0000 0.0000 0.0000 0.0000 0.0000 0.0029 0.1650 0.6686 0.1617 0.0018
0.0000 0.0000 0.0000 0.0000 0.0000 0.0000 0.0000 0.0022 0.1617 0.6754 0.1607
0.0000 0.0000 0.0000 0.0000 0.0000 0.0000 0.0000 0.0000 0.0018 0.1607 0.8375
#DG from neighbouring lambda in kcal/mol
0.0000 0.1000 0.9060 0.0195
0.1000 0.2000 1.8350 0.0155
0.2000 0.3000 2.4866 0.0152
0.3000 0.4000 2.7580 0.0150
0.4000 0.5000 2.9595 0.0150
0.5000 0.6000 3.1947 0.0155
0.6000 0.7000 3.4153 0.0161
0.7000 0.8000 3.6504 0.0170
0.8000 0.9000 3.8758 0.0174
0.9000 1.0000 4.1621 0.0176
#PMF from MBAR in kcal/mol
0.0000 0.0000 0.0000
0.1000 0.9060 0.0195
0.2000 2.7410 0.0275
0.3000 5.2276 0.0334
0.4000 7.9856 0.0383
0.5000 10.9452 0.0427
0.6000 14.1399 0.0468
0.7000 17.5552 0.0509
0.8000 21.2056 0.0549
0.9000 25.0814 0.0588
1.0000 29.2435 0.0625
#TI average gradients and standard deviation in kcal/mol
0.0000 3.2060 16.5136
0.1000 13.7335 14.9439
0.2000 22.6540 13.8341
0.3000 26.7018 13.2065
0.4000 28.2071 13.3196
0.5000 31.0188 13.5662
0.6000 32.7491 14.1953
0.7000 35.8351 14.4105
0.8000 37.4405 14.5123
0.9000 39.8994 15.2057
1.0000 46.3687 14.9907
#PMF from TI in kcal/mol
0.0000 0.0000
0.1000 0.8470
0.2000 2.6663
0.3000 5.1341
0.4000 7.8796
0.5000 10.8409
0.6000 14.0293
0.7000 17.4585
0.8000 21.1223
0.9000 24.9893
1.0000 29.3027
#MBAR free energy difference in kcal/mol: 
29.243510, 0.062496  #WARNING SUBSAMPLING DISABLED, CONSIDER RERUN WITH SUBSAMPLING OPTION
#TI free energy difference in kcal/mol: 
29.302660  #WARNING SUBSAMPLING DISABLED, CONSIDER RERUN WITH SUBSAMPLING OPTION 
Starting /export/users/common/BioSimSpace/sire.app/bin/analyse_freenrg: number of threads equals 32
