# Analysing data contained in file(s) ['lambda_0.0000/simfile.dat', 'lambda_0.1000/simfile.dat', 'lambda_0.2000/simfile.dat', 'lambda_0.3000/simfile.dat', 'lambda_0.4000/simfile.dat', 'lambda_0.5000/simfile.dat', 'lambda_0.6000/simfile.dat', 'lambda_0.7000/simfile.dat', 'lambda_0.8000/simfile.dat', 'lambda_0.9000/simfile.dat', 'lambda_1.0000/simfile.dat']
#Overlap matrix
0.8889 0.1094 0.0016 0.0000 0.0000 0.0000 0.0000 0.0000 0.0000 0.0000 0.0000
0.1094 0.7498 0.1373 0.0035 0.0001 0.0000 0.0000 0.0000 0.0000 0.0000 0.0000
0.0016 0.1373 0.7011 0.1538 0.0061 0.0001 0.0000 0.0000 0.0000 0.0000 0.0000
0.0000 0.0035 0.1538 0.6740 0.1618 0.0068 0.0001 0.0000 0.0000 0.0000 0.0000
0.0000 0.0001 0.0061 0.1618 0.6573 0.1714 0.0031 0.0003 0.0000 0.0000 0.0000
0.0000 0.0000 0.0001 0.0068 0.1714 0.7262 0.0798 0.0130 0.0026 0.0001 0.0000
0.0000 0.0000 0.0000 0.0001 0.0031 0.0798 0.6600 0.2285 0.0274 0.0012 0.0000
0.0000 0.0000 0.0000 0.0000 0.0003 0.0130 0.2285 0.5207 0.2135 0.0231 0.0010
0.0000 0.0000 0.0000 0.0000 0.0000 0.0026 0.0274 0.2135 0.4845 0.2330 0.0390
0.0000 0.0000 0.0000 0.0000 0.0000 0.0001 0.0012 0.0231 0.2330 0.4607 0.2820
0.0000 0.0000 0.0000 0.0000 0.0000 0.0000 0.0000 0.0010 0.0390 0.2820 0.6780
#DG from neighbouring lambda in kcal/mol
0.0000 0.1000 -2.7890 0.0229
0.1000 0.2000 -1.0157 0.0194
0.2000 0.3000 -0.4024 0.0176
0.3000 0.4000 -0.1720 0.0167
0.4000 0.5000 -0.2062 0.0162
0.5000 0.6000 -0.9400 0.0248
0.6000 0.7000 0.3291 0.0114
0.7000 0.8000 0.8422 0.0116
0.8000 0.9000 0.1818 0.0104
0.9000 1.0000 -0.2086 0.0093
#PMF from MBAR in kcal/mol
0.0000 0.0000 0.0000
0.1000 -2.7890 0.0229
0.2000 -3.8048 0.0322
0.3000 -4.2072 0.0383
0.4000 -4.3792 0.0432
0.5000 -4.5854 0.0474
0.6000 -5.5254 0.0546
0.7000 -5.1963 0.0564
0.8000 -4.3542 0.0582
0.9000 -4.1724 0.0600
1.0000 -4.3809 0.0615
#TI average gradients and standard deviation in kcal/mol
0.0000 -44.0197 19.4448
0.1000 -16.4315 17.5351
0.2000 -5.5002 15.6339
0.3000 -2.1469 14.3897
0.4000 -2.0554 15.1851
0.5000 -2.6982 15.9294
0.6000 -9.3410 14.4202
0.7000 9.7504 10.8662
0.8000 5.2452 10.9134
0.9000 -1.1370 9.6104
1.0000 3.6142 9.2193
#PMF from TI in kcal/mol
0.0000 0.0000
0.1000 -3.0226
0.2000 -4.1191
0.3000 -4.5015
0.4000 -4.7116
0.5000 -4.9493
0.6000 -5.5513
0.7000 -5.5308
0.8000 -4.7810
0.9000 -4.5756
1.0000 -4.4517
#MBAR free energy difference in kcal/mol: 
-4.380912, 0.061472  #WARNING SUBSAMPLING DISABLED, CONSIDER RERUN WITH SUBSAMPLING OPTION
#TI free energy difference in kcal/mol: 
-4.451742  #WARNING SUBSAMPLING DISABLED, CONSIDER RERUN WITH SUBSAMPLING OPTION 
Starting /export/users/common/BioSimSpace/sire.app/bin/analyse_freenrg: number of threads equals 32
