# Analysing data contained in file(s) ['lambda_0.0000/simfile.dat', 'lambda_0.1000/simfile.dat', 'lambda_0.2000/simfile.dat', 'lambda_0.3000/simfile.dat', 'lambda_0.4000/simfile.dat', 'lambda_0.5000/simfile.dat', 'lambda_0.6000/simfile.dat', 'lambda_0.7000/simfile.dat', 'lambda_0.8000/simfile.dat', 'lambda_0.9000/simfile.dat', 'lambda_1.0000/simfile.dat']
#Overlap matrix
0.9888 0.0112 0.0000 0.0000 0.0000 0.0000 0.0000 0.0000 0.0000 0.0000 0.0000
0.0112 0.9468 0.0420 0.0000 0.0000 0.0000 0.0000 0.0000 0.0000 0.0000 0.0000
0.0000 0.0420 0.8883 0.0696 0.0001 0.0000 0.0000 0.0000 0.0000 0.0000 0.0000
0.0000 0.0000 0.0696 0.8503 0.0798 0.0002 0.0000 0.0000 0.0000 0.0000 0.0000
0.0000 0.0000 0.0001 0.0798 0.8262 0.0935 0.0003 0.0000 0.0000 0.0000 0.0000
0.0000 0.0000 0.0000 0.0002 0.0935 0.7974 0.1084 0.0005 0.0000 0.0000 0.0000
0.0000 0.0000 0.0000 0.0000 0.0003 0.1084 0.7677 0.1230 0.0005 0.0000 0.0000
0.0000 0.0000 0.0000 0.0000 0.0000 0.0005 0.1230 0.7516 0.1246 0.0004 0.0000
0.0000 0.0000 0.0000 0.0000 0.0000 0.0000 0.0005 0.1246 0.7582 0.1162 0.0004
0.0000 0.0000 0.0000 0.0000 0.0000 0.0000 0.0000 0.0004 0.1162 0.7561 0.1272
0.0000 0.0000 0.0000 0.0000 0.0000 0.0000 0.0000 0.0000 0.0004 0.1272 0.8723
#DG from neighbouring lambda in kcal/mol
0.0000 0.1000 -5.7583 0.0808
0.1000 0.2000 -1.8717 0.0404
0.2000 0.3000 -1.5815 0.0304
0.3000 0.4000 -2.6962 0.0280
0.4000 0.5000 -4.2131 0.0254
0.5000 0.6000 -5.5331 0.0231
0.6000 0.7000 -6.8119 0.0213
0.7000 0.8000 -8.2419 0.0211
0.8000 0.9000 -9.9267 0.0221
0.9000 1.0000 -11.2047 0.0209
#PMF from MBAR in kcal/mol
0.0000 0.0000 0.0000
0.1000 -5.7583 0.0808
0.2000 -7.6300 0.0911
0.3000 -9.2115 0.0968
0.4000 -11.9077 0.1015
0.5000 -16.1208 0.1053
0.6000 -21.6539 0.1085
0.7000 -28.4658 0.1112
0.8000 -36.7077 0.1139
0.9000 -46.6344 0.1166
1.0000 -57.8391 0.1191
#TI average gradients and standard deviation in kcal/mol
0.0000 -102.6563 34.7505
0.1000 -28.4357 26.9835
0.2000 -13.9118 22.1794
0.3000 -19.7158 20.2959
0.4000 -34.8451 19.5177
0.5000 -48.9171 18.8311
0.6000 -61.6920 17.6385
0.7000 -74.6825 16.9662
0.8000 -90.5479 16.9890
0.9000 -107.2755 17.1204
1.0000 -100.1408 17.3111
#PMF from TI in kcal/mol
0.0000 0.0000
0.1000 -6.5546
0.2000 -8.6720
0.3000 -10.3534
0.4000 -13.0814
0.5000 -17.2695
0.6000 -22.8000
0.7000 -29.6187
0.8000 -37.8802
0.9000 -47.7714
1.0000 -58.1422
#MBAR free energy difference in kcal/mol: 
-57.839122, 0.119088  #WARNING SUBSAMPLING DISABLED, CONSIDER RERUN WITH SUBSAMPLING OPTION
#TI free energy difference in kcal/mol: 
-58.142200  #WARNING SUBSAMPLING DISABLED, CONSIDER RERUN WITH SUBSAMPLING OPTION 
Starting /export/users/common/BioSimSpace/sire.app/bin/analyse_freenrg: number of threads equals 32
