# Analysing data contained in file(s) ['lambda_0.0000/simfile.dat', 'lambda_0.1000/simfile.dat', 'lambda_0.2000/simfile.dat', 'lambda_0.3000/simfile.dat', 'lambda_0.4000/simfile.dat', 'lambda_0.5000/simfile.dat', 'lambda_0.6000/simfile.dat', 'lambda_0.7000/simfile.dat', 'lambda_0.8000/simfile.dat', 'lambda_0.9000/simfile.dat', 'lambda_1.0000/simfile.dat']
#Overlap matrix
0.8389 0.1605 0.0006 0.0000 0.0000 0.0000 0.0000 0.0000 0.0000 0.0000 0.0000
0.1605 0.7053 0.1328 0.0013 0.0000 0.0000 0.0000 0.0000 0.0000 0.0000 0.0000
0.0006 0.1328 0.7087 0.1536 0.0041 0.0001 0.0000 0.0000 0.0000 0.0000 0.0000
0.0000 0.0013 0.1536 0.6644 0.1751 0.0054 0.0001 0.0000 0.0000 0.0000 0.0000
0.0000 0.0000 0.0041 0.1751 0.7463 0.0741 0.0003 0.0000 0.0000 0.0000 0.0000
0.0000 0.0000 0.0001 0.0054 0.0741 0.8946 0.0258 0.0000 0.0000 0.0000 0.0000
0.0000 0.0000 0.0000 0.0001 0.0003 0.0258 0.9738 0.0000 0.0000 0.0000 0.0000
0.0000 0.0000 0.0000 0.0000 0.0000 0.0000 0.0000 0.9994 0.0006 0.0000 0.0000
0.0000 0.0000 0.0000 0.0000 0.0000 0.0000 0.0000 0.0006 0.9967 0.0027 0.0000
0.0000 0.0000 0.0000 0.0000 0.0000 0.0000 0.0000 0.0000 0.0027 0.9845 0.0128
0.0000 0.0000 0.0000 0.0000 0.0000 0.0000 0.0000 0.0000 0.0000 0.0128 0.9872
#DG from neighbouring lambda in kcal/mol
0.0000 0.1000 -1.6075 0.0177
0.1000 0.2000 -5.9975 0.0201
0.2000 0.3000 -10.7719 0.0179
0.3000 0.4000 -14.3653 0.0160
0.4000 0.5000 -13.9776 0.0281
0.5000 0.6000 -1.1753 0.0520
0.6000 0.7000 19.8923 0.2764
0.7000 0.8000 2.8507 0.3430
0.8000 0.9000 0.6362 0.1675
0.9000 1.0000 0.9797 0.0753
#PMF from MBAR in kcal/mol
0.0000 0.0000 0.0000
0.1000 -1.6075 0.0177
0.2000 -7.6049 0.0294
0.3000 -18.3768 0.0364
0.4000 -32.7422 0.0414
0.5000 -46.7197 0.0509
0.6000 -47.8950 0.0736
0.7000 -28.0027 0.2730
0.8000 -25.1520 0.1250
0.9000 -24.5158 0.1250
1.0000 -23.5361 0.1362
#TI average gradients and standard deviation in kcal/mol
0.0000 -15.9416 14.5801
0.1000 -35.2041 17.1421
0.2000 -83.5758 15.1131
0.3000 -130.7863 14.4802
0.4000 -147.5879 16.8251
0.5000 -118.3838 20.7977
0.6000 144.6273 48.9757
0.7000 34.7560 47.9361
0.8000 20.2901 39.7633
0.9000 -5.7573 33.1979
1.0000 46.7339 27.8580
#PMF from TI in kcal/mol
0.0000 0.0000
0.1000 -2.5573
0.2000 -8.4963
0.3000 -19.2144
0.4000 -33.1331
0.5000 -46.4317
0.6000 -45.1195
0.7000 -36.1503
0.8000 -33.3980
0.9000 -32.6714
1.0000 -30.6226
#MBAR free energy difference in kcal/mol: 
-23.536142, 0.136166  #WARNING SUBSAMPLING DISABLED, CONSIDER RERUN WITH SUBSAMPLING OPTION
#TI free energy difference in kcal/mol: 
-30.622561  #WARNING SUBSAMPLING DISABLED, CONSIDER RERUN WITH SUBSAMPLING OPTION 
Starting /export/users/common/BioSimSpace/sire.app/bin/analyse_freenrg: number of threads equals 32
