# Analysing data contained in file(s) ['lambda_0.0000/simfile.dat', 'lambda_0.1000/simfile.dat', 'lambda_0.2000/simfile.dat', 'lambda_0.3000/simfile.dat', 'lambda_0.4000/simfile.dat', 'lambda_0.5000/simfile.dat', 'lambda_0.6000/simfile.dat', 'lambda_0.7000/simfile.dat', 'lambda_0.8000/simfile.dat', 'lambda_0.9000/simfile.dat', 'lambda_1.0000/simfile.dat']
#Overlap matrix
0.8588 0.1382 0.0030 0.0000 0.0000 0.0000 0.0000 0.0000 0.0000 0.0000 0.0000
0.1382 0.7038 0.1540 0.0040 0.0000 0.0000 0.0000 0.0000 0.0000 0.0000 0.0000
0.0030 0.1540 0.6664 0.1701 0.0063 0.0001 0.0000 0.0000 0.0000 0.0000 0.0000
0.0000 0.0040 0.1701 0.6350 0.1811 0.0095 0.0002 0.0000 0.0000 0.0000 0.0000
0.0000 0.0000 0.0063 0.1811 0.5943 0.2014 0.0165 0.0004 0.0000 0.0000 0.0000
0.0000 0.0000 0.0001 0.0095 0.2014 0.5469 0.2230 0.0187 0.0003 0.0000 0.0000
0.0000 0.0000 0.0000 0.0002 0.0165 0.2230 0.5202 0.2199 0.0198 0.0005 0.0000
0.0000 0.0000 0.0000 0.0000 0.0004 0.0187 0.2199 0.5083 0.2283 0.0239 0.0006
0.0000 0.0000 0.0000 0.0000 0.0000 0.0003 0.0198 0.2283 0.4924 0.2341 0.0251
0.0000 0.0000 0.0000 0.0000 0.0000 0.0000 0.0005 0.0239 0.2341 0.4917 0.2498
0.0000 0.0000 0.0000 0.0000 0.0000 0.0000 0.0000 0.0006 0.0251 0.2498 0.7245
#DG from neighbouring lambda in kcal/mol
0.0000 0.1000 -8.2885 0.0195
0.1000 0.2000 -5.9034 0.0178
0.2000 0.3000 -5.0078 0.0163
0.3000 0.4000 -4.4274 0.0152
0.4000 0.5000 -3.8892 0.0134
0.5000 0.6000 -3.2729 0.0119
0.6000 0.7000 -2.8690 0.0119
0.7000 0.8000 -2.6238 0.0113
0.8000 0.9000 -2.3246 0.0109
0.9000 1.0000 -2.0021 0.0111
#PMF from MBAR in kcal/mol
0.0000 0.0000 0.0000
0.1000 -8.2885 0.0195
0.2000 -14.1919 0.0287
0.3000 -19.1997 0.0349
0.4000 -23.6271 0.0397
0.5000 -27.5163 0.0433
0.6000 -30.7892 0.0461
0.7000 -33.6583 0.0487
0.8000 -36.2820 0.0511
0.9000 -38.6066 0.0532
1.0000 -40.6087 0.0553
#TI average gradients and standard deviation in kcal/mol
0.0000 -103.9130 17.9426
0.1000 -66.8534 15.5180
0.2000 -53.5248 14.9820
0.3000 -46.8965 13.9314
0.4000 -41.9068 13.0419
0.5000 -35.8377 11.8016
0.6000 -30.0152 11.2435
0.7000 -27.6460 10.8438
0.8000 -24.8785 10.6089
0.9000 -21.6342 10.7657
1.0000 -12.7278 10.3560
#PMF from TI in kcal/mol
0.0000 0.0000
0.1000 -8.5383
0.2000 -14.5572
0.3000 -19.5783
0.4000 -24.0185
0.5000 -27.9057
0.6000 -31.1983
0.7000 -34.0814
0.8000 -36.7076
0.9000 -39.0333
1.0000 -40.7513
#MBAR free energy difference in kcal/mol: 
-40.608665, 0.055289  #WARNING SUBSAMPLING DISABLED, CONSIDER RERUN WITH SUBSAMPLING OPTION
#TI free energy difference in kcal/mol: 
-40.751349  #WARNING SUBSAMPLING DISABLED, CONSIDER RERUN WITH SUBSAMPLING OPTION 
Starting /export/users/common/BioSimSpace/sire.app/bin/analyse_freenrg: number of threads equals 32
