# Analysing data contained in file(s) ['lambda_0.0000/simfile.dat', 'lambda_0.1000/simfile.dat', 'lambda_0.2000/simfile.dat', 'lambda_0.3000/simfile.dat', 'lambda_0.4000/simfile.dat', 'lambda_0.5000/simfile.dat', 'lambda_0.6000/simfile.dat', 'lambda_0.7000/simfile.dat', 'lambda_0.8000/simfile.dat', 'lambda_0.9000/simfile.dat', 'lambda_1.0000/simfile.dat']
#Overlap matrix
0.9134 0.0862 0.0005 0.0000 0.0000 0.0000 0.0000 0.0000 0.0000 0.0000 0.0000
0.0862 0.8114 0.1014 0.0010 0.0000 0.0000 0.0000 0.0000 0.0000 0.0000 0.0000
0.0005 0.1014 0.7854 0.1114 0.0013 0.0000 0.0000 0.0000 0.0000 0.0000 0.0000
0.0000 0.0010 0.1114 0.7785 0.1078 0.0013 0.0000 0.0000 0.0000 0.0000 0.0000
0.0000 0.0000 0.0013 0.1078 0.7806 0.1092 0.0010 0.0000 0.0000 0.0000 0.0000
0.0000 0.0000 0.0000 0.0013 0.1092 0.8122 0.0723 0.0048 0.0002 0.0000 0.0000
0.0000 0.0000 0.0000 0.0000 0.0010 0.0723 0.7262 0.1936 0.0070 0.0000 0.0000
0.0000 0.0000 0.0000 0.0000 0.0000 0.0048 0.1936 0.6374 0.1634 0.0007 0.0000
0.0000 0.0000 0.0000 0.0000 0.0000 0.0002 0.0070 0.1634 0.7251 0.1041 0.0001
0.0000 0.0000 0.0000 0.0000 0.0000 0.0000 0.0000 0.0007 0.1041 0.7909 0.1042
0.0000 0.0000 0.0000 0.0000 0.0000 0.0000 0.0000 0.0000 0.0001 0.1042 0.8956
#DG from neighbouring lambda in kcal/mol
0.0000 0.1000 -3.5686 0.0267
0.1000 0.2000 -0.4074 0.0240
0.2000 0.3000 0.8103 0.0225
0.3000 0.4000 1.5688 0.0230
0.4000 0.5000 2.0994 0.0228
0.5000 0.6000 2.4134 0.0284
0.6000 0.7000 4.3769 0.0147
0.7000 0.8000 5.2723 0.0170
0.8000 0.9000 3.5481 0.0237
0.9000 1.0000 0.8936 0.0238
#PMF from MBAR in kcal/mol
0.0000 0.0000 0.0000
0.1000 -3.5686 0.0267
0.2000 -3.9760 0.0379
0.3000 -3.1656 0.0456
0.4000 -1.5968 0.0524
0.5000 0.5026 0.0583
0.6000 2.9160 0.0658
0.7000 7.2929 0.0682
0.8000 12.5652 0.0711
0.9000 16.1133 0.0759
1.0000 17.0069 0.0805
#TI average gradients and standard deviation in kcal/mol
0.0000 -68.7191 20.6826
0.1000 -13.8074 18.9928
0.2000 3.1551 18.4076
0.3000 12.7480 17.7730
0.4000 18.2779 18.0395
0.5000 24.3028 19.1359
0.6000 27.6269 17.6055
0.7000 54.6933 13.9285
0.8000 47.5224 16.0067
0.9000 21.9196 17.9776
1.0000 6.4585 17.7188
#PMF from TI in kcal/mol
0.0000 0.0000
0.1000 -4.1263
0.2000 -4.6589
0.3000 -3.8638
0.4000 -2.3125
0.5000 -0.1835
0.6000 2.4130
0.7000 6.5290
0.8000 11.6398
0.9000 15.1119
1.0000 16.5308
#MBAR free energy difference in kcal/mol: 
17.006925, 0.080509  #WARNING SUBSAMPLING DISABLED, CONSIDER RERUN WITH SUBSAMPLING OPTION
#TI free energy difference in kcal/mol: 
16.530823  #WARNING SUBSAMPLING DISABLED, CONSIDER RERUN WITH SUBSAMPLING OPTION 
Starting /export/users/common/BioSimSpace/sire.app/bin/analyse_freenrg: number of threads equals 32
