# Analysing data contained in file(s) ['lambda_0.0000/simfile.dat', 'lambda_0.1000/simfile.dat', 'lambda_0.2000/simfile.dat', 'lambda_0.3000/simfile.dat', 'lambda_0.4000/simfile.dat', 'lambda_0.5000/simfile.dat', 'lambda_0.6000/simfile.dat', 'lambda_0.7000/simfile.dat', 'lambda_0.8000/simfile.dat', 'lambda_0.9000/simfile.dat', 'lambda_1.0000/simfile.dat']
#Overlap matrix
0.8106 0.1815 0.0078 0.0001 0.0000 0.0000 0.0000 0.0000 0.0000 0.0000 0.0000
0.1815 0.6038 0.2020 0.0125 0.0002 0.0000 0.0000 0.0000 0.0000 0.0000 0.0000
0.0078 0.2020 0.5604 0.2142 0.0154 0.0002 0.0000 0.0000 0.0000 0.0000 0.0000
0.0001 0.0125 0.2142 0.5369 0.2199 0.0161 0.0002 0.0000 0.0000 0.0000 0.0000
0.0000 0.0002 0.0154 0.2199 0.5428 0.2095 0.0121 0.0001 0.0000 0.0000 0.0000
0.0000 0.0000 0.0002 0.0161 0.2095 0.5628 0.2019 0.0094 0.0001 0.0000 0.0000
0.0000 0.0000 0.0000 0.0002 0.0121 0.2019 0.5916 0.1880 0.0063 0.0000 0.0000
0.0000 0.0000 0.0000 0.0000 0.0001 0.0094 0.1880 0.6262 0.1730 0.0033 0.0000
0.0000 0.0000 0.0000 0.0000 0.0000 0.0001 0.0063 0.1730 0.6770 0.1427 0.0010
0.0000 0.0000 0.0000 0.0000 0.0000 0.0000 0.0000 0.0033 0.1427 0.7525 0.1014
0.0000 0.0000 0.0000 0.0000 0.0000 0.0000 0.0000 0.0000 0.0010 0.1014 0.8976
#DG from neighbouring lambda in kcal/mol
0.0000 0.1000 3.7794 0.0157
0.1000 0.2000 3.3710 0.0137
0.2000 0.3000 2.7661 0.0127
0.3000 0.4000 2.0315 0.0122
0.4000 0.5000 1.2991 0.0129
0.5000 0.6000 0.4621 0.0137
0.6000 0.7000 -0.3592 0.0148
0.7000 0.8000 -1.0048 0.0161
0.8000 0.9000 -1.1823 0.0190
0.9000 1.0000 -0.3581 0.0241
#PMF from MBAR in kcal/mol
0.0000 0.0000 0.0000
0.1000 3.7794 0.0157
0.2000 7.1505 0.0236
0.3000 9.9166 0.0288
0.4000 11.9481 0.0331
0.5000 13.2472 0.0370
0.6000 13.7093 0.0409
0.7000 13.3501 0.0448
0.8000 12.3454 0.0490
0.9000 11.1630 0.0537
1.0000 10.8049 0.0601
#TI average gradients and standard deviation in kcal/mol
0.0000 44.5950 465.6575
0.1000 36.3557 13.2941
0.2000 31.0825 12.1702
0.3000 23.9671 11.8244
0.4000 16.8505 11.5697
0.5000 8.6618 12.5487
0.6000 0.6163 12.9571
0.7000 -7.5948 13.8823
0.8000 -11.5712 15.0780
0.9000 -10.5081 16.6774
1.0000 8.4259 20.4763
#PMF from TI in kcal/mol
0.0000 0.0000
0.1000 4.0475
0.2000 7.4194
0.3000 10.1719
0.4000 12.2128
0.5000 13.4884
0.6000 13.9523
0.7000 13.6034
0.8000 12.6451
0.9000 11.5411
1.0000 11.4370
#MBAR free energy difference in kcal/mol: 
10.804904, 0.060066  #WARNING SUBSAMPLING DISABLED, CONSIDER RERUN WITH SUBSAMPLING OPTION
#TI free energy difference in kcal/mol: 
11.437030  #WARNING SUBSAMPLING DISABLED, CONSIDER RERUN WITH SUBSAMPLING OPTION 
Starting /export/users/common/BioSimSpace/sire.app/bin/analyse_freenrg: number of threads equals 32
