# Analysing data contained in file(s) ['lambda_0.0000/simfile.dat', 'lambda_0.1000/simfile.dat', 'lambda_0.2000/simfile.dat', 'lambda_0.3000/simfile.dat', 'lambda_0.4000/simfile.dat', 'lambda_0.5000/simfile.dat', 'lambda_0.6000/simfile.dat', 'lambda_0.7000/simfile.dat', 'lambda_0.8000/simfile.dat', 'lambda_0.9000/simfile.dat', 'lambda_1.0000/simfile.dat']
#Overlap matrix
0.9636 0.0364 0.0000 0.0000 0.0000 0.0000 0.0000 0.0000 0.0000 0.0000 0.0000
0.0364 0.9208 0.0428 0.0000 0.0000 0.0000 0.0000 0.0000 0.0000 0.0000 0.0000
0.0000 0.0428 0.9115 0.0457 0.0000 0.0000 0.0000 0.0000 0.0000 0.0000 0.0000
0.0000 0.0000 0.0457 0.8991 0.0552 0.0000 0.0000 0.0000 0.0000 0.0000 0.0000
0.0000 0.0000 0.0000 0.0552 0.8836 0.0612 0.0000 0.0000 0.0000 0.0000 0.0000
0.0000 0.0000 0.0000 0.0000 0.0612 0.8629 0.0759 0.0000 0.0000 0.0000 0.0000
0.0000 0.0000 0.0000 0.0000 0.0000 0.0759 0.8470 0.0770 0.0000 0.0000 0.0000
0.0000 0.0000 0.0000 0.0000 0.0000 0.0000 0.0770 0.8416 0.0813 0.0000 0.0000
0.0000 0.0000 0.0000 0.0000 0.0000 0.0000 0.0000 0.0813 0.8444 0.0742 0.0000
0.0000 0.0000 0.0000 0.0000 0.0000 0.0000 0.0000 0.0000 0.0742 0.8740 0.0518
0.0000 0.0000 0.0000 0.0000 0.0000 0.0000 0.0000 0.0000 0.0000 0.0518 0.9482
#DG from neighbouring lambda in kcal/mol
0.0000 0.1000 5.2037 0.0437
0.1000 0.2000 3.9321 0.0400
0.2000 0.3000 2.6478 0.0386
0.3000 0.4000 1.3360 0.0347
0.4000 0.5000 0.0190 0.0328
0.5000 0.6000 -1.3692 0.0289
0.6000 0.7000 -2.4226 0.0287
0.7000 0.8000 -3.3332 0.0277
0.8000 0.9000 -3.5588 0.0293
0.9000 1.0000 -3.0278 0.0360
#PMF from MBAR in kcal/mol
0.0000 0.0000 0.0000
0.1000 5.2037 0.0437
0.2000 9.1358 0.0604
0.3000 11.7835 0.0727
0.4000 13.1196 0.0815
0.5000 13.1385 0.0887
0.6000 11.7693 0.0941
0.7000 9.3467 0.0991
0.8000 6.0135 0.1037
0.9000 2.4547 0.1084
1.0000 -0.5731 0.1149
#TI average gradients and standard deviation in kcal/mol
0.0000 56.1966 24.8886
0.1000 45.8470 23.3617
0.2000 33.3959 22.0880
0.3000 19.4247 21.6872
0.4000 6.7735 21.0927
0.5000 -7.6809 20.9925
0.6000 -18.3653 19.4764
0.7000 -29.1650 18.7364
0.8000 -36.0332 18.6732
0.9000 -35.1545 21.2292
1.0000 -23.1897 24.3645
#PMF from TI in kcal/mol
0.0000 0.0000
0.1000 5.1022
0.2000 9.0643
0.3000 11.7054
0.4000 13.0153
0.5000 12.9699
0.6000 11.6676
0.7000 9.2911
0.8000 6.0312
0.9000 2.4718
1.0000 -0.4454
#MBAR free energy difference in kcal/mol: 
-0.573127, 0.114866  #WARNING SUBSAMPLING DISABLED, CONSIDER RERUN WITH SUBSAMPLING OPTION
#TI free energy difference in kcal/mol: 
-0.445437  #WARNING SUBSAMPLING DISABLED, CONSIDER RERUN WITH SUBSAMPLING OPTION 
Starting /export/users/common/BioSimSpace/sire.app/bin/analyse_freenrg: number of threads equals 32
