# Analysing data contained in file(s) ['lambda_0.0000/simfile.dat', 'lambda_0.1000/simfile.dat', 'lambda_0.2000/simfile.dat', 'lambda_0.3000/simfile.dat', 'lambda_0.4000/simfile.dat', 'lambda_0.5000/simfile.dat', 'lambda_0.6000/simfile.dat', 'lambda_0.7000/simfile.dat', 'lambda_0.8000/simfile.dat', 'lambda_0.9000/simfile.dat', 'lambda_1.0000/simfile.dat']
#Overlap matrix
0.9893 0.0107 0.0000 0.0000 0.0000 0.0000 0.0000 0.0000 0.0000 0.0000 0.0000
0.0107 0.9664 0.0229 0.0000 0.0000 0.0000 0.0000 0.0000 0.0000 0.0000 0.0000
0.0000 0.0229 0.9431 0.0341 0.0000 0.0000 0.0000 0.0000 0.0000 0.0000 0.0000
0.0000 0.0000 0.0341 0.9194 0.0466 0.0000 0.0000 0.0000 0.0000 0.0000 0.0000
0.0000 0.0000 0.0000 0.0466 0.9016 0.0519 0.0000 0.0000 0.0000 0.0000 0.0000
0.0000 0.0000 0.0000 0.0000 0.0519 0.8968 0.0514 0.0000 0.0000 0.0000 0.0000
0.0000 0.0000 0.0000 0.0000 0.0000 0.0514 0.8900 0.0586 0.0000 0.0000 0.0000
0.0000 0.0000 0.0000 0.0000 0.0000 0.0000 0.0586 0.8760 0.0654 0.0000 0.0000
0.0000 0.0000 0.0000 0.0000 0.0000 0.0000 0.0000 0.0654 0.8711 0.0636 0.0000
0.0000 0.0000 0.0000 0.0000 0.0000 0.0000 0.0000 0.0000 0.0636 0.8733 0.0631
0.0000 0.0000 0.0000 0.0000 0.0000 0.0000 0.0000 0.0000 0.0000 0.0631 0.9369
#DG from neighbouring lambda in kcal/mol
0.0000 0.1000 -5.4745 0.0825
0.1000 0.2000 -2.5420 0.0559
0.2000 0.3000 -0.8828 0.0453
0.3000 0.4000 -0.3979 0.0382
0.4000 0.5000 -0.1555 0.0360
0.5000 0.6000 -0.3698 0.0362
0.6000 0.7000 -0.4749 0.0336
0.7000 0.8000 -0.4626 0.0315
0.8000 0.9000 -0.4079 0.0321
0.9000 1.0000 -0.3661 0.0322
#PMF from MBAR in kcal/mol
0.0000 0.0000 0.0000
0.1000 -5.4745 0.0825
0.2000 -8.0165 0.1004
0.3000 -8.8993 0.1108
0.4000 -9.2971 0.1179
0.5000 -9.4526 0.1238
0.6000 -9.8224 0.1296
0.7000 -10.2973 0.1344
0.8000 -10.7600 0.1386
0.9000 -11.1678 0.1428
1.0000 -11.5339 0.1469
#TI average gradients and standard deviation in kcal/mol
0.0000 -72.5818 33.5883
0.1000 -36.6985 29.1424
0.2000 -15.0473 24.5123
0.3000 -5.8927 23.9357
0.4000 -2.2443 22.8624
0.5000 -1.9486 22.7947
0.6000 -4.4589 21.6080
0.7000 -4.8094 21.5451
0.8000 -3.4824 21.1484
0.9000 -3.6482 20.2202
1.0000 2.0463 20.6963
#PMF from TI in kcal/mol
0.0000 0.0000
0.1000 -5.4640
0.2000 -8.0513
0.3000 -9.0983
0.4000 -9.5052
0.5000 -9.7148
0.6000 -10.0352
0.7000 -10.4986
0.8000 -10.9132
0.9000 -11.2697
1.0000 -11.3498
#MBAR free energy difference in kcal/mol: 
-11.533903, 0.146872  #WARNING SUBSAMPLING DISABLED, CONSIDER RERUN WITH SUBSAMPLING OPTION
#TI free energy difference in kcal/mol: 
-11.349824  #WARNING SUBSAMPLING DISABLED, CONSIDER RERUN WITH SUBSAMPLING OPTION 
Starting /export/users/common/BioSimSpace/sire.app/bin/analyse_freenrg: number of threads equals 32
