# Analysing data contained in file(s) ['lambda_0.0000/simfile.dat', 'lambda_0.1000/simfile.dat', 'lambda_0.2000/simfile.dat', 'lambda_0.3000/simfile.dat', 'lambda_0.4000/simfile.dat', 'lambda_0.5000/simfile.dat', 'lambda_0.6000/simfile.dat', 'lambda_0.7000/simfile.dat', 'lambda_0.8000/simfile.dat', 'lambda_0.9000/simfile.dat', 'lambda_1.0000/simfile.dat']
#Overlap matrix
0.9840 0.0160 0.0000 0.0000 0.0000 0.0000 0.0000 0.0000 0.0000 0.0000 0.0000
0.0160 0.9786 0.0054 0.0000 0.0000 0.0000 0.0000 0.0000 0.0000 0.0000 0.0000
0.0000 0.0054 0.9919 0.0026 0.0000 0.0000 0.0000 0.0000 0.0000 0.0000 0.0000
0.0000 0.0000 0.0026 0.9974 0.0000 0.0000 0.0000 0.0000 0.0000 0.0000 0.0000
0.0000 0.0000 0.0000 0.0000 0.9433 0.0547 0.0017 0.0003 0.0000 0.0000 0.0000
0.0000 0.0000 0.0000 0.0000 0.0547 0.8043 0.1288 0.0118 0.0004 0.0000 0.0000
0.0000 0.0000 0.0000 0.0000 0.0017 0.1288 0.6458 0.2121 0.0116 0.0000 0.0000
0.0000 0.0000 0.0000 0.0000 0.0003 0.0118 0.2121 0.5902 0.1836 0.0021 0.0000
0.0000 0.0000 0.0000 0.0000 0.0000 0.0004 0.0116 0.1836 0.6766 0.1274 0.0004
0.0000 0.0000 0.0000 0.0000 0.0000 0.0000 0.0000 0.0021 0.1274 0.7432 0.1273
0.0000 0.0000 0.0000 0.0000 0.0000 0.0000 0.0000 0.0000 0.0004 0.1273 0.8723
#DG from neighbouring lambda in kcal/mol
0.0000 0.1000 -4.0903 0.0672
0.1000 0.2000 -3.3537 0.1170
0.2000 0.3000 -4.1768 0.1677
0.3000 0.4000 -15.6648 240.7137
0.4000 0.5000 3.3485 0.0342
0.5000 0.6000 10.5380 0.0194
0.6000 0.7000 9.9660 0.0130
0.7000 0.8000 7.2517 0.0152
0.8000 0.9000 3.2653 0.0207
0.9000 1.0000 -0.7295 0.0209
#PMF from MBAR in kcal/mol
0.0000 0.0000 0.0000
0.1000 -4.0903 0.0672
0.2000 -7.4440 0.1355
0.3000 -11.6209 0.2159
0.4000 -27.2856 240.7138
0.5000 -23.9371 240.7138
0.6000 -13.3991 240.7138
0.7000 -3.4331 240.7138
0.8000 3.8186 240.7138
0.9000 7.0838 240.7138
1.0000 6.3543 240.7138
#TI average gradients and standard deviation in kcal/mol
0.0000 -62.4765 27.0726
0.1000 -30.8608 30.9870
0.2000 -38.8341 35.7224
0.3000 -44.4933 39.2385
0.4000 -68.0610 32.4077
0.5000 95.0075 17.0881
0.6000 105.2395 14.7259
0.7000 89.5819 12.5502
0.8000 53.9315 14.3440
0.9000 10.4735 17.0923
1.0000 -12.9766 16.9835
#PMF from TI in kcal/mol
0.0000 0.0000
0.1000 -4.6669
0.2000 -8.1516
0.3000 -12.3180
0.4000 -17.9457
0.5000 -16.5984
0.6000 -6.5860
0.7000 3.1551
0.8000 10.3307
0.9000 13.5510
1.0000 13.4258
#MBAR free energy difference in kcal/mol: 
6.354344, 240.713846  #WARNING SUBSAMPLING DISABLED, CONSIDER RERUN WITH SUBSAMPLING OPTION
#TI free energy difference in kcal/mol: 
13.425832  #WARNING SUBSAMPLING DISABLED, CONSIDER RERUN WITH SUBSAMPLING OPTION 
Starting /export/users/common/BioSimSpace/sire.app/bin/analyse_freenrg: number of threads equals 32
