# Analysing data contained in file(s) ['lambda_0.0000/simfile.dat', 'lambda_0.1000/simfile.dat', 'lambda_0.2000/simfile.dat', 'lambda_0.3000/simfile.dat', 'lambda_0.4000/simfile.dat', 'lambda_0.5000/simfile.dat', 'lambda_0.6000/simfile.dat', 'lambda_0.7000/simfile.dat', 'lambda_0.8000/simfile.dat', 'lambda_0.9000/simfile.dat', 'lambda_1.0000/simfile.dat']
#Overlap matrix
0.9997 0.0003 0.0000 0.0000 0.0000 0.0000 0.0000 0.0000 0.0000 0.0000 0.0000
0.0003 0.9867 0.0130 0.0000 0.0000 0.0000 0.0000 0.0000 0.0000 0.0000 0.0000
0.0000 0.0130 0.9386 0.0484 0.0000 0.0000 0.0000 0.0000 0.0000 0.0000 0.0000
0.0000 0.0000 0.0484 0.8838 0.0678 0.0000 0.0000 0.0000 0.0000 0.0000 0.0000
0.0000 0.0000 0.0000 0.0678 0.8472 0.0850 0.0000 0.0000 0.0000 0.0000 0.0000
0.0000 0.0000 0.0000 0.0000 0.0850 0.8346 0.0804 0.0000 0.0000 0.0000 0.0000
0.0000 0.0000 0.0000 0.0000 0.0000 0.0804 0.8865 0.0331 0.0000 0.0000 0.0000
0.0000 0.0000 0.0000 0.0000 0.0000 0.0000 0.0331 0.9514 0.0155 0.0000 0.0000
0.0000 0.0000 0.0000 0.0000 0.0000 0.0000 0.0000 0.0155 0.9540 0.0304 0.0000
0.0000 0.0000 0.0000 0.0000 0.0000 0.0000 0.0000 0.0000 0.0304 0.9451 0.0245
0.0000 0.0000 0.0000 0.0000 0.0000 0.0000 0.0000 0.0000 0.0000 0.0245 0.9755
#DG from neighbouring lambda in kcal/mol
0.0000 0.1000 24.7161 0.5395
0.1000 0.2000 9.4457 0.0748
0.2000 0.3000 4.0035 0.0374
0.3000 0.4000 0.9272 0.0309
0.4000 0.5000 -1.2706 0.0270
0.5000 0.6000 -3.1146 0.0279
0.6000 0.7000 -6.4574 0.0460
0.7000 0.8000 -15.7609 0.0683
0.8000 0.9000 -22.5638 0.0480
0.9000 1.0000 -28.4224 0.0539
#PMF from MBAR in kcal/mol
0.0000 0.0000 0.0000
0.1000 24.7161 0.5395
0.2000 34.1617 0.5448
0.3000 38.1652 0.5462
0.4000 39.0924 0.5472
0.5000 37.8218 0.5480
0.6000 34.7073 0.5489
0.7000 28.2499 0.5509
0.8000 12.4890 0.5553
0.9000 -10.0747 0.5575
1.0000 -38.4971 0.5602
#TI average gradients and standard deviation in kcal/mol
0.0000 403.4582 55.8446
0.1000 145.6120 35.7053
0.2000 59.6995 24.6362
0.3000 22.5719 21.7159
0.4000 -3.0913 20.4803
0.5000 -21.5515 19.5932
0.6000 -42.2556 21.0574
0.7000 -103.5535 33.0909
0.8000 -196.4559 26.2181
0.9000 -254.5242 26.3227
1.0000 -319.1800 30.7792
#PMF from TI in kcal/mol
0.0000 0.0000
0.1000 27.4535
0.2000 37.7191
0.3000 41.8327
0.4000 42.8067
0.5000 41.5745
0.6000 38.3842
0.7000 31.0937
0.8000 16.0933
0.9000 -6.4557
1.0000 -35.1410
#MBAR free energy difference in kcal/mol: 
-38.497123, 0.560226  #WARNING SUBSAMPLING DISABLED, CONSIDER RERUN WITH SUBSAMPLING OPTION
#TI free energy difference in kcal/mol: 
-35.140962  #WARNING SUBSAMPLING DISABLED, CONSIDER RERUN WITH SUBSAMPLING OPTION 
Starting /export/users/common/BioSimSpace/sire.app/bin/analyse_freenrg: number of threads equals 32
