# Analysing data contained in file(s) ['lambda_0.0000/simfile.dat', 'lambda_0.1000/simfile.dat', 'lambda_0.2000/simfile.dat', 'lambda_0.3000/simfile.dat', 'lambda_0.4000/simfile.dat', 'lambda_0.5000/simfile.dat', 'lambda_0.6000/simfile.dat', 'lambda_0.7000/simfile.dat', 'lambda_0.8000/simfile.dat', 'lambda_0.9000/simfile.dat', 'lambda_1.0000/simfile.dat']
#Overlap matrix
0.8641 0.1352 0.0006 0.0000 0.0000 0.0000 0.0000 0.0000 0.0000 0.0000 0.0000
0.1352 0.7380 0.1265 0.0003 0.0000 0.0000 0.0000 0.0000 0.0000 0.0000 0.0000
0.0006 0.1265 0.7626 0.1098 0.0005 0.0000 0.0000 0.0000 0.0000 0.0000 0.0000
0.0000 0.0003 0.1098 0.7489 0.1391 0.0018 0.0000 0.0000 0.0000 0.0000 0.0000
0.0000 0.0000 0.0005 0.1391 0.7372 0.1229 0.0003 0.0000 0.0000 0.0000 0.0000
0.0000 0.0000 0.0000 0.0018 0.1229 0.8401 0.0352 0.0000 0.0000 0.0000 0.0000
0.0000 0.0000 0.0000 0.0000 0.0003 0.0352 0.9353 0.0292 0.0000 0.0000 0.0000
0.0000 0.0000 0.0000 0.0000 0.0000 0.0000 0.0292 0.9509 0.0198 0.0000 0.0000
0.0000 0.0000 0.0000 0.0000 0.0000 0.0000 0.0000 0.0198 0.9624 0.0177 0.0000
0.0000 0.0000 0.0000 0.0000 0.0000 0.0000 0.0000 0.0000 0.0177 0.9591 0.0232
0.0000 0.0000 0.0000 0.0000 0.0000 0.0000 0.0000 0.0000 0.0000 0.0232 0.9768
#DG from neighbouring lambda in kcal/mol
0.0000 0.1000 5.7015 0.0200
0.1000 0.2000 3.0552 0.0209
0.2000 0.3000 -0.4378 0.0230
0.3000 0.4000 -3.5573 0.0195
0.4000 0.5000 -4.0132 0.0212
0.5000 0.6000 -3.5442 0.0442
0.6000 0.7000 -3.3961 0.0491
0.7000 0.8000 -3.5971 0.0602
0.8000 0.9000 -4.4961 0.0638
0.9000 1.0000 -4.8956 0.0555
#PMF from MBAR in kcal/mol
0.0000 0.0000 0.0000
0.1000 5.7015 0.0200
0.2000 8.7566 0.0314
0.3000 8.3188 0.0407
0.4000 4.7615 0.0467
0.5000 0.7483 0.0526
0.6000 -2.7959 0.0697
0.7000 -6.1920 0.0861
0.8000 -9.7891 0.1058
0.9000 -14.2851 0.1241
1.0000 -19.1807 0.1365
#TI average gradients and standard deviation in kcal/mol
0.0000 63.2003 16.7325
0.1000 44.6265 15.9157
0.2000 14.5702 17.2637
0.3000 -22.4683 16.3098
0.4000 -44.4265 15.3915
0.5000 -31.6513 22.3265
0.6000 -38.3186 23.4565
0.7000 -32.9370 27.8530
0.8000 -39.7916 28.1892
0.9000 -51.2808 26.1559
1.0000 -47.0944 27.9712
#PMF from TI in kcal/mol
0.0000 0.0000
0.1000 5.3913
0.2000 8.3512
0.3000 7.9563
0.4000 4.6115
0.5000 0.8076
0.6000 -2.6908
0.7000 -6.2536
0.8000 -9.8901
0.9000 -14.4437
1.0000 -19.3624
#MBAR free energy difference in kcal/mol: 
-19.180743, 0.136508  #WARNING SUBSAMPLING DISABLED, CONSIDER RERUN WITH SUBSAMPLING OPTION
#TI free energy difference in kcal/mol: 
-19.362432  #WARNING SUBSAMPLING DISABLED, CONSIDER RERUN WITH SUBSAMPLING OPTION 
Starting /export/users/common/BioSimSpace/sire.app/bin/analyse_freenrg: number of threads equals 32
