# Analysing data contained in file(s) ['lambda_0.0000/simfile.dat', 'lambda_0.1000/simfile.dat', 'lambda_0.2000/simfile.dat', 'lambda_0.3000/simfile.dat', 'lambda_0.4000/simfile.dat', 'lambda_0.5000/simfile.dat', 'lambda_0.6000/simfile.dat', 'lambda_0.7000/simfile.dat', 'lambda_0.8000/simfile.dat', 'lambda_0.9000/simfile.dat', 'lambda_1.0000/simfile.dat']
#Overlap matrix
0.9345 0.0655 0.0000 0.0000 0.0000 0.0000 0.0000 0.0000 0.0000 0.0000 0.0000
0.0655 0.8780 0.0565 0.0000 0.0000 0.0000 0.0000 0.0000 0.0000 0.0000 0.0000
0.0000 0.0565 0.8973 0.0462 0.0000 0.0000 0.0000 0.0000 0.0000 0.0000 0.0000
0.0000 0.0000 0.0462 0.9139 0.0398 0.0000 0.0000 0.0000 0.0000 0.0000 0.0000
0.0000 0.0000 0.0000 0.0398 0.9250 0.0352 0.0000 0.0000 0.0000 0.0000 0.0000
0.0000 0.0000 0.0000 0.0000 0.0352 0.9340 0.0308 0.0000 0.0000 0.0000 0.0000
0.0000 0.0000 0.0000 0.0000 0.0000 0.0308 0.9481 0.0211 0.0000 0.0000 0.0000
0.0000 0.0000 0.0000 0.0000 0.0000 0.0000 0.0211 0.9637 0.0152 0.0000 0.0000
0.0000 0.0000 0.0000 0.0000 0.0000 0.0000 0.0000 0.0152 0.9779 0.0069 0.0000
0.0000 0.0000 0.0000 0.0000 0.0000 0.0000 0.0000 0.0000 0.0069 0.9911 0.0021
0.0000 0.0000 0.0000 0.0000 0.0000 0.0000 0.0000 0.0000 0.0000 0.0021 0.9979
#DG from neighbouring lambda in kcal/mol
0.0000 0.1000 2.1420 0.0315
0.1000 0.2000 1.9255 0.0343
0.2000 0.3000 1.4413 0.0383
0.3000 0.4000 1.2512 0.0416
0.4000 0.5000 0.9117 0.0444
0.5000 0.6000 0.5590 0.0477
0.6000 0.7000 0.3903 0.0583
0.7000 0.8000 1.0311 0.0691
0.8000 0.9000 2.3470 0.1036
0.9000 1.0000 5.1873 0.1896
#PMF from MBAR in kcal/mol
0.0000 0.0000 0.0000
0.1000 2.1420 0.0315
0.2000 4.0675 0.0481
0.3000 5.5088 0.0627
0.4000 6.7600 0.0762
0.5000 7.6717 0.0891
0.6000 8.2307 0.1018
0.7000 8.6210 0.1179
0.8000 9.6521 0.1373
0.9000 11.9991 0.1724
1.0000 17.1864 0.2565
#TI average gradients and standard deviation in kcal/mol
0.0000 11.4061 20.5193
0.1000 20.5509 21.4643
0.2000 17.5641 22.5878
0.3000 13.1230 21.7270
0.4000 10.1799 23.6583
0.5000 6.2387 25.2679
0.6000 5.1654 26.4792
0.7000 5.2729 26.8858
0.8000 13.7083 30.4857
0.9000 35.2222 34.7156
1.0000 73.4305 38.8502
#PMF from TI in kcal/mol
0.0000 0.0000
0.1000 1.5978
0.2000 3.5036
0.3000 5.0380
0.4000 6.2031
0.5000 7.0240
0.6000 7.5942
0.7000 8.1162
0.8000 9.0652
0.9000 11.5117
1.0000 16.9444
#MBAR free energy difference in kcal/mol: 
17.186360, 0.256541  #WARNING SUBSAMPLING DISABLED, CONSIDER RERUN WITH SUBSAMPLING OPTION
#TI free energy difference in kcal/mol: 
16.944367  #WARNING SUBSAMPLING DISABLED, CONSIDER RERUN WITH SUBSAMPLING OPTION 
Starting /export/users/common/BioSimSpace/sire.app/bin/analyse_freenrg: number of threads equals 32
