# Analysing data contained in file(s) ['lambda_0.0000/simfile.dat', 'lambda_0.1000/simfile.dat', 'lambda_0.2000/simfile.dat', 'lambda_0.3000/simfile.dat', 'lambda_0.4000/simfile.dat', 'lambda_0.5000/simfile.dat', 'lambda_0.6000/simfile.dat', 'lambda_0.7000/simfile.dat', 'lambda_0.8000/simfile.dat', 'lambda_0.9000/simfile.dat', 'lambda_1.0000/simfile.dat']
#Overlap matrix
0.8869 0.1125 0.0006 0.0000 0.0000 0.0000 0.0000 0.0000 0.0000 0.0000 0.0000
0.1125 0.7098 0.1719 0.0057 0.0001 0.0000 0.0000 0.0000 0.0000 0.0000 0.0000
0.0006 0.1719 0.6171 0.1999 0.0106 0.0000 0.0000 0.0000 0.0000 0.0000 0.0000
0.0000 0.0057 0.1999 0.6093 0.1851 0.0000 0.0000 0.0000 0.0000 0.0000 0.0000
0.0000 0.0001 0.0106 0.1851 0.8042 0.0000 0.0000 0.0000 0.0000 0.0000 0.0000
0.0000 0.0000 0.0000 0.0000 0.0000 0.9953 0.0047 0.0000 0.0000 0.0000 0.0000
0.0000 0.0000 0.0000 0.0000 0.0000 0.0047 0.9855 0.0098 0.0000 0.0000 0.0000
0.0000 0.0000 0.0000 0.0000 0.0000 0.0000 0.0098 0.9804 0.0098 0.0000 0.0000
0.0000 0.0000 0.0000 0.0000 0.0000 0.0000 0.0000 0.0098 0.9802 0.0100 0.0000
0.0000 0.0000 0.0000 0.0000 0.0000 0.0000 0.0000 0.0000 0.0100 0.9807 0.0093
0.0000 0.0000 0.0000 0.0000 0.0000 0.0000 0.0000 0.0000 0.0000 0.0093 0.9907
#DG from neighbouring lambda in kcal/mol
0.0000 0.1000 -2.1704 0.0226
0.1000 0.2000 -6.2752 0.0164
0.2000 0.3000 -8.7043 0.0141
0.3000 0.4000 -5.0031 0.0153
0.4000 0.5000 10.5070 2.0994
0.5000 0.6000 2.1799 0.1256
0.6000 0.7000 1.5626 0.0867
0.7000 0.8000 1.4532 0.0863
0.8000 0.9000 2.0567 0.0856
0.9000 1.0000 6.8940 0.0891
#PMF from MBAR in kcal/mol
0.0000 0.0000 0.0000
0.1000 -2.1704 0.0226
0.2000 -8.4455 0.0305
0.3000 -17.1498 0.0354
0.4000 -22.1529 0.0400
0.5000 -11.6460 2.0993
0.6000 -9.4660 2.1031
0.7000 -7.9034 2.1049
0.8000 -6.4502 2.1067
0.9000 -4.3935 2.1085
1.0000 2.5005 2.1104
#TI average gradients and standard deviation in kcal/mol
0.0000 -40.3166 13.1800
0.1000 -43.7941 16.7607
0.2000 -78.5973 12.7379
0.3000 -88.0927 12.4192
0.4000 26.8080 16.8971
0.5000 36.0068 43.2209
0.6000 13.8706 31.3783
0.7000 13.5956 31.0403
0.8000 14.0245 30.4374
0.9000 27.9785 30.7056
1.0000 138.0895 34.6854
#PMF from TI in kcal/mol
0.0000 0.0000
0.1000 -4.2055
0.2000 -10.3251
0.3000 -18.6596
0.4000 -21.7238
0.5000 -18.5831
0.6000 -16.0892
0.7000 -14.7159
0.8000 -13.3349
0.9000 -11.2348
1.0000 -2.9314
#MBAR free energy difference in kcal/mol: 
2.500519, 2.110419  #WARNING SUBSAMPLING DISABLED, CONSIDER RERUN WITH SUBSAMPLING OPTION
#TI free energy difference in kcal/mol: 
-2.931369  #WARNING SUBSAMPLING DISABLED, CONSIDER RERUN WITH SUBSAMPLING OPTION 
Starting /export/users/common/BioSimSpace/sire.app/bin/analyse_freenrg: number of threads equals 32
