# Analysing data contained in file(s) ['lambda_0.0000/simfile.dat', 'lambda_0.1000/simfile.dat', 'lambda_0.2000/simfile.dat', 'lambda_0.3000/simfile.dat', 'lambda_0.4000/simfile.dat', 'lambda_0.5000/simfile.dat', 'lambda_0.6000/simfile.dat', 'lambda_0.7000/simfile.dat', 'lambda_0.8000/simfile.dat', 'lambda_0.9000/simfile.dat', 'lambda_1.0000/simfile.dat']
#Overlap matrix
0.9817 0.0183 0.0000 0.0000 0.0000 0.0000 0.0000 0.0000 0.0000 0.0000 0.0000
0.0183 0.9620 0.0196 0.0000 0.0000 0.0000 0.0000 0.0000 0.0000 0.0000 0.0000
0.0000 0.0196 0.9610 0.0193 0.0000 0.0000 0.0000 0.0000 0.0000 0.0000 0.0000
0.0000 0.0000 0.0193 0.9517 0.0289 0.0001 0.0000 0.0000 0.0000 0.0000 0.0000
0.0000 0.0000 0.0000 0.0289 0.8986 0.0718 0.0007 0.0000 0.0000 0.0000 0.0000
0.0000 0.0000 0.0000 0.0001 0.0718 0.8187 0.1061 0.0029 0.0003 0.0000 0.0000
0.0000 0.0000 0.0000 0.0000 0.0007 0.1061 0.7325 0.1415 0.0181 0.0010 0.0000
0.0000 0.0000 0.0000 0.0000 0.0000 0.0029 0.1415 0.6109 0.2233 0.0207 0.0007
0.0000 0.0000 0.0000 0.0000 0.0000 0.0003 0.0181 0.2233 0.5081 0.2210 0.0292
0.0000 0.0000 0.0000 0.0000 0.0000 0.0000 0.0010 0.0207 0.2210 0.4872 0.2700
0.0000 0.0000 0.0000 0.0000 0.0000 0.0000 0.0000 0.0007 0.0292 0.2700 0.7000
#DG from neighbouring lambda in kcal/mol
0.0000 0.1000 -9.3757 0.0627
0.1000 0.2000 -6.4425 0.0605
0.2000 0.3000 -6.1819 0.0610
0.3000 0.4000 -5.7852 0.0493
0.4000 0.5000 -4.0170 0.0297
0.5000 0.6000 -3.1696 0.0230
0.6000 0.7000 -3.0881 0.0176
0.7000 0.8000 -2.8454 0.0118
0.8000 0.9000 -3.8275 0.0114
0.9000 1.0000 -4.7605 0.0101
#PMF from MBAR in kcal/mol
0.0000 0.0000 0.0000
0.1000 -9.3757 0.0627
0.2000 -15.8182 0.0880
0.3000 -22.0002 0.1077
0.4000 -27.7854 0.1191
0.5000 -31.8024 0.1233
0.6000 -34.9720 0.1260
0.7000 -38.0601 0.1277
0.8000 -40.9054 0.1286
0.9000 -44.7329 0.1295
1.0000 -49.4935 0.1303
#TI average gradients and standard deviation in kcal/mol
0.0000 -134.0333 29.6805
0.1000 -69.5424 26.8429
0.2000 -61.7191 27.4377
0.3000 -62.5290 28.0759
0.4000 -50.0772 23.7774
0.5000 -34.0289 20.1943
0.6000 -30.8669 17.6257
0.7000 -28.8031 12.0007
0.8000 -31.7536 11.4284
0.9000 -44.1918 10.4510
1.0000 -23.1324 10.2601
#PMF from TI in kcal/mol
0.0000 0.0000
0.1000 -10.1788
0.2000 -16.7419
0.3000 -22.9543
0.4000 -28.5846
0.5000 -32.7899
0.6000 -36.0347
0.7000 -39.0182
0.8000 -42.0460
0.9000 -45.8433
1.0000 -49.2095
#MBAR free energy difference in kcal/mol: 
-49.493481, 0.130251  #WARNING SUBSAMPLING DISABLED, CONSIDER RERUN WITH SUBSAMPLING OPTION
#TI free energy difference in kcal/mol: 
-49.209481  #WARNING SUBSAMPLING DISABLED, CONSIDER RERUN WITH SUBSAMPLING OPTION 
Starting /export/users/common/BioSimSpace/sire.app/bin/analyse_freenrg: number of threads equals 32
