# Analysing data contained in file(s) ['lambda_0.0000/simfile_snipped.dat', 'lambda_0.1000/simfile_snipped.dat', 'lambda_0.2000/simfile_snipped.dat', 'lambda_0.3000/simfile_snipped.dat', 'lambda_0.4000/simfile_snipped.dat', 'lambda_0.5000/simfile_snipped.dat', 'lambda_0.6000/simfile_snipped.dat', 'lambda_0.7000/simfile_snipped.dat', 'lambda_0.8000/simfile_snipped.dat', 'lambda_0.9000/simfile_snipped.dat', 'lambda_1.0000/simfile_snipped.dat']
#Overlap matrix
0.8105 0.1815 0.0079 0.0001 0.0000 0.0000 0.0000 0.0000 0.0000 0.0000 0.0000
0.1815 0.6021 0.2037 0.0125 0.0002 0.0000 0.0000 0.0000 0.0000 0.0000 0.0000
0.0079 0.2037 0.5557 0.2168 0.0157 0.0002 0.0000 0.0000 0.0000 0.0000 0.0000
0.0001 0.0125 0.2168 0.5311 0.2236 0.0157 0.0002 0.0000 0.0000 0.0000 0.0000
0.0000 0.0002 0.0157 0.2236 0.5310 0.2154 0.0139 0.0002 0.0000 0.0000 0.0000
0.0000 0.0000 0.0002 0.0157 0.2154 0.5321 0.2169 0.0193 0.0003 0.0000 0.0000
0.0000 0.0000 0.0000 0.0002 0.0139 0.2169 0.5197 0.2325 0.0166 0.0002 0.0000
0.0000 0.0000 0.0000 0.0000 0.0002 0.0193 0.2325 0.5202 0.2142 0.0134 0.0001
0.0000 0.0000 0.0000 0.0000 0.0000 0.0003 0.0166 0.2142 0.5694 0.1948 0.0046
0.0000 0.0000 0.0000 0.0000 0.0000 0.0000 0.0002 0.0134 0.1948 0.6451 0.1465
0.0000 0.0000 0.0000 0.0000 0.0000 0.0000 0.0000 0.0001 0.0046 0.1465 0.8488
#DG from neighbouring lambda in kcal/mol
0.0000 0.1000 7.6168 0.0522
0.1000 0.2000 6.4187 0.0453
0.2000 0.3000 4.9787 0.0418
0.3000 0.4000 3.4277 0.0402
0.4000 0.5000 1.7209 0.0418
0.5000 0.6000 -0.1165 0.0410
0.6000 0.7000 -1.7311 0.0382
0.7000 0.8000 -3.1916 0.0419
0.8000 0.9000 -4.3253 0.0475
0.9000 1.0000 -5.0930 0.0619
#PMF from MBAR in kcal/mol
0.0000 0.0000 0.0000
0.1000 7.6168 0.0522
0.2000 14.0355 0.0783
0.3000 19.0142 0.0957
0.4000 22.4419 0.1097
0.5000 24.1628 0.1226
0.6000 24.0463 0.1342
0.7000 22.3152 0.1437
0.8000 19.1237 0.1538
0.9000 14.7984 0.1648
1.0000 9.7054 0.1800
#TI average gradients and standard deviation in kcal/mol
0.0000 80.4125 14.7100
0.1000 70.4135 13.1189
0.2000 57.5562 11.8211
0.3000 41.9345 11.3912
0.4000 26.0705 11.6290
0.5000 8.1977 11.6403
0.6000 -9.7651 10.7518
0.7000 -24.5312 11.3140
0.8000 -38.7999 11.8614
0.9000 -48.0667 14.1260
1.0000 -52.6697 18.1565
#PMF from TI in kcal/mol
0.0000 0.0000
0.1000 7.5413
0.2000 13.9398
0.3000 18.9143
0.4000 22.3146
0.5000 24.0280
0.6000 23.9496
0.7000 22.2348
0.8000 19.0682
0.9000 14.7249
1.0000 9.6881
#MBAR free energy difference in kcal/mol: 
9.705388, 0.180030  #WARNING SUBSAMPLING DISABLED, CONSIDER RERUN WITH SUBSAMPLING OPTION
#TI free energy difference in kcal/mol: 
9.688089  #WARNING SUBSAMPLING DISABLED, CONSIDER RERUN WITH SUBSAMPLING OPTION 
Starting /export/users/common/BioSimSpace/sire.app/bin/analyse_freenrg: number of threads equals 32
