# Analysing data contained in file(s) ['lambda_0.0000/simfile_snipped.dat', 'lambda_0.1000/simfile_snipped.dat', 'lambda_0.2000/simfile_snipped.dat', 'lambda_0.3000/simfile_snipped.dat', 'lambda_0.4000/simfile_snipped.dat', 'lambda_0.5000/simfile_snipped.dat', 'lambda_0.6000/simfile_snipped.dat', 'lambda_0.7000/simfile_snipped.dat', 'lambda_0.8000/simfile_snipped.dat', 'lambda_0.9000/simfile_snipped.dat', 'lambda_1.0000/simfile_snipped.dat']
#Overlap matrix
0.9963 0.0037 0.0000 0.0000 0.0000 0.0000 0.0000 0.0000 0.0000 0.0000 0.0000
0.0037 0.9923 0.0039 0.0000 0.0000 0.0000 0.0000 0.0000 0.0000 0.0000 0.0000
0.0000 0.0039 0.9901 0.0060 0.0000 0.0000 0.0000 0.0000 0.0000 0.0000 0.0000
0.0000 0.0000 0.0060 0.9836 0.0104 0.0000 0.0000 0.0000 0.0000 0.0000 0.0000
0.0000 0.0000 0.0000 0.0104 0.9668 0.0228 0.0000 0.0000 0.0000 0.0000 0.0000
0.0000 0.0000 0.0000 0.0000 0.0228 0.9475 0.0297 0.0000 0.0000 0.0000 0.0000
0.0000 0.0000 0.0000 0.0000 0.0000 0.0297 0.9369 0.0334 0.0000 0.0000 0.0000
0.0000 0.0000 0.0000 0.0000 0.0000 0.0000 0.0334 0.9152 0.0514 0.0000 0.0000
0.0000 0.0000 0.0000 0.0000 0.0000 0.0000 0.0000 0.0514 0.8896 0.0591 0.0000
0.0000 0.0000 0.0000 0.0000 0.0000 0.0000 0.0000 0.0000 0.0591 0.8651 0.0758
0.0000 0.0000 0.0000 0.0000 0.0000 0.0000 0.0000 0.0000 0.0000 0.0758 0.9242
#DG from neighbouring lambda in kcal/mol
0.0000 0.1000 -7.6266 0.4692
0.1000 0.2000 -4.9031 0.4575
0.2000 0.3000 -4.2174 0.3694
0.3000 0.4000 -2.2529 0.2794
0.4000 0.5000 0.3685 0.1867
0.5000 0.6000 0.8407 0.1620
0.6000 0.7000 0.5220 0.1523
0.7000 0.8000 0.5063 0.1204
0.8000 0.9000 0.7494 0.1113
0.9000 1.0000 1.0805 0.0964
#PMF from MBAR in kcal/mol
0.0000 0.0000 0.0000
0.1000 -7.6266 0.4692
0.2000 -12.5297 0.6566
0.3000 -16.7471 0.7545
0.4000 -19.0000 0.8056
0.5000 -18.6315 0.8279
0.6000 -17.7908 0.8446
0.7000 -17.2688 0.8592
0.8000 -16.7625 0.8686
0.9000 -16.0132 0.8766
1.0000 -14.9327 0.8829
#TI average gradients and standard deviation in kcal/mol
0.0000 -93.8337 37.5130
0.1000 -60.2083 34.9549
0.2000 -45.0098 31.1229
0.3000 -33.3900 31.8496
0.4000 -6.6323 26.5536
0.5000 6.5301 25.4592
0.6000 8.5651 25.3796
0.7000 3.2204 22.6201
0.8000 6.6746 21.2452
0.9000 7.6651 20.9941
1.0000 27.0717 20.0950
#PMF from TI in kcal/mol
0.0000 0.0000
0.1000 -7.7021
0.2000 -12.9630
0.3000 -16.8830
0.4000 -18.8841
0.5000 -18.8892
0.6000 -18.1345
0.7000 -17.5452
0.8000 -17.0504
0.9000 -16.3335
1.0000 -14.5966
#MBAR free energy difference in kcal/mol: 
-14.932673, 0.882855  #WARNING SUBSAMPLING DISABLED, CONSIDER RERUN WITH SUBSAMPLING OPTION
#TI free energy difference in kcal/mol: 
-14.596615  #WARNING SUBSAMPLING DISABLED, CONSIDER RERUN WITH SUBSAMPLING OPTION 
Starting /export/users/common/BioSimSpace/sire.app/bin/analyse_freenrg: number of threads equals 32
