# Analysing data contained in file(s) ['lambda_0.0000/simfile_snipped.dat', 'lambda_0.1000/simfile_snipped.dat', 'lambda_0.2000/simfile_snipped.dat', 'lambda_0.3000/simfile_snipped.dat', 'lambda_0.4000/simfile_snipped.dat', 'lambda_0.5000/simfile_snipped.dat', 'lambda_0.6000/simfile_snipped.dat', 'lambda_0.7000/simfile_snipped.dat', 'lambda_0.8000/simfile_snipped.dat', 'lambda_0.9000/simfile_snipped.dat', 'lambda_1.0000/simfile_snipped.dat']
#Overlap matrix
0.9231 0.0769 0.0000 0.0000 0.0000 0.0000 0.0000 0.0000 0.0000 0.0000 0.0000
0.0769 0.8288 0.0943 0.0001 0.0000 0.0000 0.0000 0.0000 0.0000 0.0000 0.0000
0.0000 0.0943 0.8143 0.0912 0.0001 0.0000 0.0000 0.0000 0.0000 0.0000 0.0000
0.0000 0.0001 0.0912 0.8047 0.1039 0.0001 0.0000 0.0000 0.0000 0.0000 0.0000
0.0000 0.0000 0.0001 0.1039 0.8154 0.0806 0.0001 0.0000 0.0000 0.0000 0.0000
0.0000 0.0000 0.0000 0.0001 0.0806 0.8334 0.0857 0.0001 0.0000 0.0000 0.0000
0.0000 0.0000 0.0000 0.0000 0.0001 0.0857 0.8287 0.0855 0.0001 0.0000 0.0000
0.0000 0.0000 0.0000 0.0000 0.0000 0.0001 0.0855 0.8340 0.0804 0.0000 0.0000
0.0000 0.0000 0.0000 0.0000 0.0000 0.0000 0.0001 0.0804 0.8487 0.0708 0.0000
0.0000 0.0000 0.0000 0.0000 0.0000 0.0000 0.0000 0.0000 0.0708 0.8745 0.0547
0.0000 0.0000 0.0000 0.0000 0.0000 0.0000 0.0000 0.0000 0.0000 0.0547 0.9453
#DG from neighbouring lambda in kcal/mol
0.0000 0.1000 30.4676 0.0956
0.1000 0.2000 26.3592 0.0845
0.2000 0.3000 22.4591 0.0862
0.3000 0.4000 18.4103 0.0795
0.4000 0.5000 14.5120 0.0928
0.5000 0.6000 10.1264 0.0895
0.6000 0.7000 6.0090 0.0896
0.7000 0.8000 1.9839 0.0930
0.8000 0.9000 -1.7667 0.1003
0.9000 1.0000 -5.0864 0.1162
#PMF from MBAR in kcal/mol
0.0000 0.0000 0.0000
0.1000 30.4676 0.0956
0.2000 56.8267 0.1339
0.3000 79.2859 0.1643
0.4000 97.6962 0.1870
0.5000 112.2082 0.2127
0.6000 122.3347 0.2343
0.7000 128.3437 0.2541
0.8000 130.3276 0.2736
0.9000 128.5609 0.2942
1.0000 123.4745 0.3190
#TI average gradients and standard deviation in kcal/mol
0.0000 317.8918 19.3759
0.1000 283.5454 19.4420
0.2000 244.5069 18.9331
0.3000 203.5388 19.6208
0.4000 165.7658 18.0392
0.5000 122.4735 18.8653
0.6000 80.1368 18.7427
0.7000 39.3199 19.6724
0.8000 1.5774 20.7843
0.9000 -36.2074 20.4723
1.0000 -62.4227 22.0919
#PMF from TI in kcal/mol
0.0000 0.0000
0.1000 30.0719
0.2000 56.4745
0.3000 78.8768
0.4000 97.3420
0.5000 111.7540
0.6000 121.8845
0.7000 127.8573
0.8000 129.9022
0.9000 128.1707
1.0000 123.2392
#MBAR free energy difference in kcal/mol: 
123.474511, 0.318953  #WARNING SUBSAMPLING DISABLED, CONSIDER RERUN WITH SUBSAMPLING OPTION
#TI free energy difference in kcal/mol: 
123.239161  #WARNING SUBSAMPLING DISABLED, CONSIDER RERUN WITH SUBSAMPLING OPTION 
Starting /export/users/common/BioSimSpace/sire.app/bin/analyse_freenrg: number of threads equals 32
