# Analysing data contained in file(s) ['lambda_0.0000/simfile_snipped.dat', 'lambda_0.1000/simfile_snipped.dat', 'lambda_0.2000/simfile_snipped.dat', 'lambda_0.3000/simfile_snipped.dat', 'lambda_0.4000/simfile_snipped.dat', 'lambda_0.5000/simfile_snipped.dat', 'lambda_0.6000/simfile_snipped.dat', 'lambda_0.7000/simfile_snipped.dat', 'lambda_0.8000/simfile_snipped.dat', 'lambda_0.9000/simfile_snipped.dat', 'lambda_1.0000/simfile_snipped.dat']
#Overlap matrix
0.7907 0.2036 0.0058 0.0000 0.0000 0.0000 0.0000 0.0000 0.0000 0.0000 0.0000
0.2036 0.6009 0.1880 0.0075 0.0000 0.0000 0.0000 0.0000 0.0000 0.0000 0.0000
0.0058 0.1880 0.5861 0.2111 0.0090 0.0001 0.0000 0.0000 0.0000 0.0000 0.0000
0.0000 0.0075 0.2111 0.5704 0.2001 0.0107 0.0001 0.0000 0.0000 0.0000 0.0000
0.0000 0.0000 0.0090 0.2001 0.5650 0.2135 0.0123 0.0001 0.0000 0.0000 0.0000
0.0000 0.0000 0.0001 0.0107 0.2135 0.5477 0.2158 0.0121 0.0001 0.0000 0.0000
0.0000 0.0000 0.0000 0.0001 0.0123 0.2158 0.5506 0.2097 0.0115 0.0001 0.0000
0.0000 0.0000 0.0000 0.0000 0.0001 0.0121 0.2097 0.5711 0.2007 0.0063 0.0000
0.0000 0.0000 0.0000 0.0000 0.0000 0.0001 0.0115 0.2007 0.6103 0.1745 0.0029
0.0000 0.0000 0.0000 0.0000 0.0000 0.0000 0.0001 0.0063 0.1745 0.6813 0.1379
0.0000 0.0000 0.0000 0.0000 0.0000 0.0000 0.0000 0.0000 0.0029 0.1379 0.8592
#DG from neighbouring lambda in kcal/mol
0.0000 0.1000 5.9042 0.0481
0.1000 0.2000 4.8372 0.0497
0.2000 0.3000 3.8470 0.0447
0.3000 0.4000 2.9021 0.0461
0.4000 0.5000 1.9970 0.0432
0.5000 0.6000 1.1577 0.0425
0.6000 0.7000 0.3660 0.0437
0.7000 0.8000 -0.2060 0.0464
0.8000 0.9000 -0.4964 0.0535
0.9000 1.0000 -0.0935 0.0651
#PMF from MBAR in kcal/mol
0.0000 0.0000 0.0000
0.1000 5.9042 0.0481
0.2000 10.7414 0.0788
0.3000 14.5884 0.0980
0.4000 17.4905 0.1144
0.5000 19.4875 0.1276
0.6000 20.6452 0.1393
0.7000 21.0112 0.1504
0.8000 20.8052 0.1615
0.9000 20.3088 0.1742
1.0000 20.2153 0.1899
#TI average gradients and standard deviation in kcal/mol
0.0000 59.7342 12.9778
0.1000 54.0901 13.5270
0.2000 43.0388 12.8839
0.3000 34.4266 12.2088
0.4000 23.3216 12.0415
0.5000 16.1651 12.6283
0.6000 8.0458 11.8884
0.7000 -0.4767 11.7990
0.8000 -4.1688 13.9203
0.9000 -4.3450 15.8002
1.0000 4.6746 18.1309
#PMF from TI in kcal/mol
0.0000 0.0000
0.1000 5.6912
0.2000 10.5477
0.3000 14.4209
0.4000 17.3083
0.5000 19.2827
0.6000 20.4932
0.7000 20.8717
0.8000 20.6394
0.9000 20.2137
1.0000 20.2302
#MBAR free energy difference in kcal/mol: 
20.215306, 0.189914  #WARNING SUBSAMPLING DISABLED, CONSIDER RERUN WITH SUBSAMPLING OPTION
#TI free energy difference in kcal/mol: 
20.230196  #WARNING SUBSAMPLING DISABLED, CONSIDER RERUN WITH SUBSAMPLING OPTION 
Starting /export/users/common/BioSimSpace/sire.app/bin/analyse_freenrg: number of threads equals 32
