# Analysing data contained in file(s) ['lambda_0.0000/simfile_snipped.dat', 'lambda_0.1000/simfile_snipped.dat', 'lambda_0.2000/simfile_snipped.dat', 'lambda_0.3000/simfile_snipped.dat', 'lambda_0.4000/simfile_snipped.dat', 'lambda_0.5000/simfile_snipped.dat', 'lambda_0.6000/simfile_snipped.dat', 'lambda_0.7000/simfile_snipped.dat', 'lambda_0.8000/simfile_snipped.dat', 'lambda_0.9000/simfile_snipped.dat', 'lambda_1.0000/simfile_snipped.dat']
#Overlap matrix
0.9660 0.0340 0.0000 0.0000 0.0000 0.0000 0.0000 0.0000 0.0000 0.0000 0.0000
0.0340 0.9337 0.0323 0.0000 0.0000 0.0000 0.0000 0.0000 0.0000 0.0000 0.0000
0.0000 0.0323 0.9268 0.0410 0.0000 0.0000 0.0000 0.0000 0.0000 0.0000 0.0000
0.0000 0.0000 0.0410 0.9048 0.0542 0.0000 0.0000 0.0000 0.0000 0.0000 0.0000
0.0000 0.0000 0.0000 0.0542 0.8932 0.0526 0.0000 0.0000 0.0000 0.0000 0.0000
0.0000 0.0000 0.0000 0.0000 0.0526 0.8766 0.0708 0.0000 0.0000 0.0000 0.0000
0.0000 0.0000 0.0000 0.0000 0.0000 0.0708 0.8589 0.0703 0.0000 0.0000 0.0000
0.0000 0.0000 0.0000 0.0000 0.0000 0.0000 0.0703 0.8367 0.0929 0.0001 0.0000
0.0000 0.0000 0.0000 0.0000 0.0000 0.0000 0.0000 0.0929 0.8187 0.0883 0.0001
0.0000 0.0000 0.0000 0.0000 0.0000 0.0000 0.0000 0.0001 0.0883 0.8345 0.0772
0.0000 0.0000 0.0000 0.0000 0.0000 0.0000 0.0000 0.0000 0.0001 0.0772 0.9228
#DG from neighbouring lambda in kcal/mol
0.0000 0.1000 -1.4018 0.1508
0.1000 0.2000 -0.6180 0.1551
0.2000 0.3000 -0.5713 0.1364
0.3000 0.4000 -0.4810 0.1169
0.4000 0.5000 -0.3528 0.1189
0.5000 0.6000 -0.3382 0.1003
0.6000 0.7000 -0.5118 0.1007
0.7000 0.8000 -0.8831 0.0852
0.8000 0.9000 -1.3836 0.0879
0.9000 1.0000 -2.2471 0.0954
#PMF from MBAR in kcal/mol
0.0000 0.0000 0.0000
0.1000 -1.4018 0.1508
0.2000 -2.0198 0.2202
0.3000 -2.5911 0.2622
0.4000 -3.0720 0.2899
0.5000 -3.4248 0.3160
0.6000 -3.7631 0.3340
0.7000 -4.2748 0.3512
0.8000 -5.1579 0.3637
0.9000 -6.5415 0.3764
1.0000 -8.7886 0.3904
#TI average gradients and standard deviation in kcal/mol
0.0000 -21.2707 28.6880
0.1000 -6.9145 25.7802
0.2000 -5.8713 24.6242
0.3000 -5.9099 23.1917
0.4000 -3.0330 21.0233
0.5000 -5.4948 20.4619
0.6000 -2.6998 20.1659
0.7000 -7.6988 18.8832
0.8000 -9.8417 18.5709
0.9000 -16.4434 18.0615
1.0000 -32.4886 24.2911
#PMF from TI in kcal/mol
0.0000 0.0000
0.1000 -1.4093
0.2000 -2.0486
0.3000 -2.6376
0.4000 -3.0848
0.5000 -3.5112
0.6000 -3.9209
0.7000 -4.4408
0.8000 -5.3178
0.9000 -6.6321
1.0000 -9.0787
#MBAR free energy difference in kcal/mol: 
-8.788572, 0.390395  #WARNING SUBSAMPLING DISABLED, CONSIDER RERUN WITH SUBSAMPLING OPTION
#TI free energy difference in kcal/mol: 
-9.078687  #WARNING SUBSAMPLING DISABLED, CONSIDER RERUN WITH SUBSAMPLING OPTION 
Starting /export/users/common/BioSimSpace/sire.app/bin/analyse_freenrg: number of threads equals 32
