# Analysing data contained in file(s) ['lambda_0.0000/simfile_snipped.dat', 'lambda_0.1000/simfile_snipped.dat', 'lambda_0.2000/simfile_snipped.dat', 'lambda_0.3000/simfile_snipped.dat', 'lambda_0.4000/simfile_snipped.dat', 'lambda_0.5000/simfile_snipped.dat', 'lambda_0.6000/simfile_snipped.dat', 'lambda_0.7000/simfile_snipped.dat', 'lambda_0.8000/simfile_snipped.dat', 'lambda_0.9000/simfile_snipped.dat', 'lambda_1.0000/simfile_snipped.dat']
#Overlap matrix
0.8468 0.1478 0.0053 0.0001 0.0000 0.0000 0.0000 0.0000 0.0000 0.0000 0.0000
0.1478 0.6215 0.2111 0.0191 0.0005 0.0000 0.0000 0.0000 0.0000 0.0000 0.0000
0.0053 0.2111 0.5253 0.2340 0.0237 0.0006 0.0000 0.0000 0.0000 0.0000 0.0000
0.0001 0.0191 0.2340 0.4913 0.2283 0.0264 0.0008 0.0000 0.0000 0.0000 0.0000
0.0000 0.0005 0.0237 0.2283 0.4847 0.2314 0.0303 0.0011 0.0000 0.0000 0.0000
0.0000 0.0000 0.0006 0.0264 0.2314 0.4682 0.2407 0.0316 0.0010 0.0000 0.0000
0.0000 0.0000 0.0000 0.0008 0.0303 0.2407 0.4667 0.2328 0.0278 0.0009 0.0000
0.0000 0.0000 0.0000 0.0000 0.0011 0.0316 0.2328 0.4748 0.2341 0.0251 0.0005
0.0000 0.0000 0.0000 0.0000 0.0000 0.0010 0.0278 0.2341 0.4937 0.2275 0.0158
0.0000 0.0000 0.0000 0.0000 0.0000 0.0000 0.0009 0.0251 0.2275 0.5458 0.2007
0.0000 0.0000 0.0000 0.0000 0.0000 0.0000 0.0000 0.0005 0.0158 0.2007 0.7830
#DG from neighbouring lambda in kcal/mol
0.0000 0.1000 6.0369 0.0614
0.1000 0.2000 5.1909 0.0434
0.2000 0.3000 4.8186 0.0370
0.3000 0.4000 4.4279 0.0368
0.4000 0.5000 4.0425 0.0355
0.5000 0.6000 3.7824 0.0335
0.6000 0.7000 3.6345 0.0349
0.7000 0.8000 3.6014 0.0356
0.8000 0.9000 3.7812 0.0382
0.9000 1.0000 4.0647 0.0467
#PMF from MBAR in kcal/mol
0.0000 0.0000 0.0000
0.1000 6.0369 0.0614
0.2000 11.2278 0.0840
0.3000 16.0464 0.0980
0.4000 20.4743 0.1100
0.5000 24.5168 0.1203
0.6000 28.2992 0.1292
0.7000 31.9337 0.1377
0.8000 35.5351 0.1461
0.9000 39.3163 0.1547
1.0000 43.3810 0.1653
#TI average gradients and standard deviation in kcal/mol
0.0000 65.8341 17.2049
0.1000 54.7189 14.2931
0.2000 50.1400 10.6480
0.3000 46.5835 10.3957
0.4000 42.0857 10.4479
0.5000 38.5108 9.7422
0.6000 37.1461 10.5838
0.7000 36.1632 10.3324
0.8000 35.8135 10.3953
0.9000 39.7722 12.1081
1.0000 42.8495 12.3658
#PMF from TI in kcal/mol
0.0000 0.0000
0.1000 6.0276
0.2000 11.2706
0.3000 16.1068
0.4000 20.5402
0.5000 24.5700
0.6000 28.3529
0.7000 32.0184
0.8000 35.6172
0.9000 39.3965
1.0000 43.5276
#MBAR free energy difference in kcal/mol: 
43.380984, 0.165344  #WARNING SUBSAMPLING DISABLED, CONSIDER RERUN WITH SUBSAMPLING OPTION
#TI free energy difference in kcal/mol: 
43.527557  #WARNING SUBSAMPLING DISABLED, CONSIDER RERUN WITH SUBSAMPLING OPTION 
Starting /export/users/common/BioSimSpace/sire.app/bin/analyse_freenrg: number of threads equals 32
