# Analysing data contained in file(s) ['lambda_0.0000/simfile_snipped.dat', 'lambda_0.1000/simfile_snipped.dat', 'lambda_0.2000/simfile_snipped.dat', 'lambda_0.3000/simfile_snipped.dat', 'lambda_0.4000/simfile_snipped.dat', 'lambda_0.5000/simfile_snipped.dat', 'lambda_0.6000/simfile_snipped.dat', 'lambda_0.7000/simfile_snipped.dat', 'lambda_0.8000/simfile_snipped.dat', 'lambda_0.9000/simfile_snipped.dat', 'lambda_1.0000/simfile_snipped.dat']
#Overlap matrix
0.9726 0.0274 0.0000 0.0000 0.0000 0.0000 0.0000 0.0000 0.0000 0.0000 0.0000
0.0274 0.9219 0.0506 0.0001 0.0000 0.0000 0.0000 0.0000 0.0000 0.0000 0.0000
0.0000 0.0506 0.8837 0.0655 0.0001 0.0000 0.0000 0.0000 0.0000 0.0000 0.0000
0.0000 0.0001 0.0655 0.8674 0.0669 0.0001 0.0000 0.0000 0.0000 0.0000 0.0000
0.0000 0.0000 0.0001 0.0669 0.8517 0.0812 0.0001 0.0000 0.0000 0.0000 0.0000
0.0000 0.0000 0.0000 0.0001 0.0812 0.8450 0.0735 0.0002 0.0000 0.0000 0.0000
0.0000 0.0000 0.0000 0.0000 0.0001 0.0735 0.8291 0.0968 0.0005 0.0000 0.0000
0.0000 0.0000 0.0000 0.0000 0.0000 0.0002 0.0968 0.7783 0.1242 0.0005 0.0000
0.0000 0.0000 0.0000 0.0000 0.0000 0.0000 0.0005 0.1242 0.7523 0.1225 0.0005
0.0000 0.0000 0.0000 0.0000 0.0000 0.0000 0.0000 0.0005 0.1225 0.7494 0.1276
0.0000 0.0000 0.0000 0.0000 0.0000 0.0000 0.0000 0.0000 0.0005 0.1276 0.8719
#DG from neighbouring lambda in kcal/mol
0.0000 0.1000 -2.5157 0.1692
0.1000 0.2000 1.5190 0.1213
0.2000 0.3000 1.7972 0.1048
0.3000 0.4000 1.3780 0.1035
0.4000 0.5000 1.0768 0.0924
0.5000 0.6000 0.6343 0.0979
0.6000 0.7000 0.7873 0.0828
0.7000 0.8000 0.9820 0.0705
0.8000 0.9000 0.7487 0.0712
0.9000 1.0000 0.6923 0.0694
#PMF from MBAR in kcal/mol
0.0000 0.0000 0.0000
0.1000 -2.5157 0.1692
0.2000 -0.9967 0.2121
0.3000 0.8004 0.2400
0.4000 2.1785 0.2645
0.5000 3.2553 0.2830
0.6000 3.8896 0.3022
0.7000 4.6769 0.3159
0.8000 5.6589 0.3261
0.9000 6.4076 0.3362
1.0000 7.0999 0.3456
#TI average gradients and standard deviation in kcal/mol
0.0000 -67.0246 32.2605
0.1000 7.0167 24.6483
0.2000 18.2290 22.0228
0.3000 15.5912 21.8573
0.4000 10.4240 22.3243
0.5000 8.9802 20.7840
0.6000 6.6891 20.4914
0.7000 9.7246 16.7009
0.8000 8.9916 17.1501
0.9000 6.5541 16.6617
1.0000 31.7891 16.8242
#PMF from TI in kcal/mol
0.0000 0.0000
0.1000 -3.0004
0.2000 -1.7381
0.3000 -0.0471
0.4000 1.2537
0.5000 2.2239
0.6000 3.0073
0.7000 3.8280
0.8000 4.7638
0.9000 5.5411
1.0000 7.4583
#MBAR free energy difference in kcal/mol: 
7.099867, 0.345607  #WARNING SUBSAMPLING DISABLED, CONSIDER RERUN WITH SUBSAMPLING OPTION
#TI free energy difference in kcal/mol: 
7.458287  #WARNING SUBSAMPLING DISABLED, CONSIDER RERUN WITH SUBSAMPLING OPTION 
Starting /export/users/common/BioSimSpace/sire.app/bin/analyse_freenrg: number of threads equals 32
