# Analysing data contained in file(s) ['lambda_0.0000/simfile_snipped.dat', 'lambda_0.1000/simfile_snipped.dat', 'lambda_0.2000/simfile_snipped.dat', 'lambda_0.3000/simfile_snipped.dat', 'lambda_0.4000/simfile_snipped.dat', 'lambda_0.5000/simfile_snipped.dat', 'lambda_0.6000/simfile_snipped.dat', 'lambda_0.7000/simfile_snipped.dat', 'lambda_0.8000/simfile_snipped.dat', 'lambda_0.9000/simfile_snipped.dat', 'lambda_1.0000/simfile_snipped.dat']
#Overlap matrix
0.8481 0.1499 0.0020 0.0000 0.0000 0.0000 0.0000 0.0000 0.0000 0.0000 0.0000
0.1499 0.6839 0.1643 0.0019 0.0000 0.0000 0.0000 0.0000 0.0000 0.0000 0.0000
0.0020 0.1643 0.6673 0.1640 0.0024 0.0000 0.0000 0.0000 0.0000 0.0000 0.0000
0.0000 0.0019 0.1640 0.6660 0.1666 0.0015 0.0000 0.0000 0.0000 0.0000 0.0000
0.0000 0.0000 0.0024 0.1666 0.6864 0.1444 0.0002 0.0000 0.0000 0.0000 0.0000
0.0000 0.0000 0.0000 0.0015 0.1444 0.7989 0.0552 0.0000 0.0000 0.0000 0.0000
0.0000 0.0000 0.0000 0.0000 0.0002 0.0552 0.8956 0.0490 0.0000 0.0000 0.0000
0.0000 0.0000 0.0000 0.0000 0.0000 0.0000 0.0490 0.9414 0.0095 0.0000 0.0000
0.0000 0.0000 0.0000 0.0000 0.0000 0.0000 0.0000 0.0095 0.9901 0.0003 0.0000
0.0000 0.0000 0.0000 0.0000 0.0000 0.0000 0.0000 0.0000 0.0003 0.9997 0.0000
0.0000 0.0000 0.0000 0.0000 0.0000 0.0000 0.0000 0.0000 0.0000 0.0000 1.0000
#DG from neighbouring lambda in kcal/mol
0.0000 0.1000 9.3783 0.0617
0.1000 0.2000 7.5089 0.0572
0.2000 0.3000 5.5167 0.0572
0.3000 0.4000 3.6981 0.0567
0.4000 0.5000 1.9970 0.0634
0.5000 0.6000 0.2448 0.1155
0.6000 0.7000 -2.4253 0.1236
0.7000 0.8000 -0.8418 0.2924
0.8000 0.9000 -3.0055 1.5430
0.9000 1.0000 -23.3172 1.4147
#PMF from MBAR in kcal/mol
0.0000 0.0000 0.0000
0.1000 9.3783 0.0617
0.2000 16.8872 0.0928
0.3000 22.4039 0.1159
0.4000 26.1020 0.1348
0.5000 28.0989 0.1541
0.6000 28.3437 0.1968
0.7000 25.9184 0.2359
0.8000 25.0766 0.3779
0.9000 22.0711 1.5891
1.0000 -1.2461 0.2084
#TI average gradients and standard deviation in kcal/mol
0.0000 91.8363 15.5508
0.1000 83.9331 14.5751
0.2000 65.2253 15.1297
0.3000 45.5659 14.5442
0.4000 28.2246 15.5210
0.5000 12.4921 16.4994
0.6000 -16.3236 20.4094
0.7000 -21.0247 23.2741
0.8000 -13.6040 35.6367
0.9000 -69.7037 54.6515
1.0000 -23336.4547 4267.8158
#PMF from TI in kcal/mol
0.0000 0.0000
0.1000 8.7885
0.2000 16.2464
0.3000 21.7859
0.4000 25.4755
0.5000 27.5113
0.6000 27.3197
0.7000 25.4523
0.8000 23.7209
0.9000 19.5555
1.0000 -1150.7524
#MBAR free energy difference in kcal/mol: 
-1.246145, 0.208376  #WARNING SUBSAMPLING DISABLED, CONSIDER RERUN WITH SUBSAMPLING OPTION
#TI free energy difference in kcal/mol: 
-1150.752439  #WARNING SUBSAMPLING DISABLED, CONSIDER RERUN WITH SUBSAMPLING OPTION 
Starting /export/users/common/BioSimSpace/sire.app/bin/analyse_freenrg: number of threads equals 32
