# Analysing data contained in file(s) ['lambda_0.0000/simfile_snipped.dat', 'lambda_0.1000/simfile_snipped.dat', 'lambda_0.2000/simfile_snipped.dat', 'lambda_0.3000/simfile_snipped.dat', 'lambda_0.4000/simfile_snipped.dat', 'lambda_0.5000/simfile_snipped.dat', 'lambda_0.6000/simfile_snipped.dat', 'lambda_0.7000/simfile_snipped.dat', 'lambda_0.8000/simfile_snipped.dat', 'lambda_0.9000/simfile_snipped.dat', 'lambda_1.0000/simfile_snipped.dat']
#Overlap matrix
0.8772 0.1216 0.0011 0.0000 0.0000 0.0000 0.0000 0.0000 0.0000 0.0000 0.0000
0.1216 0.7434 0.1329 0.0021 0.0000 0.0000 0.0000 0.0000 0.0000 0.0000 0.0000
0.0011 0.1329 0.7157 0.1469 0.0033 0.0000 0.0000 0.0000 0.0000 0.0000 0.0000
0.0000 0.0021 0.1469 0.6872 0.1602 0.0037 0.0000 0.0000 0.0000 0.0000 0.0000
0.0000 0.0000 0.0033 0.1602 0.6715 0.1604 0.0045 0.0000 0.0000 0.0000 0.0000
0.0000 0.0000 0.0000 0.0037 0.1604 0.6437 0.1844 0.0077 0.0001 0.0000 0.0000
0.0000 0.0000 0.0000 0.0000 0.0045 0.1844 0.6092 0.1928 0.0091 0.0000 0.0000
0.0000 0.0000 0.0000 0.0000 0.0000 0.0077 0.1928 0.5859 0.2072 0.0063 0.0000
0.0000 0.0000 0.0000 0.0000 0.0000 0.0001 0.0091 0.2072 0.5993 0.1833 0.0010
0.0000 0.0000 0.0000 0.0000 0.0000 0.0000 0.0000 0.0063 0.1833 0.7369 0.0735
0.0000 0.0000 0.0000 0.0000 0.0000 0.0000 0.0000 0.0000 0.0010 0.0735 0.9255
#DG from neighbouring lambda in kcal/mol
0.0000 0.1000 -2.8691 0.0714
0.1000 0.2000 -1.4792 0.0667
0.2000 0.3000 -1.2908 0.0616
0.3000 0.4000 -1.4217 0.0575
0.4000 0.5000 -1.8309 0.0572
0.5000 0.6000 -2.2764 0.0507
0.6000 0.7000 -2.5103 0.0481
0.7000 0.8000 -2.8763 0.0456
0.8000 0.9000 -3.2991 0.0519
0.9000 1.0000 -4.2545 0.0974
#PMF from MBAR in kcal/mol
0.0000 0.0000 0.0000
0.1000 -2.8691 0.0714
0.2000 -4.3483 0.1053
0.3000 -5.6391 0.1280
0.4000 -7.0607 0.1454
0.5000 -8.8916 0.1608
0.6000 -11.1681 0.1728
0.7000 -13.6784 0.1831
0.8000 -16.5547 0.1922
0.9000 -19.8538 0.2026
1.0000 -24.1083 0.2282
#TI average gradients and standard deviation in kcal/mol
0.0000 -46.7219 19.3304
0.1000 -17.6163 17.3368
0.2000 -12.6117 15.8919
0.3000 -12.4942 13.9624
0.4000 -15.5828 13.7966
0.5000 -20.8738 12.8861
0.6000 -23.6145 12.6665
0.7000 -27.5905 11.9575
0.8000 -30.9341 13.2828
0.9000 -34.0927 14.2992
1.0000 -52.8761 21.9396
#PMF from TI in kcal/mol
0.0000 0.0000
0.1000 -3.2169
0.2000 -4.7283
0.3000 -5.9836
0.4000 -7.3875
0.5000 -9.2103
0.6000 -11.4347
0.7000 -13.9950
0.8000 -16.9212
0.9000 -20.1725
1.0000 -24.5210
#MBAR free energy difference in kcal/mol: 
-24.108320, 0.228246  #WARNING SUBSAMPLING DISABLED, CONSIDER RERUN WITH SUBSAMPLING OPTION
#TI free energy difference in kcal/mol: 
-24.520967  #WARNING SUBSAMPLING DISABLED, CONSIDER RERUN WITH SUBSAMPLING OPTION 
Starting /export/users/common/BioSimSpace/sire.app/bin/analyse_freenrg: number of threads equals 32
