# Analysing data contained in file(s) ['lambda_0.0000/simfile_snipped.dat', 'lambda_0.1000/simfile_snipped.dat', 'lambda_0.2000/simfile_snipped.dat', 'lambda_0.3000/simfile_snipped.dat', 'lambda_0.4000/simfile_snipped.dat', 'lambda_0.5000/simfile_snipped.dat', 'lambda_0.6000/simfile_snipped.dat', 'lambda_0.7000/simfile_snipped.dat', 'lambda_0.8000/simfile_snipped.dat', 'lambda_0.9000/simfile_snipped.dat', 'lambda_1.0000/simfile_snipped.dat']
#Overlap matrix
1.0000 0.0000 0.0000 0.0000 0.0000 0.0000 0.0000 0.0000 0.0000 0.0000 0.0000
0.0000 0.9988 0.0012 0.0000 0.0000 0.0000 0.0000 0.0000 0.0000 0.0000 0.0000
0.0000 0.0012 0.9824 0.0164 0.0000 0.0000 0.0000 0.0000 0.0000 0.0000 0.0000
0.0000 0.0000 0.0164 0.9055 0.0779 0.0001 0.0000 0.0000 0.0000 0.0000 0.0000
0.0000 0.0000 0.0000 0.0779 0.8082 0.1127 0.0012 0.0000 0.0000 0.0000 0.0000
0.0000 0.0000 0.0000 0.0001 0.1127 0.7343 0.1519 0.0010 0.0000 0.0000 0.0000
0.0000 0.0000 0.0000 0.0000 0.0012 0.1519 0.7090 0.1373 0.0007 0.0000 0.0000
0.0000 0.0000 0.0000 0.0000 0.0000 0.0010 0.1373 0.7485 0.1132 0.0000 0.0000
0.0000 0.0000 0.0000 0.0000 0.0000 0.0000 0.0007 0.1132 0.8348 0.0513 0.0000
0.0000 0.0000 0.0000 0.0000 0.0000 0.0000 0.0000 0.0000 0.0513 0.9487 0.0000
0.0000 0.0000 0.0000 0.0000 0.0000 0.0000 0.0000 0.0000 0.0000 0.0000 1.0000
#DG from neighbouring lambda in kcal/mol
0.0000 0.1000 40.9390 0.7710
0.1000 0.2000 8.5633 0.8374
0.2000 0.3000 4.1917 0.2210
0.3000 0.4000 3.0847 0.0948
0.4000 0.5000 1.5161 0.0750
0.5000 0.6000 -0.2640 0.0611
0.6000 0.7000 -2.7391 0.0657
0.7000 0.8000 -5.4033 0.0750
0.8000 0.9000 -9.4929 0.1205
0.9000 1.0000 -101.7317 0.1857
#PMF from MBAR in kcal/mol
0.0000 0.0000 0.0000
0.1000 40.9390 0.7710
0.2000 49.5023 0.2184
0.3000 53.6940 0.1402
0.4000 56.7787 0.1269
0.5000 58.2948 0.1239
0.6000 58.0308 0.1262
0.7000 55.2917 0.1337
0.8000 49.8884 0.1479
0.9000 40.3956 0.1857
1.0000 -61.3362 0.0000
#TI average gradients and standard deviation in kcal/mol
0.0000 5551.9012 227.1171
0.1000 175.8395 45.8698
0.2000 53.9664 31.7308
0.3000 33.7704 22.6453
0.4000 24.6670 19.2219
0.5000 6.5595 15.1327
0.6000 -14.3184 16.0311
0.7000 -39.4801 17.3928
0.8000 -70.5293 19.0949
0.9000 -125.1336 27.1212
1.0000 -5253.2272 272.1480
#PMF from TI in kcal/mol
0.0000 0.0000
0.1000 286.3870
0.2000 297.8773
0.3000 302.2642
0.4000 305.1860
0.5000 306.7474
0.6000 306.3594
0.7000 303.6695
0.8000 298.1690
0.9000 288.3859
1.0000 19.4678
#MBAR free energy difference in kcal/mol: 
-61.336172, 0.000000  #WARNING SUBSAMPLING DISABLED, CONSIDER RERUN WITH SUBSAMPLING OPTION
#TI free energy difference in kcal/mol: 
19.467840  #WARNING SUBSAMPLING DISABLED, CONSIDER RERUN WITH SUBSAMPLING OPTION 
Starting /export/users/common/BioSimSpace/sire.app/bin/analyse_freenrg: number of threads equals 32
