# Analysing data contained in file(s) ['lambda_0.0000/simfile_snipped.dat', 'lambda_0.1000/simfile_snipped.dat', 'lambda_0.2000/simfile_snipped.dat', 'lambda_0.3000/simfile_snipped.dat', 'lambda_0.4000/simfile_snipped.dat', 'lambda_0.5000/simfile_snipped.dat', 'lambda_0.6000/simfile_snipped.dat', 'lambda_0.7000/simfile_snipped.dat', 'lambda_0.8000/simfile_snipped.dat', 'lambda_0.9000/simfile_snipped.dat', 'lambda_1.0000/simfile_snipped.dat']
#Overlap matrix
0.9974 0.0026 0.0000 0.0000 0.0000 0.0000 0.0000 0.0000 0.0000 0.0000 0.0000
0.0026 0.8610 0.1364 0.0001 0.0000 0.0000 0.0000 0.0000 0.0000 0.0000 0.0000
0.0000 0.1364 0.7983 0.0652 0.0000 0.0000 0.0000 0.0000 0.0000 0.0000 0.0000
0.0000 0.0001 0.0652 0.8591 0.0755 0.0000 0.0000 0.0000 0.0000 0.0000 0.0000
0.0000 0.0000 0.0000 0.0755 0.9244 0.0000 0.0000 0.0000 0.0000 0.0000 0.0000
0.0000 0.0000 0.0000 0.0000 0.0000 0.9955 0.0045 0.0000 0.0000 0.0000 0.0000
0.0000 0.0000 0.0000 0.0000 0.0000 0.0045 0.9909 0.0046 0.0000 0.0000 0.0000
0.0000 0.0000 0.0000 0.0000 0.0000 0.0000 0.0046 0.9912 0.0041 0.0000 0.0000
0.0000 0.0000 0.0000 0.0000 0.0000 0.0000 0.0000 0.0041 0.9900 0.0059 0.0000
0.0000 0.0000 0.0000 0.0000 0.0000 0.0000 0.0000 0.0000 0.0059 0.9916 0.0025
0.0000 0.0000 0.0000 0.0000 0.0000 0.0000 0.0000 0.0000 0.0000 0.0025 0.9975
#DG from neighbouring lambda in kcal/mol
0.0000 0.1000 14.7756 0.5676
0.1000 0.2000 9.6498 0.0665
0.2000 0.3000 6.7745 0.1051
0.3000 0.4000 8.3713 0.0966
0.4000 0.5000 24.1936 505.8427
0.5000 0.6000 10.7708 0.4294
0.6000 0.7000 8.7743 0.4210
0.7000 0.8000 6.7124 0.4465
0.8000 0.9000 4.5868 0.3732
0.9000 1.0000 8.1813 0.5730
#PMF from MBAR in kcal/mol
0.0000 0.0000 0.0000
0.1000 14.7756 0.5676
0.2000 24.4254 0.5729
0.3000 31.1999 0.5839
0.4000 39.5712 0.5932
0.5000 63.7648 505.8431
0.6000 74.5356 505.8432
0.7000 83.3098 505.8434
0.8000 90.0222 505.8436
0.9000 94.6089 505.8438
1.0000 102.7902 505.8441
#TI average gradients and standard deviation in kcal/mol
0.0000 161.4170 20.7115
0.1000 96.3131 22.5774
0.2000 87.8744 20.3883
0.3000 54.6455 19.5673
0.4000 152.7142 21.5811
0.5000 139.9021 49.2701
0.6000 96.1938 33.9884
0.7000 73.0763 32.5873
0.8000 48.4724 33.1753
0.9000 46.3504 33.9470
1.0000 124.1115 36.5420
#PMF from TI in kcal/mol
0.0000 0.0000
0.1000 12.8865
0.2000 22.0959
0.3000 29.2219
0.4000 39.5899
0.5000 54.2207
0.6000 66.0255
0.7000 74.4890
0.8000 80.5664
0.9000 85.3075
1.0000 93.8306
#MBAR free energy difference in kcal/mol: 
102.790203, 505.844083  #WARNING SUBSAMPLING DISABLED, CONSIDER RERUN WITH SUBSAMPLING OPTION
#TI free energy difference in kcal/mol: 
93.830643  #WARNING SUBSAMPLING DISABLED, CONSIDER RERUN WITH SUBSAMPLING OPTION 
Starting /export/users/common/BioSimSpace/sire.app/bin/analyse_freenrg: number of threads equals 32
