# Analysing data contained in file(s) ['lambda_0.0000/simfile_snipped.dat', 'lambda_0.1000/simfile_snipped.dat', 'lambda_0.2000/simfile_snipped.dat', 'lambda_0.3000/simfile_snipped.dat', 'lambda_0.4000/simfile_snipped.dat', 'lambda_0.5000/simfile_snipped.dat', 'lambda_0.6000/simfile_snipped.dat', 'lambda_0.7000/simfile_snipped.dat', 'lambda_0.8000/simfile_snipped.dat', 'lambda_0.9000/simfile_snipped.dat', 'lambda_1.0000/simfile_snipped.dat']
#Overlap matrix
0.9351 0.0649 0.0000 0.0000 0.0000 0.0000 0.0000 0.0000 0.0000 0.0000 0.0000
0.0649 0.8578 0.0773 0.0000 0.0000 0.0000 0.0000 0.0000 0.0000 0.0000 0.0000
0.0000 0.0773 0.8440 0.0787 0.0001 0.0000 0.0000 0.0000 0.0000 0.0000 0.0000
0.0000 0.0000 0.0787 0.8246 0.0965 0.0002 0.0000 0.0000 0.0000 0.0000 0.0000
0.0000 0.0000 0.0001 0.0965 0.8492 0.0542 0.0000 0.0000 0.0000 0.0000 0.0000
0.0000 0.0000 0.0000 0.0002 0.0542 0.8775 0.0679 0.0001 0.0000 0.0000 0.0000
0.0000 0.0000 0.0000 0.0000 0.0000 0.0679 0.8469 0.0850 0.0001 0.0000 0.0000
0.0000 0.0000 0.0000 0.0000 0.0000 0.0001 0.0850 0.8365 0.0783 0.0001 0.0000
0.0000 0.0000 0.0000 0.0000 0.0000 0.0000 0.0001 0.0783 0.8444 0.0770 0.0000
0.0000 0.0000 0.0000 0.0000 0.0000 0.0000 0.0000 0.0001 0.0770 0.8655 0.0574
0.0000 0.0000 0.0000 0.0000 0.0000 0.0000 0.0000 0.0000 0.0000 0.0574 0.9425
#DG from neighbouring lambda in kcal/mol
0.0000 0.1000 9.5632 0.1055
0.1000 0.2000 6.7356 0.0953
0.2000 0.3000 4.6620 0.0942
0.3000 0.4000 3.4472 0.0832
0.4000 0.5000 3.8985 0.1165
0.5000 0.6000 2.3630 0.1027
0.6000 0.7000 1.0629 0.0899
0.7000 0.8000 0.6319 0.0944
0.8000 0.9000 0.5169 0.0954
0.9000 1.0000 2.2684 0.1131
#PMF from MBAR in kcal/mol
0.0000 0.0000 0.0000
0.1000 9.5632 0.1055
0.2000 16.2988 0.1479
0.3000 20.9607 0.1800
0.4000 24.4080 0.2024
0.5000 28.3065 0.2369
0.6000 30.6695 0.2614
0.7000 31.7325 0.2794
0.8000 32.3644 0.2976
0.9000 32.8813 0.3152
1.0000 35.1497 0.3373
#TI average gradients and standard deviation in kcal/mol
0.0000 105.2035 22.6720
0.1000 81.3062 20.8433
0.2000 57.5021 17.8052
0.3000 35.6135 19.5949
0.4000 39.8544 20.5569
0.5000 31.4437 23.1853
0.6000 15.1756 20.0476
0.7000 6.6848 18.4823
0.8000 3.1238 20.7443
0.9000 10.3440 20.9518
1.0000 40.3380 23.4386
#PMF from TI in kcal/mol
0.0000 0.0000
0.1000 9.3255
0.2000 16.2659
0.3000 20.9217
0.4000 24.6951
0.5000 28.2600
0.6000 30.5909
0.7000 31.6840
0.8000 32.1744
0.9000 32.8478
1.0000 35.3819
#MBAR free energy difference in kcal/mol: 
35.149682, 0.337285  #WARNING SUBSAMPLING DISABLED, CONSIDER RERUN WITH SUBSAMPLING OPTION
#TI free energy difference in kcal/mol: 
35.381896  #WARNING SUBSAMPLING DISABLED, CONSIDER RERUN WITH SUBSAMPLING OPTION 
Starting /export/users/common/BioSimSpace/sire.app/bin/analyse_freenrg: number of threads equals 32
