# Analysing data contained in file(s) ['lambda_0.0000/simfile_snipped.dat', 'lambda_0.1000/simfile_snipped.dat', 'lambda_0.2000/simfile_snipped.dat', 'lambda_0.3000/simfile_snipped.dat', 'lambda_0.4000/simfile_snipped.dat', 'lambda_0.5000/simfile_snipped.dat', 'lambda_0.6000/simfile_snipped.dat', 'lambda_0.7000/simfile_snipped.dat', 'lambda_0.8000/simfile_snipped.dat', 'lambda_0.9000/simfile_snipped.dat', 'lambda_1.0000/simfile_snipped.dat']
#Overlap matrix
0.7838 0.1975 0.0178 0.0008 0.0000 0.0000 0.0000 0.0000 0.0000 0.0000 0.0000
0.1975 0.5140 0.2463 0.0395 0.0025 0.0001 0.0000 0.0000 0.0000 0.0000 0.0000
0.0178 0.2463 0.4515 0.2339 0.0456 0.0046 0.0002 0.0000 0.0000 0.0000 0.0000
0.0008 0.0395 0.2339 0.4205 0.2527 0.0485 0.0039 0.0001 0.0000 0.0000 0.0000
0.0000 0.0025 0.0456 0.2527 0.4547 0.2168 0.0263 0.0014 0.0000 0.0000 0.0000
0.0000 0.0001 0.0046 0.0485 0.2168 0.5256 0.1854 0.0181 0.0008 0.0000 0.0000
0.0000 0.0000 0.0002 0.0039 0.0263 0.1854 0.5605 0.2052 0.0180 0.0004 0.0000
0.0000 0.0000 0.0000 0.0001 0.0014 0.0181 0.2052 0.5646 0.2004 0.0101 0.0001
0.0000 0.0000 0.0000 0.0000 0.0000 0.0008 0.0180 0.2004 0.6030 0.1744 0.0033
0.0000 0.0000 0.0000 0.0000 0.0000 0.0000 0.0004 0.0101 0.1744 0.6844 0.1307
0.0000 0.0000 0.0000 0.0000 0.0000 0.0000 0.0000 0.0001 0.0033 0.1307 0.8659
#DG from neighbouring lambda in kcal/mol
0.0000 0.1000 6.3758 0.0469
0.1000 0.2000 4.9494 0.0333
0.2000 0.3000 4.0468 0.0314
0.3000 0.4000 3.4215 0.0281
0.4000 0.5000 3.3332 0.0349
0.5000 0.6000 3.1875 0.0439
0.6000 0.7000 2.8156 0.0423
0.7000 0.8000 2.7619 0.0446
0.8000 0.9000 3.1595 0.0526
0.9000 1.0000 4.6814 0.0674
#PMF from MBAR in kcal/mol
0.0000 0.0000 0.0000
0.1000 6.3758 0.0469
0.2000 11.3252 0.0671
0.3000 15.3720 0.0803
0.4000 18.7935 0.0904
0.5000 22.1267 0.1010
0.6000 25.3142 0.1143
0.7000 28.1299 0.1262
0.8000 30.8918 0.1379
0.9000 34.0513 0.1518
1.0000 38.7327 0.1704
#TI average gradients and standard deviation in kcal/mol
0.0000 70.4434 15.2051
0.1000 54.8731 10.6580
0.2000 44.9697 9.4784
0.3000 35.8338 9.1325
0.4000 33.2671 9.6053
0.5000 34.9109 13.3734
0.6000 28.9864 12.9111
0.7000 27.7069 12.1777
0.8000 28.0123 13.4940
0.9000 37.4217 15.6300
1.0000 62.5042 16.8131
#PMF from TI in kcal/mol
0.0000 0.0000
0.1000 6.2658
0.2000 11.2580
0.3000 15.2981
0.4000 18.7532
0.5000 22.1621
0.6000 25.3570
0.7000 28.1916
0.8000 30.9776
0.9000 34.2493
1.0000 39.2456
#MBAR free energy difference in kcal/mol: 
38.732700, 0.170387  #WARNING SUBSAMPLING DISABLED, CONSIDER RERUN WITH SUBSAMPLING OPTION
#TI free energy difference in kcal/mol: 
39.245567  #WARNING SUBSAMPLING DISABLED, CONSIDER RERUN WITH SUBSAMPLING OPTION 
Starting /export/users/common/BioSimSpace/sire.app/bin/analyse_freenrg: number of threads equals 32
