# Analysing data contained in file(s) ['lambda_0.0000/simfile_snipped.dat', 'lambda_0.1000/simfile_snipped.dat', 'lambda_0.2000/simfile_snipped.dat', 'lambda_0.3000/simfile_snipped.dat', 'lambda_0.4000/simfile_snipped.dat', 'lambda_0.5000/simfile_snipped.dat', 'lambda_0.6000/simfile_snipped.dat', 'lambda_0.7000/simfile_snipped.dat', 'lambda_0.8000/simfile_snipped.dat', 'lambda_0.9000/simfile_snipped.dat', 'lambda_1.0000/simfile_snipped.dat']
#Overlap matrix
0.9971 0.0029 0.0000 0.0000 0.0000 0.0000 0.0000 0.0000 0.0000 0.0000 0.0000
0.0029 0.9568 0.0403 0.0000 0.0000 0.0000 0.0000 0.0000 0.0000 0.0000 0.0000
0.0000 0.0403 0.8999 0.0597 0.0002 0.0000 0.0000 0.0000 0.0000 0.0000 0.0000
0.0000 0.0000 0.0597 0.8162 0.1232 0.0010 0.0000 0.0000 0.0000 0.0000 0.0000
0.0000 0.0000 0.0002 0.1232 0.7318 0.1439 0.0009 0.0000 0.0000 0.0000 0.0000
0.0000 0.0000 0.0000 0.0010 0.1439 0.7020 0.1522 0.0009 0.0000 0.0000 0.0000
0.0000 0.0000 0.0000 0.0000 0.0009 0.1522 0.7170 0.1289 0.0009 0.0000 0.0000
0.0000 0.0000 0.0000 0.0000 0.0000 0.0009 0.1289 0.7285 0.1411 0.0006 0.0000
0.0000 0.0000 0.0000 0.0000 0.0000 0.0000 0.0009 0.1411 0.7421 0.1158 0.0002
0.0000 0.0000 0.0000 0.0000 0.0000 0.0000 0.0000 0.0006 0.1158 0.7901 0.0935
0.0000 0.0000 0.0000 0.0000 0.0000 0.0000 0.0000 0.0000 0.0002 0.0935 0.9063
#DG from neighbouring lambda in kcal/mol
0.0000 0.1000 6.7748 0.5312
0.1000 0.2000 2.0800 0.1377
0.2000 0.3000 0.3353 0.1105
0.3000 0.4000 -0.0616 0.0708
0.4000 0.5000 -1.1459 0.0635
0.5000 0.6000 -3.5186 0.0611
0.6000 0.7000 -6.1493 0.0685
0.7000 0.8000 -8.6111 0.0646
0.8000 0.9000 -10.7963 0.0739
0.9000 1.0000 -12.8069 0.0848
#PMF from MBAR in kcal/mol
0.0000 0.0000 0.0000
0.1000 6.7748 0.5312
0.2000 8.8548 0.5503
0.3000 9.1901 0.5628
0.4000 9.1284 0.5686
0.5000 7.9825 0.5735
0.6000 4.4639 0.5781
0.7000 -1.6853 0.5835
0.8000 -10.2965 0.5885
0.9000 -21.0928 0.5944
1.0000 -33.8997 0.6018
#TI average gradients and standard deviation in kcal/mol
0.0000 162.9660 62.5892
0.1000 30.3865 24.7050
0.2000 9.3905 24.5289
0.3000 -1.4187 20.2122
0.4000 -3.0263 15.7761
0.5000 -22.4051 15.7416
0.6000 -47.6160 15.5689
0.7000 -74.9457 15.4993
0.8000 -97.3632 15.9143
0.9000 -119.4799 18.2969
1.0000 -134.4081 20.7808
#PMF from TI in kcal/mol
0.0000 0.0000
0.1000 9.6676
0.2000 11.6565
0.3000 12.0551
0.4000 11.8328
0.5000 10.5612
0.6000 7.0602
0.7000 0.9321
0.8000 -7.6833
0.9000 -18.5255
1.0000 -31.2199
#MBAR free energy difference in kcal/mol: 
-33.899713, 0.601808  #WARNING SUBSAMPLING DISABLED, CONSIDER RERUN WITH SUBSAMPLING OPTION
#TI free energy difference in kcal/mol: 
-31.219889  #WARNING SUBSAMPLING DISABLED, CONSIDER RERUN WITH SUBSAMPLING OPTION 
Starting /export/users/common/BioSimSpace/sire.app/bin/analyse_freenrg: number of threads equals 32
