# Analysing data contained in file(s) ['lambda_0.0000/simfile_snipped.dat', 'lambda_0.1000/simfile_snipped.dat', 'lambda_0.2000/simfile_snipped.dat', 'lambda_0.3000/simfile_snipped.dat', 'lambda_0.4000/simfile_snipped.dat', 'lambda_0.5000/simfile_snipped.dat', 'lambda_0.6000/simfile_snipped.dat', 'lambda_0.7000/simfile_snipped.dat', 'lambda_0.8000/simfile_snipped.dat', 'lambda_0.9000/simfile_snipped.dat', 'lambda_1.0000/simfile_snipped.dat']
#Overlap matrix
0.9171 0.0828 0.0001 0.0000 0.0000 0.0000 0.0000 0.0000 0.0000 0.0000 0.0000
0.0828 0.8167 0.1003 0.0003 0.0000 0.0000 0.0000 0.0000 0.0000 0.0000 0.0000
0.0001 0.1003 0.7733 0.1259 0.0004 0.0000 0.0000 0.0000 0.0000 0.0000 0.0000
0.0000 0.0003 0.1259 0.7509 0.1226 0.0003 0.0000 0.0000 0.0000 0.0000 0.0000
0.0000 0.0000 0.0004 0.1226 0.7612 0.1155 0.0002 0.0000 0.0000 0.0000 0.0000
0.0000 0.0000 0.0000 0.0003 0.1155 0.7690 0.1149 0.0003 0.0000 0.0000 0.0000
0.0000 0.0000 0.0000 0.0000 0.0002 0.1149 0.7641 0.1205 0.0003 0.0000 0.0000
0.0000 0.0000 0.0000 0.0000 0.0000 0.0003 0.1205 0.7445 0.1343 0.0005 0.0000
0.0000 0.0000 0.0000 0.0000 0.0000 0.0000 0.0003 0.1343 0.7473 0.1179 0.0002
0.0000 0.0000 0.0000 0.0000 0.0000 0.0000 0.0000 0.0005 0.1179 0.7808 0.1007
0.0000 0.0000 0.0000 0.0000 0.0000 0.0000 0.0000 0.0000 0.0002 0.1007 0.8991
#DG from neighbouring lambda in kcal/mol
0.0000 0.1000 29.4935 0.0914
0.1000 0.2000 27.8768 0.0812
0.2000 0.3000 25.9315 0.0700
0.3000 0.4000 23.7489 0.0712
0.4000 0.5000 21.1186 0.0741
0.5000 0.6000 18.1987 0.0744
0.6000 0.7000 15.4097 0.0721
0.7000 0.8000 12.8298 0.0670
0.8000 0.9000 10.8084 0.0731
0.9000 1.0000 8.7311 0.0810
#PMF from MBAR in kcal/mol
0.0000 0.0000 0.0000
0.1000 29.4935 0.0914
0.2000 57.3702 0.1288
0.3000 83.3017 0.1520
0.4000 107.0506 0.1726
0.5000 128.1692 0.1921
0.6000 146.3679 0.2099
0.7000 161.7777 0.2256
0.8000 174.6075 0.2388
0.9000 185.4158 0.2529
1.0000 194.1470 0.2686
#TI average gradients and standard deviation in kcal/mol
0.0000 300.0260 21.0367
0.1000 287.5226 17.7891
0.2000 268.2075 17.0158
0.3000 250.0406 16.6522
0.4000 224.8468 16.6567
0.5000 196.5503 17.1485
0.6000 167.2188 17.0207
0.7000 140.2892 17.7044
0.8000 118.6209 15.5020
0.9000 97.7942 17.1189
1.0000 79.9987 17.6179
#PMF from TI in kcal/mol
0.0000 0.0000
0.1000 29.3774
0.2000 57.1639
0.3000 83.0763
0.4000 106.8207
0.5000 127.8906
0.6000 146.0790
0.7000 161.4544
0.8000 174.3999
0.9000 185.2207
1.0000 194.1103
#MBAR free energy difference in kcal/mol: 
194.146994, 0.268629  #WARNING SUBSAMPLING DISABLED, CONSIDER RERUN WITH SUBSAMPLING OPTION
#TI free energy difference in kcal/mol: 
194.110309  #WARNING SUBSAMPLING DISABLED, CONSIDER RERUN WITH SUBSAMPLING OPTION 
Starting /export/users/common/BioSimSpace/sire.app/bin/analyse_freenrg: number of threads equals 32
