# Analysing data contained in file(s) ['lambda_0.0000/simfile_snipped.dat', 'lambda_0.1000/simfile_snipped.dat', 'lambda_0.2000/simfile_snipped.dat', 'lambda_0.3000/simfile_snipped.dat', 'lambda_0.4000/simfile_snipped.dat', 'lambda_0.5000/simfile_snipped.dat', 'lambda_0.6000/simfile_snipped.dat', 'lambda_0.7000/simfile_snipped.dat', 'lambda_0.8000/simfile_snipped.dat', 'lambda_0.9000/simfile_snipped.dat', 'lambda_1.0000/simfile_snipped.dat']
#Overlap matrix
0.9834 0.0166 0.0000 0.0000 0.0000 0.0000 0.0000 0.0000 0.0000 0.0000 0.0000
0.0166 0.9690 0.0144 0.0000 0.0000 0.0000 0.0000 0.0000 0.0000 0.0000 0.0000
0.0000 0.0144 0.9691 0.0165 0.0000 0.0000 0.0000 0.0000 0.0000 0.0000 0.0000
0.0000 0.0000 0.0165 0.9696 0.0139 0.0000 0.0000 0.0000 0.0000 0.0000 0.0000
0.0000 0.0000 0.0000 0.0139 0.9648 0.0213 0.0000 0.0000 0.0000 0.0000 0.0000
0.0000 0.0000 0.0000 0.0000 0.0213 0.9738 0.0050 0.0000 0.0000 0.0000 0.0000
0.0000 0.0000 0.0000 0.0000 0.0000 0.0050 0.9672 0.0278 0.0000 0.0000 0.0000
0.0000 0.0000 0.0000 0.0000 0.0000 0.0000 0.0278 0.9516 0.0206 0.0000 0.0000
0.0000 0.0000 0.0000 0.0000 0.0000 0.0000 0.0000 0.0206 0.9593 0.0202 0.0000
0.0000 0.0000 0.0000 0.0000 0.0000 0.0000 0.0000 0.0000 0.0202 0.9621 0.0177
0.0000 0.0000 0.0000 0.0000 0.0000 0.0000 0.0000 0.0000 0.0000 0.0177 0.9823
#DG from neighbouring lambda in kcal/mol
0.0000 0.1000 -12.2257 0.2201
0.1000 0.2000 -7.7652 0.2364
0.2000 0.3000 -7.9957 0.2208
0.3000 0.4000 -8.8866 0.2408
0.4000 0.5000 -8.6785 0.1933
0.5000 0.6000 -8.8243 0.4068
0.6000 0.7000 -5.3745 0.1679
0.7000 0.8000 -3.3403 0.1968
0.8000 0.9000 -4.4358 0.1987
0.9000 1.0000 -5.6820 0.2125
#PMF from MBAR in kcal/mol
0.0000 0.0000 0.0000
0.1000 -12.2257 0.2201
0.2000 -19.9909 0.3256
0.3000 -27.9866 0.3955
0.4000 -36.8731 0.4648
0.5000 -45.5516 0.5051
0.6000 -54.3759 0.6498
0.7000 -59.7504 0.6724
0.8000 -63.0906 0.7018
0.9000 -67.5264 0.7305
1.0000 -73.2085 0.7619
#TI average gradients and standard deviation in kcal/mol
0.0000 -180.0927 30.1416
0.1000 -86.1115 29.4996
0.2000 -78.3178 29.4352
0.3000 -82.0457 28.4614
0.4000 -91.5670 28.5830
0.5000 -84.2335 31.4033
0.6000 -82.1017 30.8567
0.7000 -34.0563 25.7942
0.8000 -36.9135 27.8784
0.9000 -50.3923 28.6534
1.0000 -45.1422 28.8112
#PMF from TI in kcal/mol
0.0000 0.0000
0.1000 -13.3102
0.2000 -21.5317
0.3000 -29.5499
0.4000 -38.2305
0.5000 -47.0205
0.6000 -55.3373
0.7000 -61.1452
0.8000 -64.6937
0.9000 -69.0590
1.0000 -73.8357
#MBAR free energy difference in kcal/mol: 
-73.208477, 0.761860  #WARNING SUBSAMPLING DISABLED, CONSIDER RERUN WITH SUBSAMPLING OPTION
#TI free energy difference in kcal/mol: 
-73.835683  #WARNING SUBSAMPLING DISABLED, CONSIDER RERUN WITH SUBSAMPLING OPTION 
Starting /export/users/common/BioSimSpace/sire.app/bin/analyse_freenrg: number of threads equals 32
