# Analysing data contained in file(s) ['lambda_0.0000/simfile_snipped.dat', 'lambda_0.1000/simfile_snipped.dat', 'lambda_0.2000/simfile_snipped.dat', 'lambda_0.3000/simfile_snipped.dat', 'lambda_0.4000/simfile_snipped.dat', 'lambda_0.5000/simfile_snipped.dat', 'lambda_0.6000/simfile_snipped.dat', 'lambda_0.7000/simfile_snipped.dat', 'lambda_0.8000/simfile_snipped.dat', 'lambda_0.9000/simfile_snipped.dat', 'lambda_1.0000/simfile_snipped.dat']
#Overlap matrix
0.9863 0.0137 0.0000 0.0000 0.0000 0.0000 0.0000 0.0000 0.0000 0.0000 0.0000
0.0137 0.9838 0.0025 0.0000 0.0000 0.0000 0.0000 0.0000 0.0000 0.0000 0.0000
0.0000 0.0025 0.9961 0.0014 0.0000 0.0000 0.0000 0.0000 0.0000 0.0000 0.0000
0.0000 0.0000 0.0014 0.9986 0.0000 0.0000 0.0000 0.0000 0.0000 0.0000 0.0000
0.0000 0.0000 0.0000 0.0000 0.9786 0.0210 0.0001 0.0001 0.0001 0.0000 0.0000
0.0000 0.0000 0.0000 0.0000 0.0210 0.9191 0.0526 0.0050 0.0022 0.0000 0.0000
0.0000 0.0000 0.0000 0.0000 0.0001 0.0526 0.6816 0.2378 0.0277 0.0001 0.0000
0.0000 0.0000 0.0000 0.0000 0.0001 0.0050 0.2378 0.5523 0.2025 0.0023 0.0000
0.0000 0.0000 0.0000 0.0000 0.0001 0.0022 0.0277 0.2025 0.6490 0.1138 0.0047
0.0000 0.0000 0.0000 0.0000 0.0000 0.0000 0.0001 0.0023 0.1138 0.5955 0.2883
0.0000 0.0000 0.0000 0.0000 0.0000 0.0000 0.0000 0.0000 0.0047 0.2883 0.7070
#DG from neighbouring lambda in kcal/mol
0.0000 0.1000 -2.8326 0.2426
0.1000 0.2000 -1.7921 0.5750
0.2000 0.3000 -3.7178 0.7761
0.3000 0.4000 -19.0850 0.6799
0.4000 0.5000 1.8955 0.1929
0.5000 0.6000 8.9378 0.1103
0.6000 0.7000 9.4322 0.0379
0.7000 0.8000 6.8556 0.0439
0.8000 0.9000 1.4344 0.0722
0.9000 1.0000 -2.5523 0.0343
#PMF from MBAR in kcal/mol
0.0000 0.0000 0.0000
0.1000 -2.8326 0.2426
0.2000 -4.6247 0.6254
0.3000 -8.3425 0.9975
0.4000 -27.4275 0.4365
0.5000 -25.5320 0.4039
0.6000 -16.5942 0.3970
0.7000 -7.1620 0.3966
0.8000 -0.3064 0.3968
0.9000 1.1280 0.4005
1.0000 -1.4243 0.4028
#TI average gradients and standard deviation in kcal/mol
0.0000 -73.2723 25.8731
0.1000 -9.7812 29.6697
0.2000 -24.0352 37.3311
0.3000 -34.4398 38.4017
0.4000 -74.6280 36.7700
0.5000 79.0671 23.7270
0.6000 90.1098 18.7780
0.7000 89.0126 10.5383
0.8000 43.8578 15.4745
0.9000 -11.9120 13.2324
1.0000 -15.2817 9.6531
#PMF from TI in kcal/mol
0.0000 0.0000
0.1000 -4.1527
0.2000 -5.8435
0.3000 -8.7672
0.4000 -14.2206
0.5000 -13.9987
0.6000 -5.5398
0.7000 3.4163
0.8000 10.0598
0.9000 11.6571
1.0000 10.2974
#MBAR free energy difference in kcal/mol: 
-1.424340, 0.402788  #WARNING SUBSAMPLING DISABLED, CONSIDER RERUN WITH SUBSAMPLING OPTION
#TI free energy difference in kcal/mol: 
10.297418  #WARNING SUBSAMPLING DISABLED, CONSIDER RERUN WITH SUBSAMPLING OPTION 
Starting /export/users/common/BioSimSpace/sire.app/bin/analyse_freenrg: number of threads equals 32
