# Analysing data contained in file(s) ['lambda_0.0000/simfile_snipped.dat', 'lambda_0.1000/simfile_snipped.dat', 'lambda_0.2000/simfile_snipped.dat', 'lambda_0.3000/simfile_snipped.dat', 'lambda_0.4000/simfile_snipped.dat', 'lambda_0.5000/simfile_snipped.dat', 'lambda_0.6000/simfile_snipped.dat', 'lambda_0.7000/simfile_snipped.dat', 'lambda_0.8000/simfile_snipped.dat', 'lambda_0.9000/simfile_snipped.dat', 'lambda_1.0000/simfile_snipped.dat']
#Overlap matrix
0.9804 0.0196 0.0000 0.0000 0.0000 0.0000 0.0000 0.0000 0.0000 0.0000 0.0000
0.0196 0.9552 0.0252 0.0000 0.0000 0.0000 0.0000 0.0000 0.0000 0.0000 0.0000
0.0000 0.0252 0.9541 0.0207 0.0000 0.0000 0.0000 0.0000 0.0000 0.0000 0.0000
0.0000 0.0000 0.0207 0.9291 0.0501 0.0001 0.0000 0.0000 0.0000 0.0000 0.0000
0.0000 0.0000 0.0000 0.0501 0.8746 0.0752 0.0000 0.0000 0.0000 0.0000 0.0000
0.0000 0.0000 0.0000 0.0001 0.0752 0.8583 0.0664 0.0000 0.0000 0.0000 0.0000
0.0000 0.0000 0.0000 0.0000 0.0000 0.0664 0.8540 0.0795 0.0000 0.0000 0.0000
0.0000 0.0000 0.0000 0.0000 0.0000 0.0000 0.0795 0.8514 0.0691 0.0000 0.0000
0.0000 0.0000 0.0000 0.0000 0.0000 0.0000 0.0000 0.0691 0.8673 0.0636 0.0000
0.0000 0.0000 0.0000 0.0000 0.0000 0.0000 0.0000 0.0000 0.0636 0.8755 0.0609
0.0000 0.0000 0.0000 0.0000 0.0000 0.0000 0.0000 0.0000 0.0000 0.0609 0.9391
#DG from neighbouring lambda in kcal/mol
0.0000 0.1000 9.1964 0.2018
0.1000 0.2000 7.1180 0.1769
0.2000 0.3000 3.9488 0.1962
0.3000 0.4000 1.7726 0.1220
0.4000 0.5000 0.4870 0.0968
0.5000 0.6000 -3.1474 0.1041
0.6000 0.7000 -7.2047 0.0936
0.7000 0.8000 -10.7785 0.1018
0.8000 0.9000 -14.6990 0.1067
0.9000 1.0000 -17.1887 0.1094
#PMF from MBAR in kcal/mol
0.0000 0.0000 0.0000
0.1000 9.1964 0.2018
0.2000 16.3144 0.2714
0.3000 20.2632 0.3374
0.4000 22.0359 0.3611
0.5000 22.5228 0.3760
0.6000 19.3755 0.3922
0.7000 12.1708 0.4053
0.8000 1.3923 0.4199
0.9000 -13.3067 0.4351
1.0000 -30.4954 0.4505
#TI average gradients and standard deviation in kcal/mol
0.0000 2637.4935 38062.8328
0.1000 83.1750 30.4168
0.2000 56.0936 27.2520
0.3000 25.6445 27.0844
0.4000 13.6380 19.4788
0.5000 -11.1209 21.6438
0.6000 -52.2340 19.9367
0.7000 -90.3842 19.8961
0.8000 -127.1434 23.0068
0.9000 -162.6328 21.2189
1.0000 -323.7411 3161.7458
#PMF from TI in kcal/mol
0.0000 0.0000
0.1000 136.0334
0.2000 142.9969
0.3000 147.0838
0.4000 149.0479
0.5000 149.1737
0.6000 146.0060
0.7000 138.8751
0.8000 127.9987
0.9000 113.5099
1.0000 89.1912
#MBAR free energy difference in kcal/mol: 
-30.495430, 0.450503  #WARNING SUBSAMPLING DISABLED, CONSIDER RERUN WITH SUBSAMPLING OPTION
#TI free energy difference in kcal/mol: 
89.191201  #WARNING SUBSAMPLING DISABLED, CONSIDER RERUN WITH SUBSAMPLING OPTION 
Starting /export/users/common/BioSimSpace/sire.app/bin/analyse_freenrg: number of threads equals 32
