# Analysing data contained in file(s) ['lambda_0.0000/simfile_snipped.dat', 'lambda_0.1000/simfile_snipped.dat', 'lambda_0.2000/simfile_snipped.dat', 'lambda_0.3000/simfile_snipped.dat', 'lambda_0.4000/simfile_snipped.dat', 'lambda_0.5000/simfile_snipped.dat', 'lambda_0.6000/simfile_snipped.dat', 'lambda_0.7000/simfile_snipped.dat', 'lambda_0.8000/simfile_snipped.dat', 'lambda_0.9000/simfile_snipped.dat', 'lambda_1.0000/simfile_snipped.dat']
#Overlap matrix
0.8009 0.1926 0.0064 0.0001 0.0000 0.0000 0.0000 0.0000 0.0000 0.0000 0.0000
0.1926 0.5997 0.1970 0.0106 0.0001 0.0000 0.0000 0.0000 0.0000 0.0000 0.0000
0.0064 0.1970 0.5734 0.2092 0.0139 0.0001 0.0000 0.0000 0.0000 0.0000 0.0000
0.0001 0.0106 0.2092 0.5549 0.2156 0.0097 0.0001 0.0000 0.0000 0.0000 0.0000
0.0000 0.0001 0.0139 0.2156 0.5614 0.1988 0.0101 0.0001 0.0000 0.0000 0.0000
0.0000 0.0000 0.0001 0.0097 0.1988 0.5667 0.2136 0.0109 0.0001 0.0000 0.0000
0.0000 0.0000 0.0000 0.0001 0.0101 0.2136 0.5544 0.2121 0.0096 0.0000 0.0000
0.0000 0.0000 0.0000 0.0000 0.0001 0.0109 0.2121 0.5856 0.1869 0.0044 0.0000
0.0000 0.0000 0.0000 0.0000 0.0000 0.0001 0.0096 0.1869 0.6346 0.1689 0.0000
0.0000 0.0000 0.0000 0.0000 0.0000 0.0000 0.0000 0.0044 0.1689 0.8245 0.0021
0.0000 0.0000 0.0000 0.0000 0.0000 0.0000 0.0000 0.0000 0.0000 0.0021 0.9979
#DG from neighbouring lambda in kcal/mol
0.0000 0.1000 -0.2631 0.0501
0.1000 0.2000 -0.0958 0.0472
0.2000 0.3000 -0.0357 0.0437
0.3000 0.4000 -0.0331 0.0427
0.4000 0.5000 -0.4137 0.0463
0.5000 0.6000 -0.8218 0.0435
0.6000 0.7000 -1.1961 0.0438
0.7000 0.8000 -1.5961 0.0498
0.8000 0.9000 -2.3472 0.0560
0.9000 1.0000 -8.1770 0.6253
#PMF from MBAR in kcal/mol
0.0000 0.0000 0.0000
0.1000 -0.2631 0.0501
0.2000 -0.3589 0.0784
0.3000 -0.3946 0.0968
0.4000 -0.4277 0.1116
0.5000 -0.8414 0.1263
0.6000 -1.6633 0.1385
0.7000 -2.8594 0.1498
0.8000 -4.4555 0.1620
0.9000 -6.8027 0.1756
1.0000 -14.9797 0.6508
#TI average gradients and standard deviation in kcal/mol
0.0000 -6.7462 13.3800
0.1000 -1.4045 13.5298
0.2000 0.0587 12.5404
0.3000 -0.2762 11.2728
0.4000 -1.5007 12.4169
0.5000 -6.4919 12.0268
0.6000 -10.1612 12.2664
0.7000 -13.3839 12.1192
0.8000 -19.3042 13.2579
0.9000 -29.8909 17.4215
1.0000 -1788.0427 1491.5778
#PMF from TI in kcal/mol
0.0000 0.0000
0.1000 -0.4075
0.2000 -0.4748
0.3000 -0.4857
0.4000 -0.5745
0.5000 -0.9742
0.6000 -1.8068
0.7000 -2.9841
0.8000 -4.6185
0.9000 -7.0783
1.0000 -97.9749
#MBAR free energy difference in kcal/mol: 
-14.979675, 0.650771  #WARNING SUBSAMPLING DISABLED, CONSIDER RERUN WITH SUBSAMPLING OPTION
#TI free energy difference in kcal/mol: 
-97.974934  #WARNING SUBSAMPLING DISABLED, CONSIDER RERUN WITH SUBSAMPLING OPTION 
Starting /export/users/common/BioSimSpace/sire.app/bin/analyse_freenrg: number of threads equals 32
