# Analysing data contained in file(s) ['lambda_0.0000/simfile_snipped.dat', 'lambda_0.1000/simfile_snipped.dat', 'lambda_0.2000/simfile_snipped.dat', 'lambda_0.3000/simfile_snipped.dat', 'lambda_0.4000/simfile_snipped.dat', 'lambda_0.5000/simfile_snipped.dat', 'lambda_0.6000/simfile_snipped.dat', 'lambda_0.7000/simfile_snipped.dat', 'lambda_0.8000/simfile_snipped.dat', 'lambda_0.9000/simfile_snipped.dat', 'lambda_1.0000/simfile_snipped.dat']
#Overlap matrix
0.7372 0.2368 0.0251 0.0009 0.0000 0.0000 0.0000 0.0000 0.0000 0.0000 0.0000
0.2368 0.4949 0.2356 0.0312 0.0015 0.0000 0.0000 0.0000 0.0000 0.0000 0.0000
0.0251 0.2356 0.4649 0.2341 0.0383 0.0019 0.0000 0.0000 0.0000 0.0000 0.0000
0.0009 0.0312 0.2341 0.4481 0.2452 0.0387 0.0017 0.0000 0.0000 0.0000 0.0000
0.0000 0.0015 0.0383 0.2452 0.4413 0.2359 0.0359 0.0018 0.0000 0.0000 0.0000
0.0000 0.0000 0.0019 0.0387 0.2359 0.4474 0.2335 0.0398 0.0027 0.0001 0.0000
0.0000 0.0000 0.0000 0.0017 0.0359 0.2335 0.4279 0.2497 0.0487 0.0026 0.0000
0.0000 0.0000 0.0000 0.0000 0.0018 0.0398 0.2497 0.4295 0.2395 0.0380 0.0016
0.0000 0.0000 0.0000 0.0000 0.0000 0.0027 0.0487 0.2395 0.4404 0.2386 0.0300
0.0000 0.0000 0.0000 0.0000 0.0000 0.0001 0.0026 0.0380 0.2386 0.4876 0.2331
0.0000 0.0000 0.0000 0.0000 0.0000 0.0000 0.0000 0.0016 0.0300 0.2331 0.7353
#DG from neighbouring lambda in kcal/mol
0.0000 0.1000 -2.8466 0.0391
0.1000 0.2000 -2.4067 0.0350
0.2000 0.3000 -1.9619 0.0334
0.3000 0.4000 -1.5184 0.0311
0.4000 0.5000 -1.1791 0.0325
0.5000 0.6000 -0.9634 0.0326
0.6000 0.7000 -0.7072 0.0292
0.7000 0.8000 -0.3169 0.0307
0.8000 0.9000 0.0738 0.0330
0.9000 1.0000 0.6466 0.0389
#PMF from MBAR in kcal/mol
0.0000 0.0000 0.0000
0.1000 -2.8466 0.0391
0.2000 -5.2532 0.0620
0.3000 -7.2151 0.0776
0.4000 -8.7335 0.0894
0.5000 -9.9126 0.1003
0.6000 -10.8759 0.1103
0.7000 -11.5831 0.1184
0.8000 -11.9000 0.1260
0.9000 -11.8262 0.1341
1.0000 -11.1797 0.1433
#TI average gradients and standard deviation in kcal/mol
0.0000 -30.7811 11.2962
0.1000 -26.6655 10.3484
0.2000 -22.4397 10.5837
0.3000 -16.6116 9.7680
0.4000 -13.4195 9.0749
0.5000 -10.5320 9.7948
0.6000 -8.7864 9.4377
0.7000 -4.7918 8.7359
0.8000 -1.4406 9.2298
0.9000 3.2496 9.6581
1.0000 10.0329 11.3779
#PMF from TI in kcal/mol
0.0000 0.0000
0.1000 -2.8723
0.2000 -5.3276
0.3000 -7.2802
0.4000 -8.7817
0.5000 -9.9793
0.6000 -10.9452
0.7000 -11.6241
0.8000 -11.9357
0.9000 -11.8453
1.0000 -11.1812
#MBAR free energy difference in kcal/mol: 
-11.179675, 0.143350  #WARNING SUBSAMPLING DISABLED, CONSIDER RERUN WITH SUBSAMPLING OPTION
#TI free energy difference in kcal/mol: 
-11.181175  #WARNING SUBSAMPLING DISABLED, CONSIDER RERUN WITH SUBSAMPLING OPTION 
Starting /export/users/common/BioSimSpace/sire.app/bin/analyse_freenrg: number of threads equals 32
