# Analysing data contained in file(s) ['lambda_0.0000/simfile_snipped.dat', 'lambda_0.1000/simfile_snipped.dat', 'lambda_0.2000/simfile_snipped.dat', 'lambda_0.3000/simfile_snipped.dat', 'lambda_0.4000/simfile_snipped.dat', 'lambda_0.5000/simfile_snipped.dat', 'lambda_0.6000/simfile_snipped.dat', 'lambda_0.7000/simfile_snipped.dat', 'lambda_0.8000/simfile_snipped.dat', 'lambda_0.9000/simfile_snipped.dat', 'lambda_1.0000/simfile_snipped.dat']
#Overlap matrix
0.9829 0.0171 0.0000 0.0000 0.0000 0.0000 0.0000 0.0000 0.0000 0.0000 0.0000
0.0171 0.9726 0.0104 0.0000 0.0000 0.0000 0.0000 0.0000 0.0000 0.0000 0.0000
0.0000 0.0104 0.9820 0.0076 0.0000 0.0000 0.0000 0.0000 0.0000 0.0000 0.0000
0.0000 0.0000 0.0076 0.9792 0.0132 0.0000 0.0000 0.0000 0.0000 0.0000 0.0000
0.0000 0.0000 0.0000 0.0132 0.9562 0.0306 0.0000 0.0000 0.0000 0.0000 0.0000
0.0000 0.0000 0.0000 0.0000 0.0306 0.9614 0.0076 0.0003 0.0001 0.0000 0.0000
0.0000 0.0000 0.0000 0.0000 0.0000 0.0076 0.8404 0.1492 0.0028 0.0000 0.0000
0.0000 0.0000 0.0000 0.0000 0.0000 0.0003 0.1492 0.7196 0.1294 0.0015 0.0000
0.0000 0.0000 0.0000 0.0000 0.0000 0.0001 0.0028 0.1294 0.6913 0.1717 0.0048
0.0000 0.0000 0.0000 0.0000 0.0000 0.0000 0.0000 0.0015 0.1717 0.6264 0.2004
0.0000 0.0000 0.0000 0.0000 0.0000 0.0000 0.0000 0.0000 0.0048 0.2004 0.7948
#DG from neighbouring lambda in kcal/mol
0.0000 0.1000 -7.6735 0.2169
0.1000 0.2000 -2.5840 0.2798
0.2000 0.3000 -2.0916 0.3277
0.3000 0.4000 -1.2589 0.2479
0.4000 0.5000 0.5934 0.1596
0.5000 0.6000 0.2672 0.3189
0.6000 0.7000 3.3698 0.0616
0.7000 0.8000 3.5422 0.0675
0.8000 0.9000 1.0408 0.0548
0.9000 1.0000 -0.7175 0.0489
#PMF from MBAR in kcal/mol
0.0000 0.0000 0.0000
0.1000 -7.6735 0.2169
0.2000 -10.2575 0.3564
0.3000 -12.3492 0.4858
0.4000 -13.6081 0.5469
0.5000 -13.0147 0.5712
0.6000 -12.7475 0.6554
0.7000 -9.3777 0.6592
0.8000 -5.8354 0.6636
0.9000 -4.7947 0.6670
1.0000 -5.5122 0.6699
#TI average gradients and standard deviation in kcal/mol
0.0000 -150.3003 31.6175
0.1000 -35.5161 30.1636
0.2000 -21.2265 30.2635
0.3000 -18.1516 32.4735
0.4000 -3.6874 27.7874
0.5000 16.3948 26.4152
0.6000 9.0038 21.1043
0.7000 45.8982 15.4785
0.8000 21.7880 15.3292
0.9000 0.3633 12.9541
1.0000 10.1167 13.2057
#PMF from TI in kcal/mol
0.0000 0.0000
0.1000 -9.2908
0.2000 -12.1280
0.3000 -14.0969
0.4000 -15.1888
0.5000 -14.5534
0.6000 -13.2835
0.7000 -10.5384
0.8000 -7.1541
0.9000 -6.0465
1.0000 -5.5225
#MBAR free energy difference in kcal/mol: 
-5.512197, 0.669911  #WARNING SUBSAMPLING DISABLED, CONSIDER RERUN WITH SUBSAMPLING OPTION
#TI free energy difference in kcal/mol: 
-5.522521  #WARNING SUBSAMPLING DISABLED, CONSIDER RERUN WITH SUBSAMPLING OPTION 
Starting /export/users/common/BioSimSpace/sire.app/bin/analyse_freenrg: number of threads equals 32
