# Analysing data contained in file(s) ['lambda_0.0000/simfile_snipped.dat', 'lambda_0.1000/simfile_snipped.dat', 'lambda_0.2000/simfile_snipped.dat', 'lambda_0.3000/simfile_snipped.dat', 'lambda_0.4000/simfile_snipped.dat', 'lambda_0.5000/simfile_snipped.dat', 'lambda_0.6000/simfile_snipped.dat', 'lambda_0.7000/simfile_snipped.dat', 'lambda_0.8000/simfile_snipped.dat', 'lambda_0.9000/simfile_snipped.dat', 'lambda_1.0000/simfile_snipped.dat']
#Overlap matrix
0.9473 0.0527 0.0000 0.0000 0.0000 0.0000 0.0000 0.0000 0.0000 0.0000 0.0000
0.0527 0.8670 0.0802 0.0001 0.0000 0.0000 0.0000 0.0000 0.0000 0.0000 0.0000
0.0000 0.0802 0.8384 0.0813 0.0000 0.0000 0.0000 0.0000 0.0000 0.0000 0.0000
0.0000 0.0001 0.0813 0.8337 0.0848 0.0001 0.0000 0.0000 0.0000 0.0000 0.0000
0.0000 0.0000 0.0000 0.0848 0.8281 0.0869 0.0002 0.0000 0.0000 0.0000 0.0000
0.0000 0.0000 0.0000 0.0001 0.0869 0.8357 0.0772 0.0001 0.0000 0.0000 0.0000
0.0000 0.0000 0.0000 0.0000 0.0002 0.0772 0.8244 0.0981 0.0001 0.0000 0.0000
0.0000 0.0000 0.0000 0.0000 0.0000 0.0001 0.0981 0.8067 0.0949 0.0001 0.0000
0.0000 0.0000 0.0000 0.0000 0.0000 0.0000 0.0001 0.0949 0.8162 0.0887 0.0001
0.0000 0.0000 0.0000 0.0000 0.0000 0.0000 0.0000 0.0001 0.0887 0.8430 0.0682
0.0000 0.0000 0.0000 0.0000 0.0000 0.0000 0.0000 0.0000 0.0001 0.0682 0.9318
#DG from neighbouring lambda in kcal/mol
0.0000 0.1000 0.8896 0.1187
0.1000 0.2000 0.7814 0.0932
0.2000 0.3000 0.9500 0.0924
0.3000 0.4000 0.2191 0.0901
0.4000 0.5000 -0.6617 0.0887
0.5000 0.6000 -0.7800 0.0951
0.6000 0.7000 -1.0153 0.0824
0.7000 0.8000 -1.8824 0.0841
0.8000 0.9000 -2.7490 0.0876
0.9000 1.0000 -3.4890 0.1025
#PMF from MBAR in kcal/mol
0.0000 0.0000 0.0000
0.1000 0.8896 0.1187
0.2000 1.6710 0.1563
0.3000 2.6210 0.1860
0.4000 2.8401 0.2106
0.5000 2.1784 0.2321
0.6000 1.3984 0.2541
0.7000 0.3831 0.2701
0.8000 -1.4993 0.2858
0.9000 -4.2483 0.3017
1.0000 -7.7373 0.3212
#TI average gradients and standard deviation in kcal/mol
0.0000 5.4900 22.7430
0.1000 7.8493 21.7716
0.2000 9.6195 18.2100
0.3000 5.0643 19.6099
0.4000 -2.9029 20.3900
0.5000 -6.9341 18.1853
0.6000 -10.4108 19.4130
0.7000 -13.5856 21.0446
0.8000 -23.1070 20.3524
0.9000 -30.0571 20.4508
1.0000 -32.6232 19.9634
#PMF from TI in kcal/mol
0.0000 0.0000
0.1000 0.6670
0.2000 1.5404
0.3000 2.2746
0.4000 2.3827
0.5000 1.8908
0.6000 1.0236
0.7000 -0.1763
0.8000 -2.0109
0.9000 -4.6691
1.0000 -7.8031
#MBAR free energy difference in kcal/mol: 
-7.737293, 0.321191  #WARNING SUBSAMPLING DISABLED, CONSIDER RERUN WITH SUBSAMPLING OPTION
#TI free energy difference in kcal/mol: 
-7.803114  #WARNING SUBSAMPLING DISABLED, CONSIDER RERUN WITH SUBSAMPLING OPTION 
Starting /export/users/common/BioSimSpace/sire.app/bin/analyse_freenrg: number of threads equals 32
