# Analysing data contained in file(s) ['lambda_0.0000/simfile_snipped.dat', 'lambda_0.1000/simfile_snipped.dat', 'lambda_0.2000/simfile_snipped.dat', 'lambda_0.3000/simfile_snipped.dat', 'lambda_0.4000/simfile_snipped.dat', 'lambda_0.5000/simfile_snipped.dat', 'lambda_0.6000/simfile_snipped.dat', 'lambda_0.7000/simfile_snipped.dat', 'lambda_0.8000/simfile_snipped.dat', 'lambda_0.9000/simfile_snipped.dat', 'lambda_1.0000/simfile_snipped.dat']
#Overlap matrix
0.9356 0.0644 0.0000 0.0000 0.0000 0.0000 0.0000 0.0000 0.0000 0.0000 0.0000
0.0644 0.8205 0.1144 0.0007 0.0000 0.0000 0.0000 0.0000 0.0000 0.0000 0.0000
0.0000 0.1144 0.7369 0.1445 0.0041 0.0000 0.0000 0.0000 0.0000 0.0000 0.0000
0.0000 0.0007 0.1445 0.6671 0.1878 0.0000 0.0000 0.0000 0.0000 0.0000 0.0000
0.0000 0.0000 0.0041 0.1878 0.8081 0.0000 0.0000 0.0000 0.0000 0.0000 0.0000
0.0000 0.0000 0.0000 0.0000 0.0000 0.9886 0.0114 0.0000 0.0000 0.0000 0.0000
0.0000 0.0000 0.0000 0.0000 0.0000 0.0114 0.9767 0.0118 0.0000 0.0000 0.0000
0.0000 0.0000 0.0000 0.0000 0.0000 0.0000 0.0118 0.9779 0.0102 0.0000 0.0000
0.0000 0.0000 0.0000 0.0000 0.0000 0.0000 0.0000 0.0102 0.9756 0.0141 0.0000
0.0000 0.0000 0.0000 0.0000 0.0000 0.0000 0.0000 0.0000 0.0141 0.9733 0.0126
0.0000 0.0000 0.0000 0.0000 0.0000 0.0000 0.0000 0.0000 0.0000 0.0126 0.9874
#DG from neighbouring lambda in kcal/mol
0.0000 0.1000 5.6996 0.1060
0.1000 0.2000 0.9522 0.0745
0.2000 0.3000 -2.6287 0.0625
0.3000 0.4000 -0.1325 0.0517
0.4000 0.5000 16.5474 144.4566
0.5000 0.6000 3.3749 0.2664
0.6000 0.7000 2.6077 0.2618
0.7000 0.8000 1.4778 0.2820
0.8000 0.9000 0.2750 0.2388
0.9000 1.0000 2.5511 0.2535
#PMF from MBAR in kcal/mol
0.0000 0.0000 0.0000
0.1000 5.6996 0.1060
0.2000 6.6517 0.1358
0.3000 4.0230 0.1547
0.4000 3.8905 0.1674
0.5000 20.4379 144.4566
0.6000 23.8128 144.4569
0.7000 26.4205 144.4571
0.8000 27.8983 144.4574
0.9000 28.1733 144.4576
1.0000 30.7244 144.4578
#TI average gradients and standard deviation in kcal/mol
0.0000 7750736.1773 149785249.8547
0.1000 32.9726 20.9702
0.2000 -10.7641 16.7544
0.3000 -33.6695 13.6929
0.4000 69.3199 16.7177
0.5000 50.1406 39.4378
0.6000 30.1353 29.7657
0.7000 16.4791 30.0309
0.8000 4.8883 28.7556
0.9000 1.8738 28.4251
1.0000 67.8804 32.7585
#PMF from TI in kcal/mol
0.0000 0.0000
0.1000 387538.4575
0.2000 387539.5679
0.3000 387537.3462
0.4000 387539.1287
0.5000 387545.1018
0.6000 387549.1156
0.7000 387551.4463
0.8000 387552.5147
0.9000 387552.8528
1.0000 387556.3405
#MBAR free energy difference in kcal/mol: 
30.724402, 144.457830  #WARNING SUBSAMPLING DISABLED, CONSIDER RERUN WITH SUBSAMPLING OPTION
#TI free energy difference in kcal/mol: 
387556.340466  #WARNING SUBSAMPLING DISABLED, CONSIDER RERUN WITH SUBSAMPLING OPTION 
Starting /export/users/common/BioSimSpace/sire.app/bin/analyse_freenrg: number of threads equals 32
