# Analysing data contained in file(s) ['lambda_0.0000/simfile_snipped.dat', 'lambda_0.1000/simfile_snipped.dat', 'lambda_0.2000/simfile_snipped.dat', 'lambda_0.3000/simfile_snipped.dat', 'lambda_0.4000/simfile_snipped.dat', 'lambda_0.5000/simfile_snipped.dat', 'lambda_0.6000/simfile_snipped.dat', 'lambda_0.7000/simfile_snipped.dat', 'lambda_0.8000/simfile_snipped.dat', 'lambda_0.9000/simfile_snipped.dat', 'lambda_1.0000/simfile_snipped.dat']
#Overlap matrix
0.8175 0.1777 0.0047 0.0000 0.0000 0.0000 0.0000 0.0000 0.0000 0.0000 0.0000
0.1777 0.6134 0.2015 0.0073 0.0000 0.0000 0.0000 0.0000 0.0000 0.0000 0.0000
0.0047 0.2015 0.6074 0.1829 0.0034 0.0000 0.0000 0.0000 0.0000 0.0000 0.0000
0.0000 0.0073 0.1829 0.6813 0.1278 0.0007 0.0000 0.0000 0.0000 0.0000 0.0000
0.0000 0.0000 0.0034 0.1278 0.7505 0.1169 0.0013 0.0000 0.0000 0.0000 0.0000
0.0000 0.0000 0.0000 0.0007 0.1169 0.7577 0.1232 0.0015 0.0000 0.0000 0.0000
0.0000 0.0000 0.0000 0.0000 0.0013 0.1232 0.8252 0.0503 0.0000 0.0000 0.0000
0.0000 0.0000 0.0000 0.0000 0.0000 0.0015 0.0503 0.9229 0.0252 0.0000 0.0000
0.0000 0.0000 0.0000 0.0000 0.0000 0.0000 0.0000 0.0252 0.9468 0.0279 0.0000
0.0000 0.0000 0.0000 0.0000 0.0000 0.0000 0.0000 0.0000 0.0279 0.9533 0.0188
0.0000 0.0000 0.0000 0.0000 0.0000 0.0000 0.0000 0.0000 0.0000 0.0188 0.9812
#DG from neighbouring lambda in kcal/mol
0.0000 0.1000 -4.7277 0.0538
0.1000 0.2000 -4.4466 0.0473
0.2000 0.3000 -3.9209 0.0513
0.3000 0.4000 -3.4478 0.0681
0.4000 0.5000 -4.0912 0.0729
0.5000 0.6000 -3.5450 0.0702
0.6000 0.7000 0.0045 0.1198
0.7000 0.8000 2.6957 0.1766
0.8000 0.9000 4.5187 0.1675
0.9000 1.0000 8.1887 0.2062
#PMF from MBAR in kcal/mol
0.0000 0.0000 0.0000
0.1000 -4.7277 0.0538
0.2000 -9.1743 0.0811
0.3000 -13.0952 0.1029
0.4000 -16.5430 0.1291
0.5000 -20.6342 0.1535
0.6000 -24.1792 0.1732
0.7000 -24.1747 0.2136
0.8000 -21.4790 0.2800
0.9000 -16.9603 0.3288
1.0000 -8.7716 0.3903
#TI average gradients and standard deviation in kcal/mol
0.0000 -57.0435 14.6194
0.1000 -46.9972 13.7371
0.2000 -41.5218 13.1709
0.3000 -35.8247 13.3480
0.4000 -37.1994 18.4865
0.5000 -43.5029 17.2481
0.6000 -21.3154 19.8429
0.7000 17.1979 27.3410
0.8000 34.3995 25.7661
0.9000 56.0995 24.9805
1.0000 107.9049 28.5307
#PMF from TI in kcal/mol
0.0000 0.0000
0.1000 -5.2020
0.2000 -9.6280
0.3000 -13.4953
0.4000 -17.1465
0.5000 -21.1816
0.6000 -24.4225
0.7000 -24.6284
0.8000 -22.0485
0.9000 -17.5236
1.0000 -9.3234
#MBAR free energy difference in kcal/mol: 
-8.771623, 0.390263  #WARNING SUBSAMPLING DISABLED, CONSIDER RERUN WITH SUBSAMPLING OPTION
#TI free energy difference in kcal/mol: 
-9.323372  #WARNING SUBSAMPLING DISABLED, CONSIDER RERUN WITH SUBSAMPLING OPTION 
Starting /export/users/common/BioSimSpace/sire.app/bin/analyse_freenrg: number of threads equals 32
