# Analysing data contained in file(s) ['lambda_0.0000/simfile_snipped.dat', 'lambda_0.1000/simfile_snipped.dat', 'lambda_0.2000/simfile_snipped.dat', 'lambda_0.3000/simfile_snipped.dat', 'lambda_0.4000/simfile_snipped.dat', 'lambda_0.5000/simfile_snipped.dat', 'lambda_0.6000/simfile_snipped.dat', 'lambda_0.7000/simfile_snipped.dat', 'lambda_0.8000/simfile_snipped.dat', 'lambda_0.9000/simfile_snipped.dat', 'lambda_1.0000/simfile_snipped.dat']
#Overlap matrix
0.9254 0.0745 0.0001 0.0000 0.0000 0.0000 0.0000 0.0000 0.0000 0.0000 0.0000
0.0745 0.8208 0.1041 0.0005 0.0000 0.0000 0.0000 0.0000 0.0000 0.0000 0.0000
0.0001 0.1041 0.7724 0.1222 0.0012 0.0000 0.0000 0.0000 0.0000 0.0000 0.0000
0.0000 0.0005 0.1222 0.7343 0.1417 0.0013 0.0000 0.0000 0.0000 0.0000 0.0000
0.0000 0.0000 0.0012 0.1417 0.7063 0.1491 0.0017 0.0000 0.0000 0.0000 0.0000
0.0000 0.0000 0.0000 0.0013 0.1491 0.6995 0.1489 0.0012 0.0000 0.0000 0.0000
0.0000 0.0000 0.0000 0.0000 0.0017 0.1489 0.7014 0.1471 0.0009 0.0000 0.0000
0.0000 0.0000 0.0000 0.0000 0.0000 0.0012 0.1471 0.7200 0.1312 0.0006 0.0000
0.0000 0.0000 0.0000 0.0000 0.0000 0.0000 0.0009 0.1312 0.7436 0.1242 0.0001
0.0000 0.0000 0.0000 0.0000 0.0000 0.0000 0.0000 0.0006 0.1242 0.8040 0.0712
0.0000 0.0000 0.0000 0.0000 0.0000 0.0000 0.0000 0.0000 0.0001 0.0712 0.9287
#DG from neighbouring lambda in kcal/mol
0.0000 0.1000 2.2478 0.0973
0.1000 0.2000 2.4169 0.0792
0.2000 0.3000 1.2421 0.0710
0.3000 0.4000 -0.5370 0.0640
0.4000 0.5000 -2.8984 0.0617
0.5000 0.6000 -5.3124 0.0617
0.6000 0.7000 -8.0616 0.0625
0.7000 0.8000 -10.9390 0.0678
0.8000 0.9000 -13.8079 0.0706
0.9000 1.0000 -16.9226 0.0999
#PMF from MBAR in kcal/mol
0.0000 0.0000 0.0000
0.1000 2.2478 0.0973
0.2000 4.6648 0.1318
0.3000 5.9069 0.1549
0.4000 5.3698 0.1722
0.5000 2.4714 0.1872
0.6000 -2.8410 0.2009
0.7000 -10.9026 0.2141
0.8000 -21.8416 0.2281
0.9000 -35.6495 0.2422
1.0000 -52.5721 0.2651
#TI average gradients and standard deviation in kcal/mol
0.0000 10.4707 22.6115
0.1000 27.0623 19.3004
0.2000 20.8219 16.8595
0.3000 4.1480 16.0741
0.4000 -17.2882 16.2527
0.5000 -40.4378 14.8270
0.6000 -66.5136 15.4731
0.7000 -94.3870 15.7292
0.8000 -124.3911 16.4216
0.9000 -152.0271 18.0878
1.0000 -184.6630 21.6312
#PMF from TI in kcal/mol
0.0000 0.0000
0.1000 1.8766
0.2000 4.2709
0.3000 5.5194
0.4000 4.8623
0.5000 1.9760
0.6000 -3.3715
0.7000 -11.4166
0.8000 -22.3555
0.9000 -36.1764
1.0000 -53.0109
#MBAR free energy difference in kcal/mol: 
-52.572129, 0.265073  #WARNING SUBSAMPLING DISABLED, CONSIDER RERUN WITH SUBSAMPLING OPTION
#TI free energy difference in kcal/mol: 
-53.010867  #WARNING SUBSAMPLING DISABLED, CONSIDER RERUN WITH SUBSAMPLING OPTION 
Starting /export/users/common/BioSimSpace/sire.app/bin/analyse_freenrg: number of threads equals 32
