# Analysing data contained in file(s) ['lambda_0.0000/simfile_snipped.dat', 'lambda_0.1000/simfile_snipped.dat', 'lambda_0.2000/simfile_snipped.dat', 'lambda_0.3000/simfile_snipped.dat', 'lambda_0.4000/simfile_snipped.dat', 'lambda_0.5000/simfile_snipped.dat', 'lambda_0.6000/simfile_snipped.dat', 'lambda_0.7000/simfile_snipped.dat', 'lambda_0.8000/simfile_snipped.dat', 'lambda_0.9000/simfile_snipped.dat', 'lambda_1.0000/simfile_snipped.dat']
#Overlap matrix
0.9386 0.0614 0.0000 0.0000 0.0000 0.0000 0.0000 0.0000 0.0000 0.0000 0.0000
0.0614 0.8807 0.0580 0.0000 0.0000 0.0000 0.0000 0.0000 0.0000 0.0000 0.0000
0.0000 0.0580 0.8967 0.0453 0.0000 0.0000 0.0000 0.0000 0.0000 0.0000 0.0000
0.0000 0.0000 0.0453 0.9109 0.0439 0.0000 0.0000 0.0000 0.0000 0.0000 0.0000
0.0000 0.0000 0.0000 0.0439 0.9248 0.0314 0.0000 0.0000 0.0000 0.0000 0.0000
0.0000 0.0000 0.0000 0.0000 0.0314 0.9374 0.0312 0.0000 0.0000 0.0000 0.0000
0.0000 0.0000 0.0000 0.0000 0.0000 0.0312 0.9419 0.0269 0.0000 0.0000 0.0000
0.0000 0.0000 0.0000 0.0000 0.0000 0.0000 0.0269 0.9603 0.0128 0.0000 0.0000
0.0000 0.0000 0.0000 0.0000 0.0000 0.0000 0.0000 0.0128 0.9811 0.0061 0.0000
0.0000 0.0000 0.0000 0.0000 0.0000 0.0000 0.0000 0.0000 0.0061 0.9929 0.0010
0.0000 0.0000 0.0000 0.0000 0.0000 0.0000 0.0000 0.0000 0.0000 0.0010 0.9990
#DG from neighbouring lambda in kcal/mol
0.0000 0.1000 2.1637 0.1089
0.1000 0.2000 1.9397 0.1125
0.2000 0.3000 1.3179 0.1292
0.3000 0.4000 1.3433 0.1314
0.4000 0.5000 0.9157 0.1575
0.5000 0.6000 0.6213 0.1580
0.6000 0.7000 0.2890 0.1708
0.7000 0.8000 1.2098 0.2516
0.8000 0.9000 2.2406 0.3666
0.9000 1.0000 4.1582 0.8896
#PMF from MBAR in kcal/mol
0.0000 0.0000 0.0000
0.1000 2.1637 0.1089
0.2000 4.1034 0.1618
0.3000 5.4212 0.2110
0.4000 6.7645 0.2519
0.5000 7.6802 0.2999
0.6000 8.3015 0.3414
0.7000 8.5905 0.3839
0.8000 9.8003 0.4608
0.9000 12.0409 0.5902
1.0000 16.1991 1.0683
#TI average gradients and standard deviation in kcal/mol
0.0000 11.1006 19.7387
0.1000 19.7140 21.4780
0.2000 16.1844 22.4627
0.3000 11.0609 20.9457
0.4000 10.7644 23.4173
0.5000 6.1187 24.5495
0.6000 4.6418 27.7884
0.7000 7.9919 26.1920
0.8000 13.8538 29.7495
0.9000 33.2882 32.9517
1.0000 69.2592 35.7505
#PMF from TI in kcal/mol
0.0000 0.0000
0.1000 1.5407
0.2000 3.3357
0.3000 4.6979
0.4000 5.7892
0.5000 6.6333
0.6000 7.1714
0.7000 7.8030
0.8000 8.8953
0.9000 11.2524
1.0000 16.3798
#MBAR free energy difference in kcal/mol: 
16.199099, 1.068344  #WARNING SUBSAMPLING DISABLED, CONSIDER RERUN WITH SUBSAMPLING OPTION
#TI free energy difference in kcal/mol: 
16.379798  #WARNING SUBSAMPLING DISABLED, CONSIDER RERUN WITH SUBSAMPLING OPTION 
Starting /export/users/common/BioSimSpace/sire.app/bin/analyse_freenrg: number of threads equals 32
