# Analysing data contained in file(s) ['lambda_0.0000/simfile_snipped.dat', 'lambda_0.1000/simfile_snipped.dat', 'lambda_0.2000/simfile_snipped.dat', 'lambda_0.3000/simfile_snipped.dat', 'lambda_0.4000/simfile_snipped.dat', 'lambda_0.5000/simfile_snipped.dat', 'lambda_0.6000/simfile_snipped.dat', 'lambda_0.7000/simfile_snipped.dat', 'lambda_0.8000/simfile_snipped.dat', 'lambda_0.9000/simfile_snipped.dat', 'lambda_1.0000/simfile_snipped.dat']
#Overlap matrix
0.8461 0.1536 0.0004 0.0000 0.0000 0.0000 0.0000 0.0000 0.0000 0.0000 0.0000
0.1536 0.7413 0.1043 0.0008 0.0000 0.0000 0.0000 0.0000 0.0000 0.0000 0.0000
0.0004 0.1043 0.7432 0.1505 0.0016 0.0000 0.0000 0.0000 0.0000 0.0000 0.0000
0.0000 0.0008 0.1505 0.7021 0.1440 0.0025 0.0000 0.0000 0.0000 0.0000 0.0000
0.0000 0.0000 0.0016 0.1440 0.7128 0.1413 0.0004 0.0000 0.0000 0.0000 0.0000
0.0000 0.0000 0.0000 0.0025 0.1413 0.8181 0.0381 0.0000 0.0000 0.0000 0.0000
0.0000 0.0000 0.0000 0.0000 0.0004 0.0381 0.9615 0.0000 0.0000 0.0000 0.0000
0.0000 0.0000 0.0000 0.0000 0.0000 0.0000 0.0000 1.0000 0.0000 0.0000 0.0000
0.0000 0.0000 0.0000 0.0000 0.0000 0.0000 0.0000 0.0000 0.9985 0.0015 0.0000
0.0000 0.0000 0.0000 0.0000 0.0000 0.0000 0.0000 0.0000 0.0015 0.9925 0.0060
0.0000 0.0000 0.0000 0.0000 0.0000 0.0000 0.0000 0.0000 0.0000 0.0060 0.9940
#DG from neighbouring lambda in kcal/mol
0.0000 0.1000 0.7101 0.0611
0.1000 0.2000 -1.9044 0.0788
0.2000 0.3000 -5.0283 0.0614
0.3000 0.4000 -7.8948 0.0628
0.4000 0.5000 -9.0079 0.0640
0.5000 0.6000 -0.5517 0.1410
0.6000 0.7000 22.5731 14.2735
0.7000 0.8000 16.4681 19.0233
0.8000 0.9000 12.4874 0.7546
0.9000 1.0000 11.4201 0.3694
#PMF from MBAR in kcal/mol
0.0000 0.0000 0.0000
0.1000 0.7101 0.0611
0.2000 -1.1943 0.1075
0.3000 -6.2226 0.1300
0.4000 -14.1173 0.1497
0.5000 -23.1252 0.1672
0.6000 -23.6769 0.2222
0.7000 -1.1038 14.2732
0.8000 15.3643 4.7728
0.9000 27.8516 4.7728
1.0000 39.2718 4.7800
#TI average gradients and standard deviation in kcal/mol
0.0000 -3.2578 15.2221
0.1000 -0.9355 16.7620
0.2000 -36.6820 15.0341
0.3000 -64.9864 16.1339
0.4000 -90.7413 16.9710
0.5000 -75.1750 18.3075
0.6000 106.1870 37.2004
0.7000 129.6606 40.9206
0.8000 135.5900 43.6514
0.9000 119.3889 37.7205
1.0000 127.3356 30.8236
#PMF from TI in kcal/mol
0.0000 0.0000
0.1000 -0.2097
0.2000 -2.0905
0.3000 -7.1740
0.4000 -14.9603
0.5000 -23.2562
0.6000 -21.7056
0.7000 -9.9132
0.8000 3.3494
0.9000 16.0983
1.0000 28.4345
#MBAR free energy difference in kcal/mol: 
39.271774, 4.780028  #WARNING SUBSAMPLING DISABLED, CONSIDER RERUN WITH SUBSAMPLING OPTION
#TI free energy difference in kcal/mol: 
28.434525  #WARNING SUBSAMPLING DISABLED, CONSIDER RERUN WITH SUBSAMPLING OPTION 
Starting /export/users/common/BioSimSpace/sire.app/bin/analyse_freenrg: number of threads equals 32
