# Analysing data contained in file(s) ['lambda_0.0000/simfile_snipped.dat', 'lambda_0.1000/simfile_snipped.dat', 'lambda_0.2000/simfile_snipped.dat', 'lambda_0.3000/simfile_snipped.dat', 'lambda_0.4000/simfile_snipped.dat', 'lambda_0.5000/simfile_snipped.dat', 'lambda_0.6000/simfile_snipped.dat', 'lambda_0.7000/simfile_snipped.dat', 'lambda_0.8000/simfile_snipped.dat', 'lambda_0.9000/simfile_snipped.dat', 'lambda_1.0000/simfile_snipped.dat']
#Overlap matrix
0.9067 0.0926 0.0007 0.0000 0.0000 0.0000 0.0000 0.0000 0.0000 0.0000 0.0000
0.0926 0.7293 0.1751 0.0031 0.0000 0.0000 0.0000 0.0000 0.0000 0.0000 0.0000
0.0007 0.1751 0.6457 0.1738 0.0047 0.0000 0.0000 0.0000 0.0000 0.0000 0.0000
0.0000 0.0031 0.1738 0.6446 0.1771 0.0015 0.0000 0.0000 0.0000 0.0000 0.0000
0.0000 0.0000 0.0047 0.1771 0.7013 0.1164 0.0005 0.0000 0.0000 0.0000 0.0000
0.0000 0.0000 0.0000 0.0015 0.1164 0.7594 0.1219 0.0008 0.0000 0.0000 0.0000
0.0000 0.0000 0.0000 0.0000 0.0005 0.1219 0.7687 0.1087 0.0002 0.0000 0.0000
0.0000 0.0000 0.0000 0.0000 0.0000 0.0008 0.1087 0.8073 0.0832 0.0000 0.0000
0.0000 0.0000 0.0000 0.0000 0.0000 0.0000 0.0002 0.0832 0.9047 0.0119 0.0000
0.0000 0.0000 0.0000 0.0000 0.0000 0.0000 0.0000 0.0000 0.0119 0.9881 0.0000
0.0000 0.0000 0.0000 0.0000 0.0000 0.0000 0.0000 0.0000 0.0000 0.0000 1.0000
#DG from neighbouring lambda in kcal/mol
0.0000 0.1000 16.2608 0.0851
0.1000 0.2000 11.5438 0.0546
0.2000 0.3000 7.3280 0.0540
0.3000 0.4000 3.3129 0.0536
0.4000 0.5000 -1.0443 0.0732
0.5000 0.6000 -5.9434 0.0713
0.6000 0.7000 -10.1355 0.0769
0.7000 0.8000 -14.2762 0.0911
0.8000 0.9000 -19.1977 0.2608
0.9000 1.0000 -45.1799 0.2669
#PMF from MBAR in kcal/mol
0.0000 0.0000 0.0000
0.1000 16.2608 0.0851
0.2000 27.8046 0.1087
0.3000 35.1326 0.1274
0.4000 38.4456 0.1433
0.5000 37.4013 0.1657
0.6000 31.4579 0.1847
0.7000 21.3224 0.2039
0.8000 7.0462 0.2270
0.9000 -12.1515 0.3481
1.0000 -57.3314 0.1328
#TI average gradients and standard deviation in kcal/mol
0.0000 185.7098 21.8033
0.1000 135.2719 15.9311
0.2000 95.2839 14.9449
0.3000 52.5725 13.0269
0.4000 12.9539 14.8806
0.5000 -35.6984 18.2297
0.6000 -79.9352 19.1422
0.7000 -122.9329 19.5019
0.8000 -159.2451 23.6332
0.9000 -237.5579 37.5408
1.0000 -7418.1273 378.2090
#PMF from TI in kcal/mol
0.0000 0.0000
0.1000 16.0491
0.2000 27.5769
0.3000 34.9697
0.4000 38.2460
0.5000 37.1088
0.6000 31.3271
0.7000 21.1837
0.8000 7.0748
0.9000 -12.7654
1.0000 -395.5496
#MBAR free energy difference in kcal/mol: 
-57.331397, 0.132759  #WARNING SUBSAMPLING DISABLED, CONSIDER RERUN WITH SUBSAMPLING OPTION
#TI free energy difference in kcal/mol: 
-395.549613  #WARNING SUBSAMPLING DISABLED, CONSIDER RERUN WITH SUBSAMPLING OPTION 
Starting /export/users/common/BioSimSpace/sire.app/bin/analyse_freenrg: number of threads equals 32
