# Analysing data contained in file(s) ['lambda_0.0000/simfile_snipped.dat', 'lambda_0.1000/simfile_snipped.dat', 'lambda_0.2000/simfile_snipped.dat', 'lambda_0.3000/simfile_snipped.dat', 'lambda_0.4000/simfile_snipped.dat', 'lambda_0.5000/simfile_snipped.dat', 'lambda_0.6000/simfile_snipped.dat', 'lambda_0.7000/simfile_snipped.dat', 'lambda_0.8000/simfile_snipped.dat', 'lambda_0.9000/simfile_snipped.dat', 'lambda_1.0000/simfile_snipped.dat']
#Overlap matrix
0.8262 0.1714 0.0025 0.0000 0.0000 0.0000 0.0000 0.0000 0.0000 0.0000 0.0000
0.1714 0.6543 0.1716 0.0027 0.0000 0.0000 0.0000 0.0000 0.0000 0.0000 0.0000
0.0025 0.1716 0.6487 0.1734 0.0038 0.0000 0.0000 0.0000 0.0000 0.0000 0.0000
0.0000 0.0027 0.1734 0.6366 0.1822 0.0051 0.0000 0.0000 0.0000 0.0000 0.0000
0.0000 0.0000 0.0038 0.1822 0.6183 0.1907 0.0050 0.0000 0.0000 0.0000 0.0000
0.0000 0.0000 0.0000 0.0051 0.1907 0.6164 0.1814 0.0064 0.0000 0.0000 0.0000
0.0000 0.0000 0.0000 0.0000 0.0050 0.1814 0.6214 0.1880 0.0042 0.0000 0.0000
0.0000 0.0000 0.0000 0.0000 0.0000 0.0064 0.1880 0.6430 0.1596 0.0030 0.0000
0.0000 0.0000 0.0000 0.0000 0.0000 0.0000 0.0042 0.1596 0.6911 0.1445 0.0005
0.0000 0.0000 0.0000 0.0000 0.0000 0.0000 0.0000 0.0030 0.1445 0.7640 0.0884
0.0000 0.0000 0.0000 0.0000 0.0000 0.0000 0.0000 0.0000 0.0005 0.0884 0.9110
#DG from neighbouring lambda in kcal/mol
0.0000 0.1000 1.0547 0.0558
0.1000 0.2000 0.8119 0.0551
0.2000 0.3000 0.4565 0.0544
0.3000 0.4000 0.2129 0.0518
0.4000 0.5000 0.0776 0.0498
0.5000 0.6000 -0.1043 0.0515
0.6000 0.7000 -0.0605 0.0503
0.7000 0.8000 0.0923 0.0576
0.8000 0.9000 1.0180 0.0628
0.9000 1.0000 3.4566 0.0876
#PMF from MBAR in kcal/mol
0.0000 0.0000 0.0000
0.1000 1.0547 0.0558
0.2000 1.8665 0.0876
0.3000 2.3231 0.1103
0.4000 2.5360 0.1278
0.5000 2.6136 0.1423
0.6000 2.5093 0.1560
0.7000 2.4487 0.1681
0.8000 2.5410 0.1818
0.9000 3.5590 0.1961
1.0000 7.0156 0.2184
#TI average gradients and standard deviation in kcal/mol
0.0000 3.4756 14.7284
0.1000 10.0553 14.9359
0.2000 6.2363 14.5635
0.3000 2.7885 13.9774
0.4000 1.2159 13.8216
0.5000 0.1872 13.5822
0.6000 -1.8671 13.2226
0.7000 0.1727 14.2884
0.8000 3.8336 14.5753
0.9000 18.8191 16.9835
1.0000 58.1532 22.9579
#PMF from TI in kcal/mol
0.0000 0.0000
0.1000 0.6765
0.2000 1.4911
0.3000 1.9424
0.4000 2.1426
0.5000 2.2127
0.6000 2.1287
0.7000 2.0440
0.8000 2.2443
0.9000 3.3770
1.0000 7.2256
#MBAR free energy difference in kcal/mol: 
7.015564, 0.218449  #WARNING SUBSAMPLING DISABLED, CONSIDER RERUN WITH SUBSAMPLING OPTION
#TI free energy difference in kcal/mol: 
7.225563  #WARNING SUBSAMPLING DISABLED, CONSIDER RERUN WITH SUBSAMPLING OPTION 
Starting /export/users/common/BioSimSpace/sire.app/bin/analyse_freenrg: number of threads equals 32
