# Analysing data contained in file(s) ['lambda_0.0000/simfile_snipped.dat', 'lambda_0.1000/simfile_snipped.dat', 'lambda_0.2000/simfile_snipped.dat', 'lambda_0.3000/simfile_snipped.dat', 'lambda_0.4000/simfile_snipped.dat', 'lambda_0.5000/simfile_snipped.dat', 'lambda_0.6000/simfile_snipped.dat', 'lambda_0.7000/simfile_snipped.dat', 'lambda_0.8000/simfile_snipped.dat', 'lambda_0.9000/simfile_snipped.dat', 'lambda_1.0000/simfile_snipped.dat']
#Overlap matrix
0.9870 0.0130 0.0000 0.0000 0.0000 0.0000 0.0000 0.0000 0.0000 0.0000 0.0000
0.0130 0.9640 0.0230 0.0000 0.0000 0.0000 0.0000 0.0000 0.0000 0.0000 0.0000
0.0000 0.0230 0.9648 0.0122 0.0000 0.0000 0.0000 0.0000 0.0000 0.0000 0.0000
0.0000 0.0000 0.0122 0.9693 0.0186 0.0000 0.0000 0.0000 0.0000 0.0000 0.0000
0.0000 0.0000 0.0000 0.0186 0.9551 0.0263 0.0000 0.0000 0.0000 0.0000 0.0000
0.0000 0.0000 0.0000 0.0000 0.0263 0.9517 0.0220 0.0000 0.0000 0.0000 0.0000
0.0000 0.0000 0.0000 0.0000 0.0000 0.0220 0.9451 0.0328 0.0000 0.0000 0.0000
0.0000 0.0000 0.0000 0.0000 0.0000 0.0000 0.0328 0.9407 0.0265 0.0000 0.0000
0.0000 0.0000 0.0000 0.0000 0.0000 0.0000 0.0000 0.0265 0.9156 0.0579 0.0000
0.0000 0.0000 0.0000 0.0000 0.0000 0.0000 0.0000 0.0000 0.0579 0.9070 0.0350
0.0000 0.0000 0.0000 0.0000 0.0000 0.0000 0.0000 0.0000 0.0000 0.0350 0.9650
#DG from neighbouring lambda in kcal/mol
0.0000 0.1000 -4.1785 0.2499
0.1000 0.2000 -2.0601 0.1854
0.2000 0.3000 -1.2150 0.2581
0.3000 0.4000 -1.2249 0.2074
0.4000 0.5000 -1.6670 0.1730
0.5000 0.6000 -1.9542 0.1898
0.6000 0.7000 -1.8951 0.1537
0.7000 0.8000 -1.9232 0.1724
0.8000 0.9000 -1.2670 0.1126
0.9000 1.0000 -0.1522 0.1485
#PMF from MBAR in kcal/mol
0.0000 0.0000 0.0000
0.1000 -4.1785 0.2499
0.2000 -6.2386 0.3138
0.3000 -7.4536 0.4084
0.4000 -8.6785 0.4598
0.5000 -10.3454 0.4930
0.6000 -12.2996 0.5298
0.7000 -14.1947 0.5532
0.8000 -16.1180 0.5809
0.9000 -17.3850 0.5931
1.0000 -17.5372 0.6127
#TI average gradients and standard deviation in kcal/mol
0.0000 -65.0082 31.5381
0.1000 -28.7417 32.1533
0.2000 -11.8123 28.7582
0.3000 -14.4254 27.0718
0.4000 -15.1265 28.3263
0.5000 -18.5760 26.3634
0.6000 -20.6920 25.4623
0.7000 -19.4496 24.6672
0.8000 -20.0732 23.7202
0.9000 -3.0596 22.7643
1.0000 3.8703 24.5011
#PMF from TI in kcal/mol
0.0000 0.0000
0.1000 -4.6875
0.2000 -6.7152
0.3000 -8.0271
0.4000 -9.5047
0.5000 -11.1898
0.6000 -13.1532
0.7000 -15.1603
0.8000 -17.1364
0.9000 -18.2931
1.0000 -18.2525
#MBAR free energy difference in kcal/mol: 
-17.537218, 0.612741  #WARNING SUBSAMPLING DISABLED, CONSIDER RERUN WITH SUBSAMPLING OPTION
#TI free energy difference in kcal/mol: 
-18.252526  #WARNING SUBSAMPLING DISABLED, CONSIDER RERUN WITH SUBSAMPLING OPTION 
Starting /export/users/common/BioSimSpace/sire.app/bin/analyse_freenrg: number of threads equals 32
