# Analysing data contained in file(s) ['lambda_0.0000/simfile_snipped.dat', 'lambda_0.1000/simfile_snipped.dat', 'lambda_0.2000/simfile_snipped.dat', 'lambda_0.3000/simfile_snipped.dat', 'lambda_0.4000/simfile_snipped.dat', 'lambda_0.5000/simfile_snipped.dat', 'lambda_0.6000/simfile_snipped.dat', 'lambda_0.7000/simfile_snipped.dat', 'lambda_0.8000/simfile_snipped.dat', 'lambda_0.9000/simfile_snipped.dat', 'lambda_1.0000/simfile_snipped.dat']
#Overlap matrix
0.9205 0.0794 0.0001 0.0000 0.0000 0.0000 0.0000 0.0000 0.0000 0.0000 0.0000
0.0794 0.8207 0.0997 0.0002 0.0000 0.0000 0.0000 0.0000 0.0000 0.0000 0.0000
0.0001 0.0997 0.7841 0.1159 0.0003 0.0000 0.0000 0.0000 0.0000 0.0000 0.0000
0.0000 0.0002 0.1159 0.7651 0.1184 0.0004 0.0000 0.0000 0.0000 0.0000 0.0000
0.0000 0.0000 0.0003 0.1184 0.7565 0.1243 0.0005 0.0000 0.0000 0.0000 0.0000
0.0000 0.0000 0.0000 0.0004 0.1243 0.7591 0.1156 0.0005 0.0000 0.0000 0.0000
0.0000 0.0000 0.0000 0.0000 0.0005 0.1156 0.7484 0.1348 0.0007 0.0000 0.0000
0.0000 0.0000 0.0000 0.0000 0.0000 0.0005 0.1348 0.7330 0.1314 0.0002 0.0000
0.0000 0.0000 0.0000 0.0000 0.0000 0.0000 0.0007 0.1314 0.7674 0.1005 0.0001
0.0000 0.0000 0.0000 0.0000 0.0000 0.0000 0.0000 0.0002 0.1005 0.8344 0.0649
0.0000 0.0000 0.0000 0.0000 0.0000 0.0000 0.0000 0.0000 0.0001 0.0649 0.9350
#DG from neighbouring lambda in kcal/mol
0.0000 0.1000 -3.5639 0.0937
0.1000 0.2000 -2.2260 0.0815
0.2000 0.3000 -1.8041 0.0740
0.3000 0.4000 -1.9010 0.0729
0.4000 0.5000 -2.2182 0.0705
0.5000 0.6000 -2.5639 0.0739
0.6000 0.7000 -2.8738 0.0667
0.7000 0.8000 -2.9455 0.0679
0.8000 0.9000 -3.1360 0.0811
0.9000 1.0000 -2.5931 0.1055
#PMF from MBAR in kcal/mol
0.0000 0.0000 0.0000
0.1000 -3.5639 0.0937
0.2000 -5.7899 0.1306
0.3000 -7.5940 0.1555
0.4000 -9.4950 0.1764
0.5000 -11.7132 0.1941
0.6000 -14.2772 0.2116
0.7000 -17.1510 0.2254
0.8000 -20.0965 0.2388
0.9000 -23.2325 0.2554
1.0000 -25.8256 0.2793
#TI average gradients and standard deviation in kcal/mol
0.0000 -49.8372 22.2753
0.1000 -26.6477 19.3401
0.2000 -19.8156 17.5611
0.3000 -17.5568 18.3770
0.4000 -20.5810 17.2500
0.5000 -22.8250 16.5813
0.6000 -28.6230 17.1052
0.7000 -28.8414 16.6366
0.8000 -30.7697 18.0275
0.9000 -29.8119 18.8379
1.0000 -21.6805 23.3231
#PMF from TI in kcal/mol
0.0000 0.0000
0.1000 -3.8242
0.2000 -6.1474
0.3000 -8.0160
0.4000 -9.9229
0.5000 -12.0932
0.6000 -14.6656
0.7000 -17.5388
0.8000 -20.5194
0.9000 -23.5485
1.0000 -26.1231
#MBAR free energy difference in kcal/mol: 
-25.825583, 0.279270  #WARNING SUBSAMPLING DISABLED, CONSIDER RERUN WITH SUBSAMPLING OPTION
#TI free energy difference in kcal/mol: 
-26.123106  #WARNING SUBSAMPLING DISABLED, CONSIDER RERUN WITH SUBSAMPLING OPTION 
Starting /export/users/common/BioSimSpace/sire.app/bin/analyse_freenrg: number of threads equals 32
