# Analysing data contained in file(s) ['lambda_0.0000/simfile_snipped.dat', 'lambda_0.1000/simfile_snipped.dat', 'lambda_0.2000/simfile_snipped.dat', 'lambda_0.3000/simfile_snipped.dat', 'lambda_0.4000/simfile_snipped.dat', 'lambda_0.5000/simfile_snipped.dat', 'lambda_0.6000/simfile_snipped.dat', 'lambda_0.7000/simfile_snipped.dat', 'lambda_0.8000/simfile_snipped.dat', 'lambda_0.9000/simfile_snipped.dat', 'lambda_1.0000/simfile_snipped.dat']
#Overlap matrix
1.0000 0.0000 0.0000 0.0000 0.0000 0.0000 0.0000 0.0000 0.0000 0.0000 0.0000
0.0000 0.9284 0.0716 0.0000 0.0000 0.0000 0.0000 0.0000 0.0000 0.0000 0.0000
0.0000 0.0716 0.8576 0.0708 0.0001 0.0000 0.0000 0.0000 0.0000 0.0000 0.0000
0.0000 0.0000 0.0708 0.8155 0.1133 0.0004 0.0000 0.0000 0.0000 0.0000 0.0000
0.0000 0.0000 0.0001 0.1133 0.7611 0.1246 0.0009 0.0000 0.0000 0.0000 0.0000
0.0000 0.0000 0.0000 0.0004 0.1246 0.7129 0.1608 0.0012 0.0000 0.0000 0.0000
0.0000 0.0000 0.0000 0.0000 0.0009 0.1608 0.6940 0.1431 0.0013 0.0000 0.0000
0.0000 0.0000 0.0000 0.0000 0.0000 0.0012 0.1431 0.6969 0.1581 0.0007 0.0000
0.0000 0.0000 0.0000 0.0000 0.0000 0.0000 0.0013 0.1581 0.7271 0.1136 0.0000
0.0000 0.0000 0.0000 0.0000 0.0000 0.0000 0.0000 0.0007 0.1136 0.8857 0.0000
0.0000 0.0000 0.0000 0.0000 0.0000 0.0000 0.0000 0.0000 0.0000 0.0000 1.0000
#DG from neighbouring lambda in kcal/mol
0.0000 0.1000 29.7215 0.1507
0.1000 0.2000 4.7968 0.0997
0.2000 0.3000 1.6696 0.1003
0.3000 0.4000 -0.7852 0.0751
0.4000 0.5000 -2.3287 0.0702
0.5000 0.6000 -3.4850 0.0586
0.6000 0.7000 -4.4443 0.0636
0.7000 0.8000 -5.2344 0.0594
0.8000 0.9000 -6.1830 0.0749
0.9000 1.0000 -25.0837 0.1222
#PMF from MBAR in kcal/mol
0.0000 0.0000 0.0000
0.1000 29.7215 0.1507
0.2000 34.5184 0.1170
0.3000 36.1880 0.0848
0.4000 35.4028 0.0692
0.5000 33.0741 0.0638
0.6000 29.5891 0.0681
0.7000 25.1448 0.0807
0.8000 19.9104 0.0966
0.9000 13.7274 0.1222
1.0000 -11.3563 0.0000
#TI average gradients and standard deviation in kcal/mol
0.0000 1991.2198 92.0930
0.1000 55.0270 40.0547
0.2000 35.4612 23.8486
0.3000 2.5413 18.2059
0.4000 -15.8303 15.6744
0.5000 -30.5616 15.0366
0.6000 -39.5032 15.3427
0.7000 -49.2405 15.3644
0.8000 -55.7243 16.4593
0.9000 -70.9204 21.3758
1.0000 -2059.4620 1241.3927
#PMF from TI in kcal/mol
0.0000 0.0000
0.1000 102.3123
0.2000 106.8367
0.3000 108.7369
0.4000 108.0724
0.5000 105.7528
0.6000 102.2496
0.7000 97.8124
0.8000 92.5642
0.9000 86.2319
1.0000 -20.2872
#MBAR free energy difference in kcal/mol: 
-11.356258, 0.000000  #WARNING SUBSAMPLING DISABLED, CONSIDER RERUN WITH SUBSAMPLING OPTION
#TI free energy difference in kcal/mol: 
-20.287195  #WARNING SUBSAMPLING DISABLED, CONSIDER RERUN WITH SUBSAMPLING OPTION 
Starting /export/users/common/BioSimSpace/sire.app/bin/analyse_freenrg: number of threads equals 32
