# Analysing data contained in file(s) ['lambda_0.0000/simfile_snipped.dat', 'lambda_0.1000/simfile_snipped.dat', 'lambda_0.2000/simfile_snipped.dat', 'lambda_0.3000/simfile_snipped.dat', 'lambda_0.4000/simfile_snipped.dat', 'lambda_0.5000/simfile_snipped.dat', 'lambda_0.6000/simfile_snipped.dat', 'lambda_0.7000/simfile_snipped.dat', 'lambda_0.8000/simfile_snipped.dat', 'lambda_0.9000/simfile_snipped.dat', 'lambda_1.0000/simfile_snipped.dat']
#Overlap matrix
0.8874 0.1106 0.0019 0.0000 0.0000 0.0000 0.0000 0.0000 0.0000 0.0000 0.0000
0.1106 0.7126 0.1726 0.0040 0.0000 0.0000 0.0000 0.0000 0.0000 0.0000 0.0000
0.0019 0.1726 0.6552 0.1652 0.0050 0.0001 0.0000 0.0000 0.0000 0.0000 0.0000
0.0000 0.0040 0.1652 0.6376 0.1831 0.0100 0.0001 0.0000 0.0000 0.0000 0.0000
0.0000 0.0000 0.0050 0.1831 0.6096 0.1915 0.0107 0.0002 0.0000 0.0000 0.0000
0.0000 0.0000 0.0001 0.0100 0.1915 0.5882 0.1940 0.0158 0.0004 0.0000 0.0000
0.0000 0.0000 0.0000 0.0001 0.0107 0.1940 0.5409 0.2330 0.0210 0.0003 0.0000
0.0000 0.0000 0.0000 0.0000 0.0002 0.0158 0.2330 0.5119 0.2229 0.0160 0.0002
0.0000 0.0000 0.0000 0.0000 0.0000 0.0004 0.0210 0.2229 0.5253 0.2163 0.0142
0.0000 0.0000 0.0000 0.0000 0.0000 0.0000 0.0003 0.0160 0.2163 0.5572 0.2102
0.0000 0.0000 0.0000 0.0000 0.0000 0.0000 0.0000 0.0002 0.0142 0.2102 0.7753
#DG from neighbouring lambda in kcal/mol
0.0000 0.1000 -3.7299 0.0756
0.1000 0.2000 -1.9517 0.0547
0.2000 0.3000 -1.0821 0.0558
0.3000 0.4000 -0.7020 0.0504
0.4000 0.5000 -0.1878 0.0476
0.5000 0.6000 0.1729 0.0460
0.6000 0.7000 0.6030 0.0380
0.7000 0.8000 0.9880 0.0395
0.8000 0.9000 1.2094 0.0416
0.9000 1.0000 1.5542 0.0453
#PMF from MBAR in kcal/mol
0.0000 0.0000 0.0000
0.1000 -3.7299 0.0756
0.2000 -5.6816 0.1010
0.3000 -6.7636 0.1215
0.4000 -7.4656 0.1368
0.5000 -7.6534 0.1492
0.6000 -7.4805 0.1602
0.7000 -6.8774 0.1683
0.8000 -5.8894 0.1762
0.9000 -4.6800 0.1845
1.0000 -3.1258 0.1932
#TI average gradients and standard deviation in kcal/mol
0.0000 -46.6294 20.1773
0.1000 -28.8258 16.8356
0.2000 -12.8984 14.4771
0.3000 -8.7183 13.6010
0.4000 -4.5153 12.7473
0.5000 0.4098 13.2537
0.6000 3.5404 11.5747
0.7000 8.8483 10.6610
0.8000 10.8236 11.2259
0.9000 13.1505 11.4662
1.0000 21.1859 13.0849
#PMF from TI in kcal/mol
0.0000 0.0000
0.1000 -3.7728
0.2000 -5.8590
0.3000 -6.9398
0.4000 -7.6015
0.5000 -7.8068
0.6000 -7.6092
0.7000 -6.9898
0.8000 -6.0062
0.9000 -4.8075
1.0000 -3.0907
#MBAR free energy difference in kcal/mol: 
-3.125784, 0.193201  #WARNING SUBSAMPLING DISABLED, CONSIDER RERUN WITH SUBSAMPLING OPTION
#TI free energy difference in kcal/mol: 
-3.090693  #WARNING SUBSAMPLING DISABLED, CONSIDER RERUN WITH SUBSAMPLING OPTION 
Starting /export/users/common/BioSimSpace/sire.app/bin/analyse_freenrg: number of threads equals 32
