# Analysing data contained in file(s) ['lambda_0.0000/simfile_snipped.dat', 'lambda_0.1000/simfile_snipped.dat', 'lambda_0.2000/simfile_snipped.dat', 'lambda_0.3000/simfile_snipped.dat', 'lambda_0.4000/simfile_snipped.dat', 'lambda_0.5000/simfile_snipped.dat', 'lambda_0.6000/simfile_snipped.dat', 'lambda_0.7000/simfile_snipped.dat', 'lambda_0.8000/simfile_snipped.dat', 'lambda_0.9000/simfile_snipped.dat', 'lambda_1.0000/simfile_snipped.dat']
#Overlap matrix
0.9675 0.0325 0.0000 0.0000 0.0000 0.0000 0.0000 0.0000 0.0000 0.0000 0.0000
0.0325 0.9173 0.0502 0.0000 0.0000 0.0000 0.0000 0.0000 0.0000 0.0000 0.0000
0.0000 0.0502 0.8871 0.0627 0.0000 0.0000 0.0000 0.0000 0.0000 0.0000 0.0000
0.0000 0.0000 0.0627 0.8610 0.0763 0.0000 0.0000 0.0000 0.0000 0.0000 0.0000
0.0000 0.0000 0.0000 0.0763 0.8723 0.0514 0.0000 0.0000 0.0000 0.0000 0.0000
0.0000 0.0000 0.0000 0.0000 0.0514 0.8871 0.0615 0.0000 0.0000 0.0000 0.0000
0.0000 0.0000 0.0000 0.0000 0.0000 0.0615 0.8810 0.0575 0.0000 0.0000 0.0000
0.0000 0.0000 0.0000 0.0000 0.0000 0.0000 0.0575 0.8875 0.0549 0.0000 0.0000
0.0000 0.0000 0.0000 0.0000 0.0000 0.0000 0.0000 0.0549 0.8904 0.0546 0.0000
0.0000 0.0000 0.0000 0.0000 0.0000 0.0000 0.0000 0.0000 0.0546 0.9009 0.0445
0.0000 0.0000 0.0000 0.0000 0.0000 0.0000 0.0000 0.0000 0.0000 0.0445 0.9555
#DG from neighbouring lambda in kcal/mol
0.0000 0.1000 31.7249 0.1546
0.1000 0.2000 25.8017 0.1220
0.2000 0.3000 20.8466 0.1076
0.3000 0.4000 16.9033 0.0960
0.4000 0.5000 13.7726 0.1204
0.5000 0.6000 9.9190 0.1088
0.6000 0.7000 6.4496 0.1130
0.7000 0.8000 3.0710 0.1160
0.8000 0.9000 0.4469 0.1163
0.9000 1.0000 -1.1727 0.1304
#PMF from MBAR in kcal/mol
0.0000 0.0000 0.0000
0.1000 31.7249 0.1546
0.2000 57.5266 0.2011
0.3000 78.3732 0.2317
0.4000 95.2765 0.2541
0.5000 109.0491 0.2841
0.6000 118.9681 0.3069
0.7000 125.4176 0.3296
0.8000 128.4887 0.3517
0.9000 128.9355 0.3727
1.0000 127.7629 0.3969
#TI average gradients and standard deviation in kcal/mol
0.0000 341.6876 25.0000
0.1000 285.7134 21.3780
0.2000 232.0605 19.9448
0.3000 185.5286 20.0488
0.4000 155.0527 21.3965
0.5000 118.2238 22.2874
0.6000 81.0710 21.7334
0.7000 47.6147 21.4103
0.8000 16.4427 20.2418
0.9000 -8.3010 23.8922
1.0000 -7.3819 25.1623
#PMF from TI in kcal/mol
0.0000 0.0000
0.1000 31.3701
0.2000 57.2588
0.3000 78.1382
0.4000 95.1673
0.5000 108.8311
0.6000 118.7958
0.7000 125.2301
0.8000 128.4330
0.9000 128.8401
1.0000 128.0559
#MBAR free energy difference in kcal/mol: 
127.762875, 0.396935  #WARNING SUBSAMPLING DISABLED, CONSIDER RERUN WITH SUBSAMPLING OPTION
#TI free energy difference in kcal/mol: 
128.055939  #WARNING SUBSAMPLING DISABLED, CONSIDER RERUN WITH SUBSAMPLING OPTION 
Starting /export/users/common/BioSimSpace/sire.app/bin/analyse_freenrg: number of threads equals 32
