# Analysing data contained in file(s) ['lambda_0.0000/simfile_snipped.dat', 'lambda_0.1000/simfile_snipped.dat', 'lambda_0.2000/simfile_snipped.dat', 'lambda_0.3000/simfile_snipped.dat', 'lambda_0.4000/simfile_snipped.dat', 'lambda_0.5000/simfile_snipped.dat', 'lambda_0.6000/simfile_snipped.dat', 'lambda_0.7000/simfile_snipped.dat', 'lambda_0.8000/simfile_snipped.dat', 'lambda_0.9000/simfile_snipped.dat', 'lambda_1.0000/simfile_snipped.dat']
#Overlap matrix
0.8865 0.1132 0.0003 0.0000 0.0000 0.0000 0.0000 0.0000 0.0000 0.0000 0.0000
0.1132 0.7627 0.1235 0.0005 0.0000 0.0000 0.0000 0.0000 0.0000 0.0000 0.0000
0.0003 0.1235 0.7638 0.1120 0.0003 0.0000 0.0000 0.0000 0.0000 0.0000 0.0000
0.0000 0.0005 0.1120 0.7693 0.1178 0.0004 0.0000 0.0000 0.0000 0.0000 0.0000
0.0000 0.0000 0.0003 0.1178 0.7568 0.1243 0.0009 0.0000 0.0000 0.0000 0.0000
0.0000 0.0000 0.0000 0.0004 0.1243 0.7397 0.1352 0.0004 0.0000 0.0000 0.0000
0.0000 0.0000 0.0000 0.0000 0.0009 0.1352 0.7657 0.0981 0.0001 0.0000 0.0000
0.0000 0.0000 0.0000 0.0000 0.0000 0.0004 0.0981 0.8224 0.0790 0.0001 0.0000
0.0000 0.0000 0.0000 0.0000 0.0000 0.0000 0.0001 0.0790 0.8605 0.0604 0.0000
0.0000 0.0000 0.0000 0.0000 0.0000 0.0000 0.0000 0.0001 0.0604 0.8952 0.0444
0.0000 0.0000 0.0000 0.0000 0.0000 0.0000 0.0000 0.0000 0.0000 0.0444 0.9556
#DG from neighbouring lambda in kcal/mol
0.0000 0.1000 0.9314 0.0752
0.1000 0.2000 1.7481 0.0708
0.2000 0.3000 2.3929 0.0755
0.3000 0.4000 2.3238 0.0731
0.4000 0.5000 2.0726 0.0704
0.5000 0.6000 2.2153 0.0665
0.6000 0.7000 2.4632 0.0822
0.7000 0.8000 2.8789 0.0939
0.8000 0.9000 3.3069 0.1099
0.9000 1.0000 3.2634 0.1306
#PMF from MBAR in kcal/mol
0.0000 0.0000 0.0000
0.1000 0.9314 0.0752
0.2000 2.6795 0.1109
0.3000 5.0724 0.1400
0.4000 7.3961 0.1630
0.5000 9.4687 0.1821
0.6000 11.6841 0.1979
0.7000 14.1473 0.2180
0.8000 17.0262 0.2408
0.9000 20.3331 0.2678
1.0000 23.5964 0.3007
#TI average gradients and standard deviation in kcal/mol
0.0000 -1.2404 18.2677
0.1000 13.7624 19.3797
0.2000 23.3305 16.9104
0.3000 23.6607 16.4307
0.4000 21.5410 16.8221
0.5000 21.0880 15.9723
0.6000 23.2137 16.8831
0.7000 25.8750 20.0530
0.8000 31.1761 22.4944
0.9000 33.1059 22.0218
1.0000 33.7220 22.3201
#PMF from TI in kcal/mol
0.0000 0.0000
0.1000 0.6261
0.2000 2.4807
0.3000 4.8303
0.4000 7.0904
0.5000 9.2218
0.6000 11.4369
0.7000 13.8914
0.8000 16.7439
0.9000 19.9580
1.0000 23.2994
#MBAR free energy difference in kcal/mol: 
23.596449, 0.300670  #WARNING SUBSAMPLING DISABLED, CONSIDER RERUN WITH SUBSAMPLING OPTION
#TI free energy difference in kcal/mol: 
23.299405  #WARNING SUBSAMPLING DISABLED, CONSIDER RERUN WITH SUBSAMPLING OPTION 
Starting /export/users/common/BioSimSpace/sire.app/bin/analyse_freenrg: number of threads equals 32
