# Analysing data contained in file(s) ['lambda_0.0000/simfile_snipped.dat', 'lambda_0.1000/simfile_snipped.dat', 'lambda_0.2000/simfile_snipped.dat', 'lambda_0.3000/simfile_snipped.dat', 'lambda_0.4000/simfile_snipped.dat', 'lambda_0.5000/simfile_snipped.dat', 'lambda_0.6000/simfile_snipped.dat', 'lambda_0.7000/simfile_snipped.dat', 'lambda_0.8000/simfile_snipped.dat', 'lambda_0.9000/simfile_snipped.dat', 'lambda_1.0000/simfile_snipped.dat']
#Overlap matrix
0.9432 0.0568 0.0000 0.0000 0.0000 0.0000 0.0000 0.0000 0.0000 0.0000 0.0000
0.0568 0.8843 0.0589 0.0000 0.0000 0.0000 0.0000 0.0000 0.0000 0.0000 0.0000
0.0000 0.0589 0.8710 0.0701 0.0000 0.0000 0.0000 0.0000 0.0000 0.0000 0.0000
0.0000 0.0000 0.0701 0.8555 0.0744 0.0000 0.0000 0.0000 0.0000 0.0000 0.0000
0.0000 0.0000 0.0000 0.0744 0.8372 0.0884 0.0001 0.0000 0.0000 0.0000 0.0000
0.0000 0.0000 0.0000 0.0000 0.0884 0.8170 0.0945 0.0001 0.0000 0.0000 0.0000
0.0000 0.0000 0.0000 0.0000 0.0001 0.0945 0.7969 0.1082 0.0003 0.0000 0.0000
0.0000 0.0000 0.0000 0.0000 0.0000 0.0001 0.1082 0.7744 0.1170 0.0003 0.0000
0.0000 0.0000 0.0000 0.0000 0.0000 0.0000 0.0003 0.1170 0.7619 0.1205 0.0003
0.0000 0.0000 0.0000 0.0000 0.0000 0.0000 0.0000 0.0003 0.1205 0.7728 0.1064
0.0000 0.0000 0.0000 0.0000 0.0000 0.0000 0.0000 0.0000 0.0003 0.1064 0.8932
#DG from neighbouring lambda in kcal/mol
0.0000 0.1000 -6.4378 0.1138
0.1000 0.2000 -5.9894 0.1115
0.2000 0.3000 -5.7823 0.1009
0.3000 0.4000 -5.2488 0.0975
0.4000 0.5000 -4.9044 0.0879
0.5000 0.6000 -4.4624 0.0843
0.6000 0.7000 -4.1533 0.0774
0.7000 0.8000 -3.3378 0.0735
0.8000 0.9000 -2.6766 0.0721
0.9000 1.0000 -1.7461 0.0782
#PMF from MBAR in kcal/mol
0.0000 0.0000 0.0000
0.1000 -6.4378 0.1138
0.2000 -12.4272 0.1645
0.3000 -18.2096 0.1972
0.4000 -23.4584 0.2237
0.5000 -28.3628 0.2438
0.6000 -32.8252 0.2611
0.7000 -36.9785 0.2753
0.8000 -40.3163 0.2878
0.9000 -42.9929 0.2995
1.0000 -44.7390 0.3121
#TI average gradients and standard deviation in kcal/mol
0.0000 -68.2538 22.2881
0.1000 -61.5586 21.2413
0.2000 -59.1295 20.8782
0.3000 -54.9527 19.4697
0.4000 -51.7614 20.1745
0.5000 -47.1625 19.3995
0.6000 -43.5446 19.5420
0.7000 -37.4712 17.2738
0.8000 -30.5498 17.6689
0.9000 -22.0009 16.9821
1.0000 -11.8337 15.7285
#PMF from TI in kcal/mol
0.0000 0.0000
0.1000 -6.4906
0.2000 -12.5250
0.3000 -18.2291
0.4000 -23.5648
0.5000 -28.5110
0.6000 -33.0464
0.7000 -37.0972
0.8000 -40.4982
0.9000 -43.1258
1.0000 -44.8175
#MBAR free energy difference in kcal/mol: 
-44.739006, 0.312094  #WARNING SUBSAMPLING DISABLED, CONSIDER RERUN WITH SUBSAMPLING OPTION
#TI free energy difference in kcal/mol: 
-44.817490  #WARNING SUBSAMPLING DISABLED, CONSIDER RERUN WITH SUBSAMPLING OPTION 
Starting /export/users/common/BioSimSpace/sire.app/bin/analyse_freenrg: number of threads equals 32
