# Analysing data contained in file(s) ['lambda_0.0000/simfile_snipped.dat', 'lambda_0.1000/simfile_snipped.dat', 'lambda_0.2000/simfile_snipped.dat', 'lambda_0.3000/simfile_snipped.dat', 'lambda_0.4000/simfile_snipped.dat', 'lambda_0.5000/simfile_snipped.dat', 'lambda_0.6000/simfile_snipped.dat', 'lambda_0.7000/simfile_snipped.dat', 'lambda_0.8000/simfile_snipped.dat', 'lambda_0.9000/simfile_snipped.dat', 'lambda_1.0000/simfile_snipped.dat']
#Overlap matrix
0.8531 0.1459 0.0010 0.0000 0.0000 0.0000 0.0000 0.0000 0.0000 0.0000 0.0000
0.1459 0.7005 0.1526 0.0011 0.0000 0.0000 0.0000 0.0000 0.0000 0.0000 0.0000
0.0010 0.1526 0.7070 0.1385 0.0010 0.0000 0.0000 0.0000 0.0000 0.0000 0.0000
0.0000 0.0011 0.1385 0.7298 0.1302 0.0005 0.0000 0.0000 0.0000 0.0000 0.0000
0.0000 0.0000 0.0010 0.1302 0.7791 0.0897 0.0002 0.0000 0.0000 0.0000 0.0000
0.0000 0.0000 0.0000 0.0005 0.0897 0.8251 0.0846 0.0002 0.0000 0.0000 0.0000
0.0000 0.0000 0.0000 0.0000 0.0002 0.0846 0.8486 0.0667 0.0000 0.0000 0.0000
0.0000 0.0000 0.0000 0.0000 0.0000 0.0002 0.0667 0.8797 0.0534 0.0000 0.0000
0.0000 0.0000 0.0000 0.0000 0.0000 0.0000 0.0000 0.0534 0.9099 0.0366 0.0000
0.0000 0.0000 0.0000 0.0000 0.0000 0.0000 0.0000 0.0000 0.0366 0.9533 0.0101
0.0000 0.0000 0.0000 0.0000 0.0000 0.0000 0.0000 0.0000 0.0000 0.0101 0.9899
#DG from neighbouring lambda in kcal/mol
0.0000 0.1000 1.7742 0.0632
0.1000 0.2000 1.0971 0.0609
0.2000 0.3000 0.3709 0.0652
0.3000 0.4000 0.0975 0.0682
0.4000 0.5000 -0.0236 0.0868
0.5000 0.6000 -0.6940 0.0901
0.6000 0.7000 -0.9137 0.1037
0.7000 0.8000 -1.2525 0.1178
0.8000 0.9000 -0.1898 0.1450
0.9000 1.0000 5.6127 0.2843
#PMF from MBAR in kcal/mol
0.0000 0.0000 0.0000
0.1000 1.7742 0.0632
0.2000 2.8712 0.0964
0.3000 3.2421 0.1230
0.4000 3.3396 0.1461
0.5000 3.3159 0.1745
0.6000 2.6219 0.2005
0.7000 1.7083 0.2293
0.8000 0.4558 0.2609
0.9000 0.2660 0.3013
1.0000 5.8787 0.4162
#TI average gradients and standard deviation in kcal/mol
0.0000 -1.4731 15.9636
0.1000 14.2906 15.5672
0.2000 7.8289 15.4719
0.3000 0.6198 15.1873
0.4000 1.7724 18.4455
0.5000 -3.3699 19.5663
0.6000 -8.7454 20.0333
0.7000 -12.9188 23.3750
0.8000 -12.5823 22.7008
0.9000 11.6954 28.1826
1.0000 128.6980 33.3620
#PMF from TI in kcal/mol
0.0000 0.0000
0.1000 0.6409
0.2000 1.7469
0.3000 2.1693
0.4000 2.2889
0.5000 2.2090
0.6000 1.6033
0.7000 0.5201
0.8000 -0.7550
0.9000 -0.7993
1.0000 6.2203
#MBAR free energy difference in kcal/mol: 
5.878680, 0.416249  #WARNING SUBSAMPLING DISABLED, CONSIDER RERUN WITH SUBSAMPLING OPTION
#TI free energy difference in kcal/mol: 
6.220326  #WARNING SUBSAMPLING DISABLED, CONSIDER RERUN WITH SUBSAMPLING OPTION 
Starting /export/users/common/BioSimSpace/sire.app/bin/analyse_freenrg: number of threads equals 32
