# Analysing data contained in file(s) ['lambda_0.0000/simfile_snipped.dat', 'lambda_0.1000/simfile_snipped.dat', 'lambda_0.2000/simfile_snipped.dat', 'lambda_0.3000/simfile_snipped.dat', 'lambda_0.4000/simfile_snipped.dat', 'lambda_0.5000/simfile_snipped.dat', 'lambda_0.6000/simfile_snipped.dat', 'lambda_0.7000/simfile_snipped.dat', 'lambda_0.8000/simfile_snipped.dat', 'lambda_0.9000/simfile_snipped.dat', 'lambda_1.0000/simfile_snipped.dat']
#Overlap matrix
0.9741 0.0259 0.0000 0.0000 0.0000 0.0000 0.0000 0.0000 0.0000 0.0000 0.0000
0.0259 0.9445 0.0296 0.0000 0.0000 0.0000 0.0000 0.0000 0.0000 0.0000 0.0000
0.0000 0.0296 0.9453 0.0250 0.0000 0.0000 0.0000 0.0000 0.0000 0.0000 0.0000
0.0000 0.0000 0.0250 0.9314 0.0433 0.0003 0.0000 0.0000 0.0000 0.0000 0.0000
0.0000 0.0000 0.0000 0.0433 0.8823 0.0734 0.0008 0.0002 0.0000 0.0000 0.0000
0.0000 0.0000 0.0000 0.0003 0.0734 0.8086 0.1041 0.0133 0.0004 0.0000 0.0000
0.0000 0.0000 0.0000 0.0000 0.0008 0.1041 0.6662 0.2217 0.0071 0.0000 0.0000
0.0000 0.0000 0.0000 0.0000 0.0002 0.0133 0.2217 0.6138 0.1457 0.0053 0.0001
0.0000 0.0000 0.0000 0.0000 0.0000 0.0004 0.0071 0.1457 0.6134 0.2168 0.0166
0.0000 0.0000 0.0000 0.0000 0.0000 0.0000 0.0000 0.0053 0.2168 0.5392 0.2387
0.0000 0.0000 0.0000 0.0000 0.0000 0.0000 0.0000 0.0001 0.0166 0.2387 0.7447
#DG from neighbouring lambda in kcal/mol
0.0000 0.1000 -0.3884 0.1743
0.1000 0.2000 1.6784 0.1624
0.2000 0.3000 2.2876 0.1774
0.3000 0.4000 3.0042 0.1320
0.4000 0.5000 4.8775 0.0972
0.5000 0.6000 5.5682 0.0733
0.6000 0.7000 7.0250 0.0423
0.7000 0.8000 5.6135 0.0599
0.8000 0.9000 3.7463 0.0428
0.9000 1.0000 2.8276 0.0401
#PMF from MBAR in kcal/mol
0.0000 0.0000 0.0000
0.1000 -0.3884 0.1743
0.2000 1.2900 0.2417
0.3000 3.5776 0.3025
0.4000 6.5817 0.3325
0.5000 11.4593 0.3486
0.6000 17.0275 0.3583
0.7000 24.0526 0.3620
0.8000 29.6660 0.3687
0.9000 33.4123 0.3731
1.0000 36.2400 0.3769
#TI average gradients and standard deviation in kcal/mol
0.0000 -18.7394 26.7093
0.1000 9.3044 25.8514
0.2000 20.9464 25.9650
0.3000 23.2512 25.5668
0.4000 42.0401 20.6758
0.5000 50.5772 21.1227
0.6000 65.5671 12.8915
0.7000 68.9094 12.2732
0.8000 43.7875 12.3596
0.9000 31.8581 10.8809
1.0000 37.0371 12.2546
#PMF from TI in kcal/mol
0.0000 0.0000
0.1000 -0.4717
0.2000 1.0408
0.3000 3.2507
0.4000 6.5152
0.5000 11.1461
0.6000 16.9533
0.7000 23.6771
0.8000 29.3120
0.9000 33.0943
1.0000 36.5390
#MBAR free energy difference in kcal/mol: 
36.239951, 0.376888  #WARNING SUBSAMPLING DISABLED, CONSIDER RERUN WITH SUBSAMPLING OPTION
#TI free energy difference in kcal/mol: 
36.539032  #WARNING SUBSAMPLING DISABLED, CONSIDER RERUN WITH SUBSAMPLING OPTION 
Starting /export/users/common/BioSimSpace/sire.app/bin/analyse_freenrg: number of threads equals 32
