# Analysing data contained in file(s) ['lambda_0.0000/simfile_snipped.dat', 'lambda_0.1000/simfile_snipped.dat', 'lambda_0.2000/simfile_snipped.dat', 'lambda_0.3000/simfile_snipped.dat', 'lambda_0.4000/simfile_snipped.dat', 'lambda_0.5000/simfile_snipped.dat', 'lambda_0.6000/simfile_snipped.dat', 'lambda_0.7000/simfile_snipped.dat', 'lambda_0.8000/simfile_snipped.dat', 'lambda_0.9000/simfile_snipped.dat', 'lambda_1.0000/simfile_snipped.dat']
#Overlap matrix
0.9130 0.0869 0.0000 0.0000 0.0000 0.0000 0.0000 0.0000 0.0000 0.0000 0.0000
0.0869 0.8168 0.0962 0.0001 0.0000 0.0000 0.0000 0.0000 0.0000 0.0000 0.0000
0.0000 0.0962 0.8175 0.0862 0.0000 0.0000 0.0000 0.0000 0.0000 0.0000 0.0000
0.0000 0.0001 0.0862 0.8131 0.1004 0.0001 0.0000 0.0000 0.0000 0.0000 0.0000
0.0000 0.0000 0.0000 0.1004 0.7958 0.1035 0.0002 0.0000 0.0000 0.0000 0.0000
0.0000 0.0000 0.0000 0.0001 0.1035 0.8167 0.0797 0.0000 0.0000 0.0000 0.0000
0.0000 0.0000 0.0000 0.0000 0.0002 0.0797 0.8916 0.0285 0.0000 0.0000 0.0000
0.0000 0.0000 0.0000 0.0000 0.0000 0.0000 0.0285 0.9573 0.0142 0.0000 0.0000
0.0000 0.0000 0.0000 0.0000 0.0000 0.0000 0.0000 0.0142 0.9726 0.0132 0.0000
0.0000 0.0000 0.0000 0.0000 0.0000 0.0000 0.0000 0.0000 0.0132 0.9677 0.0191
0.0000 0.0000 0.0000 0.0000 0.0000 0.0000 0.0000 0.0000 0.0000 0.0191 0.9809
#DG from neighbouring lambda in kcal/mol
0.0000 0.1000 29.1910 0.0888
0.1000 0.2000 25.5240 0.0834
0.2000 0.3000 22.1181 0.0892
0.3000 0.4000 17.9725 0.0812
0.4000 0.5000 14.4778 0.0796
0.5000 0.6000 13.4636 0.0935
0.6000 0.7000 13.4167 0.1656
0.7000 0.8000 13.5187 0.2384
0.8000 0.9000 12.6637 0.2475
0.9000 1.0000 9.9343 0.2047
#PMF from MBAR in kcal/mol
0.0000 0.0000 0.0000
0.1000 29.1910 0.0888
0.2000 54.7150 0.1284
0.3000 76.8331 0.1615
0.4000 94.8056 0.1853
0.5000 109.2834 0.2057
0.6000 122.7470 0.2295
0.7000 136.1637 0.2859
0.8000 149.6824 0.3745
0.9000 162.3461 0.4507
1.0000 172.2804 0.4967
#TI average gradients and standard deviation in kcal/mol
0.0000 303.3292 18.8712
0.1000 273.0989 18.6817
0.2000 239.0827 16.7710
0.3000 199.6561 18.9464
0.4000 159.0904 20.4325
0.5000 135.9312 19.0857
0.6000 136.8322 24.4993
0.7000 134.6403 27.9631
0.8000 132.2806 28.3879
0.9000 112.6585 27.7878
1.0000 86.8722 25.1219
#PMF from TI in kcal/mol
0.0000 0.0000
0.1000 28.8214
0.2000 54.4305
0.3000 76.3674
0.4000 94.3048
0.5000 109.0558
0.6000 122.6940
0.7000 136.2676
0.8000 149.6137
0.9000 161.8606
1.0000 171.8372
#MBAR free energy difference in kcal/mol: 
172.280401, 0.496704  #WARNING SUBSAMPLING DISABLED, CONSIDER RERUN WITH SUBSAMPLING OPTION
#TI free energy difference in kcal/mol: 
171.837160  #WARNING SUBSAMPLING DISABLED, CONSIDER RERUN WITH SUBSAMPLING OPTION 
Starting /export/users/common/BioSimSpace/sire.app/bin/analyse_freenrg: number of threads equals 32
