# Analysing data contained in file(s) ['lambda_0.0000/simfile_snipped.dat', 'lambda_0.1000/simfile_snipped.dat', 'lambda_0.2000/simfile_snipped.dat', 'lambda_0.3000/simfile_snipped.dat', 'lambda_0.4000/simfile_snipped.dat', 'lambda_0.5000/simfile_snipped.dat', 'lambda_0.6000/simfile_snipped.dat', 'lambda_0.7000/simfile_snipped.dat', 'lambda_0.8000/simfile_snipped.dat', 'lambda_0.9000/simfile_snipped.dat', 'lambda_1.0000/simfile_snipped.dat']
#Overlap matrix
0.8976 0.1015 0.0009 0.0000 0.0000 0.0000 0.0000 0.0000 0.0000 0.0000 0.0000
0.1015 0.7733 0.1235 0.0016 0.0000 0.0000 0.0000 0.0000 0.0000 0.0000 0.0000
0.0009 0.1235 0.7499 0.1235 0.0022 0.0000 0.0000 0.0000 0.0000 0.0000 0.0000
0.0000 0.0016 0.1235 0.7475 0.1261 0.0012 0.0000 0.0000 0.0000 0.0000 0.0000
0.0000 0.0000 0.0022 0.1261 0.7813 0.0877 0.0015 0.0007 0.0005 0.0000 0.0000
0.0000 0.0000 0.0000 0.0012 0.0877 0.8077 0.0844 0.0150 0.0038 0.0001 0.0000
0.0000 0.0000 0.0000 0.0000 0.0015 0.0844 0.6635 0.2230 0.0266 0.0010 0.0000
0.0000 0.0000 0.0000 0.0000 0.0007 0.0150 0.2230 0.5290 0.2113 0.0206 0.0003
0.0000 0.0000 0.0000 0.0000 0.0005 0.0038 0.0266 0.2113 0.4968 0.2456 0.0153
0.0000 0.0000 0.0000 0.0000 0.0000 0.0001 0.0010 0.0206 0.2456 0.5494 0.1833
0.0000 0.0000 0.0000 0.0000 0.0000 0.0000 0.0000 0.0003 0.0153 0.1833 0.8011
#DG from neighbouring lambda in kcal/mol
0.0000 0.1000 1.5169 0.0803
0.1000 0.2000 4.4514 0.0702
0.2000 0.3000 4.7171 0.0697
0.3000 0.4000 4.5108 0.0689
0.4000 0.5000 3.7180 0.0860
0.5000 0.6000 3.7294 0.0793
0.6000 0.7000 5.4029 0.0386
0.7000 0.8000 5.5465 0.0394
0.8000 0.9000 4.4281 0.0361
0.9000 1.0000 3.0768 0.0503
#PMF from MBAR in kcal/mol
0.0000 0.0000 0.0000
0.1000 1.5169 0.0803
0.2000 5.9683 0.1136
0.3000 10.6853 0.1388
0.4000 15.1961 0.1596
0.5000 18.9141 0.1853
0.6000 22.6435 0.2045
0.7000 28.0464 0.2092
0.8000 33.5929 0.2146
0.9000 38.0210 0.2204
1.0000 41.0977 0.2288
#TI average gradients and standard deviation in kcal/mol
0.0000 -20.5975 19.0135
0.1000 36.9571 16.8638
0.2000 47.3429 18.0862
0.3000 46.2544 16.4540
0.4000 41.4892 18.0909
0.5000 35.4846 20.1978
0.6000 43.0982 13.1446
0.7000 59.5432 10.4589
0.8000 49.4476 11.1562
0.9000 39.5948 10.1527
1.0000 30.8354 16.0677
#PMF from TI in kcal/mol
0.0000 0.0000
0.1000 0.8180
0.2000 5.0330
0.3000 9.7128
0.4000 14.1000
0.5000 17.9487
0.6000 21.8778
0.7000 27.0099
0.8000 32.4595
0.9000 36.9116
1.0000 40.4331
#MBAR free energy difference in kcal/mol: 
41.097727, 0.228768  #WARNING SUBSAMPLING DISABLED, CONSIDER RERUN WITH SUBSAMPLING OPTION
#TI free energy difference in kcal/mol: 
40.433091  #WARNING SUBSAMPLING DISABLED, CONSIDER RERUN WITH SUBSAMPLING OPTION 
Starting /export/users/common/BioSimSpace/sire.app/bin/analyse_freenrg: number of threads equals 32
