# Analysing data contained in file(s) ['lambda_0.0000/simfile_snipped.dat', 'lambda_0.1000/simfile_snipped.dat', 'lambda_0.2000/simfile_snipped.dat', 'lambda_0.3000/simfile_snipped.dat', 'lambda_0.4000/simfile_snipped.dat', 'lambda_0.5000/simfile_snipped.dat', 'lambda_0.6000/simfile_snipped.dat', 'lambda_0.7000/simfile_snipped.dat', 'lambda_0.8000/simfile_snipped.dat', 'lambda_0.9000/simfile_snipped.dat', 'lambda_1.0000/simfile_snipped.dat']
#Overlap matrix
0.9436 0.0563 0.0001 0.0000 0.0000 0.0000 0.0000 0.0000 0.0000 0.0000 0.0000
0.0563 0.8807 0.0626 0.0003 0.0000 0.0000 0.0000 0.0000 0.0000 0.0000 0.0000
0.0001 0.0626 0.8640 0.0717 0.0014 0.0002 0.0000 0.0000 0.0000 0.0000 0.0000
0.0000 0.0003 0.0717 0.7696 0.1443 0.0138 0.0004 0.0000 0.0000 0.0000 0.0000
0.0000 0.0000 0.0014 0.1443 0.6266 0.2153 0.0124 0.0001 0.0000 0.0000 0.0000
0.0000 0.0000 0.0002 0.0138 0.2153 0.5665 0.1988 0.0055 0.0000 0.0000 0.0000
0.0000 0.0000 0.0000 0.0004 0.0124 0.1988 0.6047 0.1771 0.0066 0.0000 0.0000
0.0000 0.0000 0.0000 0.0000 0.0001 0.0055 0.1771 0.6070 0.2008 0.0095 0.0001
0.0000 0.0000 0.0000 0.0000 0.0000 0.0000 0.0066 0.2008 0.5682 0.2151 0.0092
0.0000 0.0000 0.0000 0.0000 0.0000 0.0000 0.0000 0.0095 0.2151 0.5687 0.2066
0.0000 0.0000 0.0000 0.0000 0.0000 0.0000 0.0000 0.0001 0.0092 0.2066 0.7841
#DG from neighbouring lambda in kcal/mol
0.0000 0.1000 -3.3592 0.1142
0.1000 0.2000 -2.2013 0.1072
0.2000 0.3000 -1.5698 0.0981
0.3000 0.4000 -0.2523 0.0596
0.4000 0.5000 1.3222 0.0424
0.5000 0.6000 1.1315 0.0467
0.6000 0.7000 -0.0576 0.0523
0.7000 0.8000 -0.8654 0.0466
0.8000 0.9000 -1.2355 0.0436
0.9000 1.0000 -1.4707 0.0468
#PMF from MBAR in kcal/mol
0.0000 0.0000 0.0000
0.1000 -3.3592 0.1142
0.2000 -5.5606 0.1617
0.3000 -7.1303 0.1932
0.4000 -7.3826 0.2057
0.5000 -6.0604 0.2125
0.6000 -4.9289 0.2205
0.7000 -4.9866 0.2298
0.8000 -5.8519 0.2374
0.9000 -7.0875 0.2442
1.0000 -8.5582 0.2513
#TI average gradients and standard deviation in kcal/mol
0.0000 -41.7578 22.1191
0.1000 -26.4930 22.0764
0.2000 -18.6406 21.1904
0.3000 -11.4438 19.8930
0.4000 8.1089 13.8028
0.5000 15.4090 11.5649
0.6000 6.1598 12.4096
0.7000 -6.4307 12.3731
0.8000 -11.1702 12.7175
0.9000 -12.9913 12.5111
1.0000 -11.4854 11.6177
#PMF from TI in kcal/mol
0.0000 0.0000
0.1000 -3.4125
0.2000 -5.6692
0.3000 -7.1734
0.4000 -7.3402
0.5000 -6.1643
0.6000 -5.0859
0.7000 -5.0994
0.8000 -5.9795
0.9000 -7.1875
1.0000 -8.4114
#MBAR free energy difference in kcal/mol: 
-8.558183, 0.251347  #WARNING SUBSAMPLING DISABLED, CONSIDER RERUN WITH SUBSAMPLING OPTION
#TI free energy difference in kcal/mol: 
-8.411372  #WARNING SUBSAMPLING DISABLED, CONSIDER RERUN WITH SUBSAMPLING OPTION 
Starting /export/users/common/BioSimSpace/sire.app/bin/analyse_freenrg: number of threads equals 32
