# Analysing data contained in file(s) ['lambda_0.0000/simfile_snipped.dat', 'lambda_0.1000/simfile_snipped.dat', 'lambda_0.2000/simfile_snipped.dat', 'lambda_0.3000/simfile_snipped.dat', 'lambda_0.4000/simfile_snipped.dat', 'lambda_0.5000/simfile_snipped.dat', 'lambda_0.6000/simfile_snipped.dat', 'lambda_0.7000/simfile_snipped.dat', 'lambda_0.8000/simfile_snipped.dat', 'lambda_0.9000/simfile_snipped.dat', 'lambda_1.0000/simfile_snipped.dat']
#Overlap matrix
0.6618 0.2776 0.0554 0.0050 0.0002 0.0000 0.0000 0.0000 0.0000 0.0000 0.0000
0.2776 0.4166 0.2408 0.0589 0.0059 0.0002 0.0000 0.0000 0.0000 0.0000 0.0000
0.0554 0.2408 0.3921 0.2523 0.0548 0.0045 0.0002 0.0000 0.0000 0.0000 0.0000
0.0050 0.0589 0.2523 0.4153 0.2269 0.0385 0.0030 0.0001 0.0000 0.0000 0.0000
0.0002 0.0059 0.0548 0.2269 0.4585 0.2228 0.0297 0.0013 0.0000 0.0000 0.0000
0.0000 0.0002 0.0045 0.0385 0.2228 0.5085 0.2073 0.0173 0.0008 0.0000 0.0000
0.0000 0.0000 0.0002 0.0030 0.0297 0.2073 0.5450 0.1986 0.0159 0.0003 0.0000
0.0000 0.0000 0.0000 0.0001 0.0013 0.0173 0.1986 0.5853 0.1892 0.0082 0.0001
0.0000 0.0000 0.0000 0.0000 0.0000 0.0008 0.0159 0.1892 0.6345 0.1570 0.0026
0.0000 0.0000 0.0000 0.0000 0.0000 0.0000 0.0003 0.0082 0.1570 0.7148 0.1196
0.0000 0.0000 0.0000 0.0000 0.0000 0.0000 0.0000 0.0001 0.0026 0.1196 0.8777
#DG from neighbouring lambda in kcal/mol
0.0000 0.1000 -1.1138 0.0295
0.1000 0.2000 -0.9780 0.0276
0.2000 0.3000 -0.8270 0.0259
0.3000 0.4000 -0.5452 0.0311
0.4000 0.5000 -0.2625 0.0348
0.5000 0.6000 -0.0501 0.0401
0.6000 0.7000 -0.0589 0.0439
0.7000 0.8000 0.3143 0.0473
0.8000 0.9000 1.1576 0.0573
0.9000 1.0000 3.2916 0.0716
#PMF from MBAR in kcal/mol
0.0000 0.0000 0.0000
0.1000 -1.1138 0.0295
0.2000 -2.0918 0.0494
0.3000 -2.9188 0.0630
0.4000 -3.4640 0.0759
0.5000 -3.7265 0.0888
0.6000 -3.7766 0.1022
0.7000 -3.8355 0.1163
0.8000 -3.5212 0.1299
0.9000 -2.3635 0.1464
1.0000 0.9281 0.1674
#TI average gradients and standard deviation in kcal/mol
0.0000 -21.3002 9.1121
0.1000 -10.0945 8.4798
0.2000 -9.8630 8.7072
0.3000 -6.2730 8.4737
0.4000 -5.0016 9.8663
0.5000 -0.9870 10.6866
0.6000 -0.8434 12.7384
0.7000 1.2724 12.7557
0.8000 5.4918 13.2249
0.9000 17.8152 15.9326
1.0000 54.5151 21.0435
#PMF from TI in kcal/mol
0.0000 0.0000
0.1000 -1.5697
0.2000 -2.5676
0.3000 -3.3744
0.4000 -3.9381
0.5000 -4.2376
0.6000 -4.3291
0.7000 -4.3077
0.8000 -3.9694
0.9000 -2.8041
1.0000 0.8124
#MBAR free energy difference in kcal/mol: 
0.928095, 0.167373  #WARNING SUBSAMPLING DISABLED, CONSIDER RERUN WITH SUBSAMPLING OPTION
#TI free energy difference in kcal/mol: 
0.812428  #WARNING SUBSAMPLING DISABLED, CONSIDER RERUN WITH SUBSAMPLING OPTION 
Starting /export/users/common/BioSimSpace/sire.app/bin/analyse_freenrg: number of threads equals 32
