# Analysing data contained in file(s) ['lambda_0.0000/simfile_snipped.dat', 'lambda_0.1000/simfile_snipped.dat', 'lambda_0.2000/simfile_snipped.dat', 'lambda_0.3000/simfile_snipped.dat', 'lambda_0.4000/simfile_snipped.dat', 'lambda_0.5000/simfile_snipped.dat', 'lambda_0.6000/simfile_snipped.dat', 'lambda_0.7000/simfile_snipped.dat', 'lambda_0.8000/simfile_snipped.dat', 'lambda_0.9000/simfile_snipped.dat', 'lambda_1.0000/simfile_snipped.dat']
#Overlap matrix
0.8374 0.1614 0.0012 0.0000 0.0000 0.0000 0.0000 0.0000 0.0000 0.0000 0.0000
0.1614 0.7008 0.1368 0.0009 0.0000 0.0000 0.0000 0.0000 0.0000 0.0000 0.0000
0.0012 0.1368 0.7141 0.1475 0.0004 0.0000 0.0000 0.0000 0.0000 0.0000 0.0000
0.0000 0.0009 0.1475 0.7431 0.1083 0.0001 0.0000 0.0000 0.0000 0.0000 0.0000
0.0000 0.0000 0.0004 0.1083 0.7919 0.0994 0.0001 0.0000 0.0000 0.0000 0.0000
0.0000 0.0000 0.0000 0.0001 0.0994 0.8319 0.0686 0.0000 0.0000 0.0000 0.0000
0.0000 0.0000 0.0000 0.0000 0.0001 0.0686 0.9108 0.0205 0.0000 0.0000 0.0000
0.0000 0.0000 0.0000 0.0000 0.0000 0.0000 0.0205 0.9792 0.0003 0.0000 0.0000
0.0000 0.0000 0.0000 0.0000 0.0000 0.0000 0.0000 0.0003 0.9851 0.0146 0.0000
0.0000 0.0000 0.0000 0.0000 0.0000 0.0000 0.0000 0.0000 0.0146 0.9685 0.0169
0.0000 0.0000 0.0000 0.0000 0.0000 0.0000 0.0000 0.0000 0.0000 0.0169 0.9831
#DG from neighbouring lambda in kcal/mol
0.0000 0.1000 0.6799 0.0587
0.1000 0.2000 -1.0208 0.0657
0.2000 0.3000 -3.0941 0.0626
0.3000 0.4000 -5.7927 0.0773
0.4000 0.5000 -9.0931 0.0817
0.5000 0.6000 -11.8881 0.1021
0.6000 0.7000 -14.9868 0.1970
0.7000 0.8000 -27.2188 1.6957
0.8000 0.9000 -39.2719 0.2348
0.9000 1.0000 -45.0672 0.2181
#PMF from MBAR in kcal/mol
0.0000 0.0000 0.0000
0.1000 0.6799 0.0587
0.2000 -0.3409 0.0966
0.3000 -3.4350 0.1218
0.4000 -9.2277 0.1498
0.5000 -18.3208 0.1754
0.6000 -30.2088 0.2069
0.7000 -45.1957 0.2886
0.8000 -72.4145 1.7206
0.9000 -111.6864 1.7370
1.0000 -156.7535 1.7511
#TI average gradients and standard deviation in kcal/mol
0.0000 10.6513 15.1447
0.1000 -0.1342 16.0370
0.2000 -20.6623 15.9418
0.3000 -41.7033 16.7384
0.4000 -74.5115 17.9488
0.5000 -105.9546 18.5724
0.6000 -132.0926 21.7022
0.7000 -181.7519 32.9524
0.8000 -358.6945 32.1171
0.9000 -422.3159 29.1604
1.0000 -470.0246 29.0144
#PMF from TI in kcal/mol
0.0000 0.0000
0.1000 0.5259
0.2000 -0.5140
0.3000 -3.6322
0.4000 -9.4430
0.5000 -18.4663
0.6000 -30.3686
0.7000 -46.0609
0.8000 -73.0832
0.9000 -112.1337
1.0000 -156.7507
#MBAR free energy difference in kcal/mol: 
-156.753524, 1.751102  #WARNING SUBSAMPLING DISABLED, CONSIDER RERUN WITH SUBSAMPLING OPTION
#TI free energy difference in kcal/mol: 
-156.750737  #WARNING SUBSAMPLING DISABLED, CONSIDER RERUN WITH SUBSAMPLING OPTION 
Starting /export/users/common/BioSimSpace/sire.app/bin/analyse_freenrg: number of threads equals 32
