# Analysing data contained in file(s) ['lambda_0.0000/simfile_snipped.dat', 'lambda_0.1000/simfile_snipped.dat', 'lambda_0.2000/simfile_snipped.dat', 'lambda_0.3000/simfile_snipped.dat', 'lambda_0.4000/simfile_snipped.dat', 'lambda_0.5000/simfile_snipped.dat', 'lambda_0.6000/simfile_snipped.dat', 'lambda_0.7000/simfile_snipped.dat', 'lambda_0.8000/simfile_snipped.dat', 'lambda_0.9000/simfile_snipped.dat', 'lambda_1.0000/simfile_snipped.dat']
#Overlap matrix
0.9900 0.0100 0.0000 0.0000 0.0000 0.0000 0.0000 0.0000 0.0000 0.0000 0.0000
0.0100 0.9719 0.0181 0.0000 0.0000 0.0000 0.0000 0.0000 0.0000 0.0000 0.0000
0.0000 0.0181 0.9726 0.0093 0.0000 0.0000 0.0000 0.0000 0.0000 0.0000 0.0000
0.0000 0.0000 0.0093 0.9471 0.0429 0.0007 0.0000 0.0000 0.0000 0.0000 0.0000
0.0000 0.0000 0.0000 0.0429 0.8555 0.1014 0.0002 0.0000 0.0000 0.0000 0.0000
0.0000 0.0000 0.0000 0.0007 0.1014 0.8207 0.0771 0.0001 0.0000 0.0000 0.0000
0.0000 0.0000 0.0000 0.0000 0.0002 0.0771 0.8206 0.1004 0.0017 0.0000 0.0000
0.0000 0.0000 0.0000 0.0000 0.0000 0.0001 0.1004 0.7268 0.1708 0.0018 0.0000
0.0000 0.0000 0.0000 0.0000 0.0000 0.0000 0.0017 0.1708 0.6761 0.1501 0.0014
0.0000 0.0000 0.0000 0.0000 0.0000 0.0000 0.0000 0.0018 0.1501 0.7191 0.1290
0.0000 0.0000 0.0000 0.0000 0.0000 0.0000 0.0000 0.0000 0.0014 0.1290 0.8696
#DG from neighbouring lambda in kcal/mol
0.0000 0.1000 4.2630 0.2854
0.1000 0.2000 4.9382 0.2103
0.2000 0.3000 3.0497 0.2956
0.3000 0.4000 3.6095 0.1319
0.4000 0.5000 4.8120 0.0804
0.5000 0.6000 2.4900 0.0952
0.6000 0.7000 -0.7475 0.0804
0.7000 0.8000 -2.3856 0.0557
0.8000 0.9000 -4.4012 0.0613
0.9000 1.0000 -5.9720 0.0686
#PMF from MBAR in kcal/mol
0.0000 0.0000 0.0000
0.1000 4.2630 0.2854
0.2000 9.2012 0.3568
0.3000 12.2510 0.4652
0.4000 15.8604 0.4852
0.5000 20.6724 0.4932
0.6000 23.1625 0.5040
0.7000 22.4150 0.5119
0.8000 20.0293 0.5164
0.9000 15.6281 0.5215
1.0000 9.6561 0.5275
#TI average gradients and standard deviation in kcal/mol
0.0000 26.8092 28.7882
0.1000 49.7439 27.1288
0.2000 39.9226 29.9147
0.3000 27.6786 28.9056
0.4000 46.1133 18.8671
0.5000 41.0894 21.1029
0.6000 5.9660 21.5550
0.7000 -16.2380 15.1296
0.8000 -33.5871 15.2931
0.9000 -52.4617 15.3121
1.0000 -21001.4477 239584.4219
#PMF from TI in kcal/mol
0.0000 0.0000
0.1000 3.8277
0.2000 8.3110
0.3000 11.6910
0.4000 15.3806
0.5000 19.7408
0.6000 22.0935
0.7000 21.5799
0.8000 19.0887
0.9000 14.7862
1.0000 -1037.9092
#MBAR free energy difference in kcal/mol: 
9.656138, 0.527486  #WARNING SUBSAMPLING DISABLED, CONSIDER RERUN WITH SUBSAMPLING OPTION
#TI free energy difference in kcal/mol: 
-1037.909224  #WARNING SUBSAMPLING DISABLED, CONSIDER RERUN WITH SUBSAMPLING OPTION 
Starting /export/users/common/BioSimSpace/sire.app/bin/analyse_freenrg: number of threads equals 32
