# Analysing data contained in file(s) ['lambda_0.0000/simfile_snipped.dat', 'lambda_0.1000/simfile_snipped.dat', 'lambda_0.2000/simfile_snipped.dat', 'lambda_0.3000/simfile_snipped.dat', 'lambda_0.4000/simfile_snipped.dat', 'lambda_0.5000/simfile_snipped.dat', 'lambda_0.6000/simfile_snipped.dat', 'lambda_0.7000/simfile_snipped.dat', 'lambda_0.8000/simfile_snipped.dat', 'lambda_0.9000/simfile_snipped.dat', 'lambda_1.0000/simfile_snipped.dat']
#Overlap matrix
0.9181 0.0818 0.0001 0.0000 0.0000 0.0000 0.0000 0.0000 0.0000 0.0000 0.0000
0.0818 0.8179 0.1000 0.0002 0.0000 0.0000 0.0000 0.0000 0.0000 0.0000 0.0000
0.0001 0.1000 0.7884 0.1113 0.0002 0.0000 0.0000 0.0000 0.0000 0.0000 0.0000
0.0000 0.0002 0.1113 0.7798 0.1085 0.0001 0.0000 0.0000 0.0000 0.0000 0.0000
0.0000 0.0000 0.0002 0.1085 0.8182 0.0730 0.0001 0.0000 0.0000 0.0000 0.0000
0.0000 0.0000 0.0000 0.0001 0.0730 0.8462 0.0806 0.0001 0.0000 0.0000 0.0000
0.0000 0.0000 0.0000 0.0000 0.0001 0.0806 0.8519 0.0674 0.0000 0.0000 0.0000
0.0000 0.0000 0.0000 0.0000 0.0000 0.0001 0.0674 0.8544 0.0781 0.0001 0.0000
0.0000 0.0000 0.0000 0.0000 0.0000 0.0000 0.0000 0.0781 0.8678 0.0540 0.0000
0.0000 0.0000 0.0000 0.0000 0.0000 0.0000 0.0000 0.0001 0.0540 0.8983 0.0476
0.0000 0.0000 0.0000 0.0000 0.0000 0.0000 0.0000 0.0000 0.0000 0.0476 0.9524
#DG from neighbouring lambda in kcal/mol
0.0000 0.1000 35.7486 0.0921
0.1000 0.2000 30.0537 0.0813
0.2000 0.3000 24.6110 0.0760
0.3000 0.4000 19.2768 0.0773
0.4000 0.5000 13.8186 0.0984
0.5000 0.6000 8.0938 0.0928
0.6000 0.7000 2.3477 0.1032
0.7000 0.8000 -3.5141 0.0946
0.8000 0.9000 -8.7491 0.1170
0.9000 1.0000 -13.5289 0.1256
#PMF from MBAR in kcal/mol
0.0000 0.0000 0.0000
0.1000 35.7486 0.0921
0.2000 65.8023 0.1294
0.3000 90.4133 0.1554
0.4000 109.6902 0.1782
0.5000 123.5088 0.2075
0.6000 131.6025 0.2309
0.7000 133.9502 0.2561
0.8000 130.4361 0.2761
0.9000 121.6870 0.3026
1.0000 108.1581 0.3301
#TI average gradients and standard deviation in kcal/mol
0.0000 377.5855 18.5042
0.1000 328.0572 17.7976
0.2000 272.0199 18.0239
0.3000 219.1262 19.4852
0.4000 167.3782 19.5757
0.5000 109.1444 19.2382
0.6000 52.5533 18.6805
0.7000 -8.4179 20.2187
0.8000 -59.9101 20.8062
0.9000 -113.5662 21.7520
1.0000 -153.9931 24.9088
#PMF from TI in kcal/mol
0.0000 0.0000
0.1000 35.2821
0.2000 65.2860
0.3000 89.8433
0.4000 109.1685
0.5000 122.9947
0.6000 131.0795
0.7000 133.2863
0.8000 129.8699
0.9000 121.1961
1.0000 107.8181
#MBAR free energy difference in kcal/mol: 
108.158096, 0.330113  #WARNING SUBSAMPLING DISABLED, CONSIDER RERUN WITH SUBSAMPLING OPTION
#TI free energy difference in kcal/mol: 
107.818124  #WARNING SUBSAMPLING DISABLED, CONSIDER RERUN WITH SUBSAMPLING OPTION 
Starting /export/users/common/BioSimSpace/sire.app/bin/analyse_freenrg: number of threads equals 32
