# Analysing data contained in file(s) ['lambda_0.0000/simfile_snipped.dat', 'lambda_0.1000/simfile_snipped.dat', 'lambda_0.2000/simfile_snipped.dat', 'lambda_0.3000/simfile_snipped.dat', 'lambda_0.4000/simfile_snipped.dat', 'lambda_0.5000/simfile_snipped.dat', 'lambda_0.6000/simfile_snipped.dat', 'lambda_0.7000/simfile_snipped.dat', 'lambda_0.8000/simfile_snipped.dat', 'lambda_0.9000/simfile_snipped.dat', 'lambda_1.0000/simfile_snipped.dat']
#Overlap matrix
0.9074 0.0922 0.0004 0.0000 0.0000 0.0000 0.0000 0.0000 0.0000 0.0000 0.0000
0.0922 0.7801 0.1253 0.0024 0.0000 0.0000 0.0000 0.0000 0.0000 0.0000 0.0000
0.0004 0.1253 0.6951 0.1761 0.0031 0.0000 0.0000 0.0000 0.0000 0.0000 0.0000
0.0000 0.0024 0.1761 0.6556 0.1622 0.0036 0.0000 0.0000 0.0000 0.0000 0.0000
0.0000 0.0000 0.0031 0.1622 0.6454 0.1856 0.0037 0.0000 0.0000 0.0000 0.0000
0.0000 0.0000 0.0000 0.0036 0.1856 0.6396 0.1681 0.0030 0.0000 0.0000 0.0000
0.0000 0.0000 0.0000 0.0000 0.0037 0.1681 0.6576 0.1682 0.0023 0.0000 0.0000
0.0000 0.0000 0.0000 0.0000 0.0000 0.0030 0.1682 0.6464 0.1791 0.0033 0.0000
0.0000 0.0000 0.0000 0.0000 0.0000 0.0000 0.0023 0.1791 0.6525 0.1646 0.0014
0.0000 0.0000 0.0000 0.0000 0.0000 0.0000 0.0000 0.0033 0.1646 0.6829 0.1492
0.0000 0.0000 0.0000 0.0000 0.0000 0.0000 0.0000 0.0000 0.0014 0.1492 0.8494
#DG from neighbouring lambda in kcal/mol
0.0000 0.1000 -2.1042 0.0855
0.1000 0.2000 -0.1586 0.0694
0.2000 0.3000 0.9623 0.0540
0.3000 0.4000 1.1996 0.0571
0.4000 0.5000 1.1706 0.0514
0.5000 0.6000 1.0922 0.0556
0.6000 0.7000 0.9512 0.0559
0.7000 0.8000 0.7590 0.0533
0.8000 0.9000 0.9022 0.0570
0.9000 1.0000 0.6543 0.0621
#PMF from MBAR in kcal/mol
0.0000 0.0000 0.0000
0.1000 -2.1042 0.0855
0.2000 -2.2628 0.1172
0.3000 -1.3005 0.1347
0.4000 -0.1010 0.1513
0.5000 1.0697 0.1643
0.6000 2.1618 0.1777
0.7000 3.1130 0.1903
0.8000 3.8720 0.2014
0.9000 4.7742 0.2129
1.0000 5.4285 0.2252
#TI average gradients and standard deviation in kcal/mol
0.0000 -38.8044 21.5069
0.1000 -8.0217 19.1645
0.2000 5.0351 14.5639
0.3000 12.8877 14.2464
0.4000 10.8011 13.8352
0.5000 12.1494 14.1797
0.6000 9.9262 14.4597
0.7000 8.2620 15.5912
0.8000 8.1940 13.9813
0.9000 8.6601 16.2728
1.0000 10.9684 14.5196
#PMF from TI in kcal/mol
0.0000 0.0000
0.1000 -2.3413
0.2000 -2.4906
0.3000 -1.5945
0.4000 -0.4101
0.5000 0.7375
0.6000 1.8412
0.7000 2.7507
0.8000 3.5735
0.9000 4.4162
1.0000 5.3976
#MBAR free energy difference in kcal/mol: 
5.428465, 0.225238  #WARNING SUBSAMPLING DISABLED, CONSIDER RERUN WITH SUBSAMPLING OPTION
#TI free energy difference in kcal/mol: 
5.397589  #WARNING SUBSAMPLING DISABLED, CONSIDER RERUN WITH SUBSAMPLING OPTION 
Starting /export/users/common/BioSimSpace/sire.app/bin/analyse_freenrg: number of threads equals 32
