# Analysing data contained in file(s) ['lambda_0.0000/simfile_snipped.dat', 'lambda_0.1000/simfile_snipped.dat', 'lambda_0.2000/simfile_snipped.dat', 'lambda_0.3000/simfile_snipped.dat', 'lambda_0.4000/simfile_snipped.dat', 'lambda_0.5000/simfile_snipped.dat', 'lambda_0.6000/simfile_snipped.dat', 'lambda_0.7000/simfile_snipped.dat', 'lambda_0.8000/simfile_snipped.dat', 'lambda_0.9000/simfile_snipped.dat', 'lambda_1.0000/simfile_snipped.dat']
#Overlap matrix
0.9358 0.0642 0.0000 0.0000 0.0000 0.0000 0.0000 0.0000 0.0000 0.0000 0.0000
0.0642 0.8460 0.0898 0.0000 0.0000 0.0000 0.0000 0.0000 0.0000 0.0000 0.0000
0.0000 0.0898 0.8197 0.0905 0.0000 0.0000 0.0000 0.0000 0.0000 0.0000 0.0000
0.0000 0.0000 0.0905 0.8988 0.0106 0.0000 0.0000 0.0000 0.0000 0.0000 0.0000
0.0000 0.0000 0.0000 0.0106 0.9077 0.0816 0.0001 0.0000 0.0000 0.0000 0.0000
0.0000 0.0000 0.0000 0.0000 0.0816 0.7893 0.1284 0.0007 0.0000 0.0000 0.0000
0.0000 0.0000 0.0000 0.0000 0.0001 0.1284 0.7345 0.1366 0.0004 0.0000 0.0000
0.0000 0.0000 0.0000 0.0000 0.0000 0.0007 0.1366 0.7591 0.1036 0.0000 0.0000
0.0000 0.0000 0.0000 0.0000 0.0000 0.0000 0.0004 0.1036 0.8695 0.0266 0.0000
0.0000 0.0000 0.0000 0.0000 0.0000 0.0000 0.0000 0.0000 0.0266 0.9734 0.0001
0.0000 0.0000 0.0000 0.0000 0.0000 0.0000 0.0000 0.0000 0.0000 0.0001 0.9999
#DG from neighbouring lambda in kcal/mol
0.0000 0.1000 24.1321 0.1062
0.1000 0.2000 19.7500 0.0871
0.2000 0.3000 15.4855 0.0866
0.3000 0.4000 6.9706 0.2770
0.4000 0.5000 -1.0952 0.0922
0.5000 0.6000 -4.9744 0.0690
0.6000 0.7000 -7.8362 0.0661
0.7000 0.8000 -11.0092 0.0796
0.8000 0.9000 -17.0409 0.1720
0.9000 1.0000 -34.9633 3.9943
#PMF from MBAR in kcal/mol
0.0000 0.0000 0.0000
0.1000 24.1321 0.1062
0.2000 43.8821 0.1432
0.3000 59.3676 0.1722
0.4000 66.3382 0.3287
0.5000 65.2430 0.3438
0.6000 60.2686 0.3530
0.7000 52.4325 0.3613
0.8000 41.4233 0.3722
0.9000 24.3824 0.4120
1.0000 -10.5809 4.0157
#TI average gradients and standard deviation in kcal/mol
0.0000 264.9867 23.3479
0.1000 218.1126 20.8339
0.2000 176.1408 19.7734
0.3000 129.5850 23.5791
0.4000 15.9298 22.5452
0.5000 -33.2726 17.4522
0.6000 -64.6665 15.5209
0.7000 -92.8876 16.8804
0.8000 -130.9523 21.4306
0.9000 -218.9260 32.1579
1.0000 -495.8583 50.7313
#PMF from TI in kcal/mol
0.0000 0.0000
0.1000 24.1550
0.2000 43.8676
0.3000 59.1539
0.4000 66.4297
0.5000 65.5625
0.6000 60.6656
0.7000 52.7879
0.8000 41.5959
0.9000 24.1019
1.0000 -11.6373
#MBAR free energy difference in kcal/mol: 
-10.580905, 4.015719  #WARNING SUBSAMPLING DISABLED, CONSIDER RERUN WITH SUBSAMPLING OPTION
#TI free energy difference in kcal/mol: 
-11.637268  #WARNING SUBSAMPLING DISABLED, CONSIDER RERUN WITH SUBSAMPLING OPTION 
Starting /export/users/common/BioSimSpace/sire.app/bin/analyse_freenrg: number of threads equals 32
