# Analysing data contained in file(s) ['lambda_0.0000/simfile_snipped.dat', 'lambda_0.1000/simfile_snipped.dat', 'lambda_0.2000/simfile_snipped.dat', 'lambda_0.3000/simfile_snipped.dat', 'lambda_0.4000/simfile_snipped.dat', 'lambda_0.5000/simfile_snipped.dat', 'lambda_0.6000/simfile_snipped.dat', 'lambda_0.7000/simfile_snipped.dat', 'lambda_0.8000/simfile_snipped.dat', 'lambda_0.9000/simfile_snipped.dat', 'lambda_1.0000/simfile_snipped.dat']
#Overlap matrix
0.9711 0.0289 0.0000 0.0000 0.0000 0.0000 0.0000 0.0000 0.0000 0.0000 0.0000
0.0289 0.9380 0.0331 0.0000 0.0000 0.0000 0.0000 0.0000 0.0000 0.0000 0.0000
0.0000 0.0331 0.9450 0.0220 0.0000 0.0000 0.0000 0.0000 0.0000 0.0000 0.0000
0.0000 0.0000 0.0220 0.9592 0.0188 0.0000 0.0000 0.0000 0.0000 0.0000 0.0000
0.0000 0.0000 0.0000 0.0188 0.9482 0.0329 0.0000 0.0000 0.0000 0.0000 0.0000
0.0000 0.0000 0.0000 0.0000 0.0329 0.9146 0.0525 0.0000 0.0000 0.0000 0.0000
0.0000 0.0000 0.0000 0.0000 0.0000 0.0525 0.8882 0.0593 0.0000 0.0000 0.0000
0.0000 0.0000 0.0000 0.0000 0.0000 0.0000 0.0593 0.8716 0.0691 0.0000 0.0000
0.0000 0.0000 0.0000 0.0000 0.0000 0.0000 0.0000 0.0691 0.8623 0.0686 0.0000
0.0000 0.0000 0.0000 0.0000 0.0000 0.0000 0.0000 0.0000 0.0686 0.8936 0.0378
0.0000 0.0000 0.0000 0.0000 0.0000 0.0000 0.0000 0.0000 0.0000 0.0378 0.9622
#DG from neighbouring lambda in kcal/mol
0.0000 0.1000 -8.9483 0.1645
0.1000 0.2000 -9.4523 0.1531
0.2000 0.3000 -12.0286 0.1902
0.3000 0.4000 -15.1463 0.2060
0.4000 0.5000 -17.2048 0.1534
0.5000 0.6000 -19.8221 0.1190
0.6000 0.7000 -22.3457 0.1111
0.7000 0.8000 -25.4262 0.1018
0.8000 0.9000 -28.7989 0.1022
0.9000 1.0000 -32.3383 0.1425
#PMF from MBAR in kcal/mol
0.0000 0.0000 0.0000
0.1000 -8.9483 0.1645
0.2000 -18.4006 0.2284
0.3000 -30.4292 0.2999
0.4000 -45.5755 0.3662
0.5000 -62.7803 0.3991
0.6000 -82.6024 0.4184
0.7000 -104.9480 0.4348
0.8000 -130.3742 0.4484
0.9000 -159.1732 0.4617
1.0000 -191.5114 0.4849
#TI average gradients and standard deviation in kcal/mol
0.0000 -102.2767 23.5390
0.1000 -88.3046 24.7972
0.2000 -102.2023 26.6620
0.3000 -133.9601 25.5208
0.4000 -164.7479 25.7698
0.5000 -186.2879 25.1385
0.6000 -208.3279 21.2212
0.7000 -239.1049 21.0423
0.8000 -271.9565 20.7670
0.9000 -302.8037 21.1379
1.0000 -335.5709 25.0831
#PMF from TI in kcal/mol
0.0000 0.0000
0.1000 -9.5291
0.2000 -19.0544
0.3000 -30.8625
0.4000 -45.7979
0.5000 -63.3497
0.6000 -83.0805
0.7000 -105.4521
0.8000 -131.0052
0.9000 -159.7432
1.0000 -191.6619
#MBAR free energy difference in kcal/mol: 
-191.511430, 0.484941  #WARNING SUBSAMPLING DISABLED, CONSIDER RERUN WITH SUBSAMPLING OPTION
#TI free energy difference in kcal/mol: 
-191.661945  #WARNING SUBSAMPLING DISABLED, CONSIDER RERUN WITH SUBSAMPLING OPTION 
Starting /export/users/common/BioSimSpace/sire.app/bin/analyse_freenrg: number of threads equals 32
