# Analysing data contained in file(s) ['lambda_0.0000/simfile_snipped.dat', 'lambda_0.1000/simfile_snipped.dat', 'lambda_0.2000/simfile_snipped.dat', 'lambda_0.3000/simfile_snipped.dat', 'lambda_0.4000/simfile_snipped.dat', 'lambda_0.5000/simfile_snipped.dat', 'lambda_0.6000/simfile_snipped.dat', 'lambda_0.7000/simfile_snipped.dat', 'lambda_0.8000/simfile_snipped.dat', 'lambda_0.9000/simfile_snipped.dat', 'lambda_1.0000/simfile_snipped.dat']
#Overlap matrix
1.0000 0.0000 0.0000 0.0000 0.0000 0.0000 0.0000 0.0000 0.0000 0.0000 0.0000
0.0000 0.9876 0.0124 0.0000 0.0000 0.0000 0.0000 0.0000 0.0000 0.0000 0.0000
0.0000 0.0124 0.8638 0.1224 0.0014 0.0000 0.0000 0.0000 0.0000 0.0000 0.0000
0.0000 0.0000 0.1224 0.7014 0.1696 0.0065 0.0000 0.0000 0.0000 0.0000 0.0000
0.0000 0.0000 0.0014 0.1696 0.5957 0.2224 0.0108 0.0000 0.0000 0.0000 0.0000
0.0000 0.0000 0.0000 0.0065 0.2224 0.5584 0.2067 0.0058 0.0000 0.0000 0.0000
0.0000 0.0000 0.0000 0.0000 0.0108 0.2067 0.6061 0.1745 0.0018 0.0000 0.0000
0.0000 0.0000 0.0000 0.0000 0.0000 0.0058 0.1745 0.6947 0.1249 0.0000 0.0000
0.0000 0.0000 0.0000 0.0000 0.0000 0.0000 0.0018 0.1249 0.8577 0.0156 0.0000
0.0000 0.0000 0.0000 0.0000 0.0000 0.0000 0.0000 0.0000 0.0156 0.9844 0.0000
0.0000 0.0000 0.0000 0.0000 0.0000 0.0000 0.0000 0.0000 0.0000 0.0000 1.0000
#DG from neighbouring lambda in kcal/mol
0.0000 0.1000 57.3959 0.2478
0.1000 0.2000 20.1400 0.2557
0.2000 0.3000 11.6280 0.0710
0.3000 0.4000 7.8425 0.0550
0.4000 0.5000 4.9651 0.0426
0.5000 0.6000 2.3983 0.0455
0.6000 0.7000 -0.5506 0.0539
0.7000 0.8000 -4.1316 0.0699
0.8000 0.9000 -12.0818 0.2274
0.9000 1.0000 -189.4015 0.2250
#PMF from MBAR in kcal/mol
0.0000 0.0000 0.0000
0.1000 57.3959 0.2478
0.2000 77.5360 0.0962
0.3000 89.1640 0.0748
0.4000 97.0065 0.0644
0.5000 101.9717 0.0618
0.6000 104.3700 0.0646
0.7000 103.8194 0.0748
0.8000 99.6879 0.0956
0.9000 87.6061 0.2250
1.0000 -101.7955 0.0000
#TI average gradients and standard deviation in kcal/mol
0.0000 2337.7240 72.5446
0.1000 290.3188 44.7727
0.2000 143.6183 21.6897
0.3000 95.8320 14.3857
0.4000 61.8775 13.4481
0.5000 37.6459 12.6108
0.6000 10.6202 12.4821
0.7000 -21.9776 13.4463
0.8000 -68.2057 21.6981
0.9000 -211.5184 45.8994
1.0000 -2267.1890 82.4993
#PMF from TI in kcal/mol
0.0000 0.0000
0.1000 131.4021
0.2000 153.0990
0.3000 165.0715
0.4000 172.9570
0.5000 177.9332
0.6000 180.3465
0.7000 179.7786
0.8000 175.2694
0.9000 161.2832
1.0000 37.3478
#MBAR free energy difference in kcal/mol: 
-101.795461, 0.000000  #WARNING SUBSAMPLING DISABLED, CONSIDER RERUN WITH SUBSAMPLING OPTION
#TI free energy difference in kcal/mol: 
37.347849  #WARNING SUBSAMPLING DISABLED, CONSIDER RERUN WITH SUBSAMPLING OPTION 
Starting /export/users/common/BioSimSpace/sire.app/bin/analyse_freenrg: number of threads equals 32
