# Analysing data contained in file(s) ['lambda_0.0000/simfile_snipped.dat', 'lambda_0.1000/simfile_snipped.dat', 'lambda_0.2000/simfile_snipped.dat', 'lambda_0.3000/simfile_snipped.dat', 'lambda_0.4000/simfile_snipped.dat', 'lambda_0.5000/simfile_snipped.dat', 'lambda_0.6000/simfile_snipped.dat', 'lambda_0.7000/simfile_snipped.dat', 'lambda_0.8000/simfile_snipped.dat', 'lambda_0.9000/simfile_snipped.dat', 'lambda_1.0000/simfile_snipped.dat']
#Overlap matrix
0.9831 0.0169 0.0000 0.0000 0.0000 0.0000 0.0000 0.0000 0.0000 0.0000 0.0000
0.0169 0.9758 0.0073 0.0000 0.0000 0.0000 0.0000 0.0000 0.0000 0.0000 0.0000
0.0000 0.0073 0.9889 0.0038 0.0000 0.0000 0.0000 0.0000 0.0000 0.0000 0.0000
0.0000 0.0000 0.0038 0.9962 0.0000 0.0000 0.0000 0.0000 0.0000 0.0000 0.0000
0.0000 0.0000 0.0000 0.0000 0.9164 0.0835 0.0001 0.0000 0.0000 0.0000 0.0000
0.0000 0.0000 0.0000 0.0000 0.0835 0.8171 0.0994 0.0000 0.0000 0.0000 0.0000
0.0000 0.0000 0.0000 0.0000 0.0001 0.0994 0.8250 0.0755 0.0000 0.0000 0.0000
0.0000 0.0000 0.0000 0.0000 0.0000 0.0000 0.0755 0.8821 0.0424 0.0000 0.0000
0.0000 0.0000 0.0000 0.0000 0.0000 0.0000 0.0000 0.0424 0.9196 0.0380 0.0000
0.0000 0.0000 0.0000 0.0000 0.0000 0.0000 0.0000 0.0000 0.0380 0.9439 0.0181
0.0000 0.0000 0.0000 0.0000 0.0000 0.0000 0.0000 0.0000 0.0000 0.0181 0.9819
#DG from neighbouring lambda in kcal/mol
0.0000 0.1000 -3.1899 0.2181
0.1000 0.2000 -4.2031 0.3348
0.2000 0.3000 -3.7637 0.4631
0.3000 0.4000 -7.5726 42.3285
0.4000 0.5000 4.4788 0.0909
0.5000 0.6000 8.4991 0.0817
0.6000 0.7000 6.8945 0.0966
0.7000 0.8000 4.5629 0.1339
0.8000 0.9000 3.3080 0.1421
0.9000 1.0000 5.6765 0.2104
#PMF from MBAR in kcal/mol
0.0000 0.0000 0.0000
0.1000 -3.1899 0.2181
0.2000 -7.3930 0.4017
0.3000 -11.1568 0.6144
0.4000 -18.7294 42.3330
0.5000 -14.2506 42.3331
0.6000 -5.7514 42.3332
0.7000 1.1431 42.3333
0.8000 5.7060 42.3335
0.9000 9.0141 42.3338
1.0000 14.6905 42.3343
#TI average gradients and standard deviation in kcal/mol
0.0000 -37.4925 28.3588
0.1000 -35.1293 32.7147
0.2000 -36.4354 33.9667
0.3000 -24.3348 30.7790
0.4000 -26.3817 25.7827
0.5000 81.9195 18.7246
0.6000 79.9626 19.8909
0.7000 59.6277 20.3085
0.8000 33.0275 22.9065
0.9000 39.6509 22.1083
1.0000 -7542.9487 149584.1123
#PMF from TI in kcal/mol
0.0000 0.0000
0.1000 -3.6311
0.2000 -7.2093
0.3000 -10.2478
0.4000 -12.7837
0.5000 -10.0068
0.6000 -1.9127
0.7000 5.0669
0.8000 9.6996
0.9000 13.3335
1.0000 -361.8314
#MBAR free energy difference in kcal/mol: 
14.690541, 42.334343  #WARNING SUBSAMPLING DISABLED, CONSIDER RERUN WITH SUBSAMPLING OPTION
#TI free energy difference in kcal/mol: 
-361.831354  #WARNING SUBSAMPLING DISABLED, CONSIDER RERUN WITH SUBSAMPLING OPTION 
Starting /export/users/common/BioSimSpace/sire.app/bin/analyse_freenrg: number of threads equals 32
