# Analysing data contained in file(s) ['lambda_0.0000/simfile_snipped.dat', 'lambda_0.1000/simfile_snipped.dat', 'lambda_0.2000/simfile_snipped.dat', 'lambda_0.3000/simfile_snipped.dat', 'lambda_0.4000/simfile_snipped.dat', 'lambda_0.5000/simfile_snipped.dat', 'lambda_0.6000/simfile_snipped.dat', 'lambda_0.7000/simfile_snipped.dat', 'lambda_0.8000/simfile_snipped.dat', 'lambda_0.9000/simfile_snipped.dat', 'lambda_1.0000/simfile_snipped.dat']
#Overlap matrix
0.8050 0.1897 0.0053 0.0000 0.0000 0.0000 0.0000 0.0000 0.0000 0.0000 0.0000
0.1897 0.6236 0.1818 0.0050 0.0000 0.0000 0.0000 0.0000 0.0000 0.0000 0.0000
0.0053 0.1818 0.6143 0.1915 0.0071 0.0000 0.0000 0.0000 0.0000 0.0000 0.0000
0.0000 0.0050 0.1915 0.6007 0.1966 0.0063 0.0000 0.0000 0.0000 0.0000 0.0000
0.0000 0.0000 0.0071 0.1966 0.5896 0.1973 0.0094 0.0001 0.0000 0.0000 0.0000
0.0000 0.0000 0.0000 0.0063 0.1973 0.5818 0.2044 0.0101 0.0001 0.0000 0.0000
0.0000 0.0000 0.0000 0.0000 0.0094 0.2044 0.5743 0.2025 0.0092 0.0000 0.0000
0.0000 0.0000 0.0000 0.0000 0.0001 0.0101 0.2025 0.5828 0.1986 0.0058 0.0000
0.0000 0.0000 0.0000 0.0000 0.0000 0.0001 0.0092 0.1986 0.6250 0.1649 0.0022
0.0000 0.0000 0.0000 0.0000 0.0000 0.0000 0.0000 0.0058 0.1649 0.6856 0.1436
0.0000 0.0000 0.0000 0.0000 0.0000 0.0000 0.0000 0.0000 0.0022 0.1436 0.8542
#DG from neighbouring lambda in kcal/mol
0.0000 0.1000 0.7846 0.0510
0.1000 0.2000 0.8505 0.0517
0.2000 0.3000 0.7416 0.0492
0.3000 0.4000 0.7164 0.0480
0.4000 0.5000 0.5119 0.0474
0.5000 0.6000 0.4755 0.0454
0.6000 0.7000 0.5156 0.0458
0.7000 0.8000 0.7492 0.0473
0.8000 0.9000 1.2149 0.0561
0.9000 1.0000 2.0309 0.0635
#PMF from MBAR in kcal/mol
0.0000 0.0000 0.0000
0.1000 0.7846 0.0510
0.2000 1.6350 0.0818
0.3000 2.3767 0.1028
0.4000 3.0931 0.1194
0.5000 3.6050 0.1339
0.6000 4.0805 0.1461
0.7000 4.5961 0.1574
0.8000 5.3453 0.1684
0.9000 6.5602 0.1814
1.0000 8.5910 0.1961
#TI average gradients and standard deviation in kcal/mol
0.0000 3.9040 14.2827
0.1000 8.2170 14.0703
0.2000 8.2658 13.8482
0.3000 6.9624 13.2813
0.4000 6.2791 13.9172
0.5000 5.1374 12.4244
0.6000 4.8144 11.9154
0.7000 5.9337 12.5020
0.8000 8.9227 12.9000
0.9000 14.6525 15.6647
1.0000 29.3194 15.9923
#PMF from TI in kcal/mol
0.0000 0.0000
0.1000 0.6061
0.2000 1.4302
0.3000 2.1916
0.4000 2.8537
0.5000 3.4245
0.6000 3.9221
0.7000 4.4595
0.8000 5.2023
0.9000 6.3811
1.0000 8.5797
#MBAR free energy difference in kcal/mol: 
8.591049, 0.196088  #WARNING SUBSAMPLING DISABLED, CONSIDER RERUN WITH SUBSAMPLING OPTION
#TI free energy difference in kcal/mol: 
8.579676  #WARNING SUBSAMPLING DISABLED, CONSIDER RERUN WITH SUBSAMPLING OPTION 
Starting /export/users/common/BioSimSpace/sire.app/bin/analyse_freenrg: number of threads equals 32
