# Analysing data contained in file(s) ['lambda_0.0000/simfile_snipped.dat', 'lambda_0.1000/simfile_snipped.dat', 'lambda_0.2000/simfile_snipped.dat', 'lambda_0.3000/simfile_snipped.dat', 'lambda_0.4000/simfile_snipped.dat', 'lambda_0.5000/simfile_snipped.dat', 'lambda_0.6000/simfile_snipped.dat', 'lambda_0.7000/simfile_snipped.dat', 'lambda_0.8000/simfile_snipped.dat', 'lambda_0.9000/simfile_snipped.dat', 'lambda_1.0000/simfile_snipped.dat']
#Overlap matrix
0.9776 0.0224 0.0000 0.0000 0.0000 0.0000 0.0000 0.0000 0.0000 0.0000 0.0000
0.0224 0.9520 0.0256 0.0000 0.0000 0.0000 0.0000 0.0000 0.0000 0.0000 0.0000
0.0000 0.0256 0.9415 0.0329 0.0000 0.0000 0.0000 0.0000 0.0000 0.0000 0.0000
0.0000 0.0000 0.0329 0.9472 0.0198 0.0000 0.0000 0.0000 0.0000 0.0000 0.0000
0.0000 0.0000 0.0000 0.0198 0.9624 0.0178 0.0000 0.0000 0.0000 0.0000 0.0000
0.0000 0.0000 0.0000 0.0000 0.0178 0.9805 0.0017 0.0000 0.0000 0.0000 0.0000
0.0000 0.0000 0.0000 0.0000 0.0000 0.0017 0.9336 0.0647 0.0000 0.0000 0.0000
0.0000 0.0000 0.0000 0.0000 0.0000 0.0000 0.0647 0.8787 0.0566 0.0000 0.0000
0.0000 0.0000 0.0000 0.0000 0.0000 0.0000 0.0000 0.0566 0.8659 0.0774 0.0000
0.0000 0.0000 0.0000 0.0000 0.0000 0.0000 0.0000 0.0000 0.0774 0.8332 0.0893
0.0000 0.0000 0.0000 0.0000 0.0000 0.0000 0.0000 0.0000 0.0000 0.0893 0.9106
#DG from neighbouring lambda in kcal/mol
0.0000 0.1000 -7.8183 0.1882
0.1000 0.2000 2.8952 0.1755
0.2000 0.3000 5.2673 0.1535
0.3000 0.4000 5.3680 0.2005
0.4000 0.5000 5.2250 0.2122
0.5000 0.6000 3.2877 0.6902
0.6000 0.7000 8.2691 0.1057
0.7000 0.8000 9.0529 0.1140
0.8000 0.9000 5.6298 0.0952
0.9000 1.0000 3.6943 0.0874
#PMF from MBAR in kcal/mol
0.0000 0.0000 0.0000
0.1000 -7.8183 0.1882
0.2000 -4.9231 0.2606
0.3000 0.3441 0.3051
0.4000 5.7122 0.3673
0.5000 10.9372 0.4262
0.6000 14.2249 0.8122
0.7000 22.4940 0.8200
0.8000 31.5469 0.8289
0.9000 37.1767 0.8353
1.0000 40.8710 0.8409
#TI average gradients and standard deviation in kcal/mol
0.0000 -238.3354 26.5722
0.1000 7.3631 27.1779
0.2000 44.9823 24.2082
0.3000 54.8925 24.7797
0.4000 53.3848 27.9306
0.5000 49.0993 31.4434
0.6000 44.9703 28.6936
0.7000 99.3713 20.6266
0.8000 73.2803 22.5861
0.9000 44.4204 18.8100
1.0000 65.3061 19.3998
#PMF from TI in kcal/mol
0.0000 0.0000
0.1000 -11.5486
0.2000 -8.9313
0.3000 -3.9376
0.4000 1.4763
0.5000 6.6005
0.6000 11.3039
0.7000 18.5210
0.8000 27.1536
0.9000 33.0386
1.0000 38.5250
#MBAR free energy difference in kcal/mol: 
40.871040, 0.840880  #WARNING SUBSAMPLING DISABLED, CONSIDER RERUN WITH SUBSAMPLING OPTION
#TI free energy difference in kcal/mol: 
38.524968  #WARNING SUBSAMPLING DISABLED, CONSIDER RERUN WITH SUBSAMPLING OPTION 
Starting /export/users/common/BioSimSpace/sire.app/bin/analyse_freenrg: number of threads equals 32
