# Analysing data contained in file(s) ['lambda_0.0000/simfile_snipped.dat', 'lambda_0.1000/simfile_snipped.dat', 'lambda_0.2000/simfile_snipped.dat', 'lambda_0.3000/simfile_snipped.dat', 'lambda_0.4000/simfile_snipped.dat', 'lambda_0.5000/simfile_snipped.dat', 'lambda_0.6000/simfile_snipped.dat', 'lambda_0.7000/simfile_snipped.dat', 'lambda_0.8000/simfile_snipped.dat', 'lambda_0.9000/simfile_snipped.dat', 'lambda_1.0000/simfile_snipped.dat']
#Overlap matrix
0.9929 0.0071 0.0000 0.0000 0.0000 0.0000 0.0000 0.0000 0.0000 0.0000 0.0000
0.0071 0.9884 0.0045 0.0000 0.0000 0.0000 0.0000 0.0000 0.0000 0.0000 0.0000
0.0000 0.0045 0.9940 0.0014 0.0000 0.0000 0.0000 0.0000 0.0000 0.0000 0.0000
0.0000 0.0000 0.0014 0.9986 0.0000 0.0000 0.0000 0.0000 0.0000 0.0000 0.0000
0.0000 0.0000 0.0000 0.0000 0.9742 0.0258 0.0000 0.0000 0.0000 0.0000 0.0000
0.0000 0.0000 0.0000 0.0000 0.0258 0.9059 0.0679 0.0003 0.0000 0.0000 0.0000
0.0000 0.0000 0.0000 0.0000 0.0000 0.0679 0.8234 0.1084 0.0002 0.0000 0.0000
0.0000 0.0000 0.0000 0.0000 0.0000 0.0003 0.1084 0.7908 0.1004 0.0000 0.0000
0.0000 0.0000 0.0000 0.0000 0.0000 0.0000 0.0002 0.1004 0.8350 0.0643 0.0000
0.0000 0.0000 0.0000 0.0000 0.0000 0.0000 0.0000 0.0000 0.0643 0.8645 0.0711
0.0000 0.0000 0.0000 0.0000 0.0000 0.0000 0.0000 0.0000 0.0000 0.0711 0.9289
#DG from neighbouring lambda in kcal/mol
0.0000 0.1000 -12.9474 0.3405
0.1000 0.2000 -13.4861 0.4274
0.2000 0.3000 -17.1062 0.7566
0.3000 0.4000 -30.0014 0.6404
0.4000 0.5000 -12.4222 0.1746
0.5000 0.6000 -7.3065 0.1025
0.6000 0.7000 -9.4671 0.0772
0.7000 0.8000 -14.1989 0.0812
0.8000 0.9000 -20.0185 0.1060
0.9000 1.0000 -26.0858 0.1001
#PMF from MBAR in kcal/mol
0.0000 0.0000 0.0000
0.1000 -12.9474 0.3405
0.2000 -26.4335 0.5479
0.3000 -43.5397 0.9351
0.4000 -73.5412 0.4264
0.5000 -85.9634 0.3986
0.6000 -93.2699 0.3921
0.7000 -102.7370 0.3907
0.8000 -116.9359 0.3922
0.9000 -136.9544 0.3991
1.0000 -163.0401 0.4095
#TI average gradients and standard deviation in kcal/mol
0.0000 -135.1055 33.1871
0.1000 -123.8113 33.5383
0.2000 -138.5339 35.6364
0.3000 -164.8846 39.6127
0.4000 -216.8107 35.4303
0.5000 -75.5688 24.1978
0.6000 -79.6689 19.0616
0.7000 -115.3023 17.5396
0.8000 -169.6894 18.7406
0.9000 -232.8072 20.2556
1.0000 -273.8034 20.2906
#PMF from TI in kcal/mol
0.0000 0.0000
0.1000 -12.9458
0.2000 -26.0631
0.3000 -41.2340
0.4000 -60.3188
0.5000 -74.9378
0.6000 -82.6996
0.7000 -92.4482
0.8000 -106.6978
0.9000 -126.8226
1.0000 -152.1531
#MBAR free energy difference in kcal/mol: 
-163.040120, 0.409451  #WARNING SUBSAMPLING DISABLED, CONSIDER RERUN WITH SUBSAMPLING OPTION
#TI free energy difference in kcal/mol: 
-152.153147  #WARNING SUBSAMPLING DISABLED, CONSIDER RERUN WITH SUBSAMPLING OPTION 
Starting /export/users/common/BioSimSpace/sire.app/bin/analyse_freenrg: number of threads equals 32
