# Analysing data contained in file(s) ['lambda_0.0000/simfile_snipped.dat', 'lambda_0.1000/simfile_snipped.dat', 'lambda_0.2000/simfile_snipped.dat', 'lambda_0.3000/simfile_snipped.dat', 'lambda_0.4000/simfile_snipped.dat', 'lambda_0.5000/simfile_snipped.dat', 'lambda_0.6000/simfile_snipped.dat', 'lambda_0.7000/simfile_snipped.dat', 'lambda_0.8000/simfile_snipped.dat', 'lambda_0.9000/simfile_snipped.dat', 'lambda_1.0000/simfile_snipped.dat']
#Overlap matrix
0.9268 0.0732 0.0000 0.0000 0.0000 0.0000 0.0000 0.0000 0.0000 0.0000 0.0000
0.0732 0.8571 0.0698 0.0000 0.0000 0.0000 0.0000 0.0000 0.0000 0.0000 0.0000
0.0000 0.0698 0.8541 0.0761 0.0000 0.0000 0.0000 0.0000 0.0000 0.0000 0.0000
0.0000 0.0000 0.0761 0.8616 0.0623 0.0000 0.0000 0.0000 0.0000 0.0000 0.0000
0.0000 0.0000 0.0000 0.0623 0.8947 0.0429 0.0000 0.0000 0.0000 0.0000 0.0000
0.0000 0.0000 0.0000 0.0000 0.0429 0.8934 0.0637 0.0000 0.0000 0.0000 0.0000
0.0000 0.0000 0.0000 0.0000 0.0000 0.0637 0.9153 0.0210 0.0000 0.0000 0.0000
0.0000 0.0000 0.0000 0.0000 0.0000 0.0000 0.0210 0.9691 0.0099 0.0000 0.0000
0.0000 0.0000 0.0000 0.0000 0.0000 0.0000 0.0000 0.0099 0.9857 0.0044 0.0000
0.0000 0.0000 0.0000 0.0000 0.0000 0.0000 0.0000 0.0000 0.0044 0.9916 0.0040
0.0000 0.0000 0.0000 0.0000 0.0000 0.0000 0.0000 0.0000 0.0000 0.0040 0.9960
#DG from neighbouring lambda in kcal/mol
0.0000 0.1000 0.7853 0.0984
0.1000 0.2000 0.9830 0.1012
0.2000 0.3000 1.3285 0.0962
0.3000 0.4000 1.8853 0.1080
0.4000 0.5000 1.4445 0.1330
0.5000 0.6000 3.0706 0.1066
0.6000 0.7000 6.6813 0.1947
0.7000 0.8000 11.0057 0.2866
0.8000 0.9000 13.3457 0.4319
0.9000 1.0000 17.9602 0.4552
#PMF from MBAR in kcal/mol
0.0000 0.0000 0.0000
0.1000 0.7853 0.0984
0.2000 1.7683 0.1469
0.3000 3.0967 0.1802
0.4000 4.9821 0.2140
0.5000 6.4266 0.2552
0.6000 9.4972 0.2796
0.7000 16.1786 0.3431
0.8000 27.1843 0.4489
0.9000 40.5300 0.6243
1.0000 58.4902 0.7737
#TI average gradients and standard deviation in kcal/mol
0.0000 -8.7896 20.9857
0.1000 9.4521 20.7896
0.2000 10.5429 20.3887
0.3000 16.6160 20.0289
0.4000 17.9349 23.2403
0.5000 14.3638 20.7645
0.6000 51.0303 24.9123
0.7000 87.8372 28.3594
0.8000 124.5734 32.9197
0.9000 152.1150 34.0104
1.0000 203.3866 36.2879
#PMF from TI in kcal/mol
0.0000 0.0000
0.1000 0.0331
0.2000 1.0329
0.3000 2.3908
0.4000 4.1184
0.5000 5.7333
0.6000 9.0030
0.7000 15.9464
0.8000 26.5669
0.9000 40.4013
1.0000 58.1764
#MBAR free energy difference in kcal/mol: 
58.490215, 0.773683  #WARNING SUBSAMPLING DISABLED, CONSIDER RERUN WITH SUBSAMPLING OPTION
#TI free energy difference in kcal/mol: 
58.176415  #WARNING SUBSAMPLING DISABLED, CONSIDER RERUN WITH SUBSAMPLING OPTION 
Starting /export/users/common/BioSimSpace/sire.app/bin/analyse_freenrg: number of threads equals 32
