# Analysing data contained in file(s) ['lambda_0.0000/simfile_snipped.dat', 'lambda_0.1000/simfile_snipped.dat', 'lambda_0.2000/simfile_snipped.dat', 'lambda_0.3000/simfile_snipped.dat', 'lambda_0.4000/simfile_snipped.dat', 'lambda_0.5000/simfile_snipped.dat', 'lambda_0.6000/simfile_snipped.dat', 'lambda_0.7000/simfile_snipped.dat', 'lambda_0.8000/simfile_snipped.dat', 'lambda_0.9000/simfile_snipped.dat', 'lambda_1.0000/simfile_snipped.dat']
#Overlap matrix
0.8785 0.1213 0.0003 0.0000 0.0000 0.0000 0.0000 0.0000 0.0000 0.0000 0.0000
0.1213 0.7598 0.1185 0.0004 0.0000 0.0000 0.0000 0.0000 0.0000 0.0000 0.0000
0.0003 0.1185 0.7575 0.1234 0.0003 0.0000 0.0000 0.0000 0.0000 0.0000 0.0000
0.0000 0.0004 0.1234 0.7509 0.1250 0.0003 0.0000 0.0000 0.0000 0.0000 0.0000
0.0000 0.0000 0.0003 0.1250 0.7738 0.1005 0.0003 0.0000 0.0000 0.0000 0.0000
0.0000 0.0000 0.0000 0.0003 0.1005 0.7839 0.1147 0.0006 0.0000 0.0000 0.0000
0.0000 0.0000 0.0000 0.0000 0.0003 0.1147 0.7616 0.1230 0.0003 0.0000 0.0000
0.0000 0.0000 0.0000 0.0000 0.0000 0.0006 0.1230 0.7912 0.0850 0.0002 0.0000
0.0000 0.0000 0.0000 0.0000 0.0000 0.0000 0.0003 0.0850 0.8326 0.0821 0.0000
0.0000 0.0000 0.0000 0.0000 0.0000 0.0000 0.0000 0.0002 0.0821 0.8790 0.0388
0.0000 0.0000 0.0000 0.0000 0.0000 0.0000 0.0000 0.0000 0.0000 0.0388 0.9612
#DG from neighbouring lambda in kcal/mol
0.0000 0.1000 -3.5741 0.0719
0.1000 0.2000 -2.9831 0.0729
0.2000 0.3000 -2.4471 0.0709
0.3000 0.4000 -2.2261 0.0704
0.4000 0.5000 -2.1458 0.0809
0.5000 0.6000 -2.0726 0.0743
0.6000 0.7000 -1.5030 0.0710
0.7000 0.8000 -0.6266 0.0897
0.8000 0.9000 0.6435 0.0918
0.9000 1.0000 4.0684 0.1404
#PMF from MBAR in kcal/mol
0.0000 0.0000 0.0000
0.1000 -3.5741 0.0719
0.2000 -6.5572 0.1101
0.3000 -9.0043 0.1369
0.4000 -11.2305 0.1591
0.5000 -13.3762 0.1830
0.6000 -15.4489 0.2016
0.7000 -16.9519 0.2174
0.8000 -17.5785 0.2386
0.9000 -16.9350 0.2589
1.0000 -12.8666 0.2973
#TI average gradients and standard deviation in kcal/mol
0.0000 -48.6316 17.6902
0.1000 -32.6140 17.7826
0.2000 -27.0488 17.2217
0.3000 -23.9898 17.8891
0.4000 -20.7463 18.3291
0.5000 -22.0766 19.0575
0.6000 -18.1931 17.2359
0.7000 -10.0271 17.6938
0.8000 -2.4860 18.7792
0.9000 19.4025 21.6095
1.0000 67.0676 25.9702
#PMF from TI in kcal/mol
0.0000 0.0000
0.1000 -4.0623
0.2000 -7.0454
0.3000 -9.5974
0.4000 -11.8342
0.5000 -13.9753
0.6000 -15.9888
0.7000 -17.3998
0.8000 -18.0255
0.9000 -17.1796
1.0000 -12.8561
#MBAR free energy difference in kcal/mol: 
-12.866573, 0.297282  #WARNING SUBSAMPLING DISABLED, CONSIDER RERUN WITH SUBSAMPLING OPTION
#TI free energy difference in kcal/mol: 
-12.856126  #WARNING SUBSAMPLING DISABLED, CONSIDER RERUN WITH SUBSAMPLING OPTION 
Starting /export/users/common/BioSimSpace/sire.app/bin/analyse_freenrg: number of threads equals 32
