# Analysing data contained in file(s) ['lambda_0.0000/simfile_snipped.dat', 'lambda_0.1000/simfile_snipped.dat', 'lambda_0.2000/simfile_snipped.dat', 'lambda_0.3000/simfile_snipped.dat', 'lambda_0.4000/simfile_snipped.dat', 'lambda_0.5000/simfile_snipped.dat', 'lambda_0.6000/simfile_snipped.dat', 'lambda_0.7000/simfile_snipped.dat', 'lambda_0.8000/simfile_snipped.dat', 'lambda_0.9000/simfile_snipped.dat', 'lambda_1.0000/simfile_snipped.dat']
#Overlap matrix
0.9430 0.0570 0.0001 0.0000 0.0000 0.0000 0.0000 0.0000 0.0000 0.0000 0.0000
0.0570 0.8770 0.0658 0.0002 0.0000 0.0000 0.0000 0.0000 0.0000 0.0000 0.0000
0.0001 0.0658 0.8561 0.0767 0.0014 0.0000 0.0000 0.0000 0.0000 0.0000 0.0000
0.0000 0.0002 0.0767 0.7619 0.1551 0.0062 0.0000 0.0000 0.0000 0.0000 0.0000
0.0000 0.0000 0.0014 0.1551 0.6451 0.1943 0.0041 0.0000 0.0000 0.0000 0.0000
0.0000 0.0000 0.0000 0.0062 0.1943 0.6303 0.1670 0.0022 0.0000 0.0000 0.0000
0.0000 0.0000 0.0000 0.0000 0.0041 0.1670 0.6630 0.1632 0.0027 0.0000 0.0000
0.0000 0.0000 0.0000 0.0000 0.0000 0.0022 0.1632 0.6511 0.1800 0.0035 0.0000
0.0000 0.0000 0.0000 0.0000 0.0000 0.0000 0.0027 0.1800 0.6555 0.1602 0.0016
0.0000 0.0000 0.0000 0.0000 0.0000 0.0000 0.0000 0.0035 0.1602 0.6995 0.1368
0.0000 0.0000 0.0000 0.0000 0.0000 0.0000 0.0000 0.0000 0.0016 0.1368 0.8615
#DG from neighbouring lambda in kcal/mol
0.0000 0.1000 2.4729 0.1136
0.1000 0.2000 2.6251 0.1044
0.2000 0.3000 2.5217 0.0946
0.3000 0.4000 2.9311 0.0588
0.4000 0.5000 2.5026 0.0490
0.5000 0.6000 0.3921 0.0560
0.6000 0.7000 -2.3337 0.0573
0.7000 0.8000 -4.7017 0.0529
0.8000 0.9000 -6.5720 0.0580
0.9000 1.0000 -8.2102 0.0659
#PMF from MBAR in kcal/mol
0.0000 0.0000 0.0000
0.1000 2.4729 0.1136
0.2000 5.0980 0.1595
0.3000 7.6197 0.1897
0.4000 10.5509 0.2023
0.5000 13.0534 0.2114
0.6000 13.4455 0.2220
0.7000 11.1118 0.2326
0.8000 6.4101 0.2417
0.9000 -0.1619 0.2515
1.0000 -8.3721 0.2630
#TI average gradients and standard deviation in kcal/mol
0.0000 17.9214 22.9998
0.1000 26.3458 21.8041
0.2000 26.8706 20.2563
0.3000 26.8016 18.7507
0.4000 29.9480 14.1036
0.5000 17.1869 13.7266
0.6000 -9.4568 14.2986
0.7000 -36.4733 14.1919
0.8000 -56.4382 13.7477
0.9000 -74.9176 15.3346
1.0000 -85.6428 18.9384
#PMF from TI in kcal/mol
0.0000 0.0000
0.1000 2.2134
0.2000 4.8742
0.3000 7.5578
0.4000 10.3953
0.5000 12.7520
0.6000 13.1385
0.7000 10.8420
0.8000 6.1965
0.9000 -0.3713
1.0000 -8.3994
#MBAR free energy difference in kcal/mol: 
-8.372098, 0.262974  #WARNING SUBSAMPLING DISABLED, CONSIDER RERUN WITH SUBSAMPLING OPTION
#TI free energy difference in kcal/mol: 
-8.399358  #WARNING SUBSAMPLING DISABLED, CONSIDER RERUN WITH SUBSAMPLING OPTION 
Starting /export/users/common/BioSimSpace/sire.app/bin/analyse_freenrg: number of threads equals 32
