# Analysing data contained in file(s) ['lambda_0.0000/simfile_snipped.dat', 'lambda_0.1000/simfile_snipped.dat', 'lambda_0.2000/simfile_snipped.dat', 'lambda_0.3000/simfile_snipped.dat', 'lambda_0.4000/simfile_snipped.dat', 'lambda_0.5000/simfile_snipped.dat', 'lambda_0.6000/simfile_snipped.dat', 'lambda_0.7000/simfile_snipped.dat', 'lambda_0.8000/simfile_snipped.dat', 'lambda_0.9000/simfile_snipped.dat', 'lambda_1.0000/simfile_snipped.dat']
#Overlap matrix
0.9548 0.0451 0.0000 0.0000 0.0000 0.0000 0.0000 0.0000 0.0000 0.0000 0.0000
0.0451 0.8635 0.0910 0.0003 0.0000 0.0000 0.0000 0.0000 0.0000 0.0000 0.0000
0.0000 0.0910 0.7764 0.1313 0.0012 0.0000 0.0000 0.0000 0.0000 0.0000 0.0000
0.0000 0.0003 0.1313 0.7214 0.1461 0.0008 0.0000 0.0000 0.0000 0.0000 0.0000
0.0000 0.0000 0.0012 0.1461 0.7466 0.1059 0.0002 0.0000 0.0000 0.0000 0.0000
0.0000 0.0000 0.0000 0.0008 0.1059 0.8169 0.0763 0.0001 0.0000 0.0000 0.0000
0.0000 0.0000 0.0000 0.0000 0.0002 0.0763 0.8446 0.0789 0.0002 0.0000 0.0000
0.0000 0.0000 0.0000 0.0000 0.0000 0.0001 0.0789 0.8246 0.0964 0.0001 0.0000
0.0000 0.0000 0.0000 0.0000 0.0000 0.0000 0.0002 0.0964 0.8392 0.0642 0.0000
0.0000 0.0000 0.0000 0.0000 0.0000 0.0000 0.0000 0.0001 0.0642 0.8940 0.0416
0.0000 0.0000 0.0000 0.0000 0.0000 0.0000 0.0000 0.0000 0.0000 0.0416 0.9584
#DG from neighbouring lambda in kcal/mol
0.0000 0.1000 -3.7426 0.1293
0.1000 0.2000 -1.3539 0.0862
0.2000 0.3000 -0.3751 0.0677
0.3000 0.4000 0.2426 0.0628
0.4000 0.5000 0.6099 0.0782
0.5000 0.6000 0.1357 0.0959
0.6000 0.7000 -0.6663 0.0940
0.7000 0.8000 -1.0436 0.0833
0.8000 0.9000 -0.9413 0.1061
0.9000 1.0000 0.2061 0.1352
#PMF from MBAR in kcal/mol
0.0000 0.0000 0.0000
0.1000 -3.7426 0.1293
0.2000 -5.0966 0.1606
0.3000 -5.4717 0.1789
0.4000 -5.2291 0.1937
0.5000 -4.6192 0.2126
0.6000 -4.4835 0.2366
0.7000 -5.1499 0.2578
0.8000 -6.1934 0.2739
0.9000 -7.1347 0.2965
1.0000 -6.9286 0.3284
#TI average gradients and standard deviation in kcal/mol
0.0000 14836.6084 238516.7610
0.1000 -21.5631 20.7796
0.2000 -7.3524 17.5502
0.3000 -1.4439 16.7030
0.4000 6.2050 18.2943
0.5000 6.1021 19.2540
0.6000 -3.3533 18.9547
0.7000 -11.7250 19.2064
0.8000 -9.1010 20.9298
0.9000 -6.9924 23.3468
1.0000 25.5600 26.7827
#PMF from TI in kcal/mol
0.0000 0.0000
0.1000 740.7523
0.2000 739.3065
0.3000 738.8667
0.4000 739.1047
0.5000 739.7201
0.6000 739.8575
0.7000 739.1036
0.8000 738.0623
0.9000 737.2576
1.0000 738.1860
#MBAR free energy difference in kcal/mol: 
-6.928573, 0.328402  #WARNING SUBSAMPLING DISABLED, CONSIDER RERUN WITH SUBSAMPLING OPTION
#TI free energy difference in kcal/mol: 
738.186014  #WARNING SUBSAMPLING DISABLED, CONSIDER RERUN WITH SUBSAMPLING OPTION 
Starting /export/users/common/BioSimSpace/sire.app/bin/analyse_freenrg: number of threads equals 32
