# Analysing data contained in file(s) ['lambda_0.0000/simfile_snipped.dat', 'lambda_0.1000/simfile_snipped.dat', 'lambda_0.2000/simfile_snipped.dat', 'lambda_0.3000/simfile_snipped.dat', 'lambda_0.4000/simfile_snipped.dat', 'lambda_0.5000/simfile_snipped.dat', 'lambda_0.6000/simfile_snipped.dat', 'lambda_0.7000/simfile_snipped.dat', 'lambda_0.8000/simfile_snipped.dat', 'lambda_0.9000/simfile_snipped.dat', 'lambda_1.0000/simfile_snipped.dat']
#Overlap matrix
0.9268 0.0731 0.0001 0.0000 0.0000 0.0000 0.0000 0.0000 0.0000 0.0000 0.0000
0.0731 0.8358 0.0909 0.0002 0.0000 0.0000 0.0000 0.0000 0.0000 0.0000 0.0000
0.0001 0.0909 0.7997 0.1092 0.0003 0.0000 0.0000 0.0000 0.0000 0.0000 0.0000
0.0000 0.0002 0.1092 0.7801 0.1103 0.0003 0.0000 0.0000 0.0000 0.0000 0.0000
0.0000 0.0000 0.0003 0.1103 0.7716 0.1175 0.0003 0.0000 0.0000 0.0000 0.0000
0.0000 0.0000 0.0000 0.0003 0.1175 0.7550 0.1267 0.0005 0.0000 0.0000 0.0000
0.0000 0.0000 0.0000 0.0000 0.0003 0.1267 0.7413 0.1312 0.0005 0.0000 0.0000
0.0000 0.0000 0.0000 0.0000 0.0000 0.0005 0.1312 0.7360 0.1318 0.0005 0.0000
0.0000 0.0000 0.0000 0.0000 0.0000 0.0000 0.0005 0.1318 0.7361 0.1307 0.0009
0.0000 0.0000 0.0000 0.0000 0.0000 0.0000 0.0000 0.0005 0.1307 0.7265 0.1424
0.0000 0.0000 0.0000 0.0000 0.0000 0.0000 0.0000 0.0000 0.0009 0.1424 0.8567
#DG from neighbouring lambda in kcal/mol
0.0000 0.1000 -0.7046 0.0984
0.1000 0.2000 -0.7186 0.0864
0.2000 0.3000 -0.7104 0.0769
0.3000 0.4000 -0.8805 0.0764
0.4000 0.5000 -1.3330 0.0733
0.5000 0.6000 -1.8050 0.0696
0.6000 0.7000 -2.1858 0.0680
0.7000 0.8000 -2.7701 0.0678
0.8000 0.9000 -3.3859 0.0680
0.9000 1.0000 -3.7750 0.0643
#PMF from MBAR in kcal/mol
0.0000 0.0000 0.0000
0.1000 -0.7046 0.0984
0.2000 -1.4232 0.1371
0.3000 -2.1336 0.1623
0.4000 -3.0141 0.1838
0.5000 -4.3470 0.2020
0.6000 -6.1521 0.2174
0.7000 -8.3379 0.2313
0.8000 -11.1079 0.2444
0.9000 -14.4938 0.2568
1.0000 -18.2687 0.2677
#TI average gradients and standard deviation in kcal/mol
0.0000 -6.6242 20.2510
0.1000 -7.1314 19.3813
0.2000 -6.6156 17.7304
0.3000 -7.1171 17.0046
0.4000 -11.0645 16.9338
0.5000 -16.1863 17.1579
0.6000 -20.0784 16.8798
0.7000 -24.7662 17.1076
0.8000 -30.0294 16.5875
0.9000 -36.2484 15.0151
1.0000 -37.9864 15.4606
#PMF from TI in kcal/mol
0.0000 0.0000
0.1000 -0.6878
0.2000 -1.3751
0.3000 -2.0618
0.4000 -2.9708
0.5000 -4.3334
0.6000 -6.1466
0.7000 -8.3889
0.8000 -11.1286
0.9000 -14.4425
1.0000 -18.1543
#MBAR free energy difference in kcal/mol: 
-18.268749, 0.267695  #WARNING SUBSAMPLING DISABLED, CONSIDER RERUN WITH SUBSAMPLING OPTION
#TI free energy difference in kcal/mol: 
-18.154269  #WARNING SUBSAMPLING DISABLED, CONSIDER RERUN WITH SUBSAMPLING OPTION 
Starting /export/users/common/BioSimSpace/sire.app/bin/analyse_freenrg: number of threads equals 32
