# Analysing data contained in file(s) ['lambda_0.0000/simfile_snipped.dat', 'lambda_0.1000/simfile_snipped.dat', 'lambda_0.2000/simfile_snipped.dat', 'lambda_0.3000/simfile_snipped.dat', 'lambda_0.4000/simfile_snipped.dat', 'lambda_0.5000/simfile_snipped.dat', 'lambda_0.6000/simfile_snipped.dat', 'lambda_0.7000/simfile_snipped.dat', 'lambda_0.8000/simfile_snipped.dat', 'lambda_0.9000/simfile_snipped.dat', 'lambda_1.0000/simfile_snipped.dat']
#Overlap matrix
0.9929 0.0071 0.0000 0.0000 0.0000 0.0000 0.0000 0.0000 0.0000 0.0000 0.0000
0.0071 0.9869 0.0060 0.0000 0.0000 0.0000 0.0000 0.0000 0.0000 0.0000 0.0000
0.0000 0.0060 0.9758 0.0182 0.0000 0.0000 0.0000 0.0000 0.0000 0.0000 0.0000
0.0000 0.0000 0.0182 0.9327 0.0491 0.0000 0.0000 0.0000 0.0000 0.0000 0.0000
0.0000 0.0000 0.0000 0.0491 0.8800 0.0709 0.0000 0.0000 0.0000 0.0000 0.0000
0.0000 0.0000 0.0000 0.0000 0.0709 0.8159 0.1128 0.0005 0.0000 0.0000 0.0000
0.0000 0.0000 0.0000 0.0000 0.0000 0.1128 0.7875 0.0996 0.0001 0.0000 0.0000
0.0000 0.0000 0.0000 0.0000 0.0000 0.0005 0.0996 0.8450 0.0550 0.0000 0.0000
0.0000 0.0000 0.0000 0.0000 0.0000 0.0000 0.0001 0.0550 0.8928 0.0522 0.0000
0.0000 0.0000 0.0000 0.0000 0.0000 0.0000 0.0000 0.0000 0.0522 0.9085 0.0393
0.0000 0.0000 0.0000 0.0000 0.0000 0.0000 0.0000 0.0000 0.0000 0.0393 0.9607
#DG from neighbouring lambda in kcal/mol
0.0000 0.1000 24.4303 0.3386
0.1000 0.2000 14.6703 0.3694
0.2000 0.3000 4.5023 0.2098
0.3000 0.4000 -2.5164 0.1235
0.4000 0.5000 -5.9276 0.1003
0.5000 0.6000 -7.9010 0.0753
0.6000 0.7000 -6.8136 0.0814
0.7000 0.8000 -5.2904 0.1158
0.8000 0.9000 -4.4782 0.1193
0.9000 1.0000 -4.2679 0.1395
#PMF from MBAR in kcal/mol
0.0000 0.0000 0.0000
0.1000 24.4303 0.3386
0.2000 39.1005 0.5028
0.3000 43.6029 0.5463
0.4000 41.0864 0.5616
0.5000 35.1588 0.5719
0.6000 27.2578 0.5783
0.7000 20.4442 0.5854
0.8000 15.1538 0.5981
0.9000 10.6757 0.6112
1.0000 6.4078 0.6282
#TI average gradients and standard deviation in kcal/mol
0.0000 284.6521 31.6285
0.1000 204.0472 28.6336
0.2000 90.9950 31.6984
0.3000 3.1308 28.1735
0.4000 -43.9192 21.2259
0.5000 -73.6007 20.3851
0.6000 -76.9932 17.3014
0.7000 -58.0493 20.6732
0.8000 -49.1452 24.2754
0.9000 -43.6990 24.5163
1.0000 -36.7447 23.9082
#PMF from TI in kcal/mol
0.0000 0.0000
0.1000 24.4350
0.2000 39.1871
0.3000 43.8934
0.4000 41.8539
0.5000 35.9779
0.6000 28.4482
0.7000 21.6961
0.8000 16.3364
0.9000 11.6942
1.0000 7.6720
#MBAR free energy difference in kcal/mol: 
6.407769, 0.628245  #WARNING SUBSAMPLING DISABLED, CONSIDER RERUN WITH SUBSAMPLING OPTION
#TI free energy difference in kcal/mol: 
7.672017  #WARNING SUBSAMPLING DISABLED, CONSIDER RERUN WITH SUBSAMPLING OPTION 
Starting /export/users/common/BioSimSpace/sire.app/bin/analyse_freenrg: number of threads equals 32
