# Analysing data contained in file(s) ['lambda_0.0000/simfile_snipped.dat', 'lambda_0.1000/simfile_snipped.dat', 'lambda_0.2000/simfile_snipped.dat', 'lambda_0.3000/simfile_snipped.dat', 'lambda_0.4000/simfile_snipped.dat', 'lambda_0.5000/simfile_snipped.dat', 'lambda_0.6000/simfile_snipped.dat', 'lambda_0.7000/simfile_snipped.dat', 'lambda_0.8000/simfile_snipped.dat', 'lambda_0.9000/simfile_snipped.dat', 'lambda_1.0000/simfile_snipped.dat']
#Overlap matrix
0.9917 0.0083 0.0000 0.0000 0.0000 0.0000 0.0000 0.0000 0.0000 0.0000 0.0000
0.0083 0.9827 0.0090 0.0000 0.0000 0.0000 0.0000 0.0000 0.0000 0.0000 0.0000
0.0000 0.0090 0.9770 0.0140 0.0000 0.0000 0.0000 0.0000 0.0000 0.0000 0.0000
0.0000 0.0000 0.0140 0.9717 0.0143 0.0000 0.0000 0.0000 0.0000 0.0000 0.0000
0.0000 0.0000 0.0000 0.0143 0.9710 0.0147 0.0000 0.0000 0.0000 0.0000 0.0000
0.0000 0.0000 0.0000 0.0000 0.0147 0.9779 0.0074 0.0000 0.0000 0.0000 0.0000
0.0000 0.0000 0.0000 0.0000 0.0000 0.0074 0.9182 0.0742 0.0001 0.0000 0.0000
0.0000 0.0000 0.0000 0.0000 0.0000 0.0000 0.0742 0.8479 0.0778 0.0001 0.0000
0.0000 0.0000 0.0000 0.0000 0.0000 0.0000 0.0001 0.0778 0.8027 0.1190 0.0003
0.0000 0.0000 0.0000 0.0000 0.0000 0.0000 0.0000 0.0001 0.1190 0.7659 0.1150
0.0000 0.0000 0.0000 0.0000 0.0000 0.0000 0.0000 0.0000 0.0003 0.1150 0.8847
#DG from neighbouring lambda in kcal/mol
0.0000 0.1000 -11.3944 0.3137
0.1000 0.2000 -1.6361 0.3012
0.2000 0.3000 0.2390 0.2404
0.3000 0.4000 -0.5090 0.2374
0.4000 0.5000 -1.4118 0.2344
0.5000 0.6000 -2.0597 0.3316
0.6000 0.7000 1.5079 0.0975
0.7000 0.8000 2.8333 0.0948
0.8000 0.9000 1.1974 0.0727
0.9000 1.0000 -0.0648 0.0744
#PMF from MBAR in kcal/mol
0.0000 0.0000 0.0000
0.1000 -11.3944 0.3137
0.2000 -13.0305 0.4368
0.3000 -12.7914 0.5003
0.4000 -13.3004 0.5553
0.5000 -14.7122 0.6041
0.6000 -16.7719 0.6903
0.7000 -15.2640 0.6983
0.8000 -12.4307 0.7059
0.9000 -11.2332 0.7108
1.0000 -11.2980 0.7158
#TI average gradients and standard deviation in kcal/mol
0.0000 -229.9387 38.6490
0.1000 -37.5670 31.2579
0.2000 -6.0298 29.8355
0.3000 -2.9354 31.8114
0.4000 -7.8220 30.5154
0.5000 -16.4004 32.7883
0.6000 -9.8371 26.5055
0.7000 33.4050 18.1954
0.8000 18.5941 18.8483
0.9000 5.8288 17.2841
1.0000 24.0284 17.5741
#PMF from TI in kcal/mol
0.0000 0.0000
0.1000 -13.3753
0.2000 -15.5551
0.3000 -16.0034
0.4000 -16.5413
0.5000 -17.7524
0.6000 -19.0643
0.7000 -17.8859
0.8000 -15.2859
0.9000 -14.0648
1.0000 -12.5719
#MBAR free energy difference in kcal/mol: 
-11.298006, 0.715809  #WARNING SUBSAMPLING DISABLED, CONSIDER RERUN WITH SUBSAMPLING OPTION
#TI free energy difference in kcal/mol: 
-12.571904  #WARNING SUBSAMPLING DISABLED, CONSIDER RERUN WITH SUBSAMPLING OPTION 
Starting /export/users/common/BioSimSpace/sire.app/bin/analyse_freenrg: number of threads equals 32
