# Analysing data contained in file(s) ['lambda_0.0000/simfile_snipped.dat', 'lambda_0.1000/simfile_snipped.dat', 'lambda_0.2000/simfile_snipped.dat', 'lambda_0.3000/simfile_snipped.dat', 'lambda_0.4000/simfile_snipped.dat', 'lambda_0.5000/simfile_snipped.dat', 'lambda_0.6000/simfile_snipped.dat', 'lambda_0.7000/simfile_snipped.dat', 'lambda_0.8000/simfile_snipped.dat', 'lambda_0.9000/simfile_snipped.dat', 'lambda_1.0000/simfile_snipped.dat']
#Overlap matrix
0.9360 0.0640 0.0000 0.0000 0.0000 0.0000 0.0000 0.0000 0.0000 0.0000 0.0000
0.0640 0.8856 0.0503 0.0000 0.0000 0.0000 0.0000 0.0000 0.0000 0.0000 0.0000
0.0000 0.0503 0.8248 0.1244 0.0005 0.0000 0.0000 0.0000 0.0000 0.0000 0.0000
0.0000 0.0000 0.1244 0.7552 0.1200 0.0003 0.0000 0.0000 0.0000 0.0000 0.0000
0.0000 0.0000 0.0005 0.1200 0.7740 0.1052 0.0003 0.0000 0.0000 0.0000 0.0000
0.0000 0.0000 0.0000 0.0003 0.1052 0.8563 0.0382 0.0000 0.0000 0.0000 0.0000
0.0000 0.0000 0.0000 0.0000 0.0003 0.0382 0.9616 0.0000 0.0000 0.0000 0.0000
0.0000 0.0000 0.0000 0.0000 0.0000 0.0000 0.0000 0.9985 0.0015 0.0000 0.0000
0.0000 0.0000 0.0000 0.0000 0.0000 0.0000 0.0000 0.0015 0.9960 0.0024 0.0000
0.0000 0.0000 0.0000 0.0000 0.0000 0.0000 0.0000 0.0000 0.0024 0.9934 0.0041
0.0000 0.0000 0.0000 0.0000 0.0000 0.0000 0.0000 0.0000 0.0000 0.0041 0.9959
#DG from neighbouring lambda in kcal/mol
0.0000 0.1000 3.7437 0.1063
0.1000 0.2000 -0.2213 0.1217
0.2000 0.3000 -3.9149 0.0706
0.3000 0.4000 -6.4952 0.0722
0.4000 0.5000 -7.9846 0.0787
0.5000 0.6000 -1.1906 0.1412
0.6000 0.7000 20.6528 0.6530
0.7000 0.8000 9.5810 0.7353
0.8000 0.9000 7.5230 0.5827
0.9000 1.0000 11.1773 0.4464
#PMF from MBAR in kcal/mol
0.0000 0.0000 0.0000
0.1000 3.7437 0.1063
0.2000 3.5224 0.1667
0.3000 -0.3925 0.1855
0.4000 -6.8877 0.2031
0.5000 -14.8723 0.2214
0.6000 -16.0629 0.2656
0.7000 4.5899 0.6511
0.8000 14.1709 0.3910
0.9000 21.6939 0.3910
1.0000 32.8712 0.5033
#TI average gradients and standard deviation in kcal/mol
0.0000 42.4115 25.6966
0.1000 21.3330 20.3899
0.2000 -25.2896 18.1849
0.3000 -52.2767 17.2580
0.4000 -77.1546 18.3803
0.5000 -70.1807 19.3938
0.6000 88.2924 31.8274
0.7000 80.0178 40.5780
0.8000 86.2993 38.7771
0.9000 91.8252 35.7997
1.0000 143.2720 39.8873
#PMF from TI in kcal/mol
0.0000 0.0000
0.1000 3.1872
0.2000 2.9894
0.3000 -0.8889
0.4000 -7.3605
0.5000 -14.7273
0.6000 -13.8217
0.7000 -5.4062
0.8000 2.9097
0.9000 11.8159
1.0000 23.5708
#MBAR free energy difference in kcal/mol: 
32.871209, 0.503322  #WARNING SUBSAMPLING DISABLED, CONSIDER RERUN WITH SUBSAMPLING OPTION
#TI free energy difference in kcal/mol: 
23.570772  #WARNING SUBSAMPLING DISABLED, CONSIDER RERUN WITH SUBSAMPLING OPTION 
Starting /export/users/common/BioSimSpace/sire.app/bin/analyse_freenrg: number of threads equals 32
