# Analysing data contained in file(s) ['lambda_0.0000/simfile_snipped.dat', 'lambda_0.1000/simfile_snipped.dat', 'lambda_0.2000/simfile_snipped.dat', 'lambda_0.3000/simfile_snipped.dat', 'lambda_0.4000/simfile_snipped.dat', 'lambda_0.5000/simfile_snipped.dat', 'lambda_0.6000/simfile_snipped.dat', 'lambda_0.7000/simfile_snipped.dat', 'lambda_0.8000/simfile_snipped.dat', 'lambda_0.9000/simfile_snipped.dat', 'lambda_1.0000/simfile_snipped.dat']
#Overlap matrix
0.9194 0.0805 0.0001 0.0000 0.0000 0.0000 0.0000 0.0000 0.0000 0.0000 0.0000
0.0805 0.8266 0.0928 0.0002 0.0000 0.0000 0.0000 0.0000 0.0000 0.0000 0.0000
0.0001 0.0928 0.7966 0.1103 0.0003 0.0000 0.0000 0.0000 0.0000 0.0000 0.0000
0.0000 0.0002 0.1103 0.7731 0.1163 0.0002 0.0000 0.0000 0.0000 0.0000 0.0000
0.0000 0.0000 0.0003 0.1163 0.7909 0.0923 0.0002 0.0000 0.0000 0.0000 0.0000
0.0000 0.0000 0.0000 0.0002 0.0923 0.8131 0.0942 0.0001 0.0000 0.0000 0.0000
0.0000 0.0000 0.0000 0.0000 0.0002 0.0942 0.8166 0.0889 0.0001 0.0000 0.0000
0.0000 0.0000 0.0000 0.0000 0.0000 0.0001 0.0889 0.8271 0.0838 0.0001 0.0000
0.0000 0.0000 0.0000 0.0000 0.0000 0.0000 0.0001 0.0838 0.8576 0.0585 0.0000
0.0000 0.0000 0.0000 0.0000 0.0000 0.0000 0.0000 0.0001 0.0585 0.9024 0.0391
0.0000 0.0000 0.0000 0.0000 0.0000 0.0000 0.0000 0.0000 0.0000 0.0391 0.9609
#DG from neighbouring lambda in kcal/mol
0.0000 0.1000 -0.9379 0.0930
0.1000 0.2000 -0.1333 0.0852
0.2000 0.3000 0.0593 0.0764
0.3000 0.4000 0.3776 0.0738
0.4000 0.5000 0.5477 0.0854
0.5000 0.6000 0.4394 0.0844
0.6000 0.7000 0.3049 0.0875
0.7000 0.8000 0.3856 0.0907
0.8000 0.9000 0.9150 0.1119
0.9000 1.0000 2.9094 0.1399
#PMF from MBAR in kcal/mol
0.0000 0.0000 0.0000
0.1000 -0.9379 0.0930
0.2000 -1.0711 0.1325
0.3000 -1.0118 0.1582
0.4000 -0.6343 0.1792
0.5000 -0.0865 0.2025
0.6000 0.3528 0.2231
0.7000 0.6577 0.2430
0.8000 1.0433 0.2625
0.9000 1.9583 0.2882
1.0000 4.8677 0.3229
#TI average gradients and standard deviation in kcal/mol
0.0000 -25.1668 20.6034
0.1000 -4.5513 17.9910
0.2000 0.1929 18.6894
0.3000 1.5887 17.2108
0.4000 5.6458 18.2895
0.5000 4.4250 20.5988
0.6000 3.2754 20.3239
0.7000 2.8604 19.4803
0.8000 6.9034 20.0107
0.9000 12.8712 21.3334
1.0000 49.6938 26.9596
#PMF from TI in kcal/mol
0.0000 0.0000
0.1000 -1.4859
0.2000 -1.7038
0.3000 -1.6148
0.4000 -1.2530
0.5000 -0.7495
0.6000 -0.3645
0.7000 -0.0577
0.8000 0.4305
0.9000 1.4192
1.0000 4.5475
#MBAR free energy difference in kcal/mol: 
4.867730, 0.322932  #WARNING SUBSAMPLING DISABLED, CONSIDER RERUN WITH SUBSAMPLING OPTION
#TI free energy difference in kcal/mol: 
4.547495  #WARNING SUBSAMPLING DISABLED, CONSIDER RERUN WITH SUBSAMPLING OPTION 
Starting /export/users/common/BioSimSpace/sire.app/bin/analyse_freenrg: number of threads equals 32
