# Analysing data contained in file(s) ['lambda_0.0000/simfile_snipped.dat', 'lambda_0.1000/simfile_snipped.dat', 'lambda_0.2000/simfile_snipped.dat', 'lambda_0.3000/simfile_snipped.dat', 'lambda_0.4000/simfile_snipped.dat', 'lambda_0.5000/simfile_snipped.dat', 'lambda_0.6000/simfile_snipped.dat', 'lambda_0.7000/simfile_snipped.dat', 'lambda_0.8000/simfile_snipped.dat', 'lambda_0.9000/simfile_snipped.dat', 'lambda_1.0000/simfile_snipped.dat']
#Overlap matrix
0.9429 0.0570 0.0001 0.0000 0.0000 0.0000 0.0000 0.0000 0.0000 0.0000 0.0000
0.0570 0.8437 0.0990 0.0003 0.0000 0.0000 0.0000 0.0000 0.0000 0.0000 0.0000
0.0001 0.0990 0.7833 0.1170 0.0007 0.0000 0.0000 0.0000 0.0000 0.0000 0.0000
0.0000 0.0003 0.1170 0.7390 0.1428 0.0010 0.0000 0.0000 0.0000 0.0000 0.0000
0.0000 0.0000 0.0007 0.1428 0.7177 0.1381 0.0008 0.0000 0.0000 0.0000 0.0000
0.0000 0.0000 0.0000 0.0010 0.1381 0.7223 0.1380 0.0007 0.0000 0.0000 0.0000
0.0000 0.0000 0.0000 0.0000 0.0008 0.1380 0.7159 0.1447 0.0007 0.0000 0.0000
0.0000 0.0000 0.0000 0.0000 0.0000 0.0007 0.1447 0.7169 0.1369 0.0008 0.0000
0.0000 0.0000 0.0000 0.0000 0.0000 0.0000 0.0007 0.1369 0.7182 0.1436 0.0006
0.0000 0.0000 0.0000 0.0000 0.0000 0.0000 0.0000 0.0008 0.1436 0.7344 0.1213
0.0000 0.0000 0.0000 0.0000 0.0000 0.0000 0.0000 0.0000 0.0006 0.1213 0.8781
#DG from neighbouring lambda in kcal/mol
0.0000 0.1000 -1.3806 0.1135
0.1000 0.2000 0.5958 0.0819
0.2000 0.3000 1.4547 0.0733
0.3000 0.4000 1.8539 0.0639
0.4000 0.5000 2.0037 0.0654
0.5000 0.6000 1.9385 0.0655
0.6000 0.7000 1.8773 0.0634
0.7000 0.8000 1.9036 0.0659
0.8000 0.9000 2.1187 0.0638
0.9000 1.0000 2.3670 0.0718
#PMF from MBAR in kcal/mol
0.0000 0.0000 0.0000
0.1000 -1.3806 0.1135
0.2000 -0.7848 0.1457
0.3000 0.6699 0.1680
0.4000 2.5238 0.1841
0.5000 4.5275 0.1994
0.6000 6.4659 0.2136
0.7000 8.3433 0.2264
0.8000 10.2469 0.2392
0.9000 12.3656 0.2508
1.0000 14.7326 0.2639
#TI average gradients and standard deviation in kcal/mol
0.0000 -26.8237 24.4169
0.1000 -3.0038 20.8288
0.2000 12.6807 18.4535
0.3000 16.1374 15.3055
0.4000 19.5471 15.8721
0.5000 19.7245 15.9632
0.6000 18.5981 16.3352
0.7000 18.8993 16.0481
0.8000 19.2658 16.0978
0.9000 23.0202 16.8333
1.0000 27.6670 17.1197
#PMF from TI in kcal/mol
0.0000 0.0000
0.1000 -1.4914
0.2000 -1.0075
0.3000 0.4334
0.4000 2.2176
0.5000 4.1812
0.6000 6.0973
0.7000 7.9722
0.8000 9.8804
0.9000 11.9947
1.0000 14.5291
#MBAR free energy difference in kcal/mol: 
14.732594, 0.263876  #WARNING SUBSAMPLING DISABLED, CONSIDER RERUN WITH SUBSAMPLING OPTION
#TI free energy difference in kcal/mol: 
14.529084  #WARNING SUBSAMPLING DISABLED, CONSIDER RERUN WITH SUBSAMPLING OPTION 
Starting /export/users/common/BioSimSpace/sire.app/bin/analyse_freenrg: number of threads equals 32
