# Analysing data contained in file(s) ['lambda_0.0000/simfile_snipped.dat', 'lambda_0.1000/simfile_snipped.dat', 'lambda_0.2000/simfile_snipped.dat', 'lambda_0.3000/simfile_snipped.dat', 'lambda_0.4000/simfile_snipped.dat', 'lambda_0.5000/simfile_snipped.dat', 'lambda_0.6000/simfile_snipped.dat', 'lambda_0.7000/simfile_snipped.dat', 'lambda_0.8000/simfile_snipped.dat', 'lambda_0.9000/simfile_snipped.dat', 'lambda_1.0000/simfile_snipped.dat']
#Overlap matrix
0.9699 0.0301 0.0000 0.0000 0.0000 0.0000 0.0000 0.0000 0.0000 0.0000 0.0000
0.0301 0.9293 0.0406 0.0000 0.0000 0.0000 0.0000 0.0000 0.0000 0.0000 0.0000
0.0000 0.0406 0.9195 0.0399 0.0000 0.0000 0.0000 0.0000 0.0000 0.0000 0.0000
0.0000 0.0000 0.0399 0.8932 0.0666 0.0004 0.0000 0.0000 0.0000 0.0000 0.0000
0.0000 0.0000 0.0000 0.0666 0.8179 0.1152 0.0003 0.0000 0.0000 0.0000 0.0000
0.0000 0.0000 0.0000 0.0004 0.1152 0.7750 0.1093 0.0001 0.0000 0.0000 0.0000
0.0000 0.0000 0.0000 0.0000 0.0003 0.1093 0.7907 0.0996 0.0001 0.0000 0.0000
0.0000 0.0000 0.0000 0.0000 0.0000 0.0001 0.0996 0.8053 0.0948 0.0001 0.0000
0.0000 0.0000 0.0000 0.0000 0.0000 0.0000 0.0001 0.0948 0.8195 0.0856 0.0000
0.0000 0.0000 0.0000 0.0000 0.0000 0.0000 0.0000 0.0001 0.0856 0.8562 0.0581
0.0000 0.0000 0.0000 0.0000 0.0000 0.0000 0.0000 0.0000 0.0000 0.0581 0.9419
#DG from neighbouring lambda in kcal/mol
0.0000 0.1000 2.3150 0.1611
0.1000 0.2000 3.5415 0.1371
0.2000 0.3000 3.7341 0.1384
0.3000 0.4000 4.1944 0.1036
0.4000 0.5000 5.6138 0.0742
0.5000 0.6000 5.0307 0.0769
0.6000 0.7000 3.4210 0.0816
0.7000 0.8000 2.3639 0.0841
0.8000 0.9000 2.5510 0.0896
0.9000 1.0000 3.4649 0.1124
#PMF from MBAR in kcal/mol
0.0000 0.0000 0.0000
0.1000 2.3150 0.1611
0.2000 5.8565 0.2154
0.3000 9.5906 0.2592
0.4000 13.7850 0.2821
0.5000 19.3988 0.2944
0.6000 24.4295 0.3069
0.7000 27.8505 0.3202
0.8000 30.2144 0.3335
0.9000 32.7654 0.3477
1.0000 36.2303 0.3677
#TI average gradients and standard deviation in kcal/mol
0.0000 13.2586 27.3615
0.1000 30.7854 24.8671
0.2000 35.9925 25.7779
0.3000 36.2295 24.6465
0.4000 51.7500 18.0401
0.5000 56.3975 18.0964
0.6000 42.6567 18.7614
0.7000 27.8656 19.4416
0.8000 23.2453 17.8161
0.9000 27.1554 21.4749
1.0000 50.2257 26.7264
#PMF from TI in kcal/mol
0.0000 0.0000
0.1000 2.2022
0.2000 5.5411
0.3000 9.1522
0.4000 13.5512
0.5000 18.9585
0.6000 23.9113
0.7000 27.4374
0.8000 29.9929
0.9000 32.5129
1.0000 36.3820
#MBAR free energy difference in kcal/mol: 
36.230306, 0.367670  #WARNING SUBSAMPLING DISABLED, CONSIDER RERUN WITH SUBSAMPLING OPTION
#TI free energy difference in kcal/mol: 
36.381998  #WARNING SUBSAMPLING DISABLED, CONSIDER RERUN WITH SUBSAMPLING OPTION 
Starting /export/users/common/BioSimSpace/sire.app/bin/analyse_freenrg: number of threads equals 32
