# Analysing data contained in file(s) ['lambda_0.0000/simfile_snipped.dat', 'lambda_0.1000/simfile_snipped.dat', 'lambda_0.2000/simfile_snipped.dat', 'lambda_0.3000/simfile_snipped.dat', 'lambda_0.4000/simfile_snipped.dat', 'lambda_0.5000/simfile_snipped.dat', 'lambda_0.6000/simfile_snipped.dat', 'lambda_0.7000/simfile_snipped.dat', 'lambda_0.8000/simfile_snipped.dat', 'lambda_0.9000/simfile_snipped.dat', 'lambda_1.0000/simfile_snipped.dat']
#Overlap matrix
0.8130 0.1734 0.0125 0.0010 0.0001 0.0000 0.0000 0.0000 0.0000 0.0000 0.0000
0.1734 0.6065 0.1954 0.0226 0.0020 0.0002 0.0000 0.0000 0.0000 0.0000 0.0000
0.0125 0.1954 0.5355 0.2231 0.0297 0.0034 0.0004 0.0000 0.0000 0.0000 0.0000
0.0010 0.0226 0.2231 0.5025 0.2028 0.0390 0.0076 0.0012 0.0001 0.0000 0.0000
0.0001 0.0020 0.0297 0.2028 0.4633 0.2222 0.0634 0.0146 0.0019 0.0001 0.0000
0.0000 0.0002 0.0034 0.0390 0.2222 0.4035 0.2342 0.0801 0.0156 0.0018 0.0001
0.0000 0.0000 0.0004 0.0076 0.0634 0.2342 0.3595 0.2360 0.0804 0.0164 0.0021
0.0000 0.0000 0.0000 0.0012 0.0146 0.0801 0.2360 0.3270 0.2298 0.0904 0.0207
0.0000 0.0000 0.0000 0.0001 0.0019 0.0156 0.0804 0.2298 0.3257 0.2425 0.1041
0.0000 0.0000 0.0000 0.0000 0.0001 0.0018 0.0164 0.0904 0.2425 0.3465 0.3023
0.0000 0.0000 0.0000 0.0000 0.0000 0.0001 0.0021 0.0207 0.1041 0.3023 0.5708
#DG from neighbouring lambda in kcal/mol
0.0000 0.1000 -1.2732 0.0529
0.1000 0.2000 -0.3981 0.0441
0.2000 0.3000 -0.0116 0.0368
0.3000 0.4000 0.0193 0.0369
0.4000 0.5000 0.0867 0.0297
0.5000 0.6000 0.2536 0.0240
0.6000 0.7000 0.2618 0.0216
0.7000 0.8000 0.0225 0.0211
0.8000 0.9000 -0.2031 0.0196
0.9000 1.0000 -0.3689 0.0210
#PMF from MBAR in kcal/mol
0.0000 0.0000 0.0000
0.1000 -1.2732 0.0529
0.2000 -1.6713 0.0767
0.3000 -1.6829 0.0909
0.4000 -1.6636 0.1027
0.5000 -1.5769 0.1106
0.6000 -1.3233 0.1160
0.7000 -1.0615 0.1205
0.8000 -1.0390 0.1251
0.9000 -1.2421 0.1291
1.0000 -1.6110 0.1332
#TI average gradients and standard deviation in kcal/mol
0.0000 -19.3616 15.0503
0.1000 -7.2336 13.0724
0.2000 -1.3439 12.3276
0.3000 1.0143 10.9259
0.4000 0.6765 9.7792
0.5000 1.9892 7.9846
0.6000 2.9388 6.5613
0.7000 1.3667 7.2483
0.8000 -1.3227 6.5932
0.9000 -2.9474 7.1047
1.0000 -0.9131 6.1543
#PMF from TI in kcal/mol
0.0000 0.0000
0.1000 -1.3298
0.2000 -1.7586
0.3000 -1.7751
0.4000 -1.6906
0.5000 -1.5573
0.6000 -1.3109
0.7000 -1.0956
0.8000 -1.0934
0.9000 -1.3069
1.0000 -1.5000
#MBAR free energy difference in kcal/mol: 
-1.610961, 0.133215  #WARNING SUBSAMPLING DISABLED, CONSIDER RERUN WITH SUBSAMPLING OPTION
#TI free energy difference in kcal/mol: 
-1.499957  #WARNING SUBSAMPLING DISABLED, CONSIDER RERUN WITH SUBSAMPLING OPTION 
Starting /export/users/common/BioSimSpace/sire.app/bin/analyse_freenrg: number of threads equals 32
