# Analysing data contained in file(s) ['lambda_0.0000/simfile_snipped.dat', 'lambda_0.1000/simfile_snipped.dat', 'lambda_0.2000/simfile_snipped.dat', 'lambda_0.3000/simfile_snipped.dat', 'lambda_0.4000/simfile_snipped.dat', 'lambda_0.5000/simfile_snipped.dat', 'lambda_0.6000/simfile_snipped.dat', 'lambda_0.7000/simfile_snipped.dat', 'lambda_0.8000/simfile_snipped.dat', 'lambda_0.9000/simfile_snipped.dat', 'lambda_1.0000/simfile_snipped.dat']
#Overlap matrix
0.9234 0.0763 0.0003 0.0000 0.0000 0.0000 0.0000 0.0000 0.0000 0.0000 0.0000
0.0763 0.7759 0.1464 0.0014 0.0000 0.0000 0.0000 0.0000 0.0000 0.0000 0.0000
0.0003 0.1464 0.7038 0.1474 0.0022 0.0000 0.0000 0.0000 0.0000 0.0000 0.0000
0.0000 0.0014 0.1474 0.6827 0.1670 0.0015 0.0000 0.0000 0.0000 0.0000 0.0000
0.0000 0.0000 0.0022 0.1670 0.6938 0.1358 0.0012 0.0000 0.0000 0.0000 0.0000
0.0000 0.0000 0.0000 0.0015 0.1358 0.7376 0.1242 0.0010 0.0000 0.0000 0.0000
0.0000 0.0000 0.0000 0.0000 0.0012 0.1242 0.7702 0.1038 0.0005 0.0000 0.0000
0.0000 0.0000 0.0000 0.0000 0.0000 0.0010 0.1038 0.7762 0.1186 0.0004 0.0000
0.0000 0.0000 0.0000 0.0000 0.0000 0.0000 0.0005 0.1186 0.7930 0.0878 0.0000
0.0000 0.0000 0.0000 0.0000 0.0000 0.0000 0.0000 0.0004 0.0878 0.8706 0.0411
0.0000 0.0000 0.0000 0.0000 0.0000 0.0000 0.0000 0.0000 0.0000 0.0411 0.9588
#DG from neighbouring lambda in kcal/mol
0.0000 0.1000 -0.4905 0.0958
0.1000 0.2000 -0.8829 0.0628
0.2000 0.3000 -0.9280 0.0620
0.3000 0.4000 -0.7906 0.0566
0.4000 0.5000 -0.8134 0.0659
0.5000 0.6000 -0.8757 0.0701
0.6000 0.7000 -0.9744 0.0789
0.7000 0.8000 -1.1227 0.0727
0.8000 0.9000 -0.4471 0.0880
0.9000 1.0000 0.3169 0.1361
#PMF from MBAR in kcal/mol
0.0000 0.0000 0.0000
0.1000 -0.4905 0.0958
0.2000 -1.3734 0.1214
0.3000 -2.3014 0.1419
0.4000 -3.0920 0.1577
0.5000 -3.9054 0.1754
0.6000 -4.7811 0.1929
0.7000 -5.7555 0.2121
0.8000 -6.8782 0.2277
0.9000 -7.3253 0.2474
1.0000 -7.0084 0.2852
#TI average gradients and standard deviation in kcal/mol
0.0000 -5.2801 22.6778
0.1000 -9.7298 18.1035
0.2000 -7.6655 15.4527
0.3000 -10.4609 14.5779
0.4000 -7.1007 16.8558
0.5000 -7.3566 17.5754
0.6000 -9.4731 16.2590
0.7000 -12.6880 17.2710
0.8000 -8.9513 18.2810
0.9000 0.0959 20.7627
1.0000 15.4444 21.7096
#PMF from TI in kcal/mol
0.0000 0.0000
0.1000 -0.7505
0.2000 -1.6203
0.3000 -2.5266
0.4000 -3.4047
0.5000 -4.1275
0.6000 -4.9690
0.7000 -6.0771
0.8000 -7.1590
0.9000 -7.6018
1.0000 -6.8248
#MBAR free energy difference in kcal/mol: 
-7.008364, 0.285238  #WARNING SUBSAMPLING DISABLED, CONSIDER RERUN WITH SUBSAMPLING OPTION
#TI free energy difference in kcal/mol: 
-6.824766  #WARNING SUBSAMPLING DISABLED, CONSIDER RERUN WITH SUBSAMPLING OPTION 
Starting /export/users/common/BioSimSpace/sire.app/bin/analyse_freenrg: number of threads equals 32
