# Analysing data contained in file(s) ['lambda_0.0000/simfile_snipped.dat', 'lambda_0.1000/simfile_snipped.dat', 'lambda_0.2000/simfile_snipped.dat', 'lambda_0.3000/simfile_snipped.dat', 'lambda_0.4000/simfile_snipped.dat', 'lambda_0.5000/simfile_snipped.dat', 'lambda_0.6000/simfile_snipped.dat', 'lambda_0.7000/simfile_snipped.dat', 'lambda_0.8000/simfile_snipped.dat', 'lambda_0.9000/simfile_snipped.dat', 'lambda_1.0000/simfile_snipped.dat']
#Overlap matrix
0.8023 0.1833 0.0138 0.0007 0.0000 0.0000 0.0000 0.0000 0.0000 0.0000 0.0000
0.1833 0.5667 0.2184 0.0303 0.0014 0.0000 0.0000 0.0000 0.0000 0.0000 0.0000
0.0138 0.2184 0.5001 0.2379 0.0288 0.0011 0.0000 0.0000 0.0000 0.0000 0.0000
0.0007 0.0303 0.2379 0.4765 0.2232 0.0302 0.0012 0.0000 0.0000 0.0000 0.0000
0.0000 0.0014 0.0288 0.2232 0.4770 0.2362 0.0321 0.0013 0.0000 0.0000 0.0000
0.0000 0.0000 0.0011 0.0302 0.2362 0.4632 0.2351 0.0329 0.0012 0.0000 0.0000
0.0000 0.0000 0.0000 0.0012 0.0321 0.2351 0.4604 0.2382 0.0323 0.0007 0.0000
0.0000 0.0000 0.0000 0.0000 0.0013 0.0329 0.2382 0.4755 0.2325 0.0195 0.0001
0.0000 0.0000 0.0000 0.0000 0.0000 0.0012 0.0323 0.2325 0.5052 0.2203 0.0085
0.0000 0.0000 0.0000 0.0000 0.0000 0.0000 0.0007 0.0195 0.2203 0.5891 0.1704
0.0000 0.0000 0.0000 0.0000 0.0000 0.0000 0.0000 0.0001 0.0085 0.1704 0.8209
#DG from neighbouring lambda in kcal/mol
0.0000 0.1000 -4.4444 0.0506
0.1000 0.2000 -1.9081 0.0392
0.2000 0.3000 -0.1802 0.0343
0.3000 0.4000 0.9246 0.0362
0.4000 0.5000 1.8321 0.0340
0.5000 0.6000 2.7111 0.0339
0.6000 0.7000 3.5520 0.0335
0.7000 0.8000 4.3985 0.0360
0.8000 0.9000 5.0219 0.0412
0.9000 1.0000 5.2522 0.0546
#PMF from MBAR in kcal/mol
0.0000 0.0000 0.0000
0.1000 -4.4444 0.0506
0.2000 -6.3525 0.0727
0.3000 -6.5327 0.0864
0.4000 -5.6082 0.0993
0.5000 -3.7761 0.1099
0.6000 -1.0649 0.1195
0.7000 2.4871 0.1283
0.8000 6.8856 0.1371
0.9000 11.9075 0.1474
1.0000 17.1597 0.1614
#TI average gradients and standard deviation in kcal/mol
0.0000 -62.8775 15.1131
0.1000 -29.5799 12.5386
0.2000 -9.3767 11.1604
0.3000 4.5617 10.5689
0.4000 13.2539 11.7399
0.5000 23.2032 10.2474
0.6000 30.8594 10.3256
0.7000 40.3992 10.1436
0.8000 47.2415 11.3076
0.9000 52.6915 12.7604
1.0000 51.6434 16.8812
#PMF from TI in kcal/mol
0.0000 0.0000
0.1000 -4.6229
0.2000 -6.5707
0.3000 -6.8115
0.4000 -5.9207
0.5000 -4.0978
0.6000 -1.3947
0.7000 2.1682
0.8000 6.5503
0.9000 11.5469
1.0000 16.7637
#MBAR free energy difference in kcal/mol: 
17.159730, 0.161415  #WARNING SUBSAMPLING DISABLED, CONSIDER RERUN WITH SUBSAMPLING OPTION
#TI free energy difference in kcal/mol: 
16.763660  #WARNING SUBSAMPLING DISABLED, CONSIDER RERUN WITH SUBSAMPLING OPTION 
Starting /export/users/common/BioSimSpace/sire.app/bin/analyse_freenrg: number of threads equals 32
