# Analysing data contained in file(s) ['lambda_0.0000/simfile_snipped.dat', 'lambda_0.1000/simfile_snipped.dat', 'lambda_0.2000/simfile_snipped.dat', 'lambda_0.3000/simfile_snipped.dat', 'lambda_0.4000/simfile_snipped.dat', 'lambda_0.5000/simfile_snipped.dat', 'lambda_0.6000/simfile_snipped.dat', 'lambda_0.7000/simfile_snipped.dat', 'lambda_0.8000/simfile_snipped.dat', 'lambda_0.9000/simfile_snipped.dat', 'lambda_1.0000/simfile_snipped.dat']
#Overlap matrix
0.9014 0.0970 0.0016 0.0000 0.0000 0.0000 0.0000 0.0000 0.0000 0.0000 0.0000
0.0970 0.7282 0.1687 0.0060 0.0001 0.0000 0.0000 0.0000 0.0000 0.0000 0.0000
0.0016 0.1687 0.6263 0.1926 0.0107 0.0001 0.0000 0.0000 0.0000 0.0000 0.0000
0.0000 0.0060 0.1926 0.5931 0.1985 0.0096 0.0001 0.0000 0.0000 0.0000 0.0000
0.0000 0.0001 0.0107 0.1985 0.5866 0.1920 0.0119 0.0002 0.0000 0.0000 0.0000
0.0000 0.0000 0.0001 0.0096 0.1920 0.5615 0.2195 0.0170 0.0003 0.0000 0.0000
0.0000 0.0000 0.0000 0.0001 0.0119 0.2195 0.5259 0.2227 0.0197 0.0003 0.0000
0.0000 0.0000 0.0000 0.0000 0.0002 0.0170 0.2227 0.5211 0.2234 0.0155 0.0001
0.0000 0.0000 0.0000 0.0000 0.0000 0.0003 0.0197 0.2234 0.5436 0.2057 0.0073
0.0000 0.0000 0.0000 0.0000 0.0000 0.0000 0.0003 0.0155 0.2057 0.6073 0.1712
0.0000 0.0000 0.0000 0.0000 0.0000 0.0000 0.0000 0.0001 0.0073 0.1712 0.8213
#DG from neighbouring lambda in kcal/mol
0.0000 0.1000 3.0055 0.0822
0.1000 0.2000 3.7930 0.0552
0.2000 0.3000 3.9802 0.0481
0.3000 0.4000 3.9120 0.0463
0.4000 0.5000 3.5364 0.0473
0.5000 0.6000 3.1727 0.0412
0.6000 0.7000 2.9233 0.0396
0.7000 0.8000 2.8395 0.0397
0.8000 0.9000 3.0081 0.0446
0.9000 1.0000 3.3294 0.0547
#PMF from MBAR in kcal/mol
0.0000 0.0000 0.0000
0.1000 3.0055 0.0822
0.2000 6.7985 0.1064
0.3000 10.7787 0.1226
0.4000 14.6908 0.1358
0.5000 18.2272 0.1484
0.6000 21.3999 0.1581
0.7000 24.3232 0.1667
0.8000 27.1626 0.1748
0.9000 30.1708 0.1838
1.0000 33.5001 0.1953
#TI average gradients and standard deviation in kcal/mol
0.0000 23.3592 19.2552
0.1000 33.7597 14.2251
0.2000 39.2059 14.6189
0.3000 40.2633 12.8844
0.4000 38.0178 11.9888
0.5000 32.8284 12.0450
0.6000 29.9202 11.9999
0.7000 28.6703 11.5430
0.8000 28.7050 11.8478
0.9000 32.0791 12.9866
1.0000 39.7638 14.9538
#PMF from TI in kcal/mol
0.0000 0.0000
0.1000 2.8559
0.2000 6.5042
0.3000 10.4777
0.4000 14.3917
0.5000 17.9340
0.6000 21.0715
0.7000 24.0010
0.8000 26.8698
0.9000 29.9090
1.0000 33.5011
#MBAR free energy difference in kcal/mol: 
33.500131, 0.195265  #WARNING SUBSAMPLING DISABLED, CONSIDER RERUN WITH SUBSAMPLING OPTION
#TI free energy difference in kcal/mol: 
33.501118  #WARNING SUBSAMPLING DISABLED, CONSIDER RERUN WITH SUBSAMPLING OPTION 
Starting /export/users/common/BioSimSpace/sire.app/bin/analyse_freenrg: number of threads equals 32
