# Analysing data contained in file(s) ['lambda_0.0000/simfile_snipped.dat', 'lambda_0.1000/simfile_snipped.dat', 'lambda_0.2000/simfile_snipped.dat', 'lambda_0.3000/simfile_snipped.dat', 'lambda_0.4000/simfile_snipped.dat', 'lambda_0.5000/simfile_snipped.dat', 'lambda_0.6000/simfile_snipped.dat', 'lambda_0.7000/simfile_snipped.dat', 'lambda_0.8000/simfile_snipped.dat', 'lambda_0.9000/simfile_snipped.dat', 'lambda_1.0000/simfile_snipped.dat']
#Overlap matrix
0.8355 0.1627 0.0019 0.0000 0.0000 0.0000 0.0000 0.0000 0.0000 0.0000 0.0000
0.1627 0.6700 0.1656 0.0017 0.0000 0.0000 0.0000 0.0000 0.0000 0.0000 0.0000
0.0019 0.1656 0.6731 0.1575 0.0020 0.0000 0.0000 0.0000 0.0000 0.0000 0.0000
0.0000 0.0017 0.1575 0.6826 0.1561 0.0021 0.0000 0.0000 0.0000 0.0000 0.0000
0.0000 0.0000 0.0020 0.1561 0.6703 0.1693 0.0024 0.0000 0.0000 0.0000 0.0000
0.0000 0.0000 0.0000 0.0021 0.1693 0.6563 0.1694 0.0029 0.0000 0.0000 0.0000
0.0000 0.0000 0.0000 0.0000 0.0024 0.1694 0.6500 0.1751 0.0031 0.0000 0.0000
0.0000 0.0000 0.0000 0.0000 0.0000 0.0029 0.1751 0.6430 0.1729 0.0061 0.0000
0.0000 0.0000 0.0000 0.0000 0.0000 0.0000 0.0031 0.1729 0.6152 0.2016 0.0071
0.0000 0.0000 0.0000 0.0000 0.0000 0.0000 0.0000 0.0061 0.2016 0.6093 0.1830
0.0000 0.0000 0.0000 0.0000 0.0000 0.0000 0.0000 0.0000 0.0071 0.1830 0.8098
#DG from neighbouring lambda in kcal/mol
0.0000 0.1000 5.1662 0.0582
0.1000 0.2000 4.5187 0.0570
0.2000 0.3000 3.6707 0.0591
0.3000 0.4000 2.7751 0.0594
0.4000 0.5000 1.8029 0.0559
0.5000 0.6000 0.8215 0.0556
0.6000 0.7000 -0.1337 0.0541
0.7000 0.8000 -1.0585 0.0539
0.8000 0.9000 -1.4747 0.0470
0.9000 1.0000 -1.4534 0.0521
#PMF from MBAR in kcal/mol
0.0000 0.0000 0.0000
0.1000 5.1662 0.0582
0.2000 9.6849 0.0905
0.3000 13.3556 0.1150
0.4000 16.1307 0.1353
0.5000 17.9336 0.1515
0.6000 18.7551 0.1661
0.7000 18.6214 0.1789
0.8000 17.5629 0.1908
0.9000 16.0883 0.2001
1.0000 14.6348 0.2101
#TI average gradients and standard deviation in kcal/mol
0.0000 52.5558 14.7756
0.1000 48.4609 15.5542
0.2000 41.8641 15.0563
0.3000 32.7980 13.7274
0.4000 22.1493 14.1755
0.5000 13.6126 14.1424
0.6000 2.3656 14.1445
0.7000 -6.0436 15.2419
0.8000 -13.5125 13.0510
0.9000 -15.5918 13.0105
1.0000 -13.1606 15.1769
#PMF from TI in kcal/mol
0.0000 0.0000
0.1000 5.0508
0.2000 9.5671
0.3000 13.3002
0.4000 16.0476
0.5000 17.8356
0.6000 18.6346
0.7000 18.4507
0.8000 17.4729
0.9000 16.0176
1.0000 14.5800
#MBAR free energy difference in kcal/mol: 
14.634847, 0.210061  #WARNING SUBSAMPLING DISABLED, CONSIDER RERUN WITH SUBSAMPLING OPTION
#TI free energy difference in kcal/mol: 
14.580024  #WARNING SUBSAMPLING DISABLED, CONSIDER RERUN WITH SUBSAMPLING OPTION 
Starting /export/users/common/BioSimSpace/sire.app/bin/analyse_freenrg: number of threads equals 32
