# Analysing data contained in file(s) ['lambda_0.0000/simfile_snipped.dat', 'lambda_0.1000/simfile_snipped.dat', 'lambda_0.2000/simfile_snipped.dat', 'lambda_0.3000/simfile_snipped.dat', 'lambda_0.4000/simfile_snipped.dat', 'lambda_0.5000/simfile_snipped.dat', 'lambda_0.6000/simfile_snipped.dat', 'lambda_0.7000/simfile_snipped.dat', 'lambda_0.8000/simfile_snipped.dat', 'lambda_0.9000/simfile_snipped.dat', 'lambda_1.0000/simfile_snipped.dat']
#Overlap matrix
0.9116 0.0883 0.0002 0.0000 0.0000 0.0000 0.0000 0.0000 0.0000 0.0000 0.0000
0.0883 0.7964 0.1149 0.0004 0.0000 0.0000 0.0000 0.0000 0.0000 0.0000 0.0000
0.0002 0.1149 0.7587 0.1260 0.0002 0.0000 0.0000 0.0000 0.0000 0.0000 0.0000
0.0000 0.0004 0.1260 0.7467 0.1266 0.0003 0.0000 0.0000 0.0000 0.0000 0.0000
0.0000 0.0000 0.0002 0.1266 0.7763 0.0968 0.0001 0.0000 0.0000 0.0000 0.0000
0.0000 0.0000 0.0000 0.0003 0.0968 0.8194 0.0834 0.0000 0.0000 0.0000 0.0000
0.0000 0.0000 0.0000 0.0000 0.0001 0.0834 0.8737 0.0428 0.0000 0.0000 0.0000
0.0000 0.0000 0.0000 0.0000 0.0000 0.0000 0.0428 0.9493 0.0079 0.0000 0.0000
0.0000 0.0000 0.0000 0.0000 0.0000 0.0000 0.0000 0.0079 0.9856 0.0065 0.0000
0.0000 0.0000 0.0000 0.0000 0.0000 0.0000 0.0000 0.0000 0.0065 0.9847 0.0089
0.0000 0.0000 0.0000 0.0000 0.0000 0.0000 0.0000 0.0000 0.0000 0.0089 0.9911
#DG from neighbouring lambda in kcal/mol
0.0000 0.1000 7.6994 0.0879
0.1000 0.2000 7.0463 0.0744
0.2000 0.3000 6.6281 0.0700
0.3000 0.4000 5.5726 0.0698
0.4000 0.5000 4.5340 0.0830
0.5000 0.6000 2.4533 0.0910
0.6000 0.7000 -1.5448 0.1332
0.7000 0.8000 -8.4934 0.3215
0.8000 0.9000 -21.6855 0.3559
0.9000 1.0000 -30.6795 0.3032
#PMF from MBAR in kcal/mol
0.0000 0.0000 0.0000
0.1000 7.6994 0.0879
0.2000 14.7458 0.1220
0.3000 21.3738 0.1463
0.4000 26.9464 0.1671
0.5000 31.4805 0.1908
0.6000 33.9338 0.2153
0.7000 32.3890 0.2564
0.8000 23.8956 0.4133
0.9000 2.2101 0.5469
1.0000 -28.4694 0.6266
#TI average gradients and standard deviation in kcal/mol
0.0000 79.8181 19.2591
0.1000 72.4624 17.8211
0.2000 68.7640 16.8540
0.3000 61.1128 18.4550
0.4000 52.2400 17.3554
0.5000 35.6001 19.1531
0.6000 10.0544 22.5163
0.7000 -42.8116 23.4514
0.8000 -150.1820 32.7375
0.9000 -270.2443 29.7797
1.0000 -354.5895 31.4980
#PMF from TI in kcal/mol
0.0000 0.0000
0.1000 7.6140
0.2000 14.6753
0.3000 21.1692
0.4000 26.8368
0.5000 31.2288
0.6000 33.5115
0.7000 31.8737
0.8000 22.2240
0.9000 1.2027
1.0000 -30.0390
#MBAR free energy difference in kcal/mol: 
-28.469442, 0.626637  #WARNING SUBSAMPLING DISABLED, CONSIDER RERUN WITH SUBSAMPLING OPTION
#TI free energy difference in kcal/mol: 
-30.039001  #WARNING SUBSAMPLING DISABLED, CONSIDER RERUN WITH SUBSAMPLING OPTION 
Starting /export/users/common/BioSimSpace/sire.app/bin/analyse_freenrg: number of threads equals 32
