# Analysing data contained in file(s) ['lambda_0.0000/simfile_snipped.dat', 'lambda_0.1000/simfile_snipped.dat', 'lambda_0.2000/simfile_snipped.dat', 'lambda_0.3000/simfile_snipped.dat', 'lambda_0.4000/simfile_snipped.dat', 'lambda_0.5000/simfile_snipped.dat', 'lambda_0.6000/simfile_snipped.dat', 'lambda_0.7000/simfile_snipped.dat', 'lambda_0.8000/simfile_snipped.dat', 'lambda_0.9000/simfile_snipped.dat', 'lambda_1.0000/simfile_snipped.dat']
#Overlap matrix
0.9438 0.0561 0.0000 0.0000 0.0000 0.0000 0.0000 0.0000 0.0000 0.0000 0.0000
0.0561 0.8699 0.0738 0.0001 0.0000 0.0000 0.0000 0.0000 0.0000 0.0000 0.0000
0.0000 0.0738 0.8162 0.1094 0.0006 0.0000 0.0000 0.0000 0.0000 0.0000 0.0000
0.0000 0.0001 0.1094 0.8290 0.0615 0.0001 0.0000 0.0000 0.0000 0.0000 0.0000
0.0000 0.0000 0.0006 0.0615 0.8623 0.0755 0.0002 0.0000 0.0000 0.0000 0.0000
0.0000 0.0000 0.0000 0.0001 0.0755 0.8421 0.0823 0.0001 0.0000 0.0000 0.0000
0.0000 0.0000 0.0000 0.0000 0.0002 0.0823 0.8697 0.0478 0.0000 0.0000 0.0000
0.0000 0.0000 0.0000 0.0000 0.0000 0.0001 0.0478 0.8917 0.0603 0.0001 0.0000
0.0000 0.0000 0.0000 0.0000 0.0000 0.0000 0.0000 0.0603 0.8782 0.0615 0.0000
0.0000 0.0000 0.0000 0.0000 0.0000 0.0000 0.0000 0.0001 0.0615 0.8911 0.0474
0.0000 0.0000 0.0000 0.0000 0.0000 0.0000 0.0000 0.0000 0.0000 0.0474 0.9526
#DG from neighbouring lambda in kcal/mol
0.0000 0.1000 13.7238 0.1146
0.1000 0.2000 10.0891 0.0978
0.2000 0.3000 7.5783 0.0767
0.3000 0.4000 7.5439 0.1082
0.4000 0.5000 5.9273 0.0965
0.5000 0.6000 5.6232 0.0916
0.6000 0.7000 5.9525 0.1251
0.7000 0.8000 4.9277 0.1099
0.8000 0.9000 4.7087 0.1088
0.9000 1.0000 5.4398 0.1259
#PMF from MBAR in kcal/mol
0.0000 0.0000 0.0000
0.1000 13.7238 0.1146
0.2000 23.8129 0.1561
0.3000 31.3913 0.1786
0.4000 38.9352 0.2124
0.5000 44.8625 0.2367
0.6000 50.4857 0.2570
0.7000 56.4382 0.2886
0.8000 61.3660 0.3115
0.9000 66.0746 0.3324
1.0000 71.5144 0.3578
#TI average gradients and standard deviation in kcal/mol
0.0000 149.4853 22.4053
0.1000 118.8950 21.1576
0.2000 83.5723 20.0755
0.3000 74.9468 17.7665
0.4000 67.4236 23.3453
0.5000 53.5459 19.0424
0.6000 60.4794 21.8721
0.7000 53.0401 24.6854
0.8000 47.7093 22.1286
0.9000 48.2023 22.2782
1.0000 67.5657 22.0714
#PMF from TI in kcal/mol
0.0000 0.0000
0.1000 13.4190
0.2000 23.5424
0.3000 31.4683
0.4000 38.5869
0.5000 44.6353
0.6000 50.3366
0.7000 56.0126
0.8000 61.0500
0.9000 65.8456
1.0000 71.6340
#MBAR free energy difference in kcal/mol: 
71.514439, 0.357767  #WARNING SUBSAMPLING DISABLED, CONSIDER RERUN WITH SUBSAMPLING OPTION
#TI free energy difference in kcal/mol: 
71.634016  #WARNING SUBSAMPLING DISABLED, CONSIDER RERUN WITH SUBSAMPLING OPTION 
Starting /export/users/common/BioSimSpace/sire.app/bin/analyse_freenrg: number of threads equals 32
