# Analysing data contained in file(s) ['lambda_0.0000/simfile_snipped.dat', 'lambda_0.1000/simfile_snipped.dat', 'lambda_0.2000/simfile_snipped.dat', 'lambda_0.3000/simfile_snipped.dat', 'lambda_0.4000/simfile_snipped.dat', 'lambda_0.5000/simfile_snipped.dat', 'lambda_0.6000/simfile_snipped.dat', 'lambda_0.7000/simfile_snipped.dat', 'lambda_0.8000/simfile_snipped.dat', 'lambda_0.9000/simfile_snipped.dat', 'lambda_1.0000/simfile_snipped.dat']
#Overlap matrix
0.9636 0.0364 0.0000 0.0000 0.0000 0.0000 0.0000 0.0000 0.0000 0.0000 0.0000
0.0364 0.9160 0.0476 0.0000 0.0000 0.0000 0.0000 0.0000 0.0000 0.0000 0.0000
0.0000 0.0476 0.9078 0.0445 0.0000 0.0000 0.0000 0.0000 0.0000 0.0000 0.0000
0.0000 0.0000 0.0445 0.9014 0.0541 0.0000 0.0000 0.0000 0.0000 0.0000 0.0000
0.0000 0.0000 0.0000 0.0541 0.8835 0.0624 0.0000 0.0000 0.0000 0.0000 0.0000
0.0000 0.0000 0.0000 0.0000 0.0624 0.8656 0.0720 0.0000 0.0000 0.0000 0.0000
0.0000 0.0000 0.0000 0.0000 0.0000 0.0720 0.8536 0.0743 0.0000 0.0000 0.0000
0.0000 0.0000 0.0000 0.0000 0.0000 0.0000 0.0743 0.8446 0.0811 0.0000 0.0000
0.0000 0.0000 0.0000 0.0000 0.0000 0.0000 0.0000 0.0811 0.8525 0.0664 0.0000
0.0000 0.0000 0.0000 0.0000 0.0000 0.0000 0.0000 0.0000 0.0664 0.8802 0.0533
0.0000 0.0000 0.0000 0.0000 0.0000 0.0000 0.0000 0.0000 0.0000 0.0533 0.9467
#DG from neighbouring lambda in kcal/mol
0.0000 0.1000 5.1512 0.1455
0.1000 0.2000 3.8893 0.1256
0.2000 0.3000 2.7836 0.1304
0.3000 0.4000 1.2358 0.1170
0.4000 0.5000 0.1206 0.1079
0.5000 0.6000 -1.2879 0.0993
0.6000 0.7000 -2.4034 0.0975
0.7000 0.8000 -3.2610 0.0926
0.8000 0.9000 -3.4058 0.1041
0.9000 1.0000 -3.2639 0.1180
#PMF from MBAR in kcal/mol
0.0000 0.0000 0.0000
0.1000 5.1512 0.1455
0.2000 9.0405 0.1964
0.3000 11.8241 0.2392
0.4000 13.0599 0.2694
0.5000 13.1805 0.2931
0.6000 11.8926 0.3121
0.7000 9.4892 0.3295
0.8000 6.2282 0.3447
0.9000 2.8225 0.3623
1.0000 -0.4414 0.3832
#TI average gradients and standard deviation in kcal/mol
0.0000 54.0407 23.8527
0.1000 44.4487 23.5223
0.2000 34.1212 20.9726
0.3000 19.3323 22.1545
0.4000 7.0978 19.9534
0.5000 -5.8396 20.7916
0.6000 -18.8020 19.9448
0.7000 -29.1687 18.3962
0.8000 -34.6471 18.2040
0.9000 -35.9072 20.9200
1.0000 -23.1299 22.7668
#PMF from TI in kcal/mol
0.0000 0.0000
0.1000 4.9245
0.2000 8.8530
0.3000 11.5256
0.4000 12.8471
0.5000 12.9101
0.6000 11.6780
0.7000 9.2794
0.8000 6.0887
0.9000 2.5609
1.0000 -0.3909
#MBAR free energy difference in kcal/mol: 
-0.441448, 0.383214  #WARNING SUBSAMPLING DISABLED, CONSIDER RERUN WITH SUBSAMPLING OPTION
#TI free energy difference in kcal/mol: 
-0.390915  #WARNING SUBSAMPLING DISABLED, CONSIDER RERUN WITH SUBSAMPLING OPTION 
Starting /export/users/common/BioSimSpace/sire.app/bin/analyse_freenrg: number of threads equals 32
