# Analysing data contained in file(s) ['lambda_0.0000/simfile_snipped.dat', 'lambda_0.1000/simfile_snipped.dat', 'lambda_0.2000/simfile_snipped.dat', 'lambda_0.3000/simfile_snipped.dat', 'lambda_0.4000/simfile_snipped.dat', 'lambda_0.5000/simfile_snipped.dat', 'lambda_0.6000/simfile_snipped.dat', 'lambda_0.7000/simfile_snipped.dat', 'lambda_0.8000/simfile_snipped.dat', 'lambda_0.9000/simfile_snipped.dat', 'lambda_1.0000/simfile_snipped.dat']
#Overlap matrix
0.9967 0.0033 0.0000 0.0000 0.0000 0.0000 0.0000 0.0000 0.0000 0.0000 0.0000
0.0033 0.9904 0.0063 0.0000 0.0000 0.0000 0.0000 0.0000 0.0000 0.0000 0.0000
0.0000 0.0063 0.9871 0.0066 0.0000 0.0000 0.0000 0.0000 0.0000 0.0000 0.0000
0.0000 0.0000 0.0066 0.9773 0.0161 0.0000 0.0000 0.0000 0.0000 0.0000 0.0000
0.0000 0.0000 0.0000 0.0161 0.9375 0.0464 0.0000 0.0000 0.0000 0.0000 0.0000
0.0000 0.0000 0.0000 0.0000 0.0464 0.9129 0.0407 0.0000 0.0000 0.0000 0.0000
0.0000 0.0000 0.0000 0.0000 0.0000 0.0407 0.8947 0.0645 0.0002 0.0000 0.0000
0.0000 0.0000 0.0000 0.0000 0.0000 0.0000 0.0645 0.8099 0.1253 0.0003 0.0000
0.0000 0.0000 0.0000 0.0000 0.0000 0.0000 0.0002 0.1253 0.7420 0.1317 0.0009
0.0000 0.0000 0.0000 0.0000 0.0000 0.0000 0.0000 0.0003 0.1317 0.7225 0.1456
0.0000 0.0000 0.0000 0.0000 0.0000 0.0000 0.0000 0.0000 0.0009 0.1456 0.8536
#DG from neighbouring lambda in kcal/mol
0.0000 0.1000 -0.5547 0.5012
0.1000 0.2000 1.5706 0.3600
0.2000 0.3000 1.1193 0.3529
0.3000 0.4000 2.2963 0.2232
0.4000 0.5000 3.8741 0.1275
0.5000 0.6000 2.5481 0.1368
0.6000 0.7000 0.2494 0.1058
0.7000 0.8000 -1.3755 0.0703
0.8000 0.9000 -3.4198 0.0678
0.9000 1.0000 -5.1696 0.0633
#PMF from MBAR in kcal/mol
0.0000 0.0000 0.0000
0.1000 -0.5547 0.5012
0.2000 1.0159 0.6184
0.3000 2.1352 0.7132
0.4000 4.4316 0.7484
0.5000 8.3057 0.7603
0.6000 10.8538 0.7736
0.7000 11.1032 0.7818
0.8000 9.7277 0.7860
0.9000 6.3079 0.7900
1.0000 1.1384 0.7935
#TI average gradients and standard deviation in kcal/mol
0.0000 -30.7500 36.3909
0.1000 11.9912 33.7596
0.2000 12.9167 34.3394
0.3000 13.5632 30.5037
0.4000 33.0468 24.8445
0.5000 37.8993 22.9552
0.6000 12.8812 21.3215
0.7000 -8.4044 17.4886
0.8000 -22.8220 18.0598
0.9000 -43.9395 15.7246
1.0000 -41.5699 15.5957
#PMF from TI in kcal/mol
0.0000 0.0000
0.1000 -0.9379
0.2000 0.3075
0.3000 1.6315
0.4000 3.9620
0.5000 7.5093
0.6000 10.0483
0.7000 10.2721
0.8000 8.7108
0.9000 5.3727
1.0000 1.0973
#MBAR free energy difference in kcal/mol: 
1.138377, 0.793491  #WARNING SUBSAMPLING DISABLED, CONSIDER RERUN WITH SUBSAMPLING OPTION
#TI free energy difference in kcal/mol: 
1.097271  #WARNING SUBSAMPLING DISABLED, CONSIDER RERUN WITH SUBSAMPLING OPTION 
Starting /export/users/common/BioSimSpace/sire.app/bin/analyse_freenrg: number of threads equals 32
