# Analysing data contained in file(s) ['lambda_0.0000/simfile_snipped.dat', 'lambda_0.1000/simfile_snipped.dat', 'lambda_0.2000/simfile_snipped.dat', 'lambda_0.3000/simfile_snipped.dat', 'lambda_0.4000/simfile_snipped.dat', 'lambda_0.5000/simfile_snipped.dat', 'lambda_0.6000/simfile_snipped.dat', 'lambda_0.7000/simfile_snipped.dat', 'lambda_0.8000/simfile_snipped.dat', 'lambda_0.9000/simfile_snipped.dat', 'lambda_1.0000/simfile_snipped.dat']
#Overlap matrix
0.9312 0.0687 0.0002 0.0000 0.0000 0.0000 0.0000 0.0000 0.0000 0.0000 0.0000
0.0687 0.8120 0.1188 0.0005 0.0000 0.0000 0.0000 0.0000 0.0000 0.0000 0.0000
0.0002 0.1188 0.7457 0.1344 0.0011 0.0000 0.0000 0.0000 0.0000 0.0000 0.0000
0.0000 0.0005 0.1344 0.7363 0.1282 0.0007 0.0000 0.0000 0.0000 0.0000 0.0000
0.0000 0.0000 0.0011 0.1282 0.7424 0.1274 0.0010 0.0000 0.0000 0.0000 0.0000
0.0000 0.0000 0.0000 0.0007 0.1274 0.7293 0.1419 0.0008 0.0000 0.0000 0.0000
0.0000 0.0000 0.0000 0.0000 0.0010 0.1419 0.7218 0.1349 0.0005 0.0000 0.0000
0.0000 0.0000 0.0000 0.0000 0.0000 0.0008 0.1349 0.7474 0.1167 0.0003 0.0000
0.0000 0.0000 0.0000 0.0000 0.0000 0.0000 0.0005 0.1167 0.7770 0.1059 0.0000
0.0000 0.0000 0.0000 0.0000 0.0000 0.0000 0.0000 0.0003 0.1059 0.8935 0.0004
0.0000 0.0000 0.0000 0.0000 0.0000 0.0000 0.0000 0.0000 0.0000 0.0004 0.9996
#DG from neighbouring lambda in kcal/mol
0.0000 0.1000 -3.2716 0.1020
0.1000 0.2000 -0.6691 0.0727
0.2000 0.3000 0.7768 0.0667
0.3000 0.4000 1.6636 0.0688
0.4000 0.5000 1.9611 0.0691
0.5000 0.6000 2.3602 0.0642
0.6000 0.7000 2.6300 0.0666
0.7000 0.8000 2.6205 0.0736
0.8000 0.9000 2.6955 0.0785
0.9000 1.0000 -2.8625 1.5287
#PMF from MBAR in kcal/mol
0.0000 0.0000 0.0000
0.1000 -3.2716 0.1020
0.2000 -3.9407 0.1316
0.3000 -3.1639 0.1529
0.4000 -1.5004 0.1722
0.5000 0.4607 0.1898
0.6000 2.8210 0.2043
0.7000 5.4510 0.2185
0.8000 8.0715 0.2341
0.9000 10.7671 0.2501
1.0000 7.9046 1.5496
#TI average gradients and standard deviation in kcal/mol
0.0000 -51.4159 22.5972
0.1000 -17.2863 18.8403
0.2000 1.6364 18.1912
0.3000 14.0807 15.6499
0.4000 18.6235 16.4715
0.5000 19.8410 15.4295
0.6000 25.4479 17.4271
0.7000 27.5366 16.3627
0.8000 25.7489 16.4167
0.9000 27.1445 19.0251
1.0000 -860.9012 445.4549
#PMF from TI in kcal/mol
0.0000 0.0000
0.1000 -3.4351
0.2000 -4.2176
0.3000 -3.4318
0.4000 -1.7965
0.5000 0.1267
0.6000 2.3911
0.7000 5.0404
0.8000 7.7046
0.9000 10.3493
1.0000 -31.3385
#MBAR free energy difference in kcal/mol: 
7.904616, 1.549601  #WARNING SUBSAMPLING DISABLED, CONSIDER RERUN WITH SUBSAMPLING OPTION
#TI free energy difference in kcal/mol: 
-31.338539  #WARNING SUBSAMPLING DISABLED, CONSIDER RERUN WITH SUBSAMPLING OPTION 
Starting /export/users/common/BioSimSpace/sire.app/bin/analyse_freenrg: number of threads equals 32
