# Analysing data contained in file(s) ['lambda_0.0000/simfile_snipped.dat', 'lambda_0.1000/simfile_snipped.dat', 'lambda_0.2000/simfile_snipped.dat', 'lambda_0.3000/simfile_snipped.dat', 'lambda_0.4000/simfile_snipped.dat', 'lambda_0.5000/simfile_snipped.dat', 'lambda_0.6000/simfile_snipped.dat', 'lambda_0.7000/simfile_snipped.dat', 'lambda_0.8000/simfile_snipped.dat', 'lambda_0.9000/simfile_snipped.dat', 'lambda_1.0000/simfile_snipped.dat']
#Overlap matrix
0.9221 0.0778 0.0001 0.0000 0.0000 0.0000 0.0000 0.0000 0.0000 0.0000 0.0000
0.0778 0.8320 0.0898 0.0005 0.0000 0.0000 0.0000 0.0000 0.0000 0.0000 0.0000
0.0001 0.0898 0.7720 0.1374 0.0007 0.0000 0.0000 0.0000 0.0000 0.0000 0.0000
0.0000 0.0005 0.1374 0.7291 0.1322 0.0007 0.0000 0.0000 0.0000 0.0000 0.0000
0.0000 0.0000 0.0007 0.1322 0.7395 0.1268 0.0008 0.0000 0.0000 0.0000 0.0000
0.0000 0.0000 0.0000 0.0007 0.1268 0.7421 0.1297 0.0007 0.0000 0.0000 0.0000
0.0000 0.0000 0.0000 0.0000 0.0008 0.1297 0.7426 0.1264 0.0005 0.0000 0.0000
0.0000 0.0000 0.0000 0.0000 0.0000 0.0007 0.1264 0.7492 0.1233 0.0003 0.0000
0.0000 0.0000 0.0000 0.0000 0.0000 0.0000 0.0005 0.1233 0.7889 0.0872 0.0000
0.0000 0.0000 0.0000 0.0000 0.0000 0.0000 0.0000 0.0003 0.0872 0.8860 0.0266
0.0000 0.0000 0.0000 0.0000 0.0000 0.0000 0.0000 0.0000 0.0000 0.0266 0.9734
#DG from neighbouring lambda in kcal/mol
0.0000 0.1000 -7.5889 0.0949
0.1000 0.2000 -5.8978 0.0868
0.2000 0.3000 -5.0524 0.0658
0.3000 0.4000 -4.9230 0.0675
0.4000 0.5000 -5.2214 0.0694
0.5000 0.6000 -5.4406 0.0683
0.6000 0.7000 -5.5497 0.0696
0.7000 0.8000 -5.5167 0.0709
0.8000 0.9000 -4.2800 0.0885
0.9000 1.0000 -1.1912 0.1719
#PMF from MBAR in kcal/mol
0.0000 0.0000 0.0000
0.1000 -7.5889 0.0949
0.2000 -13.4867 0.1348
0.3000 -18.5391 0.1553
0.4000 -23.4621 0.1739
0.5000 -28.6834 0.1915
0.6000 -34.1240 0.2072
0.7000 -39.6737 0.2221
0.8000 -45.1903 0.2366
0.9000 -49.4703 0.2558
1.0000 -50.6615 0.3109
#TI average gradients and standard deviation in kcal/mol
0.0000 -102.0004 21.6424
0.1000 -62.9299 18.6418
0.2000 -54.6812 16.2241
0.3000 -48.9553 15.9338
0.4000 -50.2011 16.5404
0.5000 -53.9105 16.9308
0.6000 -54.9377 16.9918
0.7000 -56.2914 17.3579
0.8000 -51.2672 18.5008
0.9000 -29.2642 21.7271
1.0000 19.3179 29.5668
#PMF from TI in kcal/mol
0.0000 0.0000
0.1000 -8.2465
0.2000 -14.1271
0.3000 -19.3089
0.4000 -24.2667
0.5000 -29.4723
0.6000 -34.9147
0.7000 -40.4762
0.8000 -45.8541
0.9000 -49.8807
1.0000 -50.3780
#MBAR free energy difference in kcal/mol: 
-50.661507, 0.310889  #WARNING SUBSAMPLING DISABLED, CONSIDER RERUN WITH SUBSAMPLING OPTION
#TI free energy difference in kcal/mol: 
-50.377987  #WARNING SUBSAMPLING DISABLED, CONSIDER RERUN WITH SUBSAMPLING OPTION 
Starting /export/users/common/BioSimSpace/sire.app/bin/analyse_freenrg: number of threads equals 32
