# Analysing data contained in file(s) ['lambda_0.0000/simfile_snipped.dat', 'lambda_0.1000/simfile_snipped.dat', 'lambda_0.2000/simfile_snipped.dat', 'lambda_0.3000/simfile_snipped.dat', 'lambda_0.4000/simfile_snipped.dat', 'lambda_0.5000/simfile_snipped.dat', 'lambda_0.6000/simfile_snipped.dat', 'lambda_0.7000/simfile_snipped.dat', 'lambda_0.8000/simfile_snipped.dat', 'lambda_0.9000/simfile_snipped.dat', 'lambda_1.0000/simfile_snipped.dat']
#Overlap matrix
0.9606 0.0394 0.0000 0.0000 0.0000 0.0000 0.0000 0.0000 0.0000 0.0000 0.0000
0.0394 0.8719 0.0883 0.0004 0.0000 0.0000 0.0000 0.0000 0.0000 0.0000 0.0000
0.0000 0.0883 0.7992 0.1115 0.0009 0.0000 0.0000 0.0000 0.0000 0.0000 0.0000
0.0000 0.0004 0.1115 0.7606 0.1246 0.0028 0.0000 0.0000 0.0000 0.0000 0.0000
0.0000 0.0000 0.0009 0.1246 0.7131 0.1565 0.0048 0.0000 0.0000 0.0000 0.0000
0.0000 0.0000 0.0000 0.0028 0.1565 0.6632 0.1698 0.0076 0.0001 0.0000 0.0000
0.0000 0.0000 0.0000 0.0000 0.0048 0.1698 0.6015 0.2132 0.0106 0.0001 0.0000
0.0000 0.0000 0.0000 0.0000 0.0000 0.0076 0.2132 0.5619 0.2065 0.0107 0.0001
0.0000 0.0000 0.0000 0.0000 0.0000 0.0001 0.0106 0.2065 0.5655 0.2054 0.0119
0.0000 0.0000 0.0000 0.0000 0.0000 0.0000 0.0001 0.0107 0.2054 0.5564 0.2274
0.0000 0.0000 0.0000 0.0000 0.0000 0.0000 0.0000 0.0001 0.0119 0.2274 0.7606
#DG from neighbouring lambda in kcal/mol
0.0000 0.1000 -4.9498 0.1393
0.1000 0.2000 -2.4754 0.0877
0.2000 0.3000 -1.8487 0.0755
0.3000 0.4000 -1.7469 0.0694
0.4000 0.5000 -1.4676 0.0583
0.5000 0.6000 -1.2896 0.0539
0.6000 0.7000 -1.0810 0.0440
0.7000 0.8000 -0.9666 0.0447
0.8000 0.9000 -0.9585 0.0447
0.9000 1.0000 -0.7778 0.0426
#PMF from MBAR in kcal/mol
0.0000 0.0000 0.0000
0.1000 -4.9498 0.1393
0.2000 -7.4252 0.1695
0.3000 -9.2739 0.1898
0.4000 -11.0208 0.2059
0.5000 -12.4884 0.2173
0.6000 -13.7780 0.2270
0.7000 -14.8589 0.2342
0.8000 -15.8256 0.2412
0.9000 -16.7840 0.2480
1.0000 -17.5618 0.2542
#TI average gradients and standard deviation in kcal/mol
0.0000 -71.0610 27.8013
0.1000 -32.5666 21.1767
0.2000 -19.7159 18.7484
0.3000 -16.5951 16.0602
0.4000 -16.4654 14.8187
0.5000 -14.1078 14.6317
0.6000 -11.6749 13.3869
0.7000 -9.9342 11.5873
0.8000 -10.1867 12.5975
0.9000 -8.5262 12.2203
1.0000 3.8327 11.8837
#PMF from TI in kcal/mol
0.0000 0.0000
0.1000 -5.1814
0.2000 -7.7955
0.3000 -9.6111
0.4000 -11.2641
0.5000 -12.7927
0.6000 -14.0819
0.7000 -15.1623
0.8000 -16.1684
0.9000 -17.1040
1.0000 -17.3387
#MBAR free energy difference in kcal/mol: 
-17.561793, 0.254191  #WARNING SUBSAMPLING DISABLED, CONSIDER RERUN WITH SUBSAMPLING OPTION
#TI free energy difference in kcal/mol: 
-17.338709  #WARNING SUBSAMPLING DISABLED, CONSIDER RERUN WITH SUBSAMPLING OPTION 
Starting /export/users/common/BioSimSpace/sire.app/bin/analyse_freenrg: number of threads equals 32
