# Analysing data contained in file(s) ['lambda_0.0000/simfile_snipped.dat', 'lambda_0.1000/simfile_snipped.dat', 'lambda_0.2000/simfile_snipped.dat', 'lambda_0.3000/simfile_snipped.dat', 'lambda_0.4000/simfile_snipped.dat', 'lambda_0.5000/simfile_snipped.dat', 'lambda_0.6000/simfile_snipped.dat', 'lambda_0.7000/simfile_snipped.dat', 'lambda_0.8000/simfile_snipped.dat', 'lambda_0.9000/simfile_snipped.dat', 'lambda_1.0000/simfile_snipped.dat']
#Overlap matrix
0.9437 0.0562 0.0001 0.0000 0.0000 0.0000 0.0000 0.0000 0.0000 0.0000 0.0000
0.0562 0.8886 0.0552 0.0000 0.0000 0.0000 0.0000 0.0000 0.0000 0.0000 0.0000
0.0001 0.0552 0.8986 0.0460 0.0002 0.0000 0.0000 0.0000 0.0000 0.0000 0.0000
0.0000 0.0000 0.0460 0.8768 0.0758 0.0014 0.0000 0.0000 0.0000 0.0000 0.0000
0.0000 0.0000 0.0002 0.0758 0.7756 0.1449 0.0035 0.0000 0.0000 0.0000 0.0000
0.0000 0.0000 0.0000 0.0014 0.1449 0.7072 0.1442 0.0023 0.0000 0.0000 0.0000
0.0000 0.0000 0.0000 0.0000 0.0035 0.1442 0.6961 0.1528 0.0034 0.0000 0.0000
0.0000 0.0000 0.0000 0.0000 0.0000 0.0023 0.1528 0.6726 0.1674 0.0049 0.0000
0.0000 0.0000 0.0000 0.0000 0.0000 0.0000 0.0034 0.1674 0.6201 0.2020 0.0070
0.0000 0.0000 0.0000 0.0000 0.0000 0.0000 0.0000 0.0049 0.2020 0.5801 0.2130
0.0000 0.0000 0.0000 0.0000 0.0000 0.0000 0.0000 0.0000 0.0070 0.2130 0.7800
#DG from neighbouring lambda in kcal/mol
0.0000 0.1000 -3.3203 0.1144
0.1000 0.2000 -2.2553 0.1156
0.2000 0.3000 -2.1486 0.1277
0.3000 0.4000 -0.8000 0.0952
0.4000 0.5000 1.2497 0.0623
0.5000 0.6000 1.9989 0.0623
0.6000 0.7000 1.4311 0.0598
0.7000 0.8000 1.1206 0.0554
0.8000 0.9000 0.8187 0.0472
0.9000 1.0000 0.7678 0.0460
#PMF from MBAR in kcal/mol
0.0000 0.0000 0.0000
0.1000 -3.3203 0.1144
0.2000 -5.5756 0.1676
0.3000 -7.7242 0.2145
0.4000 -8.5242 0.2381
0.5000 -7.2745 0.2490
0.6000 -5.2756 0.2594
0.7000 -3.8445 0.2690
0.8000 -2.7239 0.2773
0.9000 -1.9052 0.2838
1.0000 -1.1374 0.2900
#TI average gradients and standard deviation in kcal/mol
0.0000 -41.4265 22.2713
0.1000 -26.4300 21.9668
0.2000 -22.3588 24.0953
0.3000 -17.6566 23.4453
0.4000 2.8154 16.8781
0.5000 19.6309 15.0261
0.6000 16.8190 16.1662
0.7000 14.0282 14.6385
0.8000 8.5799 13.5289
0.9000 7.6998 13.5694
1.0000 17.4129 12.4870
#PMF from TI in kcal/mol
0.0000 0.0000
0.1000 -3.3928
0.2000 -5.8323
0.3000 -7.8330
0.4000 -8.5751
0.5000 -7.4528
0.6000 -5.6303
0.7000 -4.0879
0.8000 -2.9575
0.9000 -2.1435
1.0000 -0.8879
#MBAR free energy difference in kcal/mol: 
-1.137421, 0.290007  #WARNING SUBSAMPLING DISABLED, CONSIDER RERUN WITH SUBSAMPLING OPTION
#TI free energy difference in kcal/mol: 
-0.887887  #WARNING SUBSAMPLING DISABLED, CONSIDER RERUN WITH SUBSAMPLING OPTION 
Starting /export/users/common/BioSimSpace/sire.app/bin/analyse_freenrg: number of threads equals 32
