# Analysing data contained in file(s) ['lambda_0.0000/simfile_snipped.dat', 'lambda_0.1000/simfile_snipped.dat', 'lambda_0.2000/simfile_snipped.dat', 'lambda_0.3000/simfile_snipped.dat', 'lambda_0.4000/simfile_snipped.dat', 'lambda_0.5000/simfile_snipped.dat', 'lambda_0.6000/simfile_snipped.dat', 'lambda_0.7000/simfile_snipped.dat', 'lambda_0.8000/simfile_snipped.dat', 'lambda_0.9000/simfile_snipped.dat', 'lambda_1.0000/simfile_snipped.dat']
#Overlap matrix
0.9484 0.0516 0.0000 0.0000 0.0000 0.0000 0.0000 0.0000 0.0000 0.0000 0.0000
0.0516 0.8584 0.0899 0.0001 0.0000 0.0000 0.0000 0.0000 0.0000 0.0000 0.0000
0.0000 0.0899 0.8219 0.0881 0.0001 0.0000 0.0000 0.0000 0.0000 0.0000 0.0000
0.0000 0.0001 0.0881 0.8101 0.1017 0.0001 0.0000 0.0000 0.0000 0.0000 0.0000
0.0000 0.0000 0.0001 0.1017 0.8108 0.0874 0.0000 0.0000 0.0000 0.0000 0.0000
0.0000 0.0000 0.0000 0.0001 0.0874 0.8346 0.0778 0.0000 0.0000 0.0000 0.0000
0.0000 0.0000 0.0000 0.0000 0.0000 0.0778 0.8365 0.0856 0.0000 0.0000 0.0000
0.0000 0.0000 0.0000 0.0000 0.0000 0.0000 0.0856 0.8372 0.0771 0.0000 0.0000
0.0000 0.0000 0.0000 0.0000 0.0000 0.0000 0.0000 0.0771 0.8909 0.0320 0.0000
0.0000 0.0000 0.0000 0.0000 0.0000 0.0000 0.0000 0.0000 0.0320 0.9680 0.0000
0.0000 0.0000 0.0000 0.0000 0.0000 0.0000 0.0000 0.0000 0.0000 0.0000 1.0000
#DG from neighbouring lambda in kcal/mol
0.0000 0.1000 1.9336 0.1201
0.1000 0.2000 2.1527 0.0870
0.2000 0.3000 3.1116 0.0881
0.3000 0.4000 3.9179 0.0806
0.4000 0.5000 4.6672 0.0885
0.5000 0.6000 4.5346 0.0949
0.6000 0.7000 4.3103 0.0896
0.7000 0.8000 4.4433 0.0954
0.8000 0.9000 3.6939 0.1558
0.9000 1.0000 -33.2865 0.2019
#PMF from MBAR in kcal/mol
0.0000 0.0000 0.0000
0.1000 1.9336 0.1201
0.2000 4.0863 0.1538
0.3000 7.1979 0.1818
0.4000 11.1158 0.2029
0.5000 15.7830 0.2250
0.6000 20.3176 0.2476
0.7000 24.6279 0.2664
0.8000 29.0713 0.2859
0.9000 32.7652 0.3281
1.0000 -0.5213 0.1770
#TI average gradients and standard deviation in kcal/mol
0.0000 17.7414 22.3077
0.1000 17.0920 20.7146
0.2000 27.0061 18.9859
0.3000 34.6193 18.5745
0.4000 43.6809 17.4292
0.5000 46.0087 20.0020
0.6000 43.4083 20.4700
0.7000 43.9037 19.2533
0.8000 44.2204 21.5250
0.9000 21.6830 27.9531
1.0000 -2889.4787 225.1910
#PMF from TI in kcal/mol
0.0000 0.0000
0.1000 1.7417
0.2000 3.9466
0.3000 7.0278
0.4000 10.9429
0.5000 15.4273
0.6000 19.8982
0.7000 24.2638
0.8000 28.6700
0.9000 31.9652
1.0000 -111.4246
#MBAR free energy difference in kcal/mol: 
-0.521346, 0.177038  #WARNING SUBSAMPLING DISABLED, CONSIDER RERUN WITH SUBSAMPLING OPTION
#TI free energy difference in kcal/mol: 
-111.424619  #WARNING SUBSAMPLING DISABLED, CONSIDER RERUN WITH SUBSAMPLING OPTION 
Starting /export/users/common/BioSimSpace/sire.app/bin/analyse_freenrg: number of threads equals 32
