# Analysing data contained in file(s) ['lambda_0.0000/simfile_snipped.dat', 'lambda_0.1000/simfile_snipped.dat', 'lambda_0.2000/simfile_snipped.dat', 'lambda_0.3000/simfile_snipped.dat', 'lambda_0.4000/simfile_snipped.dat', 'lambda_0.5000/simfile_snipped.dat', 'lambda_0.6000/simfile_snipped.dat', 'lambda_0.7000/simfile_snipped.dat', 'lambda_0.8000/simfile_snipped.dat', 'lambda_0.9000/simfile_snipped.dat', 'lambda_1.0000/simfile_snipped.dat']
#Overlap matrix
0.9298 0.0702 0.0000 0.0000 0.0000 0.0000 0.0000 0.0000 0.0000 0.0000 0.0000
0.0702 0.8689 0.0608 0.0001 0.0000 0.0000 0.0000 0.0000 0.0000 0.0000 0.0000
0.0000 0.0608 0.7945 0.1436 0.0011 0.0000 0.0000 0.0000 0.0000 0.0000 0.0000
0.0000 0.0001 0.1436 0.7316 0.1240 0.0006 0.0000 0.0000 0.0000 0.0000 0.0000
0.0000 0.0000 0.0011 0.1240 0.7693 0.1052 0.0004 0.0000 0.0000 0.0000 0.0000
0.0000 0.0000 0.0000 0.0006 0.1052 0.8527 0.0415 0.0000 0.0000 0.0000 0.0000
0.0000 0.0000 0.0000 0.0000 0.0004 0.0415 0.9581 0.0000 0.0000 0.0000 0.0000
0.0000 0.0000 0.0000 0.0000 0.0000 0.0000 0.0000 0.9982 0.0018 0.0000 0.0000
0.0000 0.0000 0.0000 0.0000 0.0000 0.0000 0.0000 0.0018 0.9958 0.0024 0.0000
0.0000 0.0000 0.0000 0.0000 0.0000 0.0000 0.0000 0.0000 0.0024 0.9940 0.0035
0.0000 0.0000 0.0000 0.0000 0.0000 0.0000 0.0000 0.0000 0.0000 0.0035 0.9965
#DG from neighbouring lambda in kcal/mol
0.0000 0.1000 6.1245 0.1008
0.1000 0.2000 1.4303 0.1094
0.2000 0.3000 -2.7206 0.0638
0.3000 0.4000 -5.7244 0.0703
0.4000 0.5000 -7.4957 0.0785
0.5000 0.6000 -0.6355 0.1348
0.6000 0.7000 20.8529 0.6204
0.7000 0.8000 7.4935 0.6832
0.8000 0.9000 7.8169 0.5817
0.9000 1.0000 8.8268 0.4834
#PMF from MBAR in kcal/mol
0.0000 0.0000 0.0000
0.1000 6.1245 0.1008
0.2000 7.5548 0.1543
0.3000 4.8342 0.1718
0.4000 -0.8901 0.1898
0.5000 -8.3859 0.2092
0.6000 -9.0213 0.2519
0.7000 11.8315 0.6177
0.8000 19.3251 0.3839
0.9000 27.1420 0.3839
1.0000 35.9688 0.5148
#TI average gradients and standard deviation in kcal/mol
0.0000 8233521.2162 166883413.9717
0.1000 41.9084 20.8678
0.2000 -10.9699 17.3704
0.3000 -42.3904 14.6014
0.4000 -72.2735 16.3655
0.5000 -66.6919 20.0191
0.6000 96.2512 33.9630
0.7000 83.1680 41.8878
0.8000 87.9304 38.6033
0.9000 77.8225 35.9650
1.0000 111.1607 34.5736
#PMF from TI in kcal/mol
0.0000 0.0000
0.1000 411678.1562
0.2000 411679.7032
0.3000 411677.0351
0.4000 411671.3019
0.5000 411664.3537
0.6000 411665.8316
0.7000 411674.8026
0.8000 411683.3575
0.9000 411691.6452
1.0000 411701.0943
#MBAR free energy difference in kcal/mol: 
35.968771, 0.514820  #WARNING SUBSAMPLING DISABLED, CONSIDER RERUN WITH SUBSAMPLING OPTION
#TI free energy difference in kcal/mol: 
411701.094329  #WARNING SUBSAMPLING DISABLED, CONSIDER RERUN WITH SUBSAMPLING OPTION 
Starting /export/users/common/BioSimSpace/sire.app/bin/analyse_freenrg: number of threads equals 32
