# Analysing data contained in file(s) ['lambda_0.0000/simfile_snipped.dat', 'lambda_0.1000/simfile_snipped.dat', 'lambda_0.2000/simfile_snipped.dat', 'lambda_0.3000/simfile_snipped.dat', 'lambda_0.4000/simfile_snipped.dat', 'lambda_0.5000/simfile_snipped.dat', 'lambda_0.6000/simfile_snipped.dat', 'lambda_0.7000/simfile_snipped.dat', 'lambda_0.8000/simfile_snipped.dat', 'lambda_0.9000/simfile_snipped.dat', 'lambda_1.0000/simfile_snipped.dat']
#Overlap matrix
0.9131 0.0866 0.0003 0.0000 0.0000 0.0000 0.0000 0.0000 0.0000 0.0000 0.0000
0.0866 0.8310 0.0821 0.0003 0.0000 0.0000 0.0000 0.0000 0.0000 0.0000 0.0000
0.0003 0.0821 0.8279 0.0894 0.0003 0.0000 0.0000 0.0000 0.0000 0.0000 0.0000
0.0000 0.0003 0.0894 0.8384 0.0716 0.0003 0.0000 0.0000 0.0000 0.0000 0.0000
0.0000 0.0000 0.0003 0.0716 0.8323 0.0957 0.0001 0.0000 0.0000 0.0000 0.0000
0.0000 0.0000 0.0000 0.0003 0.0957 0.8726 0.0301 0.0012 0.0001 0.0000 0.0000
0.0000 0.0000 0.0000 0.0000 0.0001 0.0301 0.8112 0.1546 0.0039 0.0000 0.0000
0.0000 0.0000 0.0000 0.0000 0.0000 0.0012 0.1546 0.7066 0.1364 0.0011 0.0000
0.0000 0.0000 0.0000 0.0000 0.0000 0.0001 0.0039 0.1364 0.7224 0.1354 0.0018
0.0000 0.0000 0.0000 0.0000 0.0000 0.0000 0.0000 0.0011 0.1354 0.7141 0.1493
0.0000 0.0000 0.0000 0.0000 0.0000 0.0000 0.0000 0.0000 0.0018 0.1493 0.8489
#DG from neighbouring lambda in kcal/mol
0.0000 0.1000 -2.5178 0.0889
0.1000 0.2000 0.1674 0.0915
0.2000 0.3000 0.3276 0.0870
0.3000 0.4000 0.0002 0.0992
0.4000 0.5000 -0.1348 0.0836
0.5000 0.6000 -1.2220 0.1570
0.6000 0.7000 0.7824 0.0595
0.7000 0.8000 1.7008 0.0649
0.8000 0.9000 0.3914 0.0659
0.9000 1.0000 -0.2717 0.0619
#PMF from MBAR in kcal/mol
0.0000 0.0000 0.0000
0.1000 -2.5178 0.0889
0.2000 -2.3504 0.1337
0.3000 -2.0228 0.1644
0.4000 -2.0225 0.1961
0.5000 -2.1573 0.2168
0.6000 -3.3793 0.2707
0.7000 -2.5969 0.2794
0.8000 -0.8961 0.2892
0.9000 -0.5047 0.2992
1.0000 -0.7764 0.3080
#TI average gradients and standard deviation in kcal/mol
0.0000 -67.1385 18.9259
0.1000 -3.5782 18.8705
0.2000 3.2547 19.6621
0.3000 3.1100 19.7525
0.4000 -2.5184 20.8646
0.5000 -0.8937 21.0359
0.6000 -13.8981 20.2965
0.7000 19.4510 15.3622
0.8000 9.9355 15.9881
0.9000 -1.5398 16.7433
1.0000 10.2507 16.9183
#PMF from TI in kcal/mol
0.0000 0.0000
0.1000 -3.5358
0.2000 -3.5520
0.3000 -3.2338
0.4000 -3.2042
0.5000 -3.3748
0.6000 -4.1144
0.7000 -3.8367
0.8000 -2.3674
0.9000 -1.9476
1.0000 -1.5121
#MBAR free energy difference in kcal/mol: 
-0.776380, 0.308026  #WARNING SUBSAMPLING DISABLED, CONSIDER RERUN WITH SUBSAMPLING OPTION
#TI free energy difference in kcal/mol: 
-1.512088  #WARNING SUBSAMPLING DISABLED, CONSIDER RERUN WITH SUBSAMPLING OPTION 
Starting /export/users/common/BioSimSpace/sire.app/bin/analyse_freenrg: number of threads equals 32
