# Analysing data contained in file(s) ['lambda_0.0000/simfile_snipped.dat', 'lambda_0.1000/simfile_snipped.dat', 'lambda_0.2000/simfile_snipped.dat', 'lambda_0.3000/simfile_snipped.dat', 'lambda_0.4000/simfile_snipped.dat', 'lambda_0.5000/simfile_snipped.dat', 'lambda_0.6000/simfile_snipped.dat', 'lambda_0.7000/simfile_snipped.dat', 'lambda_0.8000/simfile_snipped.dat', 'lambda_0.9000/simfile_snipped.dat', 'lambda_1.0000/simfile_snipped.dat']
#Overlap matrix
0.7346 0.2416 0.0231 0.0006 0.0000 0.0000 0.0000 0.0000 0.0000 0.0000 0.0000
0.2416 0.5007 0.2308 0.0260 0.0008 0.0000 0.0000 0.0000 0.0000 0.0000 0.0000
0.0231 0.2308 0.4804 0.2342 0.0303 0.0012 0.0000 0.0000 0.0000 0.0000 0.0000
0.0006 0.0260 0.2342 0.4693 0.2334 0.0348 0.0018 0.0000 0.0000 0.0000 0.0000
0.0000 0.0008 0.0303 0.2334 0.4478 0.2434 0.0420 0.0022 0.0000 0.0000 0.0000
0.0000 0.0000 0.0012 0.0348 0.2434 0.4383 0.2408 0.0395 0.0020 0.0000 0.0000
0.0000 0.0000 0.0000 0.0018 0.0420 0.2408 0.4379 0.2384 0.0373 0.0017 0.0000
0.0000 0.0000 0.0000 0.0000 0.0022 0.0395 0.2384 0.4534 0.2343 0.0311 0.0010
0.0000 0.0000 0.0000 0.0000 0.0000 0.0020 0.0373 0.2343 0.4800 0.2270 0.0194
0.0000 0.0000 0.0000 0.0000 0.0000 0.0000 0.0017 0.0311 0.2270 0.5404 0.1997
0.0000 0.0000 0.0000 0.0000 0.0000 0.0000 0.0000 0.0010 0.0194 0.1997 0.7798
#DG from neighbouring lambda in kcal/mol
0.0000 0.1000 6.7820 0.0386
0.1000 0.2000 6.0631 0.0366
0.2000 0.3000 5.3578 0.0351
0.3000 0.4000 4.6871 0.0341
0.4000 0.5000 4.0594 0.0313
0.5000 0.6000 3.5099 0.0311
0.6000 0.7000 2.9536 0.0319
0.7000 0.8000 2.5320 0.0335
0.8000 0.9000 2.3456 0.0369
0.9000 1.0000 2.5074 0.0462
#PMF from MBAR in kcal/mol
0.0000 0.0000 0.0000
0.1000 6.7820 0.0386
0.2000 12.8451 0.0629
0.3000 18.2029 0.0795
0.4000 22.8900 0.0925
0.5000 26.9495 0.1029
0.6000 30.4594 0.1119
0.7000 33.4130 0.1206
0.8000 35.9450 0.1291
0.9000 38.2906 0.1381
1.0000 40.7980 0.1495
#TI average gradients and standard deviation in kcal/mol
0.0000 69.1971 11.0897
0.1000 64.2592 10.6298
0.2000 56.9156 10.6499
0.3000 50.7575 9.3188
0.4000 42.8264 9.5569
0.5000 37.8828 9.6522
0.6000 32.6149 9.2814
0.7000 26.7478 9.4159
0.8000 23.2687 10.6533
0.9000 24.7765 11.7019
1.0000 26.5652 13.9273
#PMF from TI in kcal/mol
0.0000 0.0000
0.1000 6.6728
0.2000 12.7316
0.3000 18.1152
0.4000 22.7944
0.5000 26.8299
0.6000 30.3547
0.7000 33.3229
0.8000 35.8237
0.9000 38.2260
1.0000 40.7931
#MBAR free energy difference in kcal/mol: 
40.797984, 0.149503  #WARNING SUBSAMPLING DISABLED, CONSIDER RERUN WITH SUBSAMPLING OPTION
#TI free energy difference in kcal/mol: 
40.793052  #WARNING SUBSAMPLING DISABLED, CONSIDER RERUN WITH SUBSAMPLING OPTION 
Starting /export/users/common/BioSimSpace/sire.app/bin/analyse_freenrg: number of threads equals 32
