# Analysing data contained in file(s) ['lambda_0.0000/simfile_snipped.dat', 'lambda_0.1000/simfile_snipped.dat', 'lambda_0.2000/simfile_snipped.dat', 'lambda_0.3000/simfile_snipped.dat', 'lambda_0.4000/simfile_snipped.dat', 'lambda_0.5000/simfile_snipped.dat', 'lambda_0.6000/simfile_snipped.dat', 'lambda_0.7000/simfile_snipped.dat', 'lambda_0.8000/simfile_snipped.dat', 'lambda_0.9000/simfile_snipped.dat', 'lambda_1.0000/simfile_snipped.dat']
#Overlap matrix
0.8930 0.1063 0.0007 0.0000 0.0000 0.0000 0.0000 0.0000 0.0000 0.0000 0.0000
0.1063 0.7569 0.1358 0.0009 0.0000 0.0000 0.0000 0.0000 0.0000 0.0000 0.0000
0.0007 0.1358 0.7207 0.1415 0.0013 0.0000 0.0000 0.0000 0.0000 0.0000 0.0000
0.0000 0.0009 0.1415 0.7042 0.1518 0.0016 0.0000 0.0000 0.0000 0.0000 0.0000
0.0000 0.0000 0.0013 0.1518 0.7058 0.1399 0.0011 0.0000 0.0000 0.0000 0.0000
0.0000 0.0000 0.0000 0.0016 0.1399 0.7086 0.1484 0.0016 0.0000 0.0000 0.0000
0.0000 0.0000 0.0000 0.0000 0.0011 0.1484 0.6948 0.1548 0.0009 0.0000 0.0000
0.0000 0.0000 0.0000 0.0000 0.0000 0.0016 0.1548 0.7121 0.1309 0.0007 0.0000
0.0000 0.0000 0.0000 0.0000 0.0000 0.0000 0.0009 0.1309 0.7384 0.1298 0.0001
0.0000 0.0000 0.0000 0.0000 0.0000 0.0000 0.0000 0.0007 0.1298 0.7906 0.0789
0.0000 0.0000 0.0000 0.0000 0.0000 0.0000 0.0000 0.0000 0.0001 0.0789 0.9210
#DG from neighbouring lambda in kcal/mol
0.0000 0.1000 1.5402 0.0781
0.1000 0.2000 1.7418 0.0662
0.2000 0.3000 1.0031 0.0642
0.3000 0.4000 -0.1165 0.0609
0.4000 0.5000 -1.4182 0.0645
0.5000 0.6000 -2.9974 0.0619
0.6000 0.7000 -4.4515 0.0602
0.7000 0.8000 -6.3041 0.0679
0.8000 0.9000 -8.1270 0.0685
0.9000 1.0000 -10.6525 0.0941
#PMF from MBAR in kcal/mol
0.0000 0.0000 0.0000
0.1000 1.5402 0.0781
0.2000 3.2820 0.1099
0.3000 4.2851 0.1333
0.4000 4.1686 0.1518
0.5000 2.7504 0.1695
0.6000 -0.2469 0.1848
0.7000 -4.6984 0.1983
0.8000 -11.0026 0.2134
0.9000 -19.1295 0.2277
1.0000 -29.7820 0.2496
#TI average gradients and standard deviation in kcal/mol
0.0000 9.3480 20.2412
0.1000 18.6004 16.4183
0.2000 14.9913 17.3125
0.3000 4.5912 16.4401
0.4000 -6.6198 15.9807
0.5000 -21.7969 16.0063
0.6000 -37.4164 15.8056
0.7000 -52.0867 16.0381
0.8000 -72.7350 14.9287
0.9000 -91.9674 18.2967
1.0000 -119.1264 22.1365
#PMF from TI in kcal/mol
0.0000 0.0000
0.1000 1.3974
0.2000 3.0770
0.3000 4.0561
0.4000 3.9547
0.5000 2.5339
0.6000 -0.4268
0.7000 -4.9019
0.8000 -11.1430
0.9000 -19.3781
1.0000 -29.9328
#MBAR free energy difference in kcal/mol: 
-29.781977, 0.249642  #WARNING SUBSAMPLING DISABLED, CONSIDER RERUN WITH SUBSAMPLING OPTION
#TI free energy difference in kcal/mol: 
-29.932831  #WARNING SUBSAMPLING DISABLED, CONSIDER RERUN WITH SUBSAMPLING OPTION 
Starting /export/users/common/BioSimSpace/sire.app/bin/analyse_freenrg: number of threads equals 32
