# Analysing data contained in file(s) ['lambda_0.0000/simfile_snipped.dat', 'lambda_0.1000/simfile_snipped.dat', 'lambda_0.2000/simfile_snipped.dat', 'lambda_0.3000/simfile_snipped.dat', 'lambda_0.4000/simfile_snipped.dat', 'lambda_0.5000/simfile_snipped.dat', 'lambda_0.6000/simfile_snipped.dat', 'lambda_0.7000/simfile_snipped.dat', 'lambda_0.8000/simfile_snipped.dat', 'lambda_0.9000/simfile_snipped.dat', 'lambda_1.0000/simfile_snipped.dat']
#Overlap matrix
0.9938 0.0062 0.0000 0.0000 0.0000 0.0000 0.0000 0.0000 0.0000 0.0000 0.0000
0.0062 0.9898 0.0041 0.0000 0.0000 0.0000 0.0000 0.0000 0.0000 0.0000 0.0000
0.0000 0.0041 0.9925 0.0034 0.0000 0.0000 0.0000 0.0000 0.0000 0.0000 0.0000
0.0000 0.0000 0.0034 0.9884 0.0082 0.0000 0.0000 0.0000 0.0000 0.0000 0.0000
0.0000 0.0000 0.0000 0.0082 0.9867 0.0051 0.0000 0.0000 0.0000 0.0000 0.0000
0.0000 0.0000 0.0000 0.0000 0.0051 0.9947 0.0002 0.0000 0.0000 0.0000 0.0000
0.0000 0.0000 0.0000 0.0000 0.0000 0.0002 0.9111 0.0886 0.0001 0.0000 0.0000
0.0000 0.0000 0.0000 0.0000 0.0000 0.0000 0.0886 0.8503 0.0611 0.0000 0.0000
0.0000 0.0000 0.0000 0.0000 0.0000 0.0000 0.0001 0.0611 0.8429 0.0958 0.0002
0.0000 0.0000 0.0000 0.0000 0.0000 0.0000 0.0000 0.0000 0.0958 0.7795 0.1248
0.0000 0.0000 0.0000 0.0000 0.0000 0.0000 0.0000 0.0000 0.0002 0.1248 0.8751
#DG from neighbouring lambda in kcal/mol
0.0000 0.1000 -5.6093 0.3651
0.1000 0.2000 -3.0372 0.4495
0.2000 0.3000 -3.0341 0.4934
0.3000 0.4000 -1.0102 0.3155
0.4000 0.5000 1.0697 0.4008
0.5000 0.6000 -3.4400 1.9476
0.6000 0.7000 6.5392 0.0878
0.7000 0.8000 7.5334 0.1091
0.8000 0.9000 3.0003 0.0836
0.9000 1.0000 1.1352 0.0706
#PMF from MBAR in kcal/mol
0.0000 0.0000 0.0000
0.1000 -5.6093 0.3651
0.2000 -8.6465 0.5805
0.3000 -11.6806 0.7629
0.4000 -12.6908 0.8266
0.5000 -11.6211 0.9195
0.6000 -15.0610 2.1541
0.7000 -8.5218 2.1561
0.8000 -0.9885 2.1592
0.9000 2.0118 2.1612
1.0000 3.1470 2.1627
#TI average gradients and standard deviation in kcal/mol
0.0000 -83.6329 34.0615
0.1000 -30.3896 31.9495
0.2000 -25.9724 34.1197
0.3000 -16.8442 32.8448
0.4000 5.8274 29.1131
0.5000 -14.5412 41.5794
0.6000 12.4878 22.0016
0.7000 86.8186 18.4482
0.8000 47.5919 26.8279
0.9000 19.6028 18.9493
1.0000 23.7110 17.9223
#PMF from TI in kcal/mol
0.0000 0.0000
0.1000 -5.7011
0.2000 -8.5192
0.3000 -10.6601
0.4000 -11.2109
0.5000 -11.6466
0.6000 -11.7493
0.7000 -6.7839
0.8000 -0.0634
0.9000 3.2963
1.0000 5.4620
#MBAR free energy difference in kcal/mol: 
3.147021, 2.162739  #WARNING SUBSAMPLING DISABLED, CONSIDER RERUN WITH SUBSAMPLING OPTION
#TI free energy difference in kcal/mol: 
5.462018  #WARNING SUBSAMPLING DISABLED, CONSIDER RERUN WITH SUBSAMPLING OPTION 
Starting /export/users/common/BioSimSpace/sire.app/bin/analyse_freenrg: number of threads equals 32
