# Analysing data contained in file(s) ['lambda_0.0000/simfile_snipped.dat', 'lambda_0.1000/simfile_snipped.dat', 'lambda_0.2000/simfile_snipped.dat', 'lambda_0.3000/simfile_snipped.dat', 'lambda_0.4000/simfile_snipped.dat', 'lambda_0.5000/simfile_snipped.dat', 'lambda_0.6000/simfile_snipped.dat', 'lambda_0.7000/simfile_snipped.dat', 'lambda_0.8000/simfile_snipped.dat', 'lambda_0.9000/simfile_snipped.dat', 'lambda_1.0000/simfile_snipped.dat']
#Overlap matrix
0.8594 0.1384 0.0021 0.0000 0.0000 0.0000 0.0000 0.0000 0.0000 0.0000 0.0000
0.1384 0.6913 0.1661 0.0042 0.0000 0.0000 0.0000 0.0000 0.0000 0.0000 0.0000
0.0021 0.1661 0.6491 0.1778 0.0049 0.0000 0.0000 0.0000 0.0000 0.0000 0.0000
0.0000 0.0042 0.1778 0.6348 0.1778 0.0054 0.0000 0.0000 0.0000 0.0000 0.0000
0.0000 0.0000 0.0049 0.1778 0.6294 0.1842 0.0037 0.0000 0.0000 0.0000 0.0000
0.0000 0.0000 0.0000 0.0054 0.1842 0.6589 0.1487 0.0028 0.0000 0.0000 0.0000
0.0000 0.0000 0.0000 0.0000 0.0037 0.1487 0.6852 0.1601 0.0023 0.0000 0.0000
0.0000 0.0000 0.0000 0.0000 0.0000 0.0028 0.1601 0.6948 0.1416 0.0008 0.0000
0.0000 0.0000 0.0000 0.0000 0.0000 0.0000 0.0023 0.1416 0.7553 0.1006 0.0002
0.0000 0.0000 0.0000 0.0000 0.0000 0.0000 0.0000 0.0008 0.1006 0.8203 0.0783
0.0000 0.0000 0.0000 0.0000 0.0000 0.0000 0.0000 0.0000 0.0002 0.0783 0.9214
#DG from neighbouring lambda in kcal/mol
0.0000 0.1000 0.7765 0.0652
0.1000 0.2000 0.2132 0.0562
0.2000 0.3000 -0.3160 0.0528
0.3000 0.4000 -0.8975 0.0526
0.4000 0.5000 -1.4036 0.0514
0.5000 0.6000 -2.1294 0.0608
0.6000 0.7000 -2.9576 0.0580
0.7000 0.8000 -3.4814 0.0639
0.8000 0.9000 -3.9620 0.0807
0.9000 1.0000 -3.9611 0.0944
#PMF from MBAR in kcal/mol
0.0000 0.0000 0.0000
0.1000 0.7765 0.0652
0.2000 0.9897 0.0944
0.3000 0.6737 0.1147
0.4000 -0.2239 0.1317
0.5000 -1.6274 0.1463
0.6000 -3.7569 0.1630
0.7000 -6.7145 0.1772
0.8000 -10.1958 0.1923
0.9000 -14.1579 0.2123
1.0000 -18.1189 0.2358
#TI average gradients and standard deviation in kcal/mol
0.0000 2405596.7717 40738407.9260
0.1000 5.0018 16.6989
0.2000 0.3844 14.2500
0.3000 -5.4763 13.2573
0.4000 -12.2265 13.2082
0.5000 -16.8054 14.0984
0.6000 -26.8277 15.3679
0.7000 -32.3021 16.1285
0.8000 -36.7704 17.5697
0.9000 -42.5210 18.5884
1.0000 -34.7544 22.4380
#PMF from TI in kcal/mol
0.0000 0.0000
0.1000 120280.0887
0.2000 120280.3580
0.3000 120280.1034
0.4000 120279.2183
0.5000 120277.7667
0.6000 120275.5850
0.7000 120272.6285
0.8000 120269.1749
0.9000 120265.2103
1.0000 120261.3465
#MBAR free energy difference in kcal/mol: 
-18.118945, 0.235779  #WARNING SUBSAMPLING DISABLED, CONSIDER RERUN WITH SUBSAMPLING OPTION
#TI free energy difference in kcal/mol: 
120261.346548  #WARNING SUBSAMPLING DISABLED, CONSIDER RERUN WITH SUBSAMPLING OPTION 
Starting /export/users/common/BioSimSpace/sire.app/bin/analyse_freenrg: number of threads equals 32
