# Analysing data contained in file(s) ['lambda_0.0000/simfile_snipped.dat', 'lambda_0.1000/simfile_snipped.dat', 'lambda_0.2000/simfile_snipped.dat', 'lambda_0.3000/simfile_snipped.dat', 'lambda_0.4000/simfile_snipped.dat', 'lambda_0.5000/simfile_snipped.dat', 'lambda_0.6000/simfile_snipped.dat', 'lambda_0.7000/simfile_snipped.dat', 'lambda_0.8000/simfile_snipped.dat', 'lambda_0.9000/simfile_snipped.dat', 'lambda_1.0000/simfile_snipped.dat']
#Overlap matrix
0.9873 0.0127 0.0000 0.0000 0.0000 0.0000 0.0000 0.0000 0.0000 0.0000 0.0000
0.0127 0.9781 0.0092 0.0000 0.0000 0.0000 0.0000 0.0000 0.0000 0.0000 0.0000
0.0000 0.0092 0.9794 0.0115 0.0000 0.0000 0.0000 0.0000 0.0000 0.0000 0.0000
0.0000 0.0000 0.0115 0.9885 0.0000 0.0000 0.0000 0.0000 0.0000 0.0000 0.0000
0.0000 0.0000 0.0000 0.0000 0.9063 0.0931 0.0006 0.0000 0.0000 0.0000 0.0000
0.0000 0.0000 0.0000 0.0000 0.0931 0.8443 0.0620 0.0006 0.0000 0.0000 0.0000
0.0000 0.0000 0.0000 0.0000 0.0006 0.0620 0.7993 0.1375 0.0005 0.0000 0.0000
0.0000 0.0000 0.0000 0.0000 0.0000 0.0006 0.1375 0.7444 0.1160 0.0016 0.0000
0.0000 0.0000 0.0000 0.0000 0.0000 0.0000 0.0005 0.1160 0.7109 0.1701 0.0025
0.0000 0.0000 0.0000 0.0000 0.0000 0.0000 0.0000 0.0016 0.1701 0.6576 0.1707
0.0000 0.0000 0.0000 0.0000 0.0000 0.0000 0.0000 0.0000 0.0025 0.1707 0.8268
#DG from neighbouring lambda in kcal/mol
0.0000 0.1000 -1.6572 0.2522
0.1000 0.2000 1.0887 0.2981
0.2000 0.3000 3.4624 0.2660
0.3000 0.4000 1.5817 7.9099
0.4000 0.5000 10.8958 0.0849
0.5000 0.6000 13.8268 0.1071
0.6000 0.7000 13.1926 0.0658
0.7000 0.8000 11.4592 0.0733
0.8000 0.9000 10.0464 0.0557
0.9000 1.0000 9.0554 0.0560
#PMF from MBAR in kcal/mol
0.0000 0.0000 0.0000
0.1000 -1.6572 0.2522
0.2000 -0.5684 0.3926
0.3000 2.8940 0.4760
0.4000 4.4757 7.9243
0.5000 15.3715 7.9249
0.6000 29.1983 7.9257
0.7000 42.3909 7.9260
0.8000 53.8501 7.9265
0.9000 63.8965 7.9268
1.0000 72.9519 7.9271
#TI average gradients and standard deviation in kcal/mol
0.0000 -37.4188 30.1176
0.1000 4.7178 31.3837
0.2000 25.4617 30.3778
0.3000 56.2283 26.3091
0.4000 49.4302 24.2671
0.5000 142.1258 18.2117
0.6000 130.9407 19.2935
0.7000 127.3673 17.2457
0.8000 105.4719 13.1504
0.9000 95.2247 13.9758
1.0000 93.5355 15.9711
#PMF from TI in kcal/mol
0.0000 0.0000
0.1000 -1.6351
0.2000 -0.1261
0.3000 3.9584
0.4000 9.2413
0.5000 18.8191
0.6000 32.4725
0.7000 45.3879
0.8000 57.0298
0.9000 67.0647
1.0000 76.5027
#MBAR free energy difference in kcal/mol: 
72.951853, 7.927066  #WARNING SUBSAMPLING DISABLED, CONSIDER RERUN WITH SUBSAMPLING OPTION
#TI free energy difference in kcal/mol: 
76.502673  #WARNING SUBSAMPLING DISABLED, CONSIDER RERUN WITH SUBSAMPLING OPTION 
Starting /export/users/common/BioSimSpace/sire.app/bin/analyse_freenrg: number of threads equals 32
