# Analysing data contained in file(s) ['lambda_0.0000/simfile_snipped.dat', 'lambda_0.1000/simfile_snipped.dat', 'lambda_0.2000/simfile_snipped.dat', 'lambda_0.3000/simfile_snipped.dat', 'lambda_0.4000/simfile_snipped.dat', 'lambda_0.5000/simfile_snipped.dat', 'lambda_0.6000/simfile_snipped.dat', 'lambda_0.7000/simfile_snipped.dat', 'lambda_0.8000/simfile_snipped.dat', 'lambda_0.9000/simfile_snipped.dat', 'lambda_1.0000/simfile_snipped.dat']
#Overlap matrix
0.8785 0.1207 0.0008 0.0000 0.0000 0.0000 0.0000 0.0000 0.0000 0.0000 0.0000
0.1207 0.7271 0.1500 0.0022 0.0000 0.0000 0.0000 0.0000 0.0000 0.0000 0.0000
0.0008 0.1500 0.6714 0.1753 0.0025 0.0000 0.0000 0.0000 0.0000 0.0000 0.0000
0.0000 0.0022 0.1753 0.6459 0.1728 0.0038 0.0000 0.0000 0.0000 0.0000 0.0000
0.0000 0.0000 0.0025 0.1728 0.6424 0.1774 0.0048 0.0000 0.0000 0.0000 0.0000
0.0000 0.0000 0.0000 0.0038 0.1774 0.6262 0.1885 0.0041 0.0000 0.0000 0.0000
0.0000 0.0000 0.0000 0.0000 0.0048 0.1885 0.6382 0.1661 0.0024 0.0000 0.0000
0.0000 0.0000 0.0000 0.0000 0.0000 0.0041 0.1661 0.6708 0.1569 0.0021 0.0000
0.0000 0.0000 0.0000 0.0000 0.0000 0.0000 0.0024 0.1569 0.7017 0.1384 0.0005
0.0000 0.0000 0.0000 0.0000 0.0000 0.0000 0.0000 0.0021 0.1384 0.7611 0.0984
0.0000 0.0000 0.0000 0.0000 0.0000 0.0000 0.0000 0.0000 0.0005 0.0984 0.9010
#DG from neighbouring lambda in kcal/mol
0.0000 0.1000 -3.3203 0.0719
0.1000 0.2000 -3.9718 0.0614
0.2000 0.3000 -4.0066 0.0544
0.3000 0.4000 -3.9207 0.0546
0.4000 0.5000 -3.5299 0.0530
0.5000 0.6000 -2.8302 0.0505
0.6000 0.7000 -2.0441 0.0562
0.7000 0.8000 -1.2094 0.0591
0.8000 0.9000 0.1247 0.0650
0.9000 1.0000 1.4541 0.0820
#PMF from MBAR in kcal/mol
0.0000 0.0000 0.0000
0.1000 -3.3203 0.0719
0.2000 -7.2921 0.1026
0.3000 -11.2987 0.1225
0.4000 -15.2194 0.1397
0.5000 -18.7494 0.1543
0.6000 -21.5796 0.1667
0.7000 -23.6237 0.1800
0.8000 -24.8331 0.1934
0.9000 -24.7084 0.2077
1.0000 -23.2543 0.2269
#TI average gradients and standard deviation in kcal/mol
0.0000 -27.8810 19.3268
0.1000 -37.8644 15.2308
0.2000 -40.8512 15.2917
0.3000 -39.0457 15.0057
0.4000 -37.9250 13.8081
0.5000 -32.5640 14.2392
0.6000 -23.7603 14.3525
0.7000 -17.4590 15.9867
0.8000 -5.0417 17.2149
0.9000 7.6401 16.9837
1.0000 22.5352 17.3067
#PMF from TI in kcal/mol
0.0000 0.0000
0.1000 -3.2873
0.2000 -7.2230
0.3000 -11.2179
0.4000 -15.0664
0.5000 -18.5909
0.6000 -21.4071
0.7000 -23.4681
0.8000 -24.5931
0.9000 -24.4632
1.0000 -22.9544
#MBAR free energy difference in kcal/mol: 
-23.254290, 0.226911  #WARNING SUBSAMPLING DISABLED, CONSIDER RERUN WITH SUBSAMPLING OPTION
#TI free energy difference in kcal/mol: 
-22.954409  #WARNING SUBSAMPLING DISABLED, CONSIDER RERUN WITH SUBSAMPLING OPTION 
Starting /export/users/common/BioSimSpace/sire.app/bin/analyse_freenrg: number of threads equals 32
