# Analysing data contained in file(s) ['lambda_0.0000/simfile_snipped.dat', 'lambda_0.1000/simfile_snipped.dat', 'lambda_0.2000/simfile_snipped.dat', 'lambda_0.3000/simfile_snipped.dat', 'lambda_0.4000/simfile_snipped.dat', 'lambda_0.5000/simfile_snipped.dat', 'lambda_0.6000/simfile_snipped.dat', 'lambda_0.7000/simfile_snipped.dat', 'lambda_0.8000/simfile_snipped.dat', 'lambda_0.9000/simfile_snipped.dat', 'lambda_1.0000/simfile_snipped.dat']
#Overlap matrix
0.9829 0.0171 0.0000 0.0000 0.0000 0.0000 0.0000 0.0000 0.0000 0.0000 0.0000
0.0171 0.9725 0.0104 0.0000 0.0000 0.0000 0.0000 0.0000 0.0000 0.0000 0.0000
0.0000 0.0104 0.9839 0.0057 0.0000 0.0000 0.0000 0.0000 0.0000 0.0000 0.0000
0.0000 0.0000 0.0057 0.9943 0.0000 0.0000 0.0000 0.0000 0.0000 0.0000 0.0000
0.0000 0.0000 0.0000 0.0000 0.8939 0.1054 0.0007 0.0000 0.0000 0.0000 0.0000
0.0000 0.0000 0.0000 0.0000 0.1054 0.7773 0.1169 0.0004 0.0000 0.0000 0.0000
0.0000 0.0000 0.0000 0.0000 0.0007 0.1169 0.7739 0.1085 0.0001 0.0000 0.0000
0.0000 0.0000 0.0000 0.0000 0.0000 0.0004 0.1085 0.8298 0.0613 0.0000 0.0000
0.0000 0.0000 0.0000 0.0000 0.0000 0.0000 0.0001 0.0613 0.8641 0.0745 0.0001
0.0000 0.0000 0.0000 0.0000 0.0000 0.0000 0.0000 0.0000 0.0745 0.8464 0.0792
0.0000 0.0000 0.0000 0.0000 0.0000 0.0000 0.0000 0.0000 0.0001 0.0792 0.9208
#DG from neighbouring lambda in kcal/mol
0.0000 0.1000 -3.5253 0.2166
0.1000 0.2000 -4.1269 0.2798
0.2000 0.3000 -3.8291 0.3794
0.3000 0.4000 -7.5986 25.5547
0.4000 0.5000 4.1258 0.0785
0.5000 0.6000 7.9498 0.0733
0.6000 0.7000 6.3500 0.0772
0.7000 0.8000 3.9026 0.1089
0.8000 0.9000 1.6973 0.0974
0.9000 1.0000 2.1588 0.0939
#PMF from MBAR in kcal/mol
0.0000 0.0000 0.0000
0.1000 -3.5253 0.2166
0.2000 -7.6522 0.3561
0.3000 -11.4813 0.5220
0.4000 -19.0799 25.5601
0.5000 -14.9541 25.5602
0.6000 -7.0043 25.5603
0.7000 -0.6543 25.5605
0.8000 3.2484 25.5607
0.9000 4.9457 25.5610
1.0000 7.1045 25.5612
#TI average gradients and standard deviation in kcal/mol
0.0000 -40.6362 25.3009
0.1000 -36.2909 29.2934
0.2000 -39.1948 33.9167
0.3000 -25.4507 28.7147
0.4000 -28.2090 25.7701
0.5000 79.4712 17.3242
0.6000 73.8796 16.5065
0.7000 52.5466 17.0797
0.8000 22.0073 20.8658
0.9000 15.6501 19.4280
1.0000 -940.0478 19640.4870
#PMF from TI in kcal/mol
0.0000 0.0000
0.1000 -3.8464
0.2000 -7.6206
0.3000 -10.8529
0.4000 -13.5359
0.5000 -10.9728
0.6000 -3.3053
0.7000 3.0161
0.8000 6.7437
0.9000 8.6266
1.0000 -37.5933
#MBAR free energy difference in kcal/mol: 
7.104508, 25.561168  #WARNING SUBSAMPLING DISABLED, CONSIDER RERUN WITH SUBSAMPLING OPTION
#TI free energy difference in kcal/mol: 
-37.593274  #WARNING SUBSAMPLING DISABLED, CONSIDER RERUN WITH SUBSAMPLING OPTION 
Starting /export/users/common/BioSimSpace/sire.app/bin/analyse_freenrg: number of threads equals 32
