# Analysing data contained in file(s) ['lambda_0.0000/simfile_snipped.dat', 'lambda_0.1000/simfile_snipped.dat', 'lambda_0.2000/simfile_snipped.dat', 'lambda_0.3000/simfile_snipped.dat', 'lambda_0.4000/simfile_snipped.dat', 'lambda_0.5000/simfile_snipped.dat', 'lambda_0.6000/simfile_snipped.dat', 'lambda_0.7000/simfile_snipped.dat', 'lambda_0.8000/simfile_snipped.dat', 'lambda_0.9000/simfile_snipped.dat', 'lambda_1.0000/simfile_snipped.dat']
#Overlap matrix
0.9939 0.0061 0.0000 0.0000 0.0000 0.0000 0.0000 0.0000 0.0000 0.0000 0.0000
0.0061 0.9836 0.0103 0.0000 0.0000 0.0000 0.0000 0.0000 0.0000 0.0000 0.0000
0.0000 0.0103 0.9790 0.0107 0.0000 0.0000 0.0000 0.0000 0.0000 0.0000 0.0000
0.0000 0.0000 0.0107 0.9660 0.0233 0.0000 0.0000 0.0000 0.0000 0.0000 0.0000
0.0000 0.0000 0.0000 0.0233 0.9392 0.0375 0.0000 0.0000 0.0000 0.0000 0.0000
0.0000 0.0000 0.0000 0.0000 0.0375 0.9313 0.0312 0.0000 0.0000 0.0000 0.0000
0.0000 0.0000 0.0000 0.0000 0.0000 0.0312 0.8985 0.0702 0.0001 0.0000 0.0000
0.0000 0.0000 0.0000 0.0000 0.0000 0.0000 0.0702 0.8140 0.1155 0.0003 0.0000
0.0000 0.0000 0.0000 0.0000 0.0000 0.0000 0.0001 0.1155 0.7647 0.1191 0.0006
0.0000 0.0000 0.0000 0.0000 0.0000 0.0000 0.0000 0.0003 0.1191 0.7281 0.1524
0.0000 0.0000 0.0000 0.0000 0.0000 0.0000 0.0000 0.0000 0.0006 0.1524 0.8469
#DG from neighbouring lambda in kcal/mol
0.0000 0.1000 -6.1137 0.3674
0.1000 0.2000 0.0225 0.2810
0.2000 0.3000 0.4461 0.2755
0.3000 0.4000 1.5112 0.1845
0.4000 0.5000 2.1481 0.1430
0.5000 0.6000 0.5743 0.1580
0.6000 0.7000 0.2591 0.1007
0.7000 0.8000 0.4450 0.0742
0.8000 0.9000 -0.1922 0.0725
0.9000 1.0000 -0.8953 0.0614
#PMF from MBAR in kcal/mol
0.0000 0.0000 0.0000
0.1000 -6.1137 0.3674
0.2000 -6.0912 0.4644
0.3000 -5.6451 0.5415
0.4000 -4.1339 0.5735
0.5000 -1.9858 0.5925
0.6000 -1.4115 0.6145
0.7000 -1.1524 0.6241
0.8000 -0.7073 0.6297
0.9000 -0.8995 0.6352
1.0000 -1.7949 0.6394
#TI average gradients and standard deviation in kcal/mol
0.0000 -132.6252 37.5975
0.1000 -12.7459 30.7153
0.2000 2.6212 32.8853
0.3000 8.4991 28.3822
0.4000 20.9738 25.3079
0.5000 17.5949 26.3092
0.6000 2.7714 21.3563
0.7000 3.4631 16.9519
0.8000 3.3354 16.3617
0.9000 -7.0024 15.4406
1.0000 16.4009 15.2057
#PMF from TI in kcal/mol
0.0000 0.0000
0.1000 -7.2686
0.2000 -7.7748
0.3000 -7.2188
0.4000 -5.7451
0.5000 -3.8167
0.6000 -2.7984
0.7000 -2.4867
0.8000 -2.1467
0.9000 -2.3301
1.0000 -1.8602
#MBAR free energy difference in kcal/mol: 
-1.794878, 0.639398  #WARNING SUBSAMPLING DISABLED, CONSIDER RERUN WITH SUBSAMPLING OPTION
#TI free energy difference in kcal/mol: 
-1.860167  #WARNING SUBSAMPLING DISABLED, CONSIDER RERUN WITH SUBSAMPLING OPTION 
Starting /export/users/common/BioSimSpace/sire.app/bin/analyse_freenrg: number of threads equals 32
