# Analysing data contained in file(s) ['lambda_0.0000/simfile_snipped.dat', 'lambda_0.1000/simfile_snipped.dat', 'lambda_0.2000/simfile_snipped.dat', 'lambda_0.3000/simfile_snipped.dat', 'lambda_0.4000/simfile_snipped.dat', 'lambda_0.5000/simfile_snipped.dat', 'lambda_0.6000/simfile_snipped.dat', 'lambda_0.7000/simfile_snipped.dat', 'lambda_0.8000/simfile_snipped.dat', 'lambda_0.9000/simfile_snipped.dat', 'lambda_1.0000/simfile_snipped.dat']
#Overlap matrix
0.9087 0.0912 0.0002 0.0000 0.0000 0.0000 0.0000 0.0000 0.0000 0.0000 0.0000
0.0912 0.7844 0.1240 0.0004 0.0000 0.0000 0.0000 0.0000 0.0000 0.0000 0.0000
0.0002 0.1240 0.7477 0.1273 0.0009 0.0000 0.0000 0.0000 0.0000 0.0000 0.0000
0.0000 0.0004 0.1273 0.7324 0.1387 0.0013 0.0000 0.0000 0.0000 0.0000 0.0000
0.0000 0.0000 0.0009 0.1387 0.7561 0.1039 0.0004 0.0000 0.0000 0.0000 0.0000
0.0000 0.0000 0.0000 0.0013 0.1039 0.7796 0.1147 0.0006 0.0000 0.0000 0.0000
0.0000 0.0000 0.0000 0.0000 0.0004 0.1147 0.7789 0.1054 0.0005 0.0000 0.0000
0.0000 0.0000 0.0000 0.0000 0.0000 0.0006 0.1054 0.7787 0.1147 0.0007 0.0000
0.0000 0.0000 0.0000 0.0000 0.0000 0.0000 0.0005 0.1147 0.7731 0.1114 0.0003
0.0000 0.0000 0.0000 0.0000 0.0000 0.0000 0.0000 0.0007 0.1114 0.7960 0.0919
0.0000 0.0000 0.0000 0.0000 0.0000 0.0000 0.0000 0.0000 0.0003 0.0919 0.9078
#DG from neighbouring lambda in kcal/mol
0.0000 0.1000 33.4422 0.0862
0.1000 0.2000 28.3188 0.0707
0.2000 0.3000 23.7156 0.0693
0.3000 0.4000 19.9999 0.0651
0.4000 0.5000 17.0525 0.0788
0.5000 0.6000 13.3952 0.0743
0.6000 0.7000 9.8090 0.0783
0.7000 0.8000 6.3480 0.0742
0.8000 0.9000 3.7927 0.0757
0.9000 1.0000 2.3528 0.0857
#PMF from MBAR in kcal/mol
0.0000 0.0000 0.0000
0.1000 33.4422 0.0862
0.2000 61.7610 0.1186
0.3000 85.4766 0.1431
0.4000 105.4766 0.1622
0.5000 122.5291 0.1845
0.6000 135.9243 0.2028
0.7000 145.7333 0.2210
0.8000 152.0813 0.2366
0.9000 155.8740 0.2515
1.0000 158.2269 0.2687
#TI average gradients and standard deviation in kcal/mol
0.0000 360.7373 24.1353
0.1000 307.1877 17.0233
0.2000 259.4375 17.3313
0.3000 216.6012 16.1772
0.4000 186.3546 16.5450
0.5000 151.9546 19.6909
0.6000 116.9365 18.5323
0.7000 79.2648 17.7213
0.8000 48.5803 16.8249
0.9000 26.3720 17.8281
1.0000 23.5812 21.1404
#PMF from TI in kcal/mol
0.0000 0.0000
0.1000 33.3963
0.2000 61.7275
0.3000 85.5294
0.4000 105.6772
0.5000 122.5927
0.6000 136.0373
0.7000 145.8473
0.8000 152.2396
0.9000 155.9872
1.0000 158.4849
#MBAR free energy difference in kcal/mol: 
158.226855, 0.268722  #WARNING SUBSAMPLING DISABLED, CONSIDER RERUN WITH SUBSAMPLING OPTION
#TI free energy difference in kcal/mol: 
158.484857  #WARNING SUBSAMPLING DISABLED, CONSIDER RERUN WITH SUBSAMPLING OPTION 
Starting /export/users/common/BioSimSpace/sire.app/bin/analyse_freenrg: number of threads equals 32
