# Analysing data contained in file(s) ['lambda_0.0000/simfile_snipped.dat', 'lambda_0.1000/simfile_snipped.dat', 'lambda_0.2000/simfile_snipped.dat', 'lambda_0.3000/simfile_snipped.dat', 'lambda_0.4000/simfile_snipped.dat', 'lambda_0.5000/simfile_snipped.dat', 'lambda_0.6000/simfile_snipped.dat', 'lambda_0.7000/simfile_snipped.dat', 'lambda_0.8000/simfile_snipped.dat', 'lambda_0.9000/simfile_snipped.dat', 'lambda_1.0000/simfile_snipped.dat']
#Overlap matrix
0.9990 0.0010 0.0000 0.0000 0.0000 0.0000 0.0000 0.0000 0.0000 0.0000 0.0000
0.0010 0.9926 0.0064 0.0000 0.0000 0.0000 0.0000 0.0000 0.0000 0.0000 0.0000
0.0000 0.0064 0.9684 0.0253 0.0000 0.0000 0.0000 0.0000 0.0000 0.0000 0.0000
0.0000 0.0000 0.0253 0.9243 0.0505 0.0000 0.0000 0.0000 0.0000 0.0000 0.0000
0.0000 0.0000 0.0000 0.0505 0.8857 0.0638 0.0000 0.0000 0.0000 0.0000 0.0000
0.0000 0.0000 0.0000 0.0000 0.0638 0.8618 0.0744 0.0000 0.0000 0.0000 0.0000
0.0000 0.0000 0.0000 0.0000 0.0000 0.0744 0.8649 0.0606 0.0000 0.0000 0.0000
0.0000 0.0000 0.0000 0.0000 0.0000 0.0000 0.0606 0.9376 0.0017 0.0000 0.0000
0.0000 0.0000 0.0000 0.0000 0.0000 0.0000 0.0000 0.0017 0.9241 0.0741 0.0000
0.0000 0.0000 0.0000 0.0000 0.0000 0.0000 0.0000 0.0000 0.0741 0.8352 0.0907
0.0000 0.0000 0.0000 0.0000 0.0000 0.0000 0.0000 0.0000 0.0000 0.0907 0.9093
#DG from neighbouring lambda in kcal/mol
0.0000 0.1000 47.9853 0.9094
0.1000 0.2000 30.6265 0.3591
0.2000 0.3000 19.6659 0.1766
0.3000 0.4000 11.7951 0.1216
0.4000 0.5000 6.2052 0.1066
0.5000 0.6000 1.2187 0.0974
0.6000 0.7000 -4.4052 0.1097
0.7000 0.8000 -14.9262 0.6928
0.8000 0.9000 -26.2146 0.0977
0.9000 1.0000 -30.3212 0.0866
#PMF from MBAR in kcal/mol
0.0000 0.0000 0.0000
0.1000 47.9853 0.9094
0.2000 78.6118 0.9786
0.3000 98.2777 0.9952
0.4000 110.0728 1.0035
0.5000 116.2780 1.0099
0.6000 117.4967 1.0154
0.7000 113.0915 1.0222
0.8000 98.1653 1.2355
0.9000 71.9507 1.2400
1.0000 41.6295 1.2437
#TI average gradients and standard deviation in kcal/mol
0.0000 611.9036 45.3442
0.1000 382.0088 34.3734
0.2000 240.5141 25.9504
0.3000 152.3896 24.6457
0.4000 87.9421 20.7121
0.5000 35.4271 19.6779
0.6000 -14.5461 22.7521
0.7000 -75.6433 25.6638
0.8000 -232.5333 26.7743
0.9000 -283.5994 18.6329
1.0000 -322.4752 19.2035
#PMF from TI in kcal/mol
0.0000 0.0000
0.1000 49.6956
0.2000 80.8218
0.3000 100.4670
0.4000 112.4835
0.5000 118.6520
0.6000 119.6960
0.7000 115.1866
0.8000 99.7777
0.9000 73.9711
1.0000 43.6674
#MBAR free energy difference in kcal/mol: 
41.629518, 1.243687  #WARNING SUBSAMPLING DISABLED, CONSIDER RERUN WITH SUBSAMPLING OPTION
#TI free energy difference in kcal/mol: 
43.667385  #WARNING SUBSAMPLING DISABLED, CONSIDER RERUN WITH SUBSAMPLING OPTION 
Starting /export/users/common/BioSimSpace/sire.app/bin/analyse_freenrg: number of threads equals 32
