# Analysing data contained in file(s) ['lambda_0.0000/simfile_snipped.dat', 'lambda_0.1000/simfile_snipped.dat', 'lambda_0.2000/simfile_snipped.dat', 'lambda_0.3000/simfile_snipped.dat', 'lambda_0.4000/simfile_snipped.dat', 'lambda_0.5000/simfile_snipped.dat', 'lambda_0.6000/simfile_snipped.dat', 'lambda_0.7000/simfile_snipped.dat', 'lambda_0.8000/simfile_snipped.dat', 'lambda_0.9000/simfile_snipped.dat', 'lambda_1.0000/simfile_snipped.dat']
#Overlap matrix
0.9734 0.0266 0.0000 0.0000 0.0000 0.0000 0.0000 0.0000 0.0000 0.0000 0.0000
0.0266 0.9638 0.0096 0.0000 0.0000 0.0000 0.0000 0.0000 0.0000 0.0000 0.0000
0.0000 0.0096 0.9856 0.0048 0.0000 0.0000 0.0000 0.0000 0.0000 0.0000 0.0000
0.0000 0.0000 0.0048 0.9952 0.0000 0.0000 0.0000 0.0000 0.0000 0.0000 0.0000
0.0000 0.0000 0.0000 0.0000 0.8721 0.0991 0.0219 0.0062 0.0007 0.0000 0.0000
0.0000 0.0000 0.0000 0.0000 0.0991 0.5917 0.2487 0.0553 0.0052 0.0000 0.0000
0.0000 0.0000 0.0000 0.0000 0.0219 0.2487 0.4299 0.2470 0.0517 0.0009 0.0000
0.0000 0.0000 0.0000 0.0000 0.0062 0.0553 0.2470 0.4216 0.2577 0.0122 0.0000
0.0000 0.0000 0.0000 0.0000 0.0007 0.0052 0.0517 0.2577 0.5534 0.1290 0.0024
0.0000 0.0000 0.0000 0.0000 0.0000 0.0000 0.0009 0.0122 0.1290 0.5839 0.2740
0.0000 0.0000 0.0000 0.0000 0.0000 0.0000 0.0000 0.0000 0.0024 0.2740 0.7236
#DG from neighbouring lambda in kcal/mol
0.0000 0.1000 -2.0589 0.1720
0.1000 0.2000 -2.2504 0.2916
0.2000 0.3000 -2.7461 0.4141
0.3000 0.4000 -16.2402 37.0407
0.4000 0.5000 5.4757 0.0704
0.5000 0.6000 12.6288 0.0306
0.6000 0.7000 11.4125 0.0275
0.7000 0.8000 8.8549 0.0309
0.8000 0.9000 5.7045 0.0641
0.9000 1.0000 2.6403 0.0367
#PMF from MBAR in kcal/mol
0.0000 0.0000 0.0000
0.1000 -2.0589 0.1720
0.2000 -4.3093 0.3410
0.3000 -7.0554 0.5380
0.4000 -23.2957 37.0446
0.5000 -17.8200 37.0446
0.6000 -5.1912 37.0445
0.7000 6.2213 37.0445
0.8000 15.0762 37.0445
0.9000 20.7807 37.0445
1.0000 23.4210 37.0446
#TI average gradients and standard deviation in kcal/mol
0.0000 -25.1473 25.9852
0.1000 -17.1748 29.2559
0.2000 -30.2240 33.3067
0.3000 -37.2128 37.1427
0.4000 -45.6394 29.8656
0.5000 115.2812 11.4290
0.6000 125.5690 8.3272
0.7000 101.2882 9.0811
0.8000 75.6924 11.0209
0.9000 35.0090 15.7015
1.0000 27.8106 8.3412
#PMF from TI in kcal/mol
0.0000 0.0000
0.1000 -2.1161
0.2000 -4.4860
0.3000 -7.8579
0.4000 -12.0005
0.5000 -8.5184
0.6000 3.5241
0.7000 14.8670
0.8000 23.7160
0.9000 29.2511
1.0000 32.3920
#MBAR free energy difference in kcal/mol: 
23.420951, 37.044576  #WARNING SUBSAMPLING DISABLED, CONSIDER RERUN WITH SUBSAMPLING OPTION
#TI free energy difference in kcal/mol: 
32.392042  #WARNING SUBSAMPLING DISABLED, CONSIDER RERUN WITH SUBSAMPLING OPTION 
Starting /export/users/common/BioSimSpace/sire.app/bin/analyse_freenrg: number of threads equals 32
