# Analysing data contained in file(s) ['lambda_0.0000/simfile_snipped.dat', 'lambda_0.1000/simfile_snipped.dat', 'lambda_0.2000/simfile_snipped.dat', 'lambda_0.3000/simfile_snipped.dat', 'lambda_0.4000/simfile_snipped.dat', 'lambda_0.5000/simfile_snipped.dat', 'lambda_0.6000/simfile_snipped.dat', 'lambda_0.7000/simfile_snipped.dat', 'lambda_0.8000/simfile_snipped.dat', 'lambda_0.9000/simfile_snipped.dat', 'lambda_1.0000/simfile_snipped.dat']
#Overlap matrix
0.8790 0.1183 0.0027 0.0000 0.0000 0.0000 0.0000 0.0000 0.0000 0.0000 0.0000
0.1183 0.7163 0.1617 0.0037 0.0000 0.0000 0.0000 0.0000 0.0000 0.0000 0.0000
0.0027 0.1617 0.6744 0.1570 0.0042 0.0000 0.0000 0.0000 0.0000 0.0000 0.0000
0.0000 0.0037 0.1570 0.6549 0.1798 0.0046 0.0000 0.0000 0.0000 0.0000 0.0000
0.0000 0.0000 0.0042 0.1798 0.6416 0.1712 0.0031 0.0000 0.0000 0.0000 0.0000
0.0000 0.0000 0.0000 0.0046 0.1712 0.6475 0.1722 0.0045 0.0000 0.0000 0.0000
0.0000 0.0000 0.0000 0.0000 0.0031 0.1722 0.6518 0.1702 0.0027 0.0000 0.0000
0.0000 0.0000 0.0000 0.0000 0.0000 0.0045 0.1702 0.6492 0.1724 0.0037 0.0000
0.0000 0.0000 0.0000 0.0000 0.0000 0.0000 0.0027 0.1724 0.6374 0.1840 0.0034
0.0000 0.0000 0.0000 0.0000 0.0000 0.0000 0.0000 0.0037 0.1840 0.6344 0.1778
0.0000 0.0000 0.0000 0.0000 0.0000 0.0000 0.0000 0.0000 0.0034 0.1778 0.8187
#DG from neighbouring lambda in kcal/mol
0.0000 0.1000 -3.2055 0.0721
0.1000 0.2000 -1.6346 0.0573
0.2000 0.3000 -0.8366 0.0581
0.3000 0.4000 -0.3308 0.0524
0.4000 0.5000 -0.0351 0.0546
0.5000 0.6000 0.0051 0.0544
0.6000 0.7000 0.2346 0.0550
0.7000 0.8000 0.1707 0.0546
0.8000 0.9000 0.3922 0.0518
0.9000 1.0000 0.7324 0.0541
#PMF from MBAR in kcal/mol
0.0000 0.0000 0.0000
0.1000 -3.2055 0.0721
0.2000 -4.8402 0.0996
0.3000 -5.6767 0.1214
0.4000 -6.0075 0.1376
0.5000 -6.0426 0.1528
0.6000 -6.0375 0.1668
0.7000 -5.8029 0.1796
0.8000 -5.6322 0.1918
0.9000 -5.2400 0.2023
1.0000 -4.5076 0.2130
#TI average gradients and standard deviation in kcal/mol
0.0000 -41.5759 17.7796
0.1000 -23.7397 16.1100
0.2000 -10.0979 14.6253
0.3000 -5.8832 13.8309
0.4000 -1.3787 13.1731
0.5000 -0.1914 15.1465
0.6000 1.6503 12.9427
0.7000 1.6130 14.5827
0.8000 2.2978 13.8872
0.9000 5.6389 14.3583
1.0000 15.4455 13.1102
#PMF from TI in kcal/mol
0.0000 0.0000
0.1000 -3.2658
0.2000 -4.9577
0.3000 -5.7567
0.4000 -6.1198
0.5000 -6.1983
0.6000 -6.1254
0.7000 -5.9622
0.8000 -5.7667
0.9000 -5.3698
1.0000 -4.3156
#MBAR free energy difference in kcal/mol: 
-4.507600, 0.212971  #WARNING SUBSAMPLING DISABLED, CONSIDER RERUN WITH SUBSAMPLING OPTION
#TI free energy difference in kcal/mol: 
-4.315599  #WARNING SUBSAMPLING DISABLED, CONSIDER RERUN WITH SUBSAMPLING OPTION 
Starting /export/users/common/BioSimSpace/sire.app/bin/analyse_freenrg: number of threads equals 32
