# Analysing data contained in file(s) ['lambda_0.0000/simfile_snipped.dat', 'lambda_0.1000/simfile_snipped.dat', 'lambda_0.2000/simfile_snipped.dat', 'lambda_0.3000/simfile_snipped.dat', 'lambda_0.4000/simfile_snipped.dat', 'lambda_0.5000/simfile_snipped.dat', 'lambda_0.6000/simfile_snipped.dat', 'lambda_0.7000/simfile_snipped.dat', 'lambda_0.8000/simfile_snipped.dat', 'lambda_0.9000/simfile_snipped.dat', 'lambda_1.0000/simfile_snipped.dat']
#Overlap matrix
0.9921 0.0079 0.0000 0.0000 0.0000 0.0000 0.0000 0.0000 0.0000 0.0000 0.0000
0.0079 0.9860 0.0061 0.0000 0.0000 0.0000 0.0000 0.0000 0.0000 0.0000 0.0000
0.0000 0.0061 0.9827 0.0113 0.0000 0.0000 0.0000 0.0000 0.0000 0.0000 0.0000
0.0000 0.0000 0.0113 0.9779 0.0109 0.0000 0.0000 0.0000 0.0000 0.0000 0.0000
0.0000 0.0000 0.0000 0.0109 0.9752 0.0140 0.0000 0.0000 0.0000 0.0000 0.0000
0.0000 0.0000 0.0000 0.0000 0.0140 0.9695 0.0165 0.0000 0.0000 0.0000 0.0000
0.0000 0.0000 0.0000 0.0000 0.0000 0.0165 0.9525 0.0310 0.0000 0.0000 0.0000
0.0000 0.0000 0.0000 0.0000 0.0000 0.0000 0.0310 0.9468 0.0222 0.0000 0.0000
0.0000 0.0000 0.0000 0.0000 0.0000 0.0000 0.0000 0.0222 0.9482 0.0296 0.0000
0.0000 0.0000 0.0000 0.0000 0.0000 0.0000 0.0000 0.0000 0.0296 0.9451 0.0252
0.0000 0.0000 0.0000 0.0000 0.0000 0.0000 0.0000 0.0000 0.0000 0.0252 0.9748
#DG from neighbouring lambda in kcal/mol
0.0000 0.1000 -15.4321 0.3212
0.1000 0.2000 -15.3505 0.3677
0.2000 0.3000 -19.7505 0.2685
0.3000 0.4000 -23.9196 0.2735
0.4000 0.5000 -28.2980 0.2405
0.5000 0.6000 -32.5718 0.2203
0.6000 0.7000 -35.0274 0.1586
0.7000 0.8000 -38.2673 0.1890
0.8000 0.9000 -42.5645 0.1624
0.9000 1.0000 -46.2391 0.1767
#PMF from MBAR in kcal/mol
0.0000 0.0000 0.0000
0.1000 -15.4321 0.3212
0.2000 -30.7827 0.4900
0.3000 -50.5332 0.5602
0.4000 -74.4528 0.6247
0.5000 -102.7508 0.6706
0.6000 -135.3226 0.7071
0.7000 -170.3501 0.7258
0.8000 -208.6173 0.7511
0.9000 -251.1818 0.7695
1.0000 -297.4209 0.7906
#TI average gradients and standard deviation in kcal/mol
0.0000 -170.9013 32.1273
0.1000 -145.8908 28.2098
0.2000 -174.0445 32.4953
0.3000 -216.4608 31.5449
0.4000 -260.0036 29.2660
0.5000 -304.3499 28.8289
0.6000 -340.7929 27.6275
0.7000 -362.0318 24.7659
0.8000 -403.5930 24.5806
0.9000 -442.2356 23.7937
1.0000 -472.2593 28.0257
#PMF from TI in kcal/mol
0.0000 0.0000
0.1000 -15.8396
0.2000 -31.8364
0.3000 -51.3616
0.4000 -75.1849
0.5000 -103.4025
0.6000 -135.6597
0.7000 -170.8009
0.8000 -209.0821
0.9000 -251.3736
1.0000 -297.0983
#MBAR free energy difference in kcal/mol: 
-297.420900, 0.790602  #WARNING SUBSAMPLING DISABLED, CONSIDER RERUN WITH SUBSAMPLING OPTION
#TI free energy difference in kcal/mol: 
-297.098322  #WARNING SUBSAMPLING DISABLED, CONSIDER RERUN WITH SUBSAMPLING OPTION 
Starting /export/users/common/BioSimSpace/sire.app/bin/analyse_freenrg: number of threads equals 32
