# Analysing data contained in file(s) ['lambda_0.0000/simfile_snipped.dat', 'lambda_0.1000/simfile_snipped.dat', 'lambda_0.2000/simfile_snipped.dat', 'lambda_0.3000/simfile_snipped.dat', 'lambda_0.4000/simfile_snipped.dat', 'lambda_0.5000/simfile_snipped.dat', 'lambda_0.6000/simfile_snipped.dat', 'lambda_0.7000/simfile_snipped.dat', 'lambda_0.8000/simfile_snipped.dat', 'lambda_0.9000/simfile_snipped.dat', 'lambda_1.0000/simfile_snipped.dat']
#Overlap matrix
0.9874 0.0126 0.0000 0.0000 0.0000 0.0000 0.0000 0.0000 0.0000 0.0000 0.0000
0.0126 0.9817 0.0057 0.0000 0.0000 0.0000 0.0000 0.0000 0.0000 0.0000 0.0000
0.0000 0.0057 0.9914 0.0029 0.0000 0.0000 0.0000 0.0000 0.0000 0.0000 0.0000
0.0000 0.0000 0.0029 0.9971 0.0000 0.0000 0.0000 0.0000 0.0000 0.0000 0.0000
0.0000 0.0000 0.0000 0.0000 0.9434 0.0551 0.0015 0.0000 0.0000 0.0000 0.0000
0.0000 0.0000 0.0000 0.0000 0.0551 0.7849 0.1577 0.0023 0.0000 0.0000 0.0000
0.0000 0.0000 0.0000 0.0000 0.0015 0.1577 0.6923 0.1473 0.0012 0.0000 0.0000
0.0000 0.0000 0.0000 0.0000 0.0000 0.0023 0.1473 0.7087 0.1414 0.0003 0.0000
0.0000 0.0000 0.0000 0.0000 0.0000 0.0000 0.0012 0.1414 0.7619 0.0955 0.0000
0.0000 0.0000 0.0000 0.0000 0.0000 0.0000 0.0000 0.0003 0.0955 0.8348 0.0695
0.0000 0.0000 0.0000 0.0000 0.0000 0.0000 0.0000 0.0000 0.0000 0.0695 0.9305
#DG from neighbouring lambda in kcal/mol
0.0000 0.1000 -6.5187 0.2534
0.1000 0.2000 -5.3601 0.3806
0.2000 0.3000 -5.4769 0.5329
0.3000 0.4000 -16.2669 0.4659
0.4000 0.5000 3.2076 0.1141
0.5000 0.6000 11.0664 0.0590
0.6000 0.7000 10.5579 0.0620
0.7000 0.8000 8.5388 0.0644
0.8000 0.9000 6.2837 0.0837
0.9000 1.0000 4.1097 0.1014
#PMF from MBAR in kcal/mol
0.0000 0.0000 0.0000
0.1000 -6.5187 0.2534
0.2000 -11.8788 0.4590
0.3000 -17.3557 0.7045
0.4000 -33.6226 0.3274
0.5000 -30.4150 0.3112
0.6000 -19.3486 0.3078
0.7000 -8.7907 0.3065
0.8000 -0.2519 0.3078
0.9000 6.0318 0.3137
1.0000 10.1415 0.3270
#TI average gradients and standard deviation in kcal/mol
0.0000 -78.6658 28.0710
0.1000 -57.4834 29.5615
0.2000 -55.6641 34.2558
0.3000 -46.2547 36.0775
0.4000 -70.1947 31.3483
0.5000 95.1792 15.5957
0.6000 113.5224 14.4420
0.7000 95.2134 15.0582
0.8000 74.4332 17.9518
0.9000 51.6402 21.4003
1.0000 39.3119 22.7258
#PMF from TI in kcal/mol
0.0000 0.0000
0.1000 -6.8075
0.2000 -12.4648
0.3000 -17.5608
0.4000 -23.3832
0.5000 -22.1340
0.6000 -11.6989
0.7000 -1.2621
0.8000 7.2202
0.9000 13.5239
1.0000 18.0715
#MBAR free energy difference in kcal/mol: 
10.141487, 0.327039  #WARNING SUBSAMPLING DISABLED, CONSIDER RERUN WITH SUBSAMPLING OPTION
#TI free energy difference in kcal/mol: 
18.071476  #WARNING SUBSAMPLING DISABLED, CONSIDER RERUN WITH SUBSAMPLING OPTION 
Starting /export/users/common/BioSimSpace/sire.app/bin/analyse_freenrg: number of threads equals 32
