# Analysing data contained in file(s) ['lambda_0.0000/simfile_snipped.dat', 'lambda_0.1000/simfile_snipped.dat', 'lambda_0.2000/simfile_snipped.dat', 'lambda_0.3000/simfile_snipped.dat', 'lambda_0.4000/simfile_snipped.dat', 'lambda_0.5000/simfile_snipped.dat', 'lambda_0.6000/simfile_snipped.dat', 'lambda_0.7000/simfile_snipped.dat', 'lambda_0.8000/simfile_snipped.dat', 'lambda_0.9000/simfile_snipped.dat', 'lambda_1.0000/simfile_snipped.dat']
#Overlap matrix
0.7595 0.2258 0.0145 0.0002 0.0000 0.0000 0.0000 0.0000 0.0000 0.0000 0.0000
0.2258 0.5314 0.2238 0.0186 0.0004 0.0000 0.0000 0.0000 0.0000 0.0000 0.0000
0.0145 0.2238 0.5159 0.2246 0.0207 0.0005 0.0000 0.0000 0.0000 0.0000 0.0000
0.0002 0.0186 0.2246 0.5115 0.2254 0.0194 0.0003 0.0000 0.0000 0.0000 0.0000
0.0000 0.0004 0.0207 0.2254 0.5441 0.1981 0.0113 0.0002 0.0000 0.0000 0.0000
0.0000 0.0000 0.0005 0.0194 0.1981 0.5926 0.1815 0.0079 0.0001 0.0000 0.0000
0.0000 0.0000 0.0000 0.0003 0.0113 0.1815 0.6353 0.1655 0.0060 0.0001 0.0000
0.0000 0.0000 0.0000 0.0000 0.0002 0.0079 0.1655 0.6541 0.1674 0.0050 0.0000
0.0000 0.0000 0.0000 0.0000 0.0000 0.0001 0.0060 0.1674 0.6714 0.1528 0.0023
0.0000 0.0000 0.0000 0.0000 0.0000 0.0000 0.0001 0.0050 0.1528 0.7229 0.1192
0.0000 0.0000 0.0000 0.0000 0.0000 0.0000 0.0000 0.0000 0.0023 0.1192 0.8785
#DG from neighbouring lambda in kcal/mol
0.0000 0.1000 -3.4863 0.0425
0.1000 0.2000 -3.2002 0.0399
0.2000 0.3000 -2.8808 0.0389
0.3000 0.4000 -2.4368 0.0387
0.4000 0.5000 -1.8600 0.0446
0.5000 0.6000 -1.4308 0.0499
0.6000 0.7000 -1.1258 0.0545
0.7000 0.8000 -0.8223 0.0548
0.8000 0.9000 -0.2089 0.0594
0.9000 1.0000 1.2275 0.0720
#PMF from MBAR in kcal/mol
0.0000 0.0000 0.0000
0.1000 -3.4863 0.0425
0.2000 -6.6864 0.0683
0.3000 -9.5672 0.0859
0.4000 -12.0040 0.1003
0.5000 -13.8640 0.1148
0.6000 -15.2949 0.1301
0.7000 -16.4206 0.1456
0.8000 -17.2430 0.1598
0.9000 -17.4519 0.1745
1.0000 -16.2244 0.1926
#TI average gradients and standard deviation in kcal/mol
0.0000 -45.0734 11.8089
0.1000 -33.2844 10.8832
0.2000 -30.9081 10.7035
0.3000 -27.1322 11.4304
0.4000 -21.1599 11.5947
0.5000 -15.8609 13.7501
0.6000 -12.9340 13.1143
0.7000 -10.2868 14.3475
0.8000 -6.3704 14.4773
0.9000 2.8510 15.8980
1.0000 25.8235 20.2470
#PMF from TI in kcal/mol
0.0000 0.0000
0.1000 -3.9179
0.2000 -7.1275
0.3000 -10.0295
0.4000 -12.4441
0.5000 -14.2952
0.6000 -15.7349
0.7000 -16.8960
0.8000 -17.7288
0.9000 -17.9048
1.0000 -16.4711
#MBAR free energy difference in kcal/mol: 
-16.224410, 0.192572  #WARNING SUBSAMPLING DISABLED, CONSIDER RERUN WITH SUBSAMPLING OPTION
#TI free energy difference in kcal/mol: 
-16.471065  #WARNING SUBSAMPLING DISABLED, CONSIDER RERUN WITH SUBSAMPLING OPTION 
Starting /export/users/common/BioSimSpace/sire.app/bin/analyse_freenrg: number of threads equals 32
