# Analysing data contained in file(s) ['lambda_0.0000/simfile_snipped.dat', 'lambda_0.1000/simfile_snipped.dat', 'lambda_0.2000/simfile_snipped.dat', 'lambda_0.3000/simfile_snipped.dat', 'lambda_0.4000/simfile_snipped.dat', 'lambda_0.5000/simfile_snipped.dat', 'lambda_0.6000/simfile_snipped.dat', 'lambda_0.7000/simfile_snipped.dat', 'lambda_0.8000/simfile_snipped.dat', 'lambda_0.9000/simfile_snipped.dat', 'lambda_1.0000/simfile_snipped.dat']
#Overlap matrix
0.9527 0.0473 0.0000 0.0000 0.0000 0.0000 0.0000 0.0000 0.0000 0.0000 0.0000
0.0473 0.8757 0.0768 0.0002 0.0000 0.0000 0.0000 0.0000 0.0000 0.0000 0.0000
0.0000 0.0768 0.8374 0.0853 0.0006 0.0000 0.0000 0.0000 0.0000 0.0000 0.0000
0.0000 0.0002 0.0853 0.7961 0.1176 0.0008 0.0000 0.0000 0.0000 0.0000 0.0000
0.0000 0.0000 0.0006 0.1176 0.7797 0.1015 0.0006 0.0000 0.0000 0.0000 0.0000
0.0000 0.0000 0.0000 0.0008 0.1015 0.8017 0.0938 0.0021 0.0000 0.0000 0.0000
0.0000 0.0000 0.0000 0.0000 0.0006 0.0938 0.7343 0.1675 0.0037 0.0000 0.0000
0.0000 0.0000 0.0000 0.0000 0.0000 0.0021 0.1675 0.6698 0.1589 0.0017 0.0000
0.0000 0.0000 0.0000 0.0000 0.0000 0.0000 0.0037 0.1589 0.6860 0.1508 0.0006
0.0000 0.0000 0.0000 0.0000 0.0000 0.0000 0.0000 0.0017 0.1508 0.7321 0.1154
0.0000 0.0000 0.0000 0.0000 0.0000 0.0000 0.0000 0.0000 0.0006 0.1154 0.8840
#DG from neighbouring lambda in kcal/mol
0.0000 0.1000 -5.9596 0.1261
0.1000 0.2000 -2.4076 0.0955
0.2000 0.3000 -1.0087 0.0894
0.3000 0.4000 -0.6797 0.0729
0.4000 0.5000 -0.7469 0.0800
0.5000 0.6000 -1.1060 0.0833
0.6000 0.7000 -0.4778 0.0560
0.7000 0.8000 -0.4444 0.0583
0.8000 0.9000 -1.5142 0.0614
0.9000 1.0000 -3.0848 0.0742
#PMF from MBAR in kcal/mol
0.0000 0.0000 0.0000
0.1000 -5.9596 0.1261
0.2000 -8.3671 0.1633
0.3000 -9.3758 0.1904
0.4000 -10.0556 0.2077
0.5000 -10.8025 0.2260
0.6000 -11.9085 0.2441
0.7000 -12.3863 0.2533
0.8000 -12.8307 0.2627
0.9000 -14.3449 0.2726
1.0000 -17.4296 0.2854
#TI average gradients and standard deviation in kcal/mol
0.0000 -99.9025 25.3204
0.1000 -35.8344 23.9965
0.2000 -12.9409 20.3790
0.3000 -9.2348 19.4650
0.4000 -5.3438 18.4082
0.5000 -8.7722 18.3574
0.6000 -11.2402 17.4192
0.7000 -1.5524 14.4231
0.8000 -9.4484 15.8315
0.9000 -21.4320 16.6246
1.0000 -28.1455 17.6683
#PMF from TI in kcal/mol
0.0000 0.0000
0.1000 -6.7868
0.2000 -9.2256
0.3000 -10.3344
0.4000 -11.0633
0.5000 -11.7691
0.6000 -12.7697
0.7000 -13.4094
0.8000 -13.9594
0.9000 -15.5034
1.0000 -17.9823
#MBAR free energy difference in kcal/mol: 
-17.429649, 0.285368  #WARNING SUBSAMPLING DISABLED, CONSIDER RERUN WITH SUBSAMPLING OPTION
#TI free energy difference in kcal/mol: 
-17.982309  #WARNING SUBSAMPLING DISABLED, CONSIDER RERUN WITH SUBSAMPLING OPTION 
Starting /export/users/common/BioSimSpace/sire.app/bin/analyse_freenrg: number of threads equals 32
