# Analysing data contained in file(s) ['lambda_0.0000/simfile_snipped.dat', 'lambda_0.1000/simfile_snipped.dat', 'lambda_0.2000/simfile_snipped.dat', 'lambda_0.3000/simfile_snipped.dat', 'lambda_0.4000/simfile_snipped.dat', 'lambda_0.5000/simfile_snipped.dat', 'lambda_0.6000/simfile_snipped.dat', 'lambda_0.7000/simfile_snipped.dat', 'lambda_0.8000/simfile_snipped.dat', 'lambda_0.9000/simfile_snipped.dat', 'lambda_1.0000/simfile_snipped.dat']
#Overlap matrix
0.9847 0.0153 0.0000 0.0000 0.0000 0.0000 0.0000 0.0000 0.0000 0.0000 0.0000
0.0153 0.9713 0.0135 0.0000 0.0000 0.0000 0.0000 0.0000 0.0000 0.0000 0.0000
0.0000 0.0135 0.9639 0.0226 0.0000 0.0000 0.0000 0.0000 0.0000 0.0000 0.0000
0.0000 0.0000 0.0226 0.9551 0.0223 0.0000 0.0000 0.0000 0.0000 0.0000 0.0000
0.0000 0.0000 0.0000 0.0223 0.9479 0.0298 0.0000 0.0000 0.0000 0.0000 0.0000
0.0000 0.0000 0.0000 0.0000 0.0298 0.9451 0.0252 0.0000 0.0000 0.0000 0.0000
0.0000 0.0000 0.0000 0.0000 0.0000 0.0252 0.9433 0.0316 0.0000 0.0000 0.0000
0.0000 0.0000 0.0000 0.0000 0.0000 0.0000 0.0316 0.9298 0.0386 0.0000 0.0000
0.0000 0.0000 0.0000 0.0000 0.0000 0.0000 0.0000 0.0386 0.9242 0.0372 0.0000
0.0000 0.0000 0.0000 0.0000 0.0000 0.0000 0.0000 0.0000 0.0372 0.9319 0.0309
0.0000 0.0000 0.0000 0.0000 0.0000 0.0000 0.0000 0.0000 0.0000 0.0309 0.9691
#DG from neighbouring lambda in kcal/mol
0.0000 0.1000 41.1982 0.2296
0.1000 0.2000 36.4838 0.2450
0.2000 0.3000 31.2164 0.1873
0.3000 0.4000 26.6991 0.1885
0.4000 0.5000 21.7862 0.1620
0.5000 0.6000 17.5051 0.1770
0.6000 0.7000 13.0404 0.1570
0.7000 0.8000 9.1095 0.1409
0.8000 0.9000 4.4657 0.1436
0.9000 1.0000 0.6859 0.1588
#PMF from MBAR in kcal/mol
0.0000 0.0000 0.0000
0.1000 41.1982 0.2296
0.2000 77.6819 0.3383
0.3000 108.8983 0.3888
0.4000 135.5974 0.4340
0.5000 157.3836 0.4650
0.6000 174.8887 0.4992
0.7000 187.9291 0.5249
0.8000 197.0386 0.5450
0.9000 201.5043 0.5651
1.0000 202.1902 0.5884
#TI average gradients and standard deviation in kcal/mol
0.0000 440.4813 30.8862
0.1000 388.6951 28.1353
0.2000 337.5248 28.9014
0.3000 291.6475 27.5583
0.4000 240.9479 29.8955
0.5000 199.5880 27.2487
0.6000 152.8888 27.3596
0.7000 106.4099 27.2131
0.8000 68.6733 27.7836
0.9000 27.6771 22.6772
1.0000 -17.9560 24.5192
#PMF from TI in kcal/mol
0.0000 0.0000
0.1000 41.4588
0.2000 77.7698
0.3000 109.2284
0.4000 135.8582
0.5000 157.8850
0.6000 175.5088
0.7000 188.4738
0.8000 197.2279
0.9000 202.0455
1.0000 202.5315
#MBAR free energy difference in kcal/mol: 
202.190203, 0.588431  #WARNING SUBSAMPLING DISABLED, CONSIDER RERUN WITH SUBSAMPLING OPTION
#TI free energy difference in kcal/mol: 
202.531508  #WARNING SUBSAMPLING DISABLED, CONSIDER RERUN WITH SUBSAMPLING OPTION 
Starting /export/users/common/BioSimSpace/sire.app/bin/analyse_freenrg: number of threads equals 32
