# Analysing data contained in file(s) ['lambda_0.0000/simfile_snipped.dat', 'lambda_0.1000/simfile_snipped.dat', 'lambda_0.2000/simfile_snipped.dat', 'lambda_0.3000/simfile_snipped.dat', 'lambda_0.4000/simfile_snipped.dat', 'lambda_0.5000/simfile_snipped.dat', 'lambda_0.6000/simfile_snipped.dat', 'lambda_0.7000/simfile_snipped.dat', 'lambda_0.8000/simfile_snipped.dat', 'lambda_0.9000/simfile_snipped.dat', 'lambda_1.0000/simfile_snipped.dat']
#Overlap matrix
0.8460 0.1528 0.0012 0.0000 0.0000 0.0000 0.0000 0.0000 0.0000 0.0000 0.0000
0.1528 0.7062 0.1402 0.0009 0.0000 0.0000 0.0000 0.0000 0.0000 0.0000 0.0000
0.0012 0.1402 0.7133 0.1443 0.0010 0.0000 0.0000 0.0000 0.0000 0.0000 0.0000
0.0000 0.0009 0.1443 0.7127 0.1410 0.0011 0.0000 0.0000 0.0000 0.0000 0.0000
0.0000 0.0000 0.0010 0.1410 0.7251 0.1320 0.0009 0.0000 0.0000 0.0000 0.0000
0.0000 0.0000 0.0000 0.0011 0.1320 0.7408 0.1256 0.0005 0.0000 0.0000 0.0000
0.0000 0.0000 0.0000 0.0000 0.0009 0.1256 0.7717 0.1014 0.0004 0.0000 0.0000
0.0000 0.0000 0.0000 0.0000 0.0000 0.0005 0.1014 0.8137 0.0842 0.0002 0.0000
0.0000 0.0000 0.0000 0.0000 0.0000 0.0000 0.0004 0.0842 0.8289 0.0865 0.0000
0.0000 0.0000 0.0000 0.0000 0.0000 0.0000 0.0000 0.0002 0.0865 0.8714 0.0418
0.0000 0.0000 0.0000 0.0000 0.0000 0.0000 0.0000 0.0000 0.0000 0.0418 0.9582
#DG from neighbouring lambda in kcal/mol
0.0000 0.1000 8.1168 0.0611
0.1000 0.2000 8.0344 0.0646
0.2000 0.3000 7.4817 0.0634
0.3000 0.4000 6.8607 0.0644
0.4000 0.5000 6.4282 0.0674
0.5000 0.6000 6.0469 0.0698
0.6000 0.7000 5.5640 0.0804
0.7000 0.8000 5.3138 0.0902
0.8000 0.9000 5.8402 0.0889
0.9000 1.0000 9.3481 0.1348
#PMF from MBAR in kcal/mol
0.0000 0.0000 0.0000
0.1000 8.1168 0.0611
0.2000 16.1512 0.0973
0.3000 23.6329 0.1228
0.4000 30.4936 0.1443
0.5000 36.9217 0.1641
0.6000 42.9686 0.1827
0.7000 48.5326 0.2035
0.8000 53.8464 0.2262
0.9000 59.6867 0.2463
1.0000 69.0348 0.2837
#TI average gradients and standard deviation in kcal/mol
0.0000 69.1930 16.1631
0.1000 81.8902 16.1540
0.2000 77.4925 17.0988
0.3000 71.6637 16.3088
0.4000 66.1644 16.4121
0.5000 61.9150 16.9196
0.6000 59.0918 18.1932
0.7000 53.4585 16.7539
0.8000 52.2149 20.5324
0.9000 68.6809 21.6791
1.0000 133.2925 29.7248
#PMF from TI in kcal/mol
0.0000 0.0000
0.1000 7.5542
0.2000 15.5233
0.3000 22.9811
0.4000 29.8725
0.5000 36.2765
0.6000 42.3268
0.7000 47.9543
0.8000 53.2380
0.9000 59.2828
1.0000 69.3815
#MBAR free energy difference in kcal/mol: 
69.034803, 0.283719  #WARNING SUBSAMPLING DISABLED, CONSIDER RERUN WITH SUBSAMPLING OPTION
#TI free energy difference in kcal/mol: 
69.381456  #WARNING SUBSAMPLING DISABLED, CONSIDER RERUN WITH SUBSAMPLING OPTION 
Starting /export/users/common/BioSimSpace/sire.app/bin/analyse_freenrg: number of threads equals 32
