# Analysing data contained in file(s) ['lambda_0.0000/simfile_snipped.dat', 'lambda_0.1000/simfile_snipped.dat', 'lambda_0.2000/simfile_snipped.dat', 'lambda_0.3000/simfile_snipped.dat', 'lambda_0.4000/simfile_snipped.dat', 'lambda_0.5000/simfile_snipped.dat', 'lambda_0.6000/simfile_snipped.dat', 'lambda_0.7000/simfile_snipped.dat', 'lambda_0.8000/simfile_snipped.dat', 'lambda_0.9000/simfile_snipped.dat', 'lambda_1.0000/simfile_snipped.dat']
#Overlap matrix
0.9753 0.0247 0.0000 0.0000 0.0000 0.0000 0.0000 0.0000 0.0000 0.0000 0.0000
0.0247 0.9254 0.0499 0.0000 0.0000 0.0000 0.0000 0.0000 0.0000 0.0000 0.0000
0.0000 0.0499 0.8944 0.0556 0.0000 0.0000 0.0000 0.0000 0.0000 0.0000 0.0000
0.0000 0.0000 0.0556 0.8877 0.0567 0.0000 0.0000 0.0000 0.0000 0.0000 0.0000
0.0000 0.0000 0.0000 0.0567 0.8931 0.0501 0.0000 0.0000 0.0000 0.0000 0.0000
0.0000 0.0000 0.0000 0.0000 0.0501 0.8565 0.0934 0.0000 0.0000 0.0000 0.0000
0.0000 0.0000 0.0000 0.0000 0.0000 0.0934 0.9050 0.0016 0.0000 0.0000 0.0000
0.0000 0.0000 0.0000 0.0000 0.0000 0.0000 0.0016 0.9757 0.0227 0.0000 0.0000
0.0000 0.0000 0.0000 0.0000 0.0000 0.0000 0.0000 0.0227 0.9651 0.0122 0.0000
0.0000 0.0000 0.0000 0.0000 0.0000 0.0000 0.0000 0.0000 0.0122 0.9763 0.0115
0.0000 0.0000 0.0000 0.0000 0.0000 0.0000 0.0000 0.0000 0.0000 0.0115 0.9885
#DG from neighbouring lambda in kcal/mol
0.0000 0.1000 -8.7029 0.1789
0.1000 0.2000 -5.8444 0.1223
0.2000 0.3000 -6.2773 0.1152
0.3000 0.4000 -8.5086 0.1140
0.4000 0.5000 -12.3177 0.1220
0.5000 0.6000 -11.8397 0.0850
0.6000 0.7000 -0.3318 0.7262
0.7000 0.8000 -7.0656 0.1868
0.8000 0.9000 -7.2015 0.2578
0.9000 1.0000 -7.9624 0.2658
#PMF from MBAR in kcal/mol
0.0000 0.0000 0.0000
0.1000 -8.7029 0.1789
0.2000 -14.5473 0.2205
0.3000 -20.8246 0.2521
0.4000 -29.3333 0.2796
0.5000 -41.6509 0.3078
0.6000 -53.4906 0.3219
0.7000 -53.8224 0.7954
0.8000 -60.8880 0.8180
0.9000 -68.0895 0.8586
1.0000 -76.0518 0.8998
#TI average gradients and standard deviation in kcal/mol
0.0000 -123.9550 30.6620
0.1000 -62.9646 24.5172
0.2000 -56.5371 21.9872
0.3000 -69.6298 19.9161
0.4000 -103.8850 21.8371
0.5000 -137.2764 21.1758
0.6000 -71.5144 21.4177
0.7000 -73.8166 38.3404
0.8000 -66.5550 30.6665
0.9000 -74.6662 28.5288
1.0000 -76.6727 33.7853
#PMF from TI in kcal/mol
0.0000 0.0000
0.1000 -9.3460
0.2000 -15.3211
0.3000 -21.6294
0.4000 -30.3051
0.5000 -42.3632
0.6000 -52.8028
0.7000 -60.0693
0.8000 -67.0879
0.9000 -74.1489
1.0000 -81.7159
#MBAR free energy difference in kcal/mol: 
-76.051843, 0.899765  #WARNING SUBSAMPLING DISABLED, CONSIDER RERUN WITH SUBSAMPLING OPTION
#TI free energy difference in kcal/mol: 
-81.715893  #WARNING SUBSAMPLING DISABLED, CONSIDER RERUN WITH SUBSAMPLING OPTION 
Starting /export/users/common/BioSimSpace/sire.app/bin/analyse_freenrg: number of threads equals 32
