# Analysing data contained in file(s) ['lambda_0.0000/simfile_snipped.dat', 'lambda_0.1000/simfile_snipped.dat', 'lambda_0.2000/simfile_snipped.dat', 'lambda_0.3000/simfile_snipped.dat', 'lambda_0.4000/simfile_snipped.dat', 'lambda_0.5000/simfile_snipped.dat', 'lambda_0.6000/simfile_snipped.dat', 'lambda_0.7000/simfile_snipped.dat', 'lambda_0.8000/simfile_snipped.dat', 'lambda_0.9000/simfile_snipped.dat', 'lambda_1.0000/simfile_snipped.dat']
#Overlap matrix
0.9470 0.0529 0.0001 0.0000 0.0000 0.0000 0.0000 0.0000 0.0000 0.0000 0.0000
0.0529 0.8665 0.0801 0.0004 0.0000 0.0000 0.0000 0.0000 0.0000 0.0000 0.0000
0.0001 0.0801 0.8136 0.1053 0.0009 0.0000 0.0000 0.0000 0.0000 0.0000 0.0000
0.0000 0.0004 0.1053 0.7749 0.1185 0.0008 0.0000 0.0000 0.0000 0.0000 0.0000
0.0000 0.0000 0.0009 0.1185 0.7604 0.1191 0.0011 0.0000 0.0000 0.0000 0.0000
0.0000 0.0000 0.0000 0.0008 0.1191 0.7417 0.1364 0.0020 0.0000 0.0000 0.0000
0.0000 0.0000 0.0000 0.0000 0.0011 0.1364 0.6894 0.1708 0.0023 0.0000 0.0000
0.0000 0.0000 0.0000 0.0000 0.0000 0.0020 0.1708 0.6501 0.1732 0.0039 0.0000
0.0000 0.0000 0.0000 0.0000 0.0000 0.0000 0.0023 0.1732 0.6409 0.1811 0.0024
0.0000 0.0000 0.0000 0.0000 0.0000 0.0000 0.0000 0.0039 0.1811 0.6530 0.1620
0.0000 0.0000 0.0000 0.0000 0.0000 0.0000 0.0000 0.0000 0.0024 0.1620 0.8356
#DG from neighbouring lambda in kcal/mol
0.0000 0.1000 -2.2543 0.1184
0.1000 0.2000 0.5855 0.0930
0.2000 0.3000 2.1231 0.0783
0.3000 0.4000 3.1449 0.0725
0.4000 0.5000 3.5775 0.0721
0.5000 0.6000 4.3110 0.0655
0.6000 0.7000 5.1109 0.0555
0.7000 0.8000 5.6892 0.0545
0.8000 0.9000 6.4283 0.0527
0.9000 1.0000 6.9216 0.0582
#PMF from MBAR in kcal/mol
0.0000 0.0000 0.0000
0.1000 -2.2543 0.1184
0.2000 -1.6688 0.1559
0.3000 0.4543 0.1789
0.4000 3.5991 0.1970
0.5000 7.1766 0.2135
0.6000 11.4876 0.2267
0.7000 16.5984 0.2367
0.8000 22.2877 0.2460
0.9000 28.7159 0.2545
1.0000 35.6376 0.2640
#TI average gradients and standard deviation in kcal/mol
0.0000 -44.7328 24.7204
0.1000 -2.8678 19.8953
0.2000 14.4268 19.6451
0.3000 27.5031 16.2864
0.4000 34.2094 16.9077
0.5000 39.0009 17.0872
0.6000 46.2998 15.8976
0.7000 54.8602 15.0977
0.8000 60.2463 13.9006
0.9000 67.3744 14.7691
1.0000 84.8413 13.9657
#PMF from TI in kcal/mol
0.0000 0.0000
0.1000 -2.3800
0.2000 -1.8021
0.3000 0.2944
0.4000 3.3800
0.5000 7.0406
0.6000 11.3056
0.7000 16.3636
0.8000 22.1189
0.9000 28.4999
1.0000 36.1107
#MBAR free energy difference in kcal/mol: 
35.637571, 0.263993  #WARNING SUBSAMPLING DISABLED, CONSIDER RERUN WITH SUBSAMPLING OPTION
#TI free energy difference in kcal/mol: 
36.110728  #WARNING SUBSAMPLING DISABLED, CONSIDER RERUN WITH SUBSAMPLING OPTION 
Starting /export/users/common/BioSimSpace/sire.app/bin/analyse_freenrg: number of threads equals 32
