# Analysing data contained in file(s) ['lambda_0.0000/simfile_snipped.dat', 'lambda_0.1000/simfile_snipped.dat', 'lambda_0.2000/simfile_snipped.dat', 'lambda_0.3000/simfile_snipped.dat', 'lambda_0.4000/simfile_snipped.dat', 'lambda_0.5000/simfile_snipped.dat', 'lambda_0.6000/simfile_snipped.dat', 'lambda_0.7000/simfile_snipped.dat', 'lambda_0.8000/simfile_snipped.dat', 'lambda_0.9000/simfile_snipped.dat', 'lambda_1.0000/simfile_snipped.dat']
#Overlap matrix
0.8412 0.1529 0.0058 0.0001 0.0000 0.0000 0.0000 0.0000 0.0000 0.0000 0.0000
0.1529 0.6372 0.1961 0.0135 0.0003 0.0000 0.0000 0.0000 0.0000 0.0000 0.0000
0.0058 0.1961 0.5705 0.2106 0.0167 0.0004 0.0000 0.0000 0.0000 0.0000 0.0000
0.0001 0.0135 0.2106 0.5324 0.2233 0.0195 0.0005 0.0000 0.0000 0.0000 0.0000
0.0000 0.0003 0.0167 0.2233 0.5213 0.2149 0.0227 0.0007 0.0000 0.0000 0.0000
0.0000 0.0000 0.0004 0.0195 0.2149 0.5087 0.2299 0.0259 0.0007 0.0000 0.0000
0.0000 0.0000 0.0000 0.0005 0.0227 0.2299 0.4907 0.2300 0.0255 0.0007 0.0000
0.0000 0.0000 0.0000 0.0000 0.0007 0.0259 0.2300 0.4872 0.2319 0.0240 0.0003
0.0000 0.0000 0.0000 0.0000 0.0000 0.0007 0.0255 0.2319 0.5063 0.2241 0.0115
0.0000 0.0000 0.0000 0.0000 0.0000 0.0000 0.0007 0.0240 0.2241 0.5721 0.1791
0.0000 0.0000 0.0000 0.0000 0.0000 0.0000 0.0000 0.0003 0.0115 0.1791 0.8092
#DG from neighbouring lambda in kcal/mol
0.0000 0.1000 3.1097 0.0598
0.1000 0.2000 4.0303 0.0470
0.2000 0.3000 4.3657 0.0425
0.3000 0.4000 4.3628 0.0395
0.4000 0.5000 4.2058 0.0399
0.5000 0.6000 4.0816 0.0368
0.6000 0.7000 3.9822 0.0364
0.7000 0.8000 3.8037 0.0364
0.8000 0.9000 3.7124 0.0395
0.9000 1.0000 3.5008 0.0520
#PMF from MBAR in kcal/mol
0.0000 0.0000 0.0000
0.1000 3.1097 0.0598
0.2000 7.1400 0.0846
0.3000 11.5057 0.1009
0.4000 15.8685 0.1139
0.5000 20.0743 0.1254
0.6000 24.1559 0.1350
0.7000 28.1381 0.1437
0.8000 31.9417 0.1520
0.9000 35.6541 0.1606
1.0000 39.1549 0.1726
#TI average gradients and standard deviation in kcal/mol
0.0000 23.5755 15.6613
0.1000 36.6756 13.6676
0.2000 42.9993 12.1690
0.3000 43.7171 11.2883
0.4000 43.2885 11.2506
0.5000 41.5127 10.8372
0.6000 39.9683 9.8922
0.7000 38.8045 10.5452
0.8000 37.7345 10.5138
0.9000 36.7039 12.2028
1.0000 32.4258 18.3957
#PMF from TI in kcal/mol
0.0000 0.0000
0.1000 3.0126
0.2000 6.9963
0.3000 11.3321
0.4000 15.6824
0.5000 19.9225
0.6000 23.9965
0.7000 27.9351
0.8000 31.7621
0.9000 35.4840
1.0000 38.9405
#MBAR free energy difference in kcal/mol: 
39.154912, 0.172611  #WARNING SUBSAMPLING DISABLED, CONSIDER RERUN WITH SUBSAMPLING OPTION
#TI free energy difference in kcal/mol: 
38.940512  #WARNING SUBSAMPLING DISABLED, CONSIDER RERUN WITH SUBSAMPLING OPTION 
Starting /export/users/common/BioSimSpace/sire.app/bin/analyse_freenrg: number of threads equals 32
