# Analysing data contained in file(s) ['lambda_0.0000/simfile_snipped.dat', 'lambda_0.1000/simfile_snipped.dat', 'lambda_0.2000/simfile_snipped.dat', 'lambda_0.3000/simfile_snipped.dat', 'lambda_0.4000/simfile_snipped.dat', 'lambda_0.5000/simfile_snipped.dat', 'lambda_0.6000/simfile_snipped.dat', 'lambda_0.7000/simfile_snipped.dat', 'lambda_0.8000/simfile_snipped.dat', 'lambda_0.9000/simfile_snipped.dat', 'lambda_1.0000/simfile_snipped.dat']
#Overlap matrix
0.9807 0.0193 0.0000 0.0000 0.0000 0.0000 0.0000 0.0000 0.0000 0.0000 0.0000
0.0193 0.9487 0.0320 0.0000 0.0000 0.0000 0.0000 0.0000 0.0000 0.0000 0.0000
0.0000 0.0320 0.9263 0.0417 0.0000 0.0000 0.0000 0.0000 0.0000 0.0000 0.0000
0.0000 0.0000 0.0417 0.9218 0.0364 0.0000 0.0000 0.0000 0.0000 0.0000 0.0000
0.0000 0.0000 0.0000 0.0364 0.9296 0.0339 0.0000 0.0000 0.0000 0.0000 0.0000
0.0000 0.0000 0.0000 0.0000 0.0339 0.9544 0.0109 0.0005 0.0002 0.0000 0.0000
0.0000 0.0000 0.0000 0.0000 0.0000 0.0109 0.7994 0.1793 0.0102 0.0001 0.0000
0.0000 0.0000 0.0000 0.0000 0.0000 0.0005 0.1793 0.6496 0.1653 0.0053 0.0000
0.0000 0.0000 0.0000 0.0000 0.0000 0.0002 0.0102 0.1653 0.6137 0.2000 0.0106
0.0000 0.0000 0.0000 0.0000 0.0000 0.0000 0.0001 0.0053 0.2000 0.5611 0.2335
0.0000 0.0000 0.0000 0.0000 0.0000 0.0000 0.0000 0.0000 0.0106 0.2335 0.7559
#DG from neighbouring lambda in kcal/mol
0.0000 0.1000 -7.4278 0.2032
0.1000 0.2000 -1.2246 0.1559
0.2000 0.3000 -0.3199 0.1351
0.3000 0.4000 -0.2044 0.1453
0.4000 0.5000 -0.6381 0.1510
0.5000 0.6000 -1.9133 0.2642
0.6000 0.7000 2.1108 0.0521
0.7000 0.8000 3.6691 0.0542
0.8000 0.9000 2.1896 0.0468
0.9000 1.0000 1.1402 0.0418
#PMF from MBAR in kcal/mol
0.0000 0.0000 0.0000
0.1000 -7.4278 0.2032
0.2000 -8.6524 0.2593
0.3000 -8.9723 0.2952
0.4000 -9.1767 0.3315
0.5000 -9.8149 0.3665
0.6000 -11.7281 0.4536
0.7000 -9.6173 0.4578
0.8000 -5.9482 0.4622
0.9000 -3.7586 0.4661
1.0000 -2.6184 0.4694
#TI average gradients and standard deviation in kcal/mol
0.0000 -150.0728 30.8138
0.1000 -27.5727 25.7595
0.2000 -7.3651 24.5891
0.3000 -1.2345 22.3916
0.4000 -5.7571 23.3204
0.5000 -9.7039 25.3080
0.6000 -10.8691 21.8603
0.7000 40.2307 14.1009
0.8000 29.0814 13.5901
0.9000 15.4477 12.3282
1.0000 38.5033 11.6466
#PMF from TI in kcal/mol
0.0000 0.0000
0.1000 -8.8823
0.2000 -10.6292
0.3000 -11.0591
0.4000 -11.4087
0.5000 -12.1818
0.6000 -13.2104
0.7000 -11.7423
0.8000 -8.2767
0.9000 -6.0503
1.0000 -3.3527
#MBAR free energy difference in kcal/mol: 
-2.618419, 0.469384  #WARNING SUBSAMPLING DISABLED, CONSIDER RERUN WITH SUBSAMPLING OPTION
#TI free energy difference in kcal/mol: 
-3.352740  #WARNING SUBSAMPLING DISABLED, CONSIDER RERUN WITH SUBSAMPLING OPTION 
Starting /export/users/common/BioSimSpace/sire.app/bin/analyse_freenrg: number of threads equals 32
