# Analysing data contained in file(s) ['lambda_0.0000/simfile_snipped.dat', 'lambda_0.1000/simfile_snipped.dat', 'lambda_0.2000/simfile_snipped.dat', 'lambda_0.3000/simfile_snipped.dat', 'lambda_0.4000/simfile_snipped.dat', 'lambda_0.5000/simfile_snipped.dat', 'lambda_0.6000/simfile_snipped.dat', 'lambda_0.7000/simfile_snipped.dat', 'lambda_0.8000/simfile_snipped.dat', 'lambda_0.9000/simfile_snipped.dat', 'lambda_1.0000/simfile_snipped.dat']
#Overlap matrix
0.9942 0.0058 0.0000 0.0000 0.0000 0.0000 0.0000 0.0000 0.0000 0.0000 0.0000
0.0058 0.9922 0.0020 0.0000 0.0000 0.0000 0.0000 0.0000 0.0000 0.0000 0.0000
0.0000 0.0020 0.9964 0.0016 0.0000 0.0000 0.0000 0.0000 0.0000 0.0000 0.0000
0.0000 0.0000 0.0016 0.9984 0.0000 0.0000 0.0000 0.0000 0.0000 0.0000 0.0000
0.0000 0.0000 0.0000 0.0000 0.9515 0.0480 0.0005 0.0000 0.0000 0.0000 0.0000
0.0000 0.0000 0.0000 0.0000 0.0480 0.8335 0.1169 0.0016 0.0000 0.0000 0.0000
0.0000 0.0000 0.0000 0.0000 0.0005 0.1169 0.7299 0.1502 0.0026 0.0000 0.0000
0.0000 0.0000 0.0000 0.0000 0.0000 0.0016 0.1502 0.6942 0.1537 0.0003 0.0000
0.0000 0.0000 0.0000 0.0000 0.0000 0.0000 0.0026 0.1537 0.7759 0.0678 0.0001
0.0000 0.0000 0.0000 0.0000 0.0000 0.0000 0.0000 0.0003 0.0678 0.8347 0.0972
0.0000 0.0000 0.0000 0.0000 0.0000 0.0000 0.0000 0.0000 0.0001 0.0972 0.9028
#DG from neighbouring lambda in kcal/mol
0.0000 0.1000 -5.6114 0.3761
0.1000 0.2000 -5.2643 0.6436
0.2000 0.3000 -6.2549 0.7085
0.3000 0.4000 -15.1966 0.6440
0.4000 0.5000 3.4632 0.1244
0.5000 0.6000 10.2437 0.0729
0.6000 0.7000 9.2716 0.0610
0.7000 0.8000 7.2227 0.0604
0.8000 0.9000 4.3751 0.1026
0.9000 1.0000 2.1751 0.0830
#PMF from MBAR in kcal/mol
0.0000 0.0000 0.0000
0.1000 -5.6114 0.3761
0.2000 -10.8757 0.7465
0.3000 -17.1306 1.0301
0.4000 -32.3273 0.4842
0.5000 -28.8640 0.4715
0.6000 -18.6203 0.4684
0.7000 -9.3488 0.4676
0.8000 -2.1261 0.4684
0.9000 2.2490 0.4739
1.0000 4.4240 0.4803
#TI average gradients and standard deviation in kcal/mol
0.0000 -82.6195 31.6455
0.1000 -48.6160 34.8210
0.2000 -60.1007 41.1690
0.3000 -57.3984 39.3636
0.4000 -66.1884 32.1329
0.5000 92.6369 19.4340
0.6000 101.9214 16.1007
0.7000 82.7338 14.9180
0.8000 61.7312 16.2491
0.9000 27.0662 18.6346
1.0000 35.4951 43.0123
#PMF from TI in kcal/mol
0.0000 0.0000
0.1000 -6.5618
0.2000 -11.9976
0.3000 -17.8726
0.4000 -24.0519
0.5000 -22.7295
0.6000 -13.0016
0.7000 -3.7688
0.8000 3.4545
0.9000 7.8943
1.0000 11.0224
#MBAR free energy difference in kcal/mol: 
4.424022, 0.480254  #WARNING SUBSAMPLING DISABLED, CONSIDER RERUN WITH SUBSAMPLING OPTION
#TI free energy difference in kcal/mol: 
11.022389  #WARNING SUBSAMPLING DISABLED, CONSIDER RERUN WITH SUBSAMPLING OPTION 
Starting /export/users/common/BioSimSpace/sire.app/bin/analyse_freenrg: number of threads equals 32
