# Analysing data contained in file(s) ['lambda_0.0000/simfile_snipped.dat', 'lambda_0.1000/simfile_snipped.dat', 'lambda_0.2000/simfile_snipped.dat', 'lambda_0.3000/simfile_snipped.dat', 'lambda_0.4000/simfile_snipped.dat', 'lambda_0.5000/simfile_snipped.dat', 'lambda_0.6000/simfile_snipped.dat', 'lambda_0.7000/simfile_snipped.dat', 'lambda_0.8000/simfile_snipped.dat', 'lambda_0.9000/simfile_snipped.dat', 'lambda_1.0000/simfile_snipped.dat']
#Overlap matrix
0.9902 0.0098 0.0000 0.0000 0.0000 0.0000 0.0000 0.0000 0.0000 0.0000 0.0000
0.0098 0.9224 0.0678 0.0000 0.0000 0.0000 0.0000 0.0000 0.0000 0.0000 0.0000
0.0000 0.0678 0.8523 0.0798 0.0001 0.0000 0.0000 0.0000 0.0000 0.0000 0.0000
0.0000 0.0000 0.0798 0.8377 0.0824 0.0001 0.0000 0.0000 0.0000 0.0000 0.0000
0.0000 0.0000 0.0001 0.0824 0.8877 0.0298 0.0000 0.0000 0.0000 0.0000 0.0000
0.0000 0.0000 0.0000 0.0001 0.0298 0.9232 0.0469 0.0000 0.0000 0.0000 0.0000
0.0000 0.0000 0.0000 0.0000 0.0000 0.0469 0.8881 0.0649 0.0001 0.0000 0.0000
0.0000 0.0000 0.0000 0.0000 0.0000 0.0000 0.0649 0.8634 0.0717 0.0000 0.0000
0.0000 0.0000 0.0000 0.0000 0.0000 0.0000 0.0001 0.0717 0.8634 0.0648 0.0000
0.0000 0.0000 0.0000 0.0000 0.0000 0.0000 0.0000 0.0000 0.0648 0.8919 0.0433
0.0000 0.0000 0.0000 0.0000 0.0000 0.0000 0.0000 0.0000 0.0000 0.0433 0.9567
#DG from neighbouring lambda in kcal/mol
0.0000 0.1000 11.3994 0.2880
0.1000 0.2000 5.9712 0.1029
0.2000 0.3000 4.2015 0.0934
0.3000 0.4000 4.5987 0.0916
0.4000 0.5000 5.8137 0.1618
0.5000 0.6000 4.7600 0.1266
0.6000 0.7000 4.2092 0.1055
0.7000 0.8000 4.2886 0.0995
0.8000 0.9000 4.9435 0.1055
0.9000 1.0000 8.3733 0.1324
#PMF from MBAR in kcal/mol
0.0000 0.0000 0.0000
0.1000 11.3994 0.2880
0.2000 17.3707 0.3086
0.3000 21.5722 0.3250
0.4000 26.1709 0.3400
0.5000 31.9846 0.3787
0.6000 36.7447 0.4014
0.7000 40.9539 0.4170
0.8000 45.2425 0.4306
0.9000 50.1860 0.4452
1.0000 58.5593 0.4663
#TI average gradients and standard deviation in kcal/mol
0.0000 176.7807 59.9398
0.1000 75.1798 26.8530
0.2000 50.4422 20.6559
0.3000 38.2843 17.8431
0.4000 57.3352 21.9902
0.5000 51.5215 24.4725
0.6000 43.9863 23.7503
0.7000 41.0736 21.7553
0.8000 44.8029 22.2075
0.9000 60.6325 21.2197
1.0000 123.9348 23.5379
#PMF from TI in kcal/mol
0.0000 0.0000
0.1000 12.5980
0.2000 18.8791
0.3000 23.3155
0.4000 28.0964
0.5000 33.5393
0.6000 38.3147
0.7000 42.5676
0.8000 46.8615
0.9000 52.1332
1.0000 61.3616
#MBAR free energy difference in kcal/mol: 
58.559324, 0.466259  #WARNING SUBSAMPLING DISABLED, CONSIDER RERUN WITH SUBSAMPLING OPTION
#TI free energy difference in kcal/mol: 
61.361604  #WARNING SUBSAMPLING DISABLED, CONSIDER RERUN WITH SUBSAMPLING OPTION 
Starting /export/users/common/BioSimSpace/sire.app/bin/analyse_freenrg: number of threads equals 32
