# Analysing data contained in file(s) ['lambda_0.0000/simfile_snipped.dat', 'lambda_0.1000/simfile_snipped.dat', 'lambda_0.2000/simfile_snipped.dat', 'lambda_0.3000/simfile_snipped.dat', 'lambda_0.4000/simfile_snipped.dat', 'lambda_0.5000/simfile_snipped.dat', 'lambda_0.6000/simfile_snipped.dat', 'lambda_0.7000/simfile_snipped.dat', 'lambda_0.8000/simfile_snipped.dat', 'lambda_0.9000/simfile_snipped.dat', 'lambda_1.0000/simfile_snipped.dat']
#Overlap matrix
0.9262 0.0737 0.0001 0.0000 0.0000 0.0000 0.0000 0.0000 0.0000 0.0000 0.0000
0.0737 0.8508 0.0754 0.0001 0.0000 0.0000 0.0000 0.0000 0.0000 0.0000 0.0000
0.0001 0.0754 0.8481 0.0762 0.0002 0.0000 0.0000 0.0000 0.0000 0.0000 0.0000
0.0000 0.0001 0.0762 0.8524 0.0712 0.0001 0.0000 0.0000 0.0000 0.0000 0.0000
0.0000 0.0000 0.0002 0.0712 0.8664 0.0622 0.0000 0.0000 0.0000 0.0000 0.0000
0.0000 0.0000 0.0000 0.0001 0.0622 0.9047 0.0322 0.0008 0.0000 0.0000 0.0000
0.0000 0.0000 0.0000 0.0000 0.0000 0.0322 0.8106 0.1549 0.0023 0.0000 0.0000
0.0000 0.0000 0.0000 0.0000 0.0000 0.0008 0.1549 0.7217 0.1222 0.0004 0.0000
0.0000 0.0000 0.0000 0.0000 0.0000 0.0000 0.0023 0.1222 0.7557 0.1197 0.0001
0.0000 0.0000 0.0000 0.0000 0.0000 0.0000 0.0000 0.0004 0.1197 0.8213 0.0586
0.0000 0.0000 0.0000 0.0000 0.0000 0.0000 0.0000 0.0000 0.0001 0.0586 0.9413
#DG from neighbouring lambda in kcal/mol
0.0000 0.1000 -5.7011 0.0980
0.1000 0.2000 -2.5429 0.0965
0.2000 0.3000 -3.8707 0.0959
0.3000 0.4000 -5.7518 0.0998
0.4000 0.5000 -8.0408 0.1080
0.5000 0.6000 -10.6482 0.1532
0.6000 0.7000 -10.4805 0.0600
0.7000 0.8000 -11.8245 0.0706
0.8000 0.9000 -15.9230 0.0724
0.9000 1.0000 -20.6949 0.1118
#PMF from MBAR in kcal/mol
0.0000 0.0000 0.0000
0.1000 -5.7011 0.0980
0.2000 -8.2440 0.1433
0.3000 -12.1147 0.1771
0.4000 -17.8665 0.2072
0.5000 -25.9073 0.2370
0.6000 -36.5555 0.2851
0.7000 -47.0360 0.2938
0.8000 -58.8605 0.3045
0.9000 -74.7835 0.3156
1.0000 -95.4784 0.3373
#TI average gradients and standard deviation in kcal/mol
0.0000 -114.0506 23.4754
0.1000 -27.2160 21.2756
0.2000 -30.7473 22.6687
0.3000 -46.6992 21.0354
0.4000 -68.5177 21.6805
0.5000 -89.9995 21.5018
0.6000 -113.7080 21.0170
0.7000 -102.8626 14.9721
0.8000 -137.8278 17.4358
0.9000 -180.1415 17.2534
1.0000 -230.7016 28.4362
#PMF from TI in kcal/mol
0.0000 0.0000
0.1000 -7.0633
0.2000 -9.9615
0.3000 -13.8338
0.4000 -19.5947
0.5000 -27.5205
0.6000 -37.7059
0.7000 -48.5344
0.8000 -60.5689
0.9000 -76.4674
1.0000 -97.0096
#MBAR free energy difference in kcal/mol: 
-95.478387, 0.337262  #WARNING SUBSAMPLING DISABLED, CONSIDER RERUN WITH SUBSAMPLING OPTION
#TI free energy difference in kcal/mol: 
-97.009569  #WARNING SUBSAMPLING DISABLED, CONSIDER RERUN WITH SUBSAMPLING OPTION 
Starting /export/users/common/BioSimSpace/sire.app/bin/analyse_freenrg: number of threads equals 32
