# Analysing data contained in file(s) ['lambda_0.0000/simfile_snipped.dat', 'lambda_0.1000/simfile_snipped.dat', 'lambda_0.2000/simfile_snipped.dat', 'lambda_0.3000/simfile_snipped.dat', 'lambda_0.4000/simfile_snipped.dat', 'lambda_0.5000/simfile_snipped.dat', 'lambda_0.6000/simfile_snipped.dat', 'lambda_0.7000/simfile_snipped.dat', 'lambda_0.8000/simfile_snipped.dat', 'lambda_0.9000/simfile_snipped.dat', 'lambda_1.0000/simfile_snipped.dat']
#Overlap matrix
0.9090 0.0902 0.0008 0.0000 0.0000 0.0000 0.0000 0.0000 0.0000 0.0000 0.0000
0.0902 0.7813 0.1265 0.0019 0.0000 0.0000 0.0000 0.0000 0.0000 0.0000 0.0000
0.0008 0.1265 0.6892 0.1769 0.0066 0.0000 0.0000 0.0000 0.0000 0.0000 0.0000
0.0000 0.0019 0.1769 0.6130 0.2002 0.0080 0.0000 0.0000 0.0000 0.0000 0.0000
0.0000 0.0000 0.0066 0.2002 0.5994 0.1863 0.0074 0.0000 0.0000 0.0000 0.0000
0.0000 0.0000 0.0000 0.0080 0.1863 0.5920 0.2069 0.0068 0.0000 0.0000 0.0000
0.0000 0.0000 0.0000 0.0000 0.0074 0.2069 0.6003 0.1811 0.0042 0.0000 0.0000
0.0000 0.0000 0.0000 0.0000 0.0000 0.0068 0.1811 0.6127 0.1934 0.0060 0.0000
0.0000 0.0000 0.0000 0.0000 0.0000 0.0000 0.0042 0.1934 0.6166 0.1809 0.0048
0.0000 0.0000 0.0000 0.0000 0.0000 0.0000 0.0000 0.0060 0.1809 0.6263 0.1867
0.0000 0.0000 0.0000 0.0000 0.0000 0.0000 0.0000 0.0000 0.0048 0.1867 0.8084
#DG from neighbouring lambda in kcal/mol
0.0000 0.1000 -1.0672 0.0864
0.1000 0.2000 0.8074 0.0691
0.2000 0.3000 1.3404 0.0531
0.3000 0.4000 1.7336 0.0471
0.4000 0.5000 1.8339 0.0496
0.5000 0.6000 1.8329 0.0459
0.6000 0.7000 1.8619 0.0516
0.7000 0.8000 1.6970 0.0492
0.8000 0.9000 1.8683 0.0517
0.9000 1.0000 2.0597 0.0517
#PMF from MBAR in kcal/mol
0.0000 0.0000 0.0000
0.1000 -1.0672 0.0864
0.2000 -0.2598 0.1174
0.3000 1.0805 0.1347
0.4000 2.8141 0.1475
0.5000 4.6480 0.1599
0.6000 6.4810 0.1705
0.7000 8.3429 0.1820
0.8000 10.0399 0.1925
0.9000 11.9082 0.2028
1.0000 13.9679 0.2127
#TI average gradients and standard deviation in kcal/mol
0.0000 -21.1955 24.3838
0.1000 2.2743 15.9577
0.2000 10.6510 15.5993
0.3000 16.5870 13.6840
0.4000 18.8762 12.1797
0.5000 17.0590 12.8657
0.6000 19.9126 12.9098
0.7000 16.4712 14.1279
0.8000 17.7964 13.6691
0.9000 20.0577 14.1863
1.0000 25.3514 13.8274
#PMF from TI in kcal/mol
0.0000 0.0000
0.1000 -0.9461
0.2000 -0.2998
0.3000 1.0621
0.4000 2.8353
0.5000 4.6320
0.6000 6.4806
0.7000 8.2998
0.8000 10.0132
0.9000 11.9059
1.0000 14.1763
#MBAR free energy difference in kcal/mol: 
13.967889, 0.212723  #WARNING SUBSAMPLING DISABLED, CONSIDER RERUN WITH SUBSAMPLING OPTION
#TI free energy difference in kcal/mol: 
14.176341  #WARNING SUBSAMPLING DISABLED, CONSIDER RERUN WITH SUBSAMPLING OPTION 
Starting /export/users/common/BioSimSpace/sire.app/bin/analyse_freenrg: number of threads equals 32
