# Analysing data contained in file(s) ['lambda_0.0000/simfile_snipped.dat', 'lambda_0.1000/simfile_snipped.dat', 'lambda_0.2000/simfile_snipped.dat', 'lambda_0.3000/simfile_snipped.dat', 'lambda_0.4000/simfile_snipped.dat', 'lambda_0.5000/simfile_snipped.dat', 'lambda_0.6000/simfile_snipped.dat', 'lambda_0.7000/simfile_snipped.dat', 'lambda_0.8000/simfile_snipped.dat', 'lambda_0.9000/simfile_snipped.dat', 'lambda_1.0000/simfile_snipped.dat']
#Overlap matrix
1.0000 0.0000 0.0000 0.0000 0.0000 0.0000 0.0000 0.0000 0.0000 0.0000 0.0000
0.0000 0.9863 0.0137 0.0000 0.0000 0.0000 0.0000 0.0000 0.0000 0.0000 0.0000
0.0000 0.0137 0.9075 0.0786 0.0003 0.0000 0.0000 0.0000 0.0000 0.0000 0.0000
0.0000 0.0000 0.0786 0.7588 0.1615 0.0011 0.0000 0.0000 0.0000 0.0000 0.0000
0.0000 0.0000 0.0003 0.1615 0.6970 0.1396 0.0017 0.0000 0.0000 0.0000 0.0000
0.0000 0.0000 0.0000 0.0011 0.1396 0.6964 0.1622 0.0007 0.0000 0.0000 0.0000
0.0000 0.0000 0.0000 0.0000 0.0017 0.1622 0.7082 0.1277 0.0003 0.0000 0.0000
0.0000 0.0000 0.0000 0.0000 0.0000 0.0007 0.1277 0.7589 0.1127 0.0000 0.0000
0.0000 0.0000 0.0000 0.0000 0.0000 0.0000 0.0003 0.1127 0.8536 0.0335 0.0000
0.0000 0.0000 0.0000 0.0000 0.0000 0.0000 0.0000 0.0000 0.0335 0.9665 0.0000
0.0000 0.0000 0.0000 0.0000 0.0000 0.0000 0.0000 0.0000 0.0000 0.0000 1.0000
#DG from neighbouring lambda in kcal/mol
0.0000 0.1000 43.3817 0.2450
0.1000 0.2000 11.2624 0.2432
0.2000 0.3000 5.0989 0.0942
0.3000 0.4000 2.7600 0.0586
0.4000 0.5000 1.1486 0.0646
0.5000 0.6000 -0.3018 0.0582
0.6000 0.7000 -2.2700 0.0692
0.7000 0.8000 -4.6168 0.0754
0.8000 0.9000 -8.9575 0.1522
0.9000 1.0000 -100.9274 0.1751
#PMF from MBAR in kcal/mol
0.0000 0.0000 0.0000
0.1000 43.3817 0.2450
0.2000 54.6441 0.1129
0.3000 59.7430 0.0832
0.4000 62.5030 0.0725
0.5000 63.6516 0.0681
0.6000 63.3498 0.0718
0.7000 61.0797 0.0854
0.8000 56.4629 0.1065
0.9000 47.5054 0.1751
1.0000 -53.4219 0.0000
#TI average gradients and standard deviation in kcal/mol
0.0000 2230.5310 97.3624
0.1000 176.9367 36.7972
0.2000 70.6437 21.2353
0.3000 34.8965 17.1995
0.4000 20.8584 15.2292
0.5000 3.1179 14.2965
0.6000 -11.0390 16.3311
0.7000 -35.0253 16.9271
0.8000 -60.7846 20.6599
0.9000 -133.7415 31.8215
1.0000 -1768.3631 79.8980
#PMF from TI in kcal/mol
0.0000 0.0000
0.1000 120.3734
0.2000 132.7524
0.3000 138.0294
0.4000 140.8172
0.5000 142.0160
0.6000 141.6199
0.7000 139.3167
0.8000 134.5262
0.9000 124.7999
1.0000 29.6947
#MBAR free energy difference in kcal/mol: 
-53.421932, 0.000000  #WARNING SUBSAMPLING DISABLED, CONSIDER RERUN WITH SUBSAMPLING OPTION
#TI free energy difference in kcal/mol: 
29.694691  #WARNING SUBSAMPLING DISABLED, CONSIDER RERUN WITH SUBSAMPLING OPTION 
Starting /export/users/common/BioSimSpace/sire.app/bin/analyse_freenrg: number of threads equals 32
