# Analysing data contained in file(s) ['lambda_0.0000/simfile_snipped.dat', 'lambda_0.1000/simfile_snipped.dat', 'lambda_0.2000/simfile_snipped.dat', 'lambda_0.3000/simfile_snipped.dat', 'lambda_0.4000/simfile_snipped.dat', 'lambda_0.5000/simfile_snipped.dat', 'lambda_0.6000/simfile_snipped.dat', 'lambda_0.7000/simfile_snipped.dat', 'lambda_0.8000/simfile_snipped.dat', 'lambda_0.9000/simfile_snipped.dat', 'lambda_1.0000/simfile_snipped.dat']
#Overlap matrix
0.9934 0.0066 0.0000 0.0000 0.0000 0.0000 0.0000 0.0000 0.0000 0.0000 0.0000
0.0066 0.9841 0.0093 0.0000 0.0000 0.0000 0.0000 0.0000 0.0000 0.0000 0.0000
0.0000 0.0093 0.9750 0.0157 0.0000 0.0000 0.0000 0.0000 0.0000 0.0000 0.0000
0.0000 0.0000 0.0157 0.9706 0.0137 0.0000 0.0000 0.0000 0.0000 0.0000 0.0000
0.0000 0.0000 0.0000 0.0137 0.9768 0.0095 0.0000 0.0000 0.0000 0.0000 0.0000
0.0000 0.0000 0.0000 0.0000 0.0095 0.9848 0.0057 0.0000 0.0000 0.0000 0.0000
0.0000 0.0000 0.0000 0.0000 0.0000 0.0057 0.9882 0.0061 0.0000 0.0000 0.0000
0.0000 0.0000 0.0000 0.0000 0.0000 0.0000 0.0061 0.9817 0.0121 0.0000 0.0000
0.0000 0.0000 0.0000 0.0000 0.0000 0.0000 0.0000 0.0121 0.9776 0.0102 0.0000
0.0000 0.0000 0.0000 0.0000 0.0000 0.0000 0.0000 0.0000 0.0102 0.9850 0.0047
0.0000 0.0000 0.0000 0.0000 0.0000 0.0000 0.0000 0.0000 0.0000 0.0047 0.9953
#DG from neighbouring lambda in kcal/mol
0.0000 0.1000 -2.1108 0.3520
0.1000 0.2000 -2.6371 0.2956
0.2000 0.3000 -3.0168 0.2265
0.3000 0.4000 -2.2306 0.2424
0.4000 0.5000 -1.1548 0.2928
0.5000 0.6000 -0.7164 0.3796
0.6000 0.7000 -2.0448 0.3654
0.7000 0.8000 -2.0428 0.2582
0.8000 0.9000 -1.1684 0.2823
0.9000 1.0000 0.4378 0.4162
#PMF from MBAR in kcal/mol
0.0000 0.0000 0.0000
0.1000 -2.1108 0.3520
0.2000 -4.7478 0.4614
0.3000 -7.7646 0.5156
0.4000 -9.9952 0.5712
0.5000 -11.1500 0.6432
0.6000 -11.8664 0.7480
0.7000 -13.9111 0.8334
0.8000 -15.9540 0.8735
0.9000 -17.1224 0.9189
1.0000 -16.6846 1.0096
#TI average gradients and standard deviation in kcal/mol
0.0000 69459.3413 1010909.4941
0.1000 -24.5641 29.5196
0.2000 -27.2827 29.4003
0.3000 -29.2284 29.3302
0.4000 -16.3292 31.4573
0.5000 -6.9435 33.4973
0.6000 -11.6680 32.7558
0.7000 -23.1510 30.4773
0.8000 -18.9508 31.6978
0.9000 -0.1241 34.0107
1.0000 19.3226 36.0850
#PMF from TI in kcal/mol
0.0000 0.0000
0.1000 3471.7389
0.2000 3469.1465
0.3000 3466.3210
0.4000 3464.0431
0.5000 3462.8795
0.6000 3461.9489
0.7000 3460.2079
0.8000 3458.1028
0.9000 3457.1491
1.0000 3458.1090
#MBAR free energy difference in kcal/mol: 
-16.684562, 1.009557  #WARNING SUBSAMPLING DISABLED, CONSIDER RERUN WITH SUBSAMPLING OPTION
#TI free energy difference in kcal/mol: 
3458.109018  #WARNING SUBSAMPLING DISABLED, CONSIDER RERUN WITH SUBSAMPLING OPTION 
Starting /export/users/common/BioSimSpace/sire.app/bin/analyse_freenrg: number of threads equals 32
