# Analysing data contained in file(s) ['lambda_0.0000/simfile_snipped.dat', 'lambda_0.1000/simfile_snipped.dat', 'lambda_0.2000/simfile_snipped.dat', 'lambda_0.3000/simfile_snipped.dat', 'lambda_0.4000/simfile_snipped.dat', 'lambda_0.5000/simfile_snipped.dat', 'lambda_0.6000/simfile_snipped.dat', 'lambda_0.7000/simfile_snipped.dat', 'lambda_0.8000/simfile_snipped.dat', 'lambda_0.9000/simfile_snipped.dat', 'lambda_1.0000/simfile_snipped.dat']
#Overlap matrix
0.9601 0.0398 0.0000 0.0000 0.0000 0.0000 0.0000 0.0000 0.0000 0.0000 0.0000
0.0398 0.8671 0.0930 0.0001 0.0000 0.0000 0.0000 0.0000 0.0000 0.0000 0.0000
0.0000 0.0930 0.8183 0.0885 0.0002 0.0000 0.0000 0.0000 0.0000 0.0000 0.0000
0.0000 0.0001 0.0885 0.8255 0.0859 0.0000 0.0000 0.0000 0.0000 0.0000 0.0000
0.0000 0.0000 0.0002 0.0859 0.9106 0.0033 0.0000 0.0000 0.0000 0.0000 0.0000
0.0000 0.0000 0.0000 0.0000 0.0033 0.9793 0.0174 0.0000 0.0000 0.0000 0.0000
0.0000 0.0000 0.0000 0.0000 0.0000 0.0174 0.9559 0.0267 0.0000 0.0000 0.0000
0.0000 0.0000 0.0000 0.0000 0.0000 0.0000 0.0267 0.9528 0.0205 0.0000 0.0000
0.0000 0.0000 0.0000 0.0000 0.0000 0.0000 0.0000 0.0205 0.9561 0.0234 0.0000
0.0000 0.0000 0.0000 0.0000 0.0000 0.0000 0.0000 0.0000 0.0234 0.9620 0.0146
0.0000 0.0000 0.0000 0.0000 0.0000 0.0000 0.0000 0.0000 0.0000 0.0146 0.9854
#DG from neighbouring lambda in kcal/mol
0.0000 0.1000 5.1085 0.1385
0.1000 0.2000 2.1103 0.0852
0.2000 0.3000 -0.4763 0.0877
0.3000 0.4000 0.0273 0.0893
0.4000 0.5000 4.7252 0.4985
0.5000 0.6000 2.4119 0.2147
0.6000 0.7000 2.4537 0.1715
0.7000 0.8000 2.5809 0.1970
0.8000 0.9000 3.4743 0.1839
0.9000 1.0000 9.4896 0.2347
#PMF from MBAR in kcal/mol
0.0000 0.0000 0.0000
0.1000 5.1085 0.1385
0.2000 7.2188 0.1676
0.3000 6.7425 0.1935
0.4000 6.7698 0.2169
0.5000 11.4951 0.5450
0.6000 13.9070 0.5872
0.7000 16.3607 0.6131
0.8000 18.9415 0.6452
0.9000 22.4158 0.6722
1.0000 31.9054 0.7131
#TI average gradients and standard deviation in kcal/mol
0.0000 5760.4027 98298.3926
0.1000 33.4496 17.3798
0.2000 6.7494 18.1926
0.3000 -13.9319 19.1272
0.4000 31.5825 23.1977
0.5000 29.2057 30.3482
0.6000 22.5650 26.8621
0.7000 27.4321 27.9611
0.8000 24.0531 25.7197
0.9000 50.2279 27.5143
1.0000 156.6335 32.2822
#PMF from TI in kcal/mol
0.0000 0.0000
0.1000 289.6926
0.2000 291.7026
0.3000 291.3434
0.4000 292.2260
0.5000 295.2654
0.6000 297.8539
0.7000 300.3538
0.8000 302.9280
0.9000 306.6421
1.0000 316.9852
#MBAR free energy difference in kcal/mol: 
31.905373, 0.713124  #WARNING SUBSAMPLING DISABLED, CONSIDER RERUN WITH SUBSAMPLING OPTION
#TI free energy difference in kcal/mol: 
316.985155  #WARNING SUBSAMPLING DISABLED, CONSIDER RERUN WITH SUBSAMPLING OPTION 
Starting /export/users/common/BioSimSpace/sire.app/bin/analyse_freenrg: number of threads equals 32
