# Analysing data contained in file(s) ['lambda_0.0000/simfile_snipped.dat', 'lambda_0.1000/simfile_snipped.dat', 'lambda_0.2000/simfile_snipped.dat', 'lambda_0.3000/simfile_snipped.dat', 'lambda_0.4000/simfile_snipped.dat', 'lambda_0.5000/simfile_snipped.dat', 'lambda_0.6000/simfile_snipped.dat', 'lambda_0.7000/simfile_snipped.dat', 'lambda_0.8000/simfile_snipped.dat', 'lambda_0.9000/simfile_snipped.dat', 'lambda_1.0000/simfile_snipped.dat']
#Overlap matrix
0.9425 0.0575 0.0000 0.0000 0.0000 0.0000 0.0000 0.0000 0.0000 0.0000 0.0000
0.0575 0.8786 0.0639 0.0001 0.0000 0.0000 0.0000 0.0000 0.0000 0.0000 0.0000
0.0000 0.0639 0.8674 0.0686 0.0000 0.0000 0.0000 0.0000 0.0000 0.0000 0.0000
0.0000 0.0001 0.0686 0.8728 0.0585 0.0000 0.0000 0.0000 0.0000 0.0000 0.0000
0.0000 0.0000 0.0000 0.0585 0.8809 0.0603 0.0001 0.0000 0.0000 0.0000 0.0000
0.0000 0.0000 0.0000 0.0000 0.0603 0.8456 0.0940 0.0000 0.0000 0.0000 0.0000
0.0000 0.0000 0.0000 0.0000 0.0001 0.0940 0.9058 0.0000 0.0000 0.0000 0.0000
0.0000 0.0000 0.0000 0.0000 0.0000 0.0000 0.0000 0.9835 0.0165 0.0000 0.0000
0.0000 0.0000 0.0000 0.0000 0.0000 0.0000 0.0000 0.0165 0.9692 0.0144 0.0000
0.0000 0.0000 0.0000 0.0000 0.0000 0.0000 0.0000 0.0000 0.0144 0.9624 0.0232
0.0000 0.0000 0.0000 0.0000 0.0000 0.0000 0.0000 0.0000 0.0000 0.0232 0.9768
#DG from neighbouring lambda in kcal/mol
0.0000 0.1000 -1.9791 0.1131
0.1000 0.2000 -1.1898 0.1064
0.2000 0.3000 -3.1320 0.1021
0.3000 0.4000 -6.8283 0.1119
0.4000 0.5000 -11.0949 0.1098
0.5000 0.6000 -10.8268 0.0846
0.6000 0.7000 -0.6950 5.5055
0.7000 0.8000 -6.2977 0.2209
0.8000 0.9000 -7.4089 0.2370
0.9000 1.0000 -9.9937 0.1846
#PMF from MBAR in kcal/mol
0.0000 0.0000 0.0000
0.1000 -1.9791 0.1131
0.2000 -3.1689 0.1605
0.3000 -6.3009 0.1945
0.4000 -13.1292 0.2280
0.5000 -24.2241 0.2563
0.6000 -35.0509 0.2729
0.7000 -35.7459 5.5118
0.8000 -42.0436 5.5164
0.9000 -49.4525 5.5216
1.0000 -59.4461 5.5249
#TI average gradients and standard deviation in kcal/mol
0.0000 -13.2329 479.3768
0.1000 -7.6092 23.6839
0.2000 -18.4274 22.0502
0.3000 -47.4266 21.7939
0.4000 -91.1482 23.4607
0.5000 -126.2273 21.3991
0.6000 -59.3251 21.1189
0.7000 -68.1771 23.4537
0.8000 -67.9125 28.1392
0.9000 -86.4467 28.3496
1.0000 -91.7579 28.8382
#PMF from TI in kcal/mol
0.0000 0.0000
0.1000 -1.0421
0.2000 -2.3439
0.3000 -5.6366
0.4000 -12.5654
0.5000 -23.4341
0.6000 -32.7118
0.7000 -39.0869
0.8000 -45.8913
0.9000 -53.6093
1.0000 -62.5195
#MBAR free energy difference in kcal/mol: 
-59.446131, 5.524878  #WARNING SUBSAMPLING DISABLED, CONSIDER RERUN WITH SUBSAMPLING OPTION
#TI free energy difference in kcal/mol: 
-62.519537  #WARNING SUBSAMPLING DISABLED, CONSIDER RERUN WITH SUBSAMPLING OPTION 
Starting /export/users/common/BioSimSpace/sire.app/bin/analyse_freenrg: number of threads equals 32
