# Analysing data contained in file(s) ['lambda_0.0000/simfile_snipped.dat', 'lambda_0.1000/simfile_snipped.dat', 'lambda_0.2000/simfile_snipped.dat', 'lambda_0.3000/simfile_snipped.dat', 'lambda_0.4000/simfile_snipped.dat', 'lambda_0.5000/simfile_snipped.dat', 'lambda_0.6000/simfile_snipped.dat', 'lambda_0.7000/simfile_snipped.dat', 'lambda_0.8000/simfile_snipped.dat', 'lambda_0.9000/simfile_snipped.dat', 'lambda_1.0000/simfile_snipped.dat']
#Overlap matrix
0.9855 0.0145 0.0000 0.0000 0.0000 0.0000 0.0000 0.0000 0.0000 0.0000 0.0000
0.0145 0.9757 0.0099 0.0000 0.0000 0.0000 0.0000 0.0000 0.0000 0.0000 0.0000
0.0000 0.0099 0.9699 0.0202 0.0000 0.0000 0.0000 0.0000 0.0000 0.0000 0.0000
0.0000 0.0000 0.0202 0.9798 0.0000 0.0000 0.0000 0.0000 0.0000 0.0000 0.0000
0.0000 0.0000 0.0000 0.0000 0.8958 0.1040 0.0001 0.0000 0.0000 0.0000 0.0000
0.0000 0.0000 0.0000 0.0000 0.1040 0.8085 0.0873 0.0001 0.0000 0.0000 0.0000
0.0000 0.0000 0.0000 0.0000 0.0001 0.0873 0.8419 0.0706 0.0000 0.0000 0.0000
0.0000 0.0000 0.0000 0.0000 0.0000 0.0001 0.0706 0.8814 0.0480 0.0000 0.0000
0.0000 0.0000 0.0000 0.0000 0.0000 0.0000 0.0000 0.0480 0.9025 0.0495 0.0000
0.0000 0.0000 0.0000 0.0000 0.0000 0.0000 0.0000 0.0000 0.0495 0.8980 0.0524
0.0000 0.0000 0.0000 0.0000 0.0000 0.0000 0.0000 0.0000 0.0000 0.0524 0.9475
#DG from neighbouring lambda in kcal/mol
0.0000 0.1000 -1.4413 0.2362
0.1000 0.2000 -1.0672 0.2869
0.2000 0.3000 -0.4292 0.1986
0.3000 0.4000 -3.5422 5.5603
0.4000 0.5000 5.1579 0.0794
0.5000 0.6000 6.0796 0.0884
0.6000 0.7000 4.8165 0.1005
0.7000 0.8000 4.4958 0.1251
0.8000 0.9000 4.2995 0.1229
0.9000 1.0000 5.2335 0.1190
#PMF from MBAR in kcal/mol
0.0000 0.0000 0.0000
0.1000 -1.4413 0.2362
0.2000 -2.5086 0.3738
0.3000 -2.9377 0.4253
0.4000 -6.4800 5.5767
0.5000 -1.3221 5.5774
0.6000 4.7575 5.5782
0.7000 9.5741 5.5793
0.8000 14.0699 5.5808
0.9000 18.3694 5.5823
1.0000 23.6029 5.5838
#TI average gradients and standard deviation in kcal/mol
0.0000 -26.0156 29.1944
0.1000 -10.9813 30.3451
0.2000 -12.0022 31.3563
0.3000 14.1990 24.0429
0.4000 5.6458 21.8250
0.5000 69.8087 19.2879
0.6000 52.3785 18.0917
0.7000 44.6706 22.7655
0.8000 42.9810 24.2761
0.9000 46.5023 23.5286
1.0000 64.4864 23.3467
#PMF from TI in kcal/mol
0.0000 0.0000
0.1000 -1.8498
0.2000 -2.9990
0.3000 -2.8892
0.4000 -1.8969
0.5000 1.8758
0.6000 7.9851
0.7000 12.8376
0.8000 17.2202
0.9000 21.6943
1.0000 27.2438
#MBAR free energy difference in kcal/mol: 
23.602897, 5.583752  #WARNING SUBSAMPLING DISABLED, CONSIDER RERUN WITH SUBSAMPLING OPTION
#TI free energy difference in kcal/mol: 
27.243784  #WARNING SUBSAMPLING DISABLED, CONSIDER RERUN WITH SUBSAMPLING OPTION 
Starting /export/users/common/BioSimSpace/sire.app/bin/analyse_freenrg: number of threads equals 32
