# Analysing data contained in file(s) ['lambda_0.0000/simfile_snipped.dat', 'lambda_0.1000/simfile_snipped.dat', 'lambda_0.2000/simfile_snipped.dat', 'lambda_0.3000/simfile_snipped.dat', 'lambda_0.4000/simfile_snipped.dat', 'lambda_0.5000/simfile_snipped.dat', 'lambda_0.6000/simfile_snipped.dat', 'lambda_0.7000/simfile_snipped.dat', 'lambda_0.8000/simfile_snipped.dat', 'lambda_0.9000/simfile_snipped.dat', 'lambda_1.0000/simfile_snipped.dat']
#Overlap matrix
0.7646 0.2227 0.0125 0.0001 0.0000 0.0000 0.0000 0.0000 0.0000 0.0000 0.0000
0.2227 0.5493 0.2190 0.0090 0.0000 0.0000 0.0000 0.0000 0.0000 0.0000 0.0000
0.0125 0.2190 0.5875 0.1754 0.0054 0.0002 0.0000 0.0000 0.0000 0.0000 0.0000
0.0001 0.0090 0.1754 0.6139 0.1919 0.0096 0.0001 0.0000 0.0000 0.0000 0.0000
0.0000 0.0000 0.0054 0.1919 0.6989 0.1034 0.0004 0.0000 0.0000 0.0000 0.0000
0.0000 0.0000 0.0002 0.0096 0.1034 0.8359 0.0508 0.0001 0.0000 0.0000 0.0000
0.0000 0.0000 0.0000 0.0001 0.0004 0.0508 0.9114 0.0373 0.0000 0.0000 0.0000
0.0000 0.0000 0.0000 0.0000 0.0000 0.0001 0.0373 0.9300 0.0325 0.0000 0.0000
0.0000 0.0000 0.0000 0.0000 0.0000 0.0000 0.0000 0.0325 0.9359 0.0316 0.0000
0.0000 0.0000 0.0000 0.0000 0.0000 0.0000 0.0000 0.0000 0.0316 0.9363 0.0321
0.0000 0.0000 0.0000 0.0000 0.0000 0.0000 0.0000 0.0000 0.0000 0.0321 0.9679
#DG from neighbouring lambda in kcal/mol
0.0000 0.1000 9.3644 0.0433
0.1000 0.2000 6.6998 0.0425
0.2000 0.3000 3.7032 0.0521
0.3000 0.4000 0.8588 0.0486
0.4000 0.5000 0.7317 0.0753
0.5000 0.6000 0.2040 0.1204
0.6000 0.7000 0.0367 0.1432
0.7000 0.8000 -1.3910 0.1545
0.8000 0.9000 -2.2765 0.1570
0.9000 1.0000 -2.4095 0.1555
#PMF from MBAR in kcal/mol
0.0000 0.0000 0.0000
0.1000 9.3644 0.0433
0.2000 16.0643 0.0705
0.3000 19.7675 0.0951
0.4000 20.6263 0.1133
0.5000 21.3580 0.1395
0.6000 21.5620 0.1884
0.7000 21.5988 0.2399
0.8000 20.2078 0.2882
0.9000 17.9312 0.3307
1.0000 15.5218 0.3677
#TI average gradients and standard deviation in kcal/mol
0.0000 89.9301 12.6025
0.1000 80.9739 12.2673
0.2000 53.6451 12.4925
0.3000 20.0477 14.2465
0.4000 3.4215 13.1148
0.5000 7.2613 22.9046
0.6000 0.0422 23.1696
0.7000 -3.5065 27.2275
0.8000 -16.9953 24.9297
0.9000 -25.2227 25.3699
1.0000 -8.5016 24.3190
#PMF from TI in kcal/mol
0.0000 0.0000
0.1000 8.5452
0.2000 15.2761
0.3000 18.9608
0.4000 20.1342
0.5000 20.6684
0.6000 21.0336
0.7000 20.8603
0.8000 19.8352
0.9000 17.7243
1.0000 16.0381
#MBAR free energy difference in kcal/mol: 
15.521783, 0.367689  #WARNING SUBSAMPLING DISABLED, CONSIDER RERUN WITH SUBSAMPLING OPTION
#TI free energy difference in kcal/mol: 
16.038132  #WARNING SUBSAMPLING DISABLED, CONSIDER RERUN WITH SUBSAMPLING OPTION 
Starting /export/users/common/BioSimSpace/sire.app/bin/analyse_freenrg: number of threads equals 32
