# Analysing data contained in file(s) ['lambda_0.0000/simfile_snipped.dat', 'lambda_0.1000/simfile_snipped.dat', 'lambda_0.2000/simfile_snipped.dat', 'lambda_0.3000/simfile_snipped.dat', 'lambda_0.4000/simfile_snipped.dat', 'lambda_0.5000/simfile_snipped.dat', 'lambda_0.6000/simfile_snipped.dat', 'lambda_0.7000/simfile_snipped.dat', 'lambda_0.8000/simfile_snipped.dat', 'lambda_0.9000/simfile_snipped.dat', 'lambda_1.0000/simfile_snipped.dat']
#Overlap matrix
0.9529 0.0471 0.0000 0.0000 0.0000 0.0000 0.0000 0.0000 0.0000 0.0000 0.0000
0.0471 0.9036 0.0493 0.0000 0.0000 0.0000 0.0000 0.0000 0.0000 0.0000 0.0000
0.0000 0.0493 0.9069 0.0437 0.0001 0.0000 0.0000 0.0000 0.0000 0.0000 0.0000
0.0000 0.0000 0.0437 0.9092 0.0464 0.0006 0.0001 0.0000 0.0000 0.0000 0.0000
0.0000 0.0000 0.0001 0.0464 0.8274 0.1145 0.0109 0.0008 0.0000 0.0000 0.0000
0.0000 0.0000 0.0000 0.0006 0.1145 0.6597 0.2103 0.0147 0.0001 0.0000 0.0000
0.0000 0.0000 0.0000 0.0001 0.0109 0.2103 0.5856 0.1864 0.0066 0.0000 0.0000
0.0000 0.0000 0.0000 0.0000 0.0008 0.0147 0.1864 0.6134 0.1806 0.0041 0.0000
0.0000 0.0000 0.0000 0.0000 0.0000 0.0001 0.0066 0.1806 0.6418 0.1689 0.0019
0.0000 0.0000 0.0000 0.0000 0.0000 0.0000 0.0000 0.0041 0.1689 0.6886 0.1384
0.0000 0.0000 0.0000 0.0000 0.0000 0.0000 0.0000 0.0000 0.0019 0.1384 0.8597
#DG from neighbouring lambda in kcal/mol
0.0000 0.1000 -4.6276 0.1263
0.1000 0.2000 -1.7771 0.1232
0.2000 0.3000 -0.1983 0.1315
0.3000 0.4000 2.4312 0.1263
0.4000 0.5000 5.3744 0.0701
0.5000 0.6000 8.3210 0.0433
0.6000 0.7000 9.5841 0.0484
0.7000 0.8000 9.6032 0.0518
0.8000 0.9000 9.6872 0.0556
0.9000 1.0000 9.8483 0.0653
#PMF from MBAR in kcal/mol
0.0000 0.0000 0.0000
0.1000 -4.6276 0.1263
0.2000 -6.4048 0.1810
0.3000 -6.6031 0.2274
0.4000 -4.1719 0.2631
0.5000 1.2025 0.2749
0.6000 9.5235 0.2801
0.7000 19.1075 0.2863
0.8000 28.7107 0.2933
0.9000 38.3979 0.3010
1.0000 48.2463 0.3104
#TI average gradients and standard deviation in kcal/mol
0.0000 -62.4829 24.7742
0.1000 -28.8634 22.4703
0.2000 -11.7261 25.8816
0.3000 12.7121 23.4480
0.4000 37.0907 19.7491
0.5000 67.0216 16.0827
0.6000 94.5203 11.1131
0.7000 94.9869 12.1294
0.8000 95.9931 14.6611
0.9000 97.5212 15.9842
1.0000 104.9617 18.4537
#PMF from TI in kcal/mol
0.0000 0.0000
0.1000 -4.5673
0.2000 -6.5968
0.3000 -6.5475
0.4000 -4.0573
0.5000 1.1483
0.6000 9.2254
0.7000 18.7007
0.8000 28.2497
0.9000 37.9254
1.0000 48.0496
#MBAR free energy difference in kcal/mol: 
48.246251, 0.310435  #WARNING SUBSAMPLING DISABLED, CONSIDER RERUN WITH SUBSAMPLING OPTION
#TI free energy difference in kcal/mol: 
48.049576  #WARNING SUBSAMPLING DISABLED, CONSIDER RERUN WITH SUBSAMPLING OPTION 
Starting /export/users/common/BioSimSpace/sire.app/bin/analyse_freenrg: number of threads equals 32
