# Analysing data contained in file(s) ['lambda_0.0000/simfile_snipped.dat', 'lambda_0.1000/simfile_snipped.dat', 'lambda_0.2000/simfile_snipped.dat', 'lambda_0.3000/simfile_snipped.dat', 'lambda_0.4000/simfile_snipped.dat', 'lambda_0.5000/simfile_snipped.dat', 'lambda_0.6000/simfile_snipped.dat', 'lambda_0.7000/simfile_snipped.dat', 'lambda_0.8000/simfile_snipped.dat', 'lambda_0.9000/simfile_snipped.dat', 'lambda_1.0000/simfile_snipped.dat']
#Overlap matrix
0.9669 0.0331 0.0000 0.0000 0.0000 0.0000 0.0000 0.0000 0.0000 0.0000 0.0000
0.0331 0.9153 0.0515 0.0000 0.0000 0.0000 0.0000 0.0000 0.0000 0.0000 0.0000
0.0000 0.0515 0.8880 0.0604 0.0001 0.0000 0.0000 0.0000 0.0000 0.0000 0.0000
0.0000 0.0000 0.0604 0.8702 0.0693 0.0001 0.0000 0.0000 0.0000 0.0000 0.0000
0.0000 0.0000 0.0001 0.0693 0.8551 0.0754 0.0001 0.0000 0.0000 0.0000 0.0000
0.0000 0.0000 0.0000 0.0001 0.0754 0.8683 0.0557 0.0005 0.0000 0.0000 0.0000
0.0000 0.0000 0.0000 0.0000 0.0001 0.0557 0.8181 0.1257 0.0005 0.0000 0.0000
0.0000 0.0000 0.0000 0.0000 0.0000 0.0005 0.1257 0.7599 0.1138 0.0002 0.0000
0.0000 0.0000 0.0000 0.0000 0.0000 0.0000 0.0005 0.1138 0.7775 0.1082 0.0000
0.0000 0.0000 0.0000 0.0000 0.0000 0.0000 0.0000 0.0002 0.1082 0.8506 0.0410
0.0000 0.0000 0.0000 0.0000 0.0000 0.0000 0.0000 0.0000 0.0000 0.0410 0.9590
#DG from neighbouring lambda in kcal/mol
0.0000 0.1000 -5.9920 0.1530
0.1000 0.2000 -2.0331 0.1202
0.2000 0.3000 -0.4960 0.1099
0.3000 0.4000 -0.2495 0.1014
0.4000 0.5000 -0.2871 0.0966
0.5000 0.6000 -0.8194 0.1145
0.6000 0.7000 0.2205 0.0700
0.7000 0.8000 0.3174 0.0748
0.8000 0.9000 -0.8727 0.0775
0.9000 1.0000 -2.9242 0.1363
#PMF from MBAR in kcal/mol
0.0000 0.0000 0.0000
0.1000 -5.9920 0.1530
0.2000 -8.0251 0.1988
0.3000 -8.5211 0.2307
0.4000 -8.7706 0.2553
0.5000 -9.0577 0.2759
0.6000 -9.8771 0.3014
0.7000 -9.6566 0.3119
0.8000 -9.3392 0.3233
0.9000 -10.2119 0.3349
1.0000 -13.1361 0.3638
#TI average gradients and standard deviation in kcal/mol
0.0000 -101.5111 28.6741
0.1000 -32.1914 23.4368
0.2000 -9.4945 21.7145
0.3000 -2.6196 20.0261
0.4000 -2.9031 20.4274
0.5000 -5.4741 21.7340
0.6000 -7.6674 19.8237
0.7000 6.8189 16.8238
0.8000 -2.5014 18.2964
0.9000 -14.0291 17.4464
1.0000 -37.6113 19.6084
#PMF from TI in kcal/mol
0.0000 0.0000
0.1000 -6.6851
0.2000 -8.7694
0.3000 -9.3751
0.4000 -9.6513
0.5000 -10.0701
0.6000 -10.7272
0.7000 -10.7696
0.8000 -10.5538
0.9000 -11.3803
1.0000 -13.9623
#MBAR free energy difference in kcal/mol: 
-13.136107, 0.363815  #WARNING SUBSAMPLING DISABLED, CONSIDER RERUN WITH SUBSAMPLING OPTION
#TI free energy difference in kcal/mol: 
-13.962299  #WARNING SUBSAMPLING DISABLED, CONSIDER RERUN WITH SUBSAMPLING OPTION 
Starting /export/users/common/BioSimSpace/sire.app/bin/analyse_freenrg: number of threads equals 32
