# Analysing data contained in file(s) ['lambda_0.0000/simfile_snipped.dat', 'lambda_0.1000/simfile_snipped.dat', 'lambda_0.2000/simfile_snipped.dat', 'lambda_0.3000/simfile_snipped.dat', 'lambda_0.4000/simfile_snipped.dat', 'lambda_0.5000/simfile_snipped.dat', 'lambda_0.6000/simfile_snipped.dat', 'lambda_0.7000/simfile_snipped.dat', 'lambda_0.8000/simfile_snipped.dat', 'lambda_0.9000/simfile_snipped.dat', 'lambda_1.0000/simfile_snipped.dat']
#Overlap matrix
0.9062 0.0935 0.0003 0.0000 0.0000 0.0000 0.0000 0.0000 0.0000 0.0000 0.0000
0.0935 0.8059 0.1002 0.0003 0.0000 0.0000 0.0000 0.0000 0.0000 0.0000 0.0000
0.0003 0.1002 0.7864 0.1123 0.0007 0.0000 0.0000 0.0000 0.0000 0.0000 0.0000
0.0000 0.0003 0.1123 0.7679 0.1187 0.0008 0.0000 0.0000 0.0000 0.0000 0.0000
0.0000 0.0000 0.0007 0.1187 0.7505 0.1282 0.0019 0.0000 0.0000 0.0000 0.0000
0.0000 0.0000 0.0000 0.0008 0.1282 0.7013 0.1671 0.0026 0.0000 0.0000 0.0000
0.0000 0.0000 0.0000 0.0000 0.0019 0.1671 0.6601 0.1680 0.0029 0.0000 0.0000
0.0000 0.0000 0.0000 0.0000 0.0000 0.0026 0.1680 0.6507 0.1761 0.0026 0.0000
0.0000 0.0000 0.0000 0.0000 0.0000 0.0000 0.0029 0.1761 0.6470 0.1706 0.0033
0.0000 0.0000 0.0000 0.0000 0.0000 0.0000 0.0000 0.0026 0.1706 0.6552 0.1716
0.0000 0.0000 0.0000 0.0000 0.0000 0.0000 0.0000 0.0000 0.0033 0.1716 0.8250
#DG from neighbouring lambda in kcal/mol
0.0000 0.1000 4.1130 0.0848
0.1000 0.2000 -0.1576 0.0811
0.2000 0.3000 -5.2248 0.0753
0.3000 0.4000 -10.0693 0.0725
0.4000 0.5000 -15.0939 0.0684
0.5000 0.6000 -19.8681 0.0564
0.6000 0.7000 -24.7163 0.0559
0.7000 0.8000 -29.8335 0.0540
0.8000 0.9000 -35.1601 0.0552
0.9000 1.0000 -40.3913 0.0556
#PMF from MBAR in kcal/mol
0.0000 0.0000 0.0000
0.1000 4.1130 0.0848
0.2000 3.9554 0.1240
0.3000 -1.2694 0.1505
0.4000 -11.3387 0.1717
0.5000 -26.4326 0.1890
0.6000 -46.3007 0.2011
0.7000 -71.0170 0.2123
0.8000 -100.8506 0.2225
0.9000 -136.0107 0.2325
1.0000 -176.4020 0.2421
#TI average gradients and standard deviation in kcal/mol
0.0000 58.1801 19.5050
0.1000 22.3286 17.8465
0.2000 -26.9922 18.8525
0.3000 -76.1763 16.6887
0.4000 -125.6006 16.5151
0.5000 -176.0767 15.6716
0.6000 -222.4462 16.5829
0.7000 -272.0482 14.9705
0.8000 -324.6494 14.8355
0.9000 -377.3795 13.9545
1.0000 -424.2955 14.3086
#PMF from TI in kcal/mol
0.0000 0.0000
0.1000 4.0254
0.2000 3.7923
0.3000 -1.3662
0.4000 -11.4550
0.5000 -26.5389
0.6000 -46.4650
0.7000 -71.1897
0.8000 -101.0246
0.9000 -136.1261
1.0000 -176.2098
#MBAR free energy difference in kcal/mol: 
-176.402013, 0.242148  #WARNING SUBSAMPLING DISABLED, CONSIDER RERUN WITH SUBSAMPLING OPTION
#TI free energy difference in kcal/mol: 
-176.209821  #WARNING SUBSAMPLING DISABLED, CONSIDER RERUN WITH SUBSAMPLING OPTION 
Starting /export/users/common/BioSimSpace/sire.app/bin/analyse_freenrg: number of threads equals 32
