# Analysing data contained in file(s) ['lambda_0.0000/simfile_snipped.dat', 'lambda_0.1000/simfile_snipped.dat', 'lambda_0.2000/simfile_snipped.dat', 'lambda_0.3000/simfile_snipped.dat', 'lambda_0.4000/simfile_snipped.dat', 'lambda_0.5000/simfile_snipped.dat', 'lambda_0.6000/simfile_snipped.dat', 'lambda_0.7000/simfile_snipped.dat', 'lambda_0.8000/simfile_snipped.dat', 'lambda_0.9000/simfile_snipped.dat', 'lambda_1.0000/simfile_snipped.dat']
#Overlap matrix
0.8793 0.1187 0.0020 0.0000 0.0000 0.0000 0.0000 0.0000 0.0000 0.0000 0.0000
0.1187 0.7133 0.1623 0.0056 0.0000 0.0000 0.0000 0.0000 0.0000 0.0000 0.0000
0.0020 0.1623 0.6144 0.2114 0.0099 0.0001 0.0000 0.0000 0.0000 0.0000 0.0000
0.0000 0.0056 0.2114 0.5705 0.2028 0.0095 0.0001 0.0000 0.0000 0.0000 0.0000
0.0000 0.0000 0.0099 0.2028 0.5773 0.2006 0.0092 0.0000 0.0000 0.0000 0.0000
0.0000 0.0000 0.0001 0.0095 0.2006 0.5717 0.2106 0.0075 0.0000 0.0000 0.0000
0.0000 0.0000 0.0000 0.0001 0.0092 0.2106 0.5795 0.1949 0.0056 0.0000 0.0000
0.0000 0.0000 0.0000 0.0000 0.0000 0.0075 0.1949 0.6125 0.1797 0.0053 0.0000
0.0000 0.0000 0.0000 0.0000 0.0000 0.0000 0.0056 0.1797 0.6135 0.1964 0.0047
0.0000 0.0000 0.0000 0.0000 0.0000 0.0000 0.0000 0.0053 0.1964 0.6200 0.1783
0.0000 0.0000 0.0000 0.0000 0.0000 0.0000 0.0000 0.0000 0.0047 0.1783 0.8170
#DG from neighbouring lambda in kcal/mol
0.0000 0.1000 -3.3926 0.0723
0.1000 0.2000 -2.5526 0.0568
0.2000 0.3000 -2.0863 0.0448
0.3000 0.4000 -1.8170 0.0457
0.4000 0.5000 -1.8397 0.0462
0.5000 0.6000 -1.8796 0.0447
0.6000 0.7000 -1.9603 0.0483
0.7000 0.8000 -2.1258 0.0520
0.8000 0.9000 -2.2147 0.0487
0.9000 1.0000 -2.2260 0.0537
#PMF from MBAR in kcal/mol
0.0000 0.0000 0.0000
0.1000 -3.3926 0.0723
0.2000 -5.9452 0.0998
0.3000 -8.0315 0.1157
0.4000 -9.8485 0.1296
0.5000 -11.6882 0.1424
0.6000 -13.5678 0.1538
0.7000 -15.5281 0.1655
0.8000 -17.6539 0.1775
0.9000 -19.8686 0.1879
1.0000 -22.0945 0.1992
#TI average gradients and standard deviation in kcal/mol
0.0000 -38.3462 16.9239
0.1000 -28.6176 15.7012
0.2000 -23.3756 14.0649
0.3000 -18.4709 12.1889
0.4000 -18.3560 11.7446
0.5000 -19.1173 12.8494
0.6000 -19.3679 14.0366
0.7000 -18.8421 13.1236
0.8000 -23.0230 13.2449
0.9000 -21.8937 13.9347
1.0000 -18.9089 14.4756
#PMF from TI in kcal/mol
0.0000 0.0000
0.1000 -3.3482
0.2000 -5.9478
0.3000 -8.0402
0.4000 -9.8815
0.5000 -11.7552
0.6000 -13.6794
0.7000 -15.5899
0.8000 -17.6832
0.9000 -19.9290
1.0000 -21.9691
#MBAR free energy difference in kcal/mol: 
-22.094540, 0.199155  #WARNING SUBSAMPLING DISABLED, CONSIDER RERUN WITH SUBSAMPLING OPTION
#TI free energy difference in kcal/mol: 
-21.969149  #WARNING SUBSAMPLING DISABLED, CONSIDER RERUN WITH SUBSAMPLING OPTION 
Starting /export/users/common/BioSimSpace/sire.app/bin/analyse_freenrg: number of threads equals 32
