# Analysing data contained in file(s) ['lambda_0.0000/simfile_snipped.dat', 'lambda_0.1000/simfile_snipped.dat', 'lambda_0.2000/simfile_snipped.dat', 'lambda_0.3000/simfile_snipped.dat', 'lambda_0.4000/simfile_snipped.dat', 'lambda_0.5000/simfile_snipped.dat', 'lambda_0.6000/simfile_snipped.dat', 'lambda_0.7000/simfile_snipped.dat', 'lambda_0.8000/simfile_snipped.dat', 'lambda_0.9000/simfile_snipped.dat', 'lambda_1.0000/simfile_snipped.dat']
#Overlap matrix
1.0000 0.0000 0.0000 0.0000 0.0000 0.0000 0.0000 0.0000 0.0000 0.0000 0.0000
0.0000 0.9735 0.0265 0.0000 0.0000 0.0000 0.0000 0.0000 0.0000 0.0000 0.0000
0.0000 0.0265 0.9174 0.0561 0.0000 0.0000 0.0000 0.0000 0.0000 0.0000 0.0000
0.0000 0.0000 0.0561 0.8716 0.0722 0.0000 0.0000 0.0000 0.0000 0.0000 0.0000
0.0000 0.0000 0.0000 0.0722 0.8867 0.0411 0.0000 0.0000 0.0000 0.0000 0.0000
0.0000 0.0000 0.0000 0.0000 0.0411 0.8971 0.0618 0.0000 0.0000 0.0000 0.0000
0.0000 0.0000 0.0000 0.0000 0.0000 0.0618 0.8666 0.0716 0.0000 0.0000 0.0000
0.0000 0.0000 0.0000 0.0000 0.0000 0.0000 0.0716 0.8733 0.0551 0.0000 0.0000
0.0000 0.0000 0.0000 0.0000 0.0000 0.0000 0.0000 0.0551 0.8864 0.0585 0.0000
0.0000 0.0000 0.0000 0.0000 0.0000 0.0000 0.0000 0.0000 0.0585 0.8980 0.0435
0.0000 0.0000 0.0000 0.0000 0.0000 0.0000 0.0000 0.0000 0.0000 0.0435 0.9565
#DG from neighbouring lambda in kcal/mol
0.0000 0.1000 26.8064 0.2331
0.1000 0.2000 5.6157 0.1724
0.2000 0.3000 5.6168 0.1146
0.3000 0.4000 5.7698 0.0991
0.4000 0.5000 6.0851 0.1362
0.5000 0.6000 5.1204 0.1085
0.6000 0.7000 4.3731 0.0996
0.7000 0.8000 3.8516 0.1157
0.8000 0.9000 4.3896 0.1120
0.9000 1.0000 6.8487 0.1320
#PMF from MBAR in kcal/mol
0.0000 0.0000 0.0000
0.1000 26.8064 0.2331
0.2000 32.4220 0.1710
0.3000 38.0389 0.1428
0.4000 43.8086 0.1257
0.5000 49.8937 0.1084
0.6000 55.0141 0.1084
0.7000 59.3872 0.1186
0.8000 63.2389 0.1417
0.9000 67.6285 0.1691
1.0000 74.4771 0.2094
#TI average gradients and standard deviation in kcal/mol
0.0000 2575.8004 2472.0234
0.1000 52.1557 34.3364
0.2000 57.9409 24.0710
0.3000 54.4261 20.2854
0.4000 64.5778 22.9066
0.5000 55.4979 25.0025
0.6000 46.9192 22.2517
0.7000 42.0822 22.1389
0.8000 38.3650 19.3442
0.9000 50.1501 22.7443
1.0000 102.8354 24.1401
#PMF from TI in kcal/mol
0.0000 0.0000
0.1000 131.3978
0.2000 136.9026
0.3000 142.5210
0.4000 148.4712
0.5000 154.4750
0.6000 159.5958
0.7000 164.0459
0.8000 168.0682
0.9000 172.4940
1.0000 180.1433
#MBAR free energy difference in kcal/mol: 
74.477142, 0.209411  #WARNING SUBSAMPLING DISABLED, CONSIDER RERUN WITH SUBSAMPLING OPTION
#TI free energy difference in kcal/mol: 
180.143277  #WARNING SUBSAMPLING DISABLED, CONSIDER RERUN WITH SUBSAMPLING OPTION 
Starting /export/users/common/BioSimSpace/sire.app/bin/analyse_freenrg: number of threads equals 32
