# Analysing data contained in file(s) ['lambda_0.0000/simfile_snipped.dat', 'lambda_0.1000/simfile_snipped.dat', 'lambda_0.2000/simfile_snipped.dat', 'lambda_0.3000/simfile_snipped.dat', 'lambda_0.4000/simfile_snipped.dat', 'lambda_0.5000/simfile_snipped.dat', 'lambda_0.6000/simfile_snipped.dat', 'lambda_0.7000/simfile_snipped.dat', 'lambda_0.8000/simfile_snipped.dat', 'lambda_0.9000/simfile_snipped.dat', 'lambda_1.0000/simfile_snipped.dat']
#Overlap matrix
0.9725 0.0275 0.0000 0.0000 0.0000 0.0000 0.0000 0.0000 0.0000 0.0000 0.0000
0.0275 0.9484 0.0241 0.0000 0.0000 0.0000 0.0000 0.0000 0.0000 0.0000 0.0000
0.0000 0.0241 0.9719 0.0040 0.0000 0.0000 0.0000 0.0000 0.0000 0.0000 0.0000
0.0000 0.0000 0.0040 0.9443 0.0515 0.0002 0.0000 0.0000 0.0000 0.0000 0.0000
0.0000 0.0000 0.0000 0.0515 0.8009 0.1454 0.0022 0.0000 0.0000 0.0000 0.0000
0.0000 0.0000 0.0000 0.0002 0.1454 0.6841 0.1635 0.0067 0.0001 0.0000 0.0000
0.0000 0.0000 0.0000 0.0000 0.0022 0.1635 0.6038 0.2054 0.0238 0.0014 0.0000
0.0000 0.0000 0.0000 0.0000 0.0000 0.0067 0.2054 0.4896 0.2478 0.0465 0.0040
0.0000 0.0000 0.0000 0.0000 0.0000 0.0001 0.0238 0.2478 0.4190 0.2493 0.0600
0.0000 0.0000 0.0000 0.0000 0.0000 0.0000 0.0014 0.0465 0.2493 0.4185 0.2844
0.0000 0.0000 0.0000 0.0000 0.0000 0.0000 0.0000 0.0040 0.0600 0.2844 0.6517
#DG from neighbouring lambda in kcal/mol
0.0000 0.1000 24.2750 0.1689
0.1000 0.2000 20.8116 0.1812
0.2000 0.3000 15.0031 0.4540
0.3000 0.4000 4.0975 0.1200
0.4000 0.5000 1.4590 0.0629
0.5000 0.6000 -1.0170 0.0562
0.6000 0.7000 -2.8869 0.0432
0.7000 0.8000 -3.9772 0.0314
0.8000 0.9000 -4.6176 0.0278
0.9000 1.0000 -5.0636 0.0284
#PMF from MBAR in kcal/mol
0.0000 0.0000 0.0000
0.1000 24.2750 0.1689
0.2000 45.0866 0.2510
0.3000 60.0897 0.5204
0.4000 64.1871 0.5356
0.5000 65.6461 0.5408
0.6000 64.6291 0.5451
0.7000 61.7422 0.5480
0.8000 57.7650 0.5500
0.9000 53.1474 0.5515
1.0000 48.0838 0.5530
#TI average gradients and standard deviation in kcal/mol
0.0000 249.6404 27.1640
0.1000 226.4464 26.5272
0.2000 188.0993 26.0028
0.3000 68.7337 35.0592
0.4000 26.3451 17.0764
0.5000 2.5049 15.1951
0.6000 -20.8002 12.9145
0.7000 -36.0258 10.2154
0.8000 -42.6267 8.9929
0.9000 -48.9755 7.9148
1.0000 -47.1960 8.4438
#PMF from TI in kcal/mol
0.0000 0.0000
0.1000 23.8043
0.2000 44.5316
0.3000 57.3733
0.4000 62.1272
0.5000 63.5697
0.6000 62.6550
0.7000 59.8137
0.8000 55.8810
0.9000 51.3009
1.0000 46.4923
#MBAR free energy difference in kcal/mol: 
48.083840, 0.553015  #WARNING SUBSAMPLING DISABLED, CONSIDER RERUN WITH SUBSAMPLING OPTION
#TI free energy difference in kcal/mol: 
46.492349  #WARNING SUBSAMPLING DISABLED, CONSIDER RERUN WITH SUBSAMPLING OPTION 
Starting /export/users/common/BioSimSpace/sire.app/bin/analyse_freenrg: number of threads equals 32
