# Analysing data contained in file(s) ['lambda_0.0000/simfile_snipped.dat', 'lambda_0.1000/simfile_snipped.dat', 'lambda_0.2000/simfile_snipped.dat', 'lambda_0.3000/simfile_snipped.dat', 'lambda_0.4000/simfile_snipped.dat', 'lambda_0.5000/simfile_snipped.dat', 'lambda_0.6000/simfile_snipped.dat', 'lambda_0.7000/simfile_snipped.dat', 'lambda_0.8000/simfile_snipped.dat', 'lambda_0.9000/simfile_snipped.dat', 'lambda_1.0000/simfile_snipped.dat']
#Overlap matrix
0.9885 0.0115 0.0000 0.0000 0.0000 0.0000 0.0000 0.0000 0.0000 0.0000 0.0000
0.0115 0.9775 0.0110 0.0000 0.0000 0.0000 0.0000 0.0000 0.0000 0.0000 0.0000
0.0000 0.0110 0.9797 0.0093 0.0000 0.0000 0.0000 0.0000 0.0000 0.0000 0.0000
0.0000 0.0000 0.0093 0.9904 0.0003 0.0000 0.0000 0.0000 0.0000 0.0000 0.0000
0.0000 0.0000 0.0000 0.0003 0.9223 0.0773 0.0002 0.0000 0.0000 0.0000 0.0000
0.0000 0.0000 0.0000 0.0000 0.0773 0.8686 0.0536 0.0004 0.0000 0.0000 0.0000
0.0000 0.0000 0.0000 0.0000 0.0002 0.0536 0.8437 0.1022 0.0003 0.0000 0.0000
0.0000 0.0000 0.0000 0.0000 0.0000 0.0004 0.1022 0.7749 0.1221 0.0003 0.0000
0.0000 0.0000 0.0000 0.0000 0.0000 0.0000 0.0003 0.1221 0.7819 0.0955 0.0001
0.0000 0.0000 0.0000 0.0000 0.0000 0.0000 0.0000 0.0003 0.0955 0.8027 0.1015
0.0000 0.0000 0.0000 0.0000 0.0000 0.0000 0.0000 0.0000 0.0001 0.1015 0.8984
#DG from neighbouring lambda in kcal/mol
0.0000 0.1000 -2.5164 0.2657
0.1000 0.2000 0.2486 0.2717
0.2000 0.3000 0.8753 0.2964
0.3000 0.4000 0.5416 1.7184
0.4000 0.5000 7.8776 0.0952
0.5000 0.6000 9.6211 0.1169
0.6000 0.7000 8.5750 0.0800
0.7000 0.8000 6.0653 0.0715
0.8000 0.9000 2.9312 0.0837
0.9000 1.0000 -0.5274 0.0807
#PMF from MBAR in kcal/mol
0.0000 0.0000 0.0000
0.1000 -2.5164 0.2657
0.2000 -2.2677 0.3822
0.3000 -1.3924 0.4854
0.4000 -0.8508 1.7861
0.5000 7.0268 1.7890
0.6000 16.6480 1.7932
0.7000 25.2230 1.7954
0.8000 31.2883 1.7973
0.9000 34.2195 1.7997
1.0000 33.6922 1.8020
#TI average gradients and standard deviation in kcal/mol
0.0000 -65.8014 26.0042
0.1000 -6.8682 29.8782
0.2000 7.3635 32.9124
0.3000 27.9130 27.3489
0.4000 24.1314 22.2948
0.5000 103.4289 22.4823
0.6000 89.4803 19.8689
0.7000 75.0369 17.5530
0.8000 46.7181 16.3962
0.9000 11.1666 17.5506
1.0000 -6.0948 17.9957
#PMF from TI in kcal/mol
0.0000 0.0000
0.1000 -3.6335
0.2000 -3.6087
0.3000 -1.8449
0.4000 0.7573
0.5000 7.1354
0.6000 16.7808
0.7000 25.0067
0.8000 31.0944
0.9000 33.9887
1.0000 34.2422
#MBAR free energy difference in kcal/mol: 
33.692188, 1.801953  #WARNING SUBSAMPLING DISABLED, CONSIDER RERUN WITH SUBSAMPLING OPTION
#TI free energy difference in kcal/mol: 
34.242240  #WARNING SUBSAMPLING DISABLED, CONSIDER RERUN WITH SUBSAMPLING OPTION 
Starting /export/users/common/BioSimSpace/sire.app/bin/analyse_freenrg: number of threads equals 32
