# Analysing data contained in file(s) ['lambda_0.0000/simfile_snipped.dat', 'lambda_0.1000/simfile_snipped.dat', 'lambda_0.2000/simfile_snipped.dat', 'lambda_0.3000/simfile_snipped.dat', 'lambda_0.4000/simfile_snipped.dat', 'lambda_0.5000/simfile_snipped.dat', 'lambda_0.6000/simfile_snipped.dat', 'lambda_0.7000/simfile_snipped.dat', 'lambda_0.8000/simfile_snipped.dat', 'lambda_0.9000/simfile_snipped.dat', 'lambda_1.0000/simfile_snipped.dat']
#Overlap matrix
0.9417 0.0583 0.0000 0.0000 0.0000 0.0000 0.0000 0.0000 0.0000 0.0000 0.0000
0.0583 0.8594 0.0823 0.0001 0.0000 0.0000 0.0000 0.0000 0.0000 0.0000 0.0000
0.0000 0.0823 0.8182 0.0995 0.0001 0.0000 0.0000 0.0000 0.0000 0.0000 0.0000
0.0000 0.0001 0.0995 0.8037 0.0967 0.0001 0.0000 0.0000 0.0000 0.0000 0.0000
0.0000 0.0000 0.0001 0.0967 0.8339 0.0693 0.0000 0.0000 0.0000 0.0000 0.0000
0.0000 0.0000 0.0000 0.0001 0.0693 0.8645 0.0661 0.0000 0.0000 0.0000 0.0000
0.0000 0.0000 0.0000 0.0000 0.0000 0.0661 0.8622 0.0716 0.0000 0.0000 0.0000
0.0000 0.0000 0.0000 0.0000 0.0000 0.0000 0.0716 0.8582 0.0702 0.0000 0.0000
0.0000 0.0000 0.0000 0.0000 0.0000 0.0000 0.0000 0.0702 0.8668 0.0629 0.0000
0.0000 0.0000 0.0000 0.0000 0.0000 0.0000 0.0000 0.0000 0.0629 0.9003 0.0368
0.0000 0.0000 0.0000 0.0000 0.0000 0.0000 0.0000 0.0000 0.0000 0.0368 0.9632
#DG from neighbouring lambda in kcal/mol
0.0000 0.1000 40.6840 0.1121
0.1000 0.2000 34.6684 0.0918
0.2000 0.3000 29.4121 0.0817
0.3000 0.4000 24.9472 0.0831
0.4000 0.5000 21.1970 0.1015
0.5000 0.6000 16.6443 0.1043
0.6000 0.7000 12.0538 0.0996
0.7000 0.8000 8.1202 0.1008
0.8000 0.9000 5.1767 0.1074
0.9000 1.0000 4.7916 0.1446
#PMF from MBAR in kcal/mol
0.0000 0.0000 0.0000
0.1000 40.6840 0.1121
0.2000 75.3524 0.1505
0.3000 104.7645 0.1760
0.4000 129.7117 0.1988
0.5000 150.9087 0.2269
0.6000 167.5530 0.2530
0.7000 179.6068 0.2749
0.8000 187.7271 0.2956
0.9000 192.9038 0.3171
1.0000 197.6953 0.3509
#TI average gradients and standard deviation in kcal/mol
0.0000 436.8233 26.1067
0.1000 375.7276 19.6703
0.2000 318.9554 18.1600
0.3000 269.9969 18.0312
0.4000 231.0085 19.5628
0.5000 189.5356 20.4689
0.6000 142.5053 20.4430
0.7000 98.7759 19.7458
0.8000 63.1326 21.4459
0.9000 43.6928 22.4831
1.0000 57.6385 27.1321
#PMF from TI in kcal/mol
0.0000 0.0000
0.1000 40.6275
0.2000 75.3617
0.3000 104.8093
0.4000 129.8596
0.5000 150.8868
0.6000 167.4888
0.7000 179.5529
0.8000 187.6483
0.9000 192.9896
1.0000 198.0561
#MBAR free energy difference in kcal/mol: 
197.695344, 0.350877  #WARNING SUBSAMPLING DISABLED, CONSIDER RERUN WITH SUBSAMPLING OPTION
#TI free energy difference in kcal/mol: 
198.056147  #WARNING SUBSAMPLING DISABLED, CONSIDER RERUN WITH SUBSAMPLING OPTION 
Starting /export/users/common/BioSimSpace/sire.app/bin/analyse_freenrg: number of threads equals 32
