# Analysing data contained in file(s) ['lambda_0.0000/simfile_snipped.dat', 'lambda_0.1000/simfile_snipped.dat', 'lambda_0.2000/simfile_snipped.dat', 'lambda_0.3000/simfile_snipped.dat', 'lambda_0.4000/simfile_snipped.dat', 'lambda_0.5000/simfile_snipped.dat', 'lambda_0.6000/simfile_snipped.dat', 'lambda_0.7000/simfile_snipped.dat', 'lambda_0.8000/simfile_snipped.dat', 'lambda_0.9000/simfile_snipped.dat', 'lambda_1.0000/simfile_snipped.dat']
#Overlap matrix
1.0000 0.0000 0.0000 0.0000 0.0000 0.0000 0.0000 0.0000 0.0000 0.0000 0.0000
0.0000 0.9353 0.0646 0.0002 0.0000 0.0000 0.0000 0.0000 0.0000 0.0000 0.0000
0.0000 0.0646 0.7860 0.1470 0.0024 0.0000 0.0000 0.0000 0.0000 0.0000 0.0000
0.0000 0.0002 0.1470 0.6770 0.1713 0.0044 0.0000 0.0000 0.0000 0.0000 0.0000
0.0000 0.0000 0.0024 0.1713 0.6339 0.1870 0.0054 0.0000 0.0000 0.0000 0.0000
0.0000 0.0000 0.0000 0.0044 0.1870 0.6064 0.1963 0.0058 0.0000 0.0000 0.0000
0.0000 0.0000 0.0000 0.0000 0.0054 0.1963 0.6130 0.1821 0.0032 0.0000 0.0000
0.0000 0.0000 0.0000 0.0000 0.0000 0.0058 0.1821 0.6327 0.1780 0.0014 0.0000
0.0000 0.0000 0.0000 0.0000 0.0000 0.0000 0.0032 0.1780 0.7140 0.1048 0.0000
0.0000 0.0000 0.0000 0.0000 0.0000 0.0000 0.0000 0.0014 0.1048 0.8937 0.0000
0.0000 0.0000 0.0000 0.0000 0.0000 0.0000 0.0000 0.0000 0.0000 0.0000 1.0000
#DG from neighbouring lambda in kcal/mol
0.0000 0.1000 35.6593 0.1321
0.1000 0.2000 8.2696 0.1057
0.2000 0.3000 5.8511 0.0624
0.3000 0.4000 4.7399 0.0548
0.4000 0.5000 3.8816 0.0506
0.5000 0.6000 3.0607 0.0484
0.6000 0.7000 2.2514 0.0519
0.7000 0.8000 1.0582 0.0538
0.8000 0.9000 -0.7044 0.0785
0.9000 1.0000 -91.7853 0.1131
#PMF from MBAR in kcal/mol
0.0000 0.0000 0.0000
0.1000 35.6593 0.1321
0.2000 43.9288 0.0866
0.3000 49.7799 0.0671
0.4000 54.5198 0.0551
0.5000 58.4014 0.0509
0.6000 61.4622 0.0550
0.7000 63.7136 0.0661
0.8000 64.7718 0.0825
0.9000 64.0674 0.1131
1.0000 -27.7178 0.0000
#TI average gradients and standard deviation in kcal/mol
0.0000 5247.1070 201.5541
0.1000 110.4987 26.0508
0.2000 65.8065 16.4913
0.3000 52.2702 14.3841
0.4000 42.5863 13.9411
0.5000 34.7661 14.0057
0.6000 27.3036 12.8957
0.7000 16.5504 14.4165
0.8000 5.0227 13.8526
0.9000 -26.4585 21.6772
1.0000 -5468.6864 156.8102
#PMF from TI in kcal/mol
0.0000 0.0000
0.1000 267.8803
0.2000 276.6955
0.3000 282.5994
0.4000 287.3422
0.5000 291.2098
0.6000 294.3133
0.7000 296.5060
0.8000 297.5847
0.9000 296.5129
1.0000 21.7556
#MBAR free energy difference in kcal/mol: 
-27.717838, 0.000000  #WARNING SUBSAMPLING DISABLED, CONSIDER RERUN WITH SUBSAMPLING OPTION
#TI free energy difference in kcal/mol: 
21.755619  #WARNING SUBSAMPLING DISABLED, CONSIDER RERUN WITH SUBSAMPLING OPTION 
Starting /export/users/common/BioSimSpace/sire.app/bin/analyse_freenrg: number of threads equals 32
