# Analysing data contained in file(s) ['lambda_0.0000/simfile_snipped.dat', 'lambda_0.1000/simfile_snipped.dat', 'lambda_0.2000/simfile_snipped.dat', 'lambda_0.3000/simfile_snipped.dat', 'lambda_0.4000/simfile_snipped.dat', 'lambda_0.5000/simfile_snipped.dat', 'lambda_0.6000/simfile_snipped.dat', 'lambda_0.7000/simfile_snipped.dat', 'lambda_0.8000/simfile_snipped.dat', 'lambda_0.9000/simfile_snipped.dat', 'lambda_1.0000/simfile_snipped.dat']
#Overlap matrix
0.3453 0.2434 0.1624 0.1053 0.0657 0.0389 0.0214 0.0107 0.0047 0.0018 0.0006
0.2434 0.2138 0.1737 0.1326 0.0952 0.0637 0.0393 0.0218 0.0106 0.0044 0.0015
0.1624 0.1737 0.1678 0.1483 0.1211 0.0912 0.0627 0.0387 0.0208 0.0096 0.0037
0.1053 0.1326 0.1483 0.1492 0.1372 0.1156 0.0886 0.0607 0.0363 0.0185 0.0079
0.0657 0.0952 0.1211 0.1372 0.1412 0.1328 0.1134 0.0867 0.0579 0.0330 0.0157
0.0389 0.0637 0.0912 0.1156 0.1328 0.1394 0.1332 0.1142 0.0859 0.0552 0.0298
0.0214 0.0393 0.0627 0.0886 0.1134 0.1332 0.1430 0.1385 0.1184 0.0872 0.0544
0.0107 0.0218 0.0387 0.0607 0.0867 0.1142 0.1385 0.1529 0.1507 0.1295 0.0958
0.0047 0.0106 0.0208 0.0363 0.0579 0.0859 0.1184 0.1507 0.1741 0.1789 0.1615
0.0018 0.0044 0.0096 0.0185 0.0330 0.0552 0.0872 0.1295 0.1789 0.2258 0.2562
0.0006 0.0015 0.0037 0.0079 0.0157 0.0298 0.0544 0.0958 0.1615 0.2562 0.3731
#DG from neighbouring lambda in kcal/mol
0.0000 0.1000 1.4490 0.0090
0.1000 0.2000 1.3062 0.0069
0.2000 0.3000 1.1728 0.0057
0.3000 0.4000 1.0601 0.0053
0.4000 0.5000 0.9577 0.0052
0.5000 0.6000 0.8564 0.0054
0.6000 0.7000 0.7486 0.0059
0.7000 0.8000 0.6278 0.0067
0.8000 0.9000 0.4902 0.0079
0.9000 1.0000 0.3415 0.0100
#PMF from MBAR in kcal/mol
0.0000 0.0000 0.0000
0.1000 1.4490 0.0090
0.2000 2.7552 0.0153
0.3000 3.9280 0.0198
0.4000 4.9881 0.0235
0.5000 5.9458 0.0266
0.6000 6.8021 0.0296
0.7000 7.5507 0.0325
0.8000 8.1785 0.0356
0.9000 8.6687 0.0391
1.0000 9.0102 0.0433
#TI average gradients and standard deviation in kcal/mol
0.0000 15.0869 3.2274
0.1000 13.4977 3.2723
0.2000 12.0427 2.9767
0.3000 11.3142 2.8001
0.4000 10.2333 2.7547
0.5000 9.2377 2.6785
0.6000 7.8973 2.8766
0.7000 7.0534 3.1714
0.8000 5.6416 3.4303
0.9000 4.1955 3.2701
1.0000 3.0909 3.4323
#PMF from TI in kcal/mol
0.0000 0.0000
0.1000 1.4292
0.2000 2.7063
0.3000 3.8741
0.4000 4.9515
0.5000 5.9250
0.6000 6.7818
0.7000 7.5293
0.8000 8.1641
0.9000 8.6559
1.0000 9.0202
#MBAR free energy difference in kcal/mol: 
9.010206, 0.043344  #WARNING SUBSAMPLING DISABLED, CONSIDER RERUN WITH SUBSAMPLING OPTION
#TI free energy difference in kcal/mol: 
9.020236  #WARNING SUBSAMPLING DISABLED, CONSIDER RERUN WITH SUBSAMPLING OPTION 
Starting /export/users/common/BioSimSpace/sire.app/bin/analyse_freenrg: number of threads equals 32
