# Analysing data contained in file(s) ['lambda_0.0000/simfile_snipped.dat', 'lambda_0.1000/simfile_snipped.dat', 'lambda_0.2000/simfile_snipped.dat', 'lambda_0.3000/simfile_snipped.dat', 'lambda_0.4000/simfile_snipped.dat', 'lambda_0.5000/simfile_snipped.dat', 'lambda_0.6000/simfile_snipped.dat', 'lambda_0.7000/simfile_snipped.dat', 'lambda_0.8000/simfile_snipped.dat', 'lambda_0.9000/simfile_snipped.dat', 'lambda_1.0000/simfile_snipped.dat']
#Overlap matrix
0.9892 0.0108 0.0000 0.0000 0.0000 0.0000 0.0000 0.0000 0.0000 0.0000 0.0000
0.0108 0.9409 0.0482 0.0000 0.0000 0.0000 0.0000 0.0000 0.0000 0.0000 0.0000
0.0000 0.0482 0.8816 0.0700 0.0002 0.0000 0.0000 0.0000 0.0000 0.0000 0.0000
0.0000 0.0000 0.0700 0.8422 0.0876 0.0002 0.0000 0.0000 0.0000 0.0000 0.0000
0.0000 0.0000 0.0002 0.0876 0.8214 0.0905 0.0004 0.0000 0.0000 0.0000 0.0000
0.0000 0.0000 0.0000 0.0002 0.0905 0.7953 0.1135 0.0005 0.0000 0.0000 0.0000
0.0000 0.0000 0.0000 0.0000 0.0004 0.1135 0.7653 0.1204 0.0004 0.0000 0.0000
0.0000 0.0000 0.0000 0.0000 0.0000 0.0005 0.1204 0.7595 0.1193 0.0003 0.0000
0.0000 0.0000 0.0000 0.0000 0.0000 0.0000 0.0004 0.1193 0.7701 0.1098 0.0004
0.0000 0.0000 0.0000 0.0000 0.0000 0.0000 0.0000 0.0003 0.1098 0.7571 0.1327
0.0000 0.0000 0.0000 0.0000 0.0000 0.0000 0.0000 0.0000 0.0004 0.1327 0.8669
#DG from neighbouring lambda in kcal/mol
0.0000 0.1000 -6.2324 0.2737
0.1000 0.2000 -1.6721 0.1247
0.2000 0.3000 -1.4484 0.1008
0.3000 0.4000 -2.5345 0.0882
0.4000 0.5000 -4.2064 0.0864
0.5000 0.6000 -5.5485 0.0748
0.6000 0.7000 -6.6762 0.0720
0.7000 0.8000 -8.2209 0.0725
0.8000 0.9000 -9.9675 0.0765
0.9000 1.0000 -11.2964 0.0677
#PMF from MBAR in kcal/mol
0.0000 0.0000 0.0000
0.1000 -6.2324 0.2737
0.2000 -7.9045 0.3035
0.3000 -9.3529 0.3224
0.4000 -11.8874 0.3367
0.5000 -16.0938 0.3499
0.6000 -21.6423 0.3600
0.7000 -28.3185 0.3693
0.8000 -36.5395 0.3785
0.9000 -46.5069 0.3883
1.0000 -57.8033 0.3962
#TI average gradients and standard deviation in kcal/mol
0.0000 -109.6237 35.0288
0.1000 -27.4052 27.4408
0.2000 -10.5558 22.1348
0.3000 -18.2248 20.6665
0.4000 -33.3297 20.3928
0.5000 -49.0706 19.1389
0.6000 -60.4956 17.6672
0.7000 -73.6401 17.1897
0.8000 -90.3392 16.9601
0.9000 -108.5394 17.1796
1.0000 -99.6479 17.0933
#PMF from TI in kcal/mol
0.0000 0.0000
0.1000 -6.8514
0.2000 -8.7495
0.3000 -10.1885
0.4000 -12.7663
0.5000 -16.8863
0.6000 -22.3646
0.7000 -29.0714
0.8000 -37.2703
0.9000 -47.2143
1.0000 -57.6236
#MBAR free energy difference in kcal/mol: 
-57.803300, 0.396161  #WARNING SUBSAMPLING DISABLED, CONSIDER RERUN WITH SUBSAMPLING OPTION
#TI free energy difference in kcal/mol: 
-57.623624  #WARNING SUBSAMPLING DISABLED, CONSIDER RERUN WITH SUBSAMPLING OPTION 
Starting /export/users/common/BioSimSpace/sire.app/bin/analyse_freenrg: number of threads equals 32
