# Analysing data contained in file(s) ['lambda_0.0000/simfile_snipped.dat', 'lambda_0.1000/simfile_snipped.dat', 'lambda_0.2000/simfile_snipped.dat', 'lambda_0.3000/simfile_snipped.dat', 'lambda_0.4000/simfile_snipped.dat', 'lambda_0.5000/simfile_snipped.dat', 'lambda_0.6000/simfile_snipped.dat', 'lambda_0.7000/simfile_snipped.dat', 'lambda_0.8000/simfile_snipped.dat', 'lambda_0.9000/simfile_snipped.dat', 'lambda_1.0000/simfile_snipped.dat']
#Overlap matrix
0.8798 0.1197 0.0005 0.0000 0.0000 0.0000 0.0000 0.0000 0.0000 0.0000 0.0000
0.1197 0.7531 0.1267 0.0005 0.0000 0.0000 0.0000 0.0000 0.0000 0.0000 0.0000
0.0005 0.1267 0.7456 0.1261 0.0010 0.0000 0.0000 0.0000 0.0000 0.0000 0.0000
0.0000 0.0005 0.1261 0.7166 0.1550 0.0019 0.0000 0.0000 0.0000 0.0000 0.0000
0.0000 0.0000 0.0010 0.1550 0.6769 0.1642 0.0029 0.0000 0.0000 0.0000 0.0000
0.0000 0.0000 0.0000 0.0019 0.1642 0.6608 0.1676 0.0055 0.0000 0.0000 0.0000
0.0000 0.0000 0.0000 0.0000 0.0029 0.1676 0.6149 0.2065 0.0080 0.0001 0.0000
0.0000 0.0000 0.0000 0.0000 0.0000 0.0055 0.2065 0.5955 0.1830 0.0093 0.0002
0.0000 0.0000 0.0000 0.0000 0.0000 0.0000 0.0080 0.1830 0.5826 0.2140 0.0125
0.0000 0.0000 0.0000 0.0000 0.0000 0.0000 0.0001 0.0093 0.2140 0.5906 0.1860
0.0000 0.0000 0.0000 0.0000 0.0000 0.0000 0.0000 0.0002 0.0125 0.1860 0.8013
#DG from neighbouring lambda in kcal/mol
0.0000 0.1000 14.0366 0.0724
0.1000 0.2000 13.2720 0.0696
0.2000 0.3000 12.1482 0.0696
0.3000 0.4000 11.1339 0.0600
0.4000 0.5000 10.2278 0.0571
0.5000 0.6000 9.2966 0.0553
0.6000 0.7000 8.5245 0.0461
0.7000 0.8000 7.7783 0.0499
0.8000 0.9000 7.2040 0.0433
0.9000 1.0000 7.2992 0.0503
#PMF from MBAR in kcal/mol
0.0000 0.0000 0.0000
0.1000 14.0366 0.0724
0.2000 27.3086 0.1081
0.3000 39.4568 0.1347
0.4000 50.5907 0.1527
0.5000 60.8185 0.1677
0.6000 70.1152 0.1808
0.7000 78.6396 0.1903
0.8000 86.4179 0.2002
0.9000 93.6220 0.2081
1.0000 100.9212 0.2169
#TI average gradients and standard deviation in kcal/mol
0.0000 143.5651 17.5405
0.1000 136.7176 16.3008
0.2000 127.4402 16.5453
0.3000 115.1780 15.9258
0.4000 106.9869 15.1926
0.5000 97.8177 14.5759
0.6000 88.5778 13.5227
0.7000 82.2359 12.9370
0.8000 73.6909 11.9955
0.9000 72.2261 11.6782
1.0000 74.8090 13.9285
#PMF from TI in kcal/mol
0.0000 0.0000
0.1000 14.0141
0.2000 27.2220
0.3000 39.3529
0.4000 50.4612
0.5000 60.7014
0.6000 70.0212
0.7000 78.5619
0.8000 86.3582
0.9000 93.6541
1.0000 101.0058
#MBAR free energy difference in kcal/mol: 
100.921198, 0.216914  #WARNING SUBSAMPLING DISABLED, CONSIDER RERUN WITH SUBSAMPLING OPTION
#TI free energy difference in kcal/mol: 
101.005812  #WARNING SUBSAMPLING DISABLED, CONSIDER RERUN WITH SUBSAMPLING OPTION 
Starting /export/users/common/BioSimSpace/sire.app/bin/analyse_freenrg: number of threads equals 32
