# Analysing data contained in file(s) ['lambda_0.0000/simfile_snipped.dat', 'lambda_0.1000/simfile_snipped.dat', 'lambda_0.2000/simfile_snipped.dat', 'lambda_0.3000/simfile_snipped.dat', 'lambda_0.4000/simfile_snipped.dat', 'lambda_0.5000/simfile_snipped.dat', 'lambda_0.6000/simfile_snipped.dat', 'lambda_0.7000/simfile_snipped.dat', 'lambda_0.8000/simfile_snipped.dat', 'lambda_0.9000/simfile_snipped.dat', 'lambda_1.0000/simfile_snipped.dat']
#Overlap matrix
0.9806 0.0194 0.0000 0.0000 0.0000 0.0000 0.0000 0.0000 0.0000 0.0000 0.0000
0.0194 0.9394 0.0411 0.0000 0.0000 0.0000 0.0000 0.0000 0.0000 0.0000 0.0000
0.0000 0.0411 0.9047 0.0542 0.0000 0.0000 0.0000 0.0000 0.0000 0.0000 0.0000
0.0000 0.0000 0.0542 0.8951 0.0507 0.0000 0.0000 0.0000 0.0000 0.0000 0.0000
0.0000 0.0000 0.0000 0.0507 0.8997 0.0496 0.0000 0.0000 0.0000 0.0000 0.0000
0.0000 0.0000 0.0000 0.0000 0.0496 0.8873 0.0630 0.0001 0.0000 0.0000 0.0000
0.0000 0.0000 0.0000 0.0000 0.0000 0.0630 0.8543 0.0827 0.0000 0.0000 0.0000
0.0000 0.0000 0.0000 0.0000 0.0000 0.0001 0.0827 0.8465 0.0708 0.0000 0.0000
0.0000 0.0000 0.0000 0.0000 0.0000 0.0000 0.0000 0.0708 0.8818 0.0474 0.0000
0.0000 0.0000 0.0000 0.0000 0.0000 0.0000 0.0000 0.0000 0.0474 0.9287 0.0239
0.0000 0.0000 0.0000 0.0000 0.0000 0.0000 0.0000 0.0000 0.0000 0.0239 0.9761
#DG from neighbouring lambda in kcal/mol
0.0000 0.1000 -1.0289 0.2027
0.1000 0.2000 1.1265 0.1361
0.2000 0.3000 0.8414 0.1169
0.3000 0.4000 0.3831 0.1213
0.4000 0.5000 -0.5232 0.1228
0.5000 0.6000 -1.2485 0.1072
0.6000 0.7000 -0.9747 0.0915
0.7000 0.8000 -0.9764 0.1003
0.8000 0.9000 -0.1131 0.1260
0.9000 1.0000 1.4811 0.1819
#PMF from MBAR in kcal/mol
0.0000 0.0000 0.0000
0.1000 -1.0289 0.2027
0.2000 0.0976 0.2475
0.3000 0.9390 0.2767
0.4000 1.3221 0.3049
0.5000 0.7990 0.3312
0.6000 -0.4495 0.3505
0.7000 -1.4242 0.3645
0.8000 -2.4006 0.3802
0.9000 -2.5136 0.4026
1.0000 -1.0326 0.4436
#TI average gradients and standard deviation in kcal/mol
0.0000 -37.4446 29.6515
0.1000 2.4843 25.1455
0.2000 10.6869 26.6265
0.3000 8.6716 22.4298
0.4000 1.2313 21.9371
0.5000 -9.3094 21.0569
0.6000 -13.3758 19.0584
0.7000 -9.7166 20.3510
0.8000 -6.9070 21.3906
0.9000 4.9987 24.7692
1.0000 -7968955197.1119 164489850631.1917
#PMF from TI in kcal/mol
0.0000 0.0000
0.1000 -1.7480
0.2000 -1.0895
0.3000 -0.1215
0.4000 0.3736
0.5000 -0.0303
0.6000 -1.1645
0.7000 -2.3192
0.8000 -3.1503
0.9000 -3.2458
1.0000 -398447762.8514
#MBAR free energy difference in kcal/mol: 
-1.032551, 0.443642  #WARNING SUBSAMPLING DISABLED, CONSIDER RERUN WITH SUBSAMPLING OPTION
#TI free energy difference in kcal/mol: 
-398447762.851418  #WARNING SUBSAMPLING DISABLED, CONSIDER RERUN WITH SUBSAMPLING OPTION 
Starting /export/users/common/BioSimSpace/sire.app/bin/analyse_freenrg: number of threads equals 32
