# Analysing data contained in file(s) ['lambda_0.0000/simfile_snipped.dat', 'lambda_0.1000/simfile_snipped.dat', 'lambda_0.2000/simfile_snipped.dat', 'lambda_0.3000/simfile_snipped.dat', 'lambda_0.4000/simfile_snipped.dat', 'lambda_0.5000/simfile_snipped.dat', 'lambda_0.6000/simfile_snipped.dat', 'lambda_0.7000/simfile_snipped.dat', 'lambda_0.8000/simfile_snipped.dat', 'lambda_0.9000/simfile_snipped.dat', 'lambda_1.0000/simfile_snipped.dat']
#Overlap matrix
0.9707 0.0293 0.0000 0.0000 0.0000 0.0000 0.0000 0.0000 0.0000 0.0000 0.0000
0.0293 0.9249 0.0458 0.0000 0.0000 0.0000 0.0000 0.0000 0.0000 0.0000 0.0000
0.0000 0.0458 0.9075 0.0467 0.0000 0.0000 0.0000 0.0000 0.0000 0.0000 0.0000
0.0000 0.0000 0.0467 0.8990 0.0542 0.0000 0.0000 0.0000 0.0000 0.0000 0.0000
0.0000 0.0000 0.0000 0.0542 0.8809 0.0649 0.0000 0.0000 0.0000 0.0000 0.0000
0.0000 0.0000 0.0000 0.0000 0.0649 0.8703 0.0645 0.0002 0.0000 0.0000 0.0000
0.0000 0.0000 0.0000 0.0000 0.0000 0.0645 0.8055 0.1294 0.0006 0.0000 0.0000
0.0000 0.0000 0.0000 0.0000 0.0000 0.0002 0.1294 0.7590 0.1105 0.0008 0.0000
0.0000 0.0000 0.0000 0.0000 0.0000 0.0000 0.0006 0.1105 0.7312 0.1555 0.0022
0.0000 0.0000 0.0000 0.0000 0.0000 0.0000 0.0000 0.0008 0.1555 0.6725 0.1711
0.0000 0.0000 0.0000 0.0000 0.0000 0.0000 0.0000 0.0000 0.0022 0.1711 0.8267
#DG from neighbouring lambda in kcal/mol
0.0000 0.1000 -3.3151 0.1635
0.1000 0.2000 -1.6951 0.1283
0.2000 0.3000 -0.9421 0.1269
0.3000 0.4000 -0.9566 0.1169
0.4000 0.5000 -0.7220 0.1055
0.5000 0.6000 -0.6025 0.1056
0.6000 0.7000 0.2225 0.0687
0.7000 0.8000 0.3739 0.0759
0.8000 0.9000 -0.1505 0.0598
0.9000 1.0000 -0.4822 0.0560
#PMF from MBAR in kcal/mol
0.0000 0.0000 0.0000
0.1000 -3.3151 0.1635
0.2000 -5.0102 0.2118
0.3000 -5.9523 0.2502
0.4000 -6.9089 0.2791
0.5000 -7.6309 0.3012
0.6000 -8.2334 0.3217
0.7000 -8.0110 0.3314
0.8000 -7.6371 0.3423
0.9000 -7.7876 0.3498
1.0000 -8.2698 0.3564
#TI average gradients and standard deviation in kcal/mol
0.0000 -48.1643 26.0305
0.1000 -24.0818 24.0032
0.2000 -11.7828 21.8302
0.3000 -11.1191 21.7585
0.4000 -9.2237 22.8702
0.5000 -6.5076 21.6152
0.6000 -4.7470 18.9482
0.7000 6.8193 16.3791
0.8000 0.3389 15.2274
0.9000 -4.0669 15.2368
1.0000 0.1104 14.1232
#PMF from TI in kcal/mol
0.0000 0.0000
0.1000 -3.6123
0.2000 -5.4055
0.3000 -6.5506
0.4000 -7.5678
0.5000 -8.3543
0.6000 -8.9171
0.7000 -8.8134
0.8000 -8.4555
0.9000 -8.6419
1.0000 -8.8398
#MBAR free energy difference in kcal/mol: 
-8.269802, 0.356379  #WARNING SUBSAMPLING DISABLED, CONSIDER RERUN WITH SUBSAMPLING OPTION
#TI free energy difference in kcal/mol: 
-8.839770  #WARNING SUBSAMPLING DISABLED, CONSIDER RERUN WITH SUBSAMPLING OPTION 
Starting /export/users/common/BioSimSpace/sire.app/bin/analyse_freenrg: number of threads equals 32
