# Analysing data contained in file(s) ['lambda_0.0000/simfile_snipped.dat', 'lambda_0.1000/simfile_snipped.dat', 'lambda_0.2000/simfile_snipped.dat', 'lambda_0.3000/simfile_snipped.dat', 'lambda_0.4000/simfile_snipped.dat', 'lambda_0.5000/simfile_snipped.dat', 'lambda_0.6000/simfile_snipped.dat', 'lambda_0.7000/simfile_snipped.dat', 'lambda_0.8000/simfile_snipped.dat', 'lambda_0.9000/simfile_snipped.dat', 'lambda_1.0000/simfile_snipped.dat']
#Overlap matrix
0.9680 0.0320 0.0000 0.0000 0.0000 0.0000 0.0000 0.0000 0.0000 0.0000 0.0000
0.0320 0.8975 0.0703 0.0002 0.0000 0.0000 0.0000 0.0000 0.0000 0.0000 0.0000
0.0000 0.0703 0.8423 0.0871 0.0003 0.0000 0.0000 0.0000 0.0000 0.0000 0.0000
0.0000 0.0002 0.0871 0.7944 0.1171 0.0012 0.0000 0.0000 0.0000 0.0000 0.0000
0.0000 0.0000 0.0003 0.1171 0.7763 0.1051 0.0012 0.0000 0.0000 0.0000 0.0000
0.0000 0.0000 0.0000 0.0012 0.1051 0.7478 0.1437 0.0023 0.0000 0.0000 0.0000
0.0000 0.0000 0.0000 0.0000 0.0012 0.1437 0.6975 0.1537 0.0038 0.0000 0.0000
0.0000 0.0000 0.0000 0.0000 0.0000 0.0023 0.1537 0.6546 0.1846 0.0048 0.0000
0.0000 0.0000 0.0000 0.0000 0.0000 0.0000 0.0038 0.1846 0.6231 0.1853 0.0033
0.0000 0.0000 0.0000 0.0000 0.0000 0.0000 0.0000 0.0048 0.1853 0.6407 0.1692
0.0000 0.0000 0.0000 0.0000 0.0000 0.0000 0.0000 0.0000 0.0033 0.1692 0.8275
#DG from neighbouring lambda in kcal/mol
0.0000 0.1000 6.0529 0.1558
0.1000 0.2000 7.4244 0.1006
0.2000 0.3000 6.8577 0.0885
0.3000 0.4000 5.7695 0.0731
0.4000 0.5000 5.0762 0.0779
0.5000 0.6000 4.2650 0.0631
0.6000 0.7000 3.5847 0.0595
0.7000 0.8000 2.8902 0.0514
0.8000 0.9000 1.9503 0.0513
0.9000 1.0000 0.8128 0.0562
#PMF from MBAR in kcal/mol
0.0000 0.0000 0.0000
0.1000 6.0529 0.1558
0.2000 13.4773 0.1898
0.3000 20.3350 0.2133
0.4000 26.1045 0.2290
0.5000 31.1806 0.2450
0.6000 35.4457 0.2560
0.7000 39.0304 0.2656
0.8000 41.9206 0.2732
0.9000 43.8708 0.2806
1.0000 44.6837 0.2888
#TI average gradients and standard deviation in kcal/mol
0.0000 37.4092 26.0658
0.1000 72.5994 22.7309
0.2000 73.0147 20.9858
0.3000 62.6019 21.3992
0.4000 56.5642 16.6128
0.5000 43.5005 17.0423
0.6000 40.7299 15.9738
0.7000 32.0652 13.6709
0.8000 24.6158 13.9468
0.9000 14.1905 13.9387
1.0000 19.2373 13.8410
#PMF from TI in kcal/mol
0.0000 0.0000
0.1000 5.5004
0.2000 12.7811
0.3000 19.5620
0.4000 25.5203
0.5000 30.5235
0.6000 34.7350
0.7000 38.3748
0.8000 41.2088
0.9000 43.1491
1.0000 44.8205
#MBAR free energy difference in kcal/mol: 
44.683655, 0.288801  #WARNING SUBSAMPLING DISABLED, CONSIDER RERUN WITH SUBSAMPLING OPTION
#TI free energy difference in kcal/mol: 
44.820530  #WARNING SUBSAMPLING DISABLED, CONSIDER RERUN WITH SUBSAMPLING OPTION 
Starting /export/users/common/BioSimSpace/sire.app/bin/analyse_freenrg: number of threads equals 32
