# Analysing data contained in file(s) ['lambda_0.0000/simfile_snipped.dat', 'lambda_0.1000/simfile_snipped.dat', 'lambda_0.2000/simfile_snipped.dat', 'lambda_0.3000/simfile_snipped.dat', 'lambda_0.4000/simfile_snipped.dat', 'lambda_0.5000/simfile_snipped.dat', 'lambda_0.6000/simfile_snipped.dat', 'lambda_0.7000/simfile_snipped.dat', 'lambda_0.8000/simfile_snipped.dat', 'lambda_0.9000/simfile_snipped.dat', 'lambda_1.0000/simfile_snipped.dat']
#Overlap matrix
0.8541 0.1421 0.0038 0.0000 0.0000 0.0000 0.0000 0.0000 0.0000 0.0000 0.0000
0.1421 0.6903 0.1641 0.0033 0.0000 0.0000 0.0000 0.0000 0.0000 0.0000 0.0000
0.0038 0.1641 0.6635 0.1619 0.0066 0.0001 0.0000 0.0000 0.0000 0.0000 0.0000
0.0000 0.0033 0.1619 0.6370 0.1881 0.0095 0.0002 0.0000 0.0000 0.0000 0.0000
0.0000 0.0000 0.0066 0.1881 0.5855 0.2045 0.0150 0.0003 0.0000 0.0000 0.0000
0.0000 0.0000 0.0001 0.0095 0.2045 0.5504 0.2186 0.0166 0.0003 0.0000 0.0000
0.0000 0.0000 0.0000 0.0002 0.0150 0.2186 0.5249 0.2210 0.0198 0.0005 0.0000
0.0000 0.0000 0.0000 0.0000 0.0003 0.0166 0.2210 0.5047 0.2284 0.0282 0.0008
0.0000 0.0000 0.0000 0.0000 0.0000 0.0003 0.0198 0.2284 0.4854 0.2388 0.0273
0.0000 0.0000 0.0000 0.0000 0.0000 0.0000 0.0005 0.0282 0.2388 0.4812 0.2513
0.0000 0.0000 0.0000 0.0000 0.0000 0.0000 0.0000 0.0008 0.0273 0.2513 0.7206
#DG from neighbouring lambda in kcal/mol
0.0000 0.1000 -8.3029 0.0635
0.1000 0.2000 -5.8125 0.0565
0.2000 0.3000 -5.0875 0.0564
0.3000 0.4000 -4.4190 0.0491
0.4000 0.5000 -3.9057 0.0445
0.5000 0.6000 -3.3589 0.0410
0.6000 0.7000 -3.0598 0.0398
0.7000 0.8000 -2.8167 0.0371
0.8000 0.9000 -2.4114 0.0347
0.9000 1.0000 -2.0258 0.0366
#PMF from MBAR in kcal/mol
0.0000 0.0000 0.0000
0.1000 -8.3029 0.0635
0.2000 -14.1153 0.0929
0.3000 -19.2029 0.1153
0.4000 -23.6219 0.1306
0.5000 -27.5276 0.1426
0.6000 -30.8865 0.1525
0.7000 -33.9463 0.1615
0.8000 -36.7630 0.1693
0.9000 -39.1744 0.1759
1.0000 -41.2002 0.1828
#TI average gradients and standard deviation in kcal/mol
0.0000 -104.2305 18.3781
0.1000 -66.5126 14.7818
0.2000 -52.6822 14.6291
0.3000 -47.7647 14.4304
0.4000 -42.0741 12.5618
0.5000 -36.3406 12.2525
0.6000 -31.6631 11.8296
0.7000 -30.1367 11.5385
0.8000 -25.9041 10.5711
0.9000 -22.3270 11.1197
1.0000 -12.5338 10.3994
#PMF from TI in kcal/mol
0.0000 0.0000
0.1000 -8.5372
0.2000 -14.4969
0.3000 -19.5192
0.4000 -24.0112
0.5000 -27.9319
0.6000 -31.3321
0.7000 -34.4221
0.8000 -37.2241
0.9000 -39.6357
1.0000 -41.3787
#MBAR free energy difference in kcal/mol: 
-41.200191, 0.182785  #WARNING SUBSAMPLING DISABLED, CONSIDER RERUN WITH SUBSAMPLING OPTION
#TI free energy difference in kcal/mol: 
-41.378724  #WARNING SUBSAMPLING DISABLED, CONSIDER RERUN WITH SUBSAMPLING OPTION 
Starting /export/users/common/BioSimSpace/sire.app/bin/analyse_freenrg: number of threads equals 32
