# Analysing data contained in file(s) ['lambda_0.0000/simfile_snipped.dat', 'lambda_0.1000/simfile_snipped.dat', 'lambda_0.2000/simfile_snipped.dat', 'lambda_0.3000/simfile_snipped.dat', 'lambda_0.4000/simfile_snipped.dat', 'lambda_0.5000/simfile_snipped.dat', 'lambda_0.6000/simfile_snipped.dat', 'lambda_0.7000/simfile_snipped.dat', 'lambda_0.8000/simfile_snipped.dat', 'lambda_0.9000/simfile_snipped.dat', 'lambda_1.0000/simfile_snipped.dat']
#Overlap matrix
1.0000 0.0000 0.0000 0.0000 0.0000 0.0000 0.0000 0.0000 0.0000 0.0000 0.0000
0.0000 0.9646 0.0354 0.0000 0.0000 0.0000 0.0000 0.0000 0.0000 0.0000 0.0000
0.0000 0.0354 0.9025 0.0621 0.0000 0.0000 0.0000 0.0000 0.0000 0.0000 0.0000
0.0000 0.0000 0.0621 0.8695 0.0684 0.0000 0.0000 0.0000 0.0000 0.0000 0.0000
0.0000 0.0000 0.0000 0.0684 0.8884 0.0432 0.0000 0.0000 0.0000 0.0000 0.0000
0.0000 0.0000 0.0000 0.0000 0.0432 0.8996 0.0572 0.0000 0.0000 0.0000 0.0000
0.0000 0.0000 0.0000 0.0000 0.0000 0.0572 0.9017 0.0411 0.0000 0.0000 0.0000
0.0000 0.0000 0.0000 0.0000 0.0000 0.0000 0.0411 0.9411 0.0178 0.0000 0.0000
0.0000 0.0000 0.0000 0.0000 0.0000 0.0000 0.0000 0.0178 0.9738 0.0083 0.0000
0.0000 0.0000 0.0000 0.0000 0.0000 0.0000 0.0000 0.0000 0.0083 0.9759 0.0157
0.0000 0.0000 0.0000 0.0000 0.0000 0.0000 0.0000 0.0000 0.0000 0.0157 0.9843
#DG from neighbouring lambda in kcal/mol
0.0000 0.1000 32.3897 0.2351
0.1000 0.2000 13.6925 0.1477
0.2000 0.3000 12.1378 0.1082
0.3000 0.4000 10.8624 0.1023
0.4000 0.5000 8.3624 0.1326
0.5000 0.6000 5.7910 0.1134
0.6000 0.7000 2.4516 0.1362
0.7000 0.8000 -3.3984 0.2119
0.8000 0.9000 -14.0852 0.3131
0.9000 1.0000 -23.6019 0.2261
#PMF from MBAR in kcal/mol
0.0000 0.0000 0.0000
0.1000 32.3897 0.2351
0.2000 46.0822 0.1910
0.3000 58.2201 0.1687
0.4000 69.0825 0.1536
0.5000 77.4449 0.1406
0.6000 83.2359 0.1406
0.7000 85.6875 0.1543
0.8000 82.2891 0.2060
0.9000 68.2039 0.3197
1.0000 44.6019 0.3801
#TI average gradients and standard deviation in kcal/mol
0.0000 2522.9154 1443.1669
0.1000 155.8418 28.7274
0.2000 126.2321 21.2325
0.3000 114.7000 20.9211
0.4000 101.2280 22.3003
0.5000 69.9991 21.8378
0.6000 44.6993 22.7854
0.7000 1.1542 25.5070
0.8000 -83.2400 30.5634
0.9000 -191.5329 29.1692
1.0000 -280.7851 29.5999
#PMF from TI in kcal/mol
0.0000 0.0000
0.1000 133.9379
0.2000 148.0415
0.3000 160.0882
0.4000 170.8846
0.5000 179.4459
0.6000 185.1808
0.7000 187.4735
0.8000 183.3692
0.9000 169.6306
1.0000 146.0147
#MBAR free energy difference in kcal/mol: 
44.601950, 0.380083  #WARNING SUBSAMPLING DISABLED, CONSIDER RERUN WITH SUBSAMPLING OPTION
#TI free energy difference in kcal/mol: 
146.014675  #WARNING SUBSAMPLING DISABLED, CONSIDER RERUN WITH SUBSAMPLING OPTION 
Starting /export/users/common/BioSimSpace/sire.app/bin/analyse_freenrg: number of threads equals 32
