# Analysing data contained in file(s) ['lambda_0.0000/simfile_snipped.dat', 'lambda_0.1000/simfile_snipped.dat', 'lambda_0.2000/simfile_snipped.dat', 'lambda_0.3000/simfile_snipped.dat', 'lambda_0.4000/simfile_snipped.dat', 'lambda_0.5000/simfile_snipped.dat', 'lambda_0.6000/simfile_snipped.dat', 'lambda_0.7000/simfile_snipped.dat', 'lambda_0.8000/simfile_snipped.dat', 'lambda_0.9000/simfile_snipped.dat', 'lambda_1.0000/simfile_snipped.dat']
#Overlap matrix
0.9037 0.0961 0.0002 0.0000 0.0000 0.0000 0.0000 0.0000 0.0000 0.0000 0.0000
0.0961 0.7807 0.1228 0.0005 0.0000 0.0000 0.0000 0.0000 0.0000 0.0000 0.0000
0.0002 0.1228 0.7517 0.1248 0.0005 0.0000 0.0000 0.0000 0.0000 0.0000 0.0000
0.0000 0.0005 0.1248 0.7369 0.1372 0.0005 0.0000 0.0000 0.0000 0.0000 0.0000
0.0000 0.0000 0.0005 0.1372 0.7423 0.1195 0.0006 0.0000 0.0000 0.0000 0.0000
0.0000 0.0000 0.0000 0.0005 0.1195 0.7673 0.1124 0.0003 0.0000 0.0000 0.0000
0.0000 0.0000 0.0000 0.0000 0.0006 0.1124 0.7776 0.1091 0.0003 0.0000 0.0000
0.0000 0.0000 0.0000 0.0000 0.0000 0.0003 0.1091 0.8044 0.0860 0.0001 0.0000
0.0000 0.0000 0.0000 0.0000 0.0000 0.0000 0.0003 0.0860 0.8174 0.0963 0.0001
0.0000 0.0000 0.0000 0.0000 0.0000 0.0000 0.0000 0.0001 0.0963 0.8262 0.0774
0.0000 0.0000 0.0000 0.0000 0.0000 0.0000 0.0000 0.0000 0.0001 0.0774 0.9226
#DG from neighbouring lambda in kcal/mol
0.0000 0.1000 13.9518 0.0834
0.1000 0.2000 10.4928 0.0712
0.2000 0.3000 6.6253 0.0703
0.3000 0.4000 2.5642 0.0659
0.4000 0.5000 -1.2869 0.0723
0.5000 0.6000 -4.7289 0.0753
0.6000 0.7000 -8.4477 0.0769
0.7000 0.8000 -11.7156 0.0892
0.8000 0.9000 -14.7993 0.0833
0.9000 1.0000 -17.2922 0.0952
#PMF from MBAR in kcal/mol
0.0000 0.0000 0.0000
0.1000 13.9518 0.0834
0.2000 24.4446 0.1168
0.3000 31.0699 0.1421
0.4000 33.6341 0.1618
0.5000 32.3472 0.1817
0.6000 27.6183 0.2007
0.7000 19.1706 0.2186
0.8000 7.4550 0.2395
0.9000 -7.3443 0.2568
1.0000 -24.6365 0.2769
#TI average gradients and standard deviation in kcal/mol
0.0000 386.8030 4787.2796
0.1000 123.0100 17.4921
0.2000 86.0557 15.8732
0.3000 44.8409 17.0808
0.4000 6.2157 17.7800
0.5000 -30.3459 17.1083
0.6000 -66.1600 18.2633
0.7000 -100.6823 16.8210
0.8000 -135.5063 18.5799
0.9000 -161.4175 20.5964
1.0000 -179.1678 21.6700
#PMF from TI in kcal/mol
0.0000 0.0000
0.1000 25.4907
0.2000 35.9439
0.3000 42.4888
0.4000 45.0416
0.5000 43.8351
0.6000 39.0098
0.7000 30.6677
0.8000 18.8583
0.9000 4.0121
1.0000 -13.0172
#MBAR free energy difference in kcal/mol: 
-24.636483, 0.276861  #WARNING SUBSAMPLING DISABLED, CONSIDER RERUN WITH SUBSAMPLING OPTION
#TI free energy difference in kcal/mol: 
-13.017197  #WARNING SUBSAMPLING DISABLED, CONSIDER RERUN WITH SUBSAMPLING OPTION 
Starting /export/users/common/BioSimSpace/sire.app/bin/analyse_freenrg: number of threads equals 32
