# Analysing data contained in file(s) ['lambda_0.0000/simfile_snipped.dat', 'lambda_0.1000/simfile_snipped.dat', 'lambda_0.2000/simfile_snipped.dat', 'lambda_0.3000/simfile_snipped.dat', 'lambda_0.4000/simfile_snipped.dat', 'lambda_0.5000/simfile_snipped.dat', 'lambda_0.6000/simfile_snipped.dat', 'lambda_0.7000/simfile_snipped.dat', 'lambda_0.8000/simfile_snipped.dat', 'lambda_0.9000/simfile_snipped.dat', 'lambda_1.0000/simfile_snipped.dat']
#Overlap matrix
0.9116 0.0875 0.0008 0.0000 0.0000 0.0000 0.0000 0.0000 0.0000 0.0000 0.0000
0.0875 0.7867 0.1230 0.0027 0.0001 0.0000 0.0000 0.0000 0.0000 0.0000 0.0000
0.0008 0.1230 0.7194 0.1511 0.0054 0.0002 0.0000 0.0000 0.0000 0.0000 0.0000
0.0000 0.0027 0.1511 0.6730 0.1630 0.0099 0.0003 0.0000 0.0000 0.0000 0.0000
0.0000 0.0001 0.0054 0.1630 0.6429 0.1796 0.0084 0.0006 0.0000 0.0000 0.0000
0.0000 0.0000 0.0002 0.0099 0.1796 0.6218 0.1650 0.0212 0.0022 0.0001 0.0000
0.0000 0.0000 0.0000 0.0003 0.0084 0.1650 0.5560 0.2299 0.0381 0.0022 0.0000
0.0000 0.0000 0.0000 0.0000 0.0006 0.0212 0.2299 0.4771 0.2335 0.0359 0.0018
0.0000 0.0000 0.0000 0.0000 0.0000 0.0022 0.0381 0.2335 0.4455 0.2411 0.0395
0.0000 0.0000 0.0000 0.0000 0.0000 0.0001 0.0022 0.0359 0.2411 0.4557 0.2650
0.0000 0.0000 0.0000 0.0000 0.0000 0.0000 0.0000 0.0018 0.0395 0.2650 0.6937
#DG from neighbouring lambda in kcal/mol
0.0000 0.1000 -3.1073 0.0880
0.1000 0.2000 -0.5914 0.0700
0.2000 0.3000 -0.1364 0.0596
0.3000 0.4000 -0.1790 0.0548
0.4000 0.5000 -0.1240 0.0503
0.5000 0.6000 -0.4002 0.0509
0.6000 0.7000 0.0198 0.0353
0.7000 0.8000 0.3351 0.0329
0.8000 0.9000 0.1704 0.0319
0.9000 1.0000 0.0756 0.0331
#PMF from MBAR in kcal/mol
0.0000 0.0000 0.0000
0.1000 -3.1073 0.0880
0.2000 -3.6988 0.1191
0.3000 -3.8352 0.1384
0.4000 -4.0142 0.1533
0.5000 -4.1382 0.1650
0.6000 -4.5384 0.1763
0.7000 -4.5186 0.1825
0.8000 -4.1835 0.1878
0.9000 -4.0131 0.1932
1.0000 -3.9374 0.1985
#TI average gradients and standard deviation in kcal/mol
0.0000 -62.7013 22.6262
0.1000 -12.2884 18.5863
0.2000 -2.6305 15.9241
0.3000 -1.0473 15.0532
0.4000 -2.4080 15.1030
0.5000 -1.6925 14.9523
0.6000 -2.9057 12.2478
0.7000 2.9661 9.7163
0.8000 2.6040 9.8154
0.9000 1.0392 9.5157
1.0000 15.1283 10.1152
#PMF from TI in kcal/mol
0.0000 0.0000
0.1000 -3.7495
0.2000 -4.4954
0.3000 -4.6793
0.4000 -4.8521
0.5000 -5.0571
0.6000 -5.2870
0.7000 -5.2840
0.8000 -5.0055
0.9000 -4.8233
1.0000 -4.0150
#MBAR free energy difference in kcal/mol: 
-3.937433, 0.198542  #WARNING SUBSAMPLING DISABLED, CONSIDER RERUN WITH SUBSAMPLING OPTION
#TI free energy difference in kcal/mol: 
-4.014963  #WARNING SUBSAMPLING DISABLED, CONSIDER RERUN WITH SUBSAMPLING OPTION 
Starting /export/users/common/BioSimSpace/sire.app/bin/analyse_freenrg: number of threads equals 32
