# Analysing data contained in file(s) ['lambda_0.0000/simfile_snipped.dat', 'lambda_0.1000/simfile_snipped.dat', 'lambda_0.2000/simfile_snipped.dat', 'lambda_0.3000/simfile_snipped.dat', 'lambda_0.4000/simfile_snipped.dat', 'lambda_0.5000/simfile_snipped.dat', 'lambda_0.6000/simfile_snipped.dat', 'lambda_0.7000/simfile_snipped.dat', 'lambda_0.8000/simfile_snipped.dat', 'lambda_0.9000/simfile_snipped.dat', 'lambda_1.0000/simfile_snipped.dat']
#Overlap matrix
0.9835 0.0165 0.0000 0.0000 0.0000 0.0000 0.0000 0.0000 0.0000 0.0000 0.0000
0.0165 0.9687 0.0148 0.0000 0.0000 0.0000 0.0000 0.0000 0.0000 0.0000 0.0000
0.0000 0.0148 0.9663 0.0189 0.0000 0.0000 0.0000 0.0000 0.0000 0.0000 0.0000
0.0000 0.0000 0.0189 0.9810 0.0000 0.0000 0.0000 0.0000 0.0000 0.0000 0.0000
0.0000 0.0000 0.0000 0.0000 0.8466 0.1507 0.0027 0.0000 0.0000 0.0000 0.0000
0.0000 0.0000 0.0000 0.0000 0.1507 0.7413 0.1074 0.0007 0.0000 0.0000 0.0000
0.0000 0.0000 0.0000 0.0000 0.0027 0.1074 0.7974 0.0923 0.0002 0.0000 0.0000
0.0000 0.0000 0.0000 0.0000 0.0000 0.0007 0.0923 0.8222 0.0847 0.0001 0.0000
0.0000 0.0000 0.0000 0.0000 0.0000 0.0000 0.0002 0.0847 0.8567 0.0582 0.0001
0.0000 0.0000 0.0000 0.0000 0.0000 0.0000 0.0000 0.0001 0.0582 0.8701 0.0716
0.0000 0.0000 0.0000 0.0000 0.0000 0.0000 0.0000 0.0000 0.0001 0.0716 0.9283
#DG from neighbouring lambda in kcal/mol
0.0000 0.1000 8.3730 0.2206
0.1000 0.2000 5.8752 0.2337
0.2000 0.3000 4.5643 0.2053
0.3000 0.4000 -0.2903 7.1562
0.4000 0.5000 6.9087 0.0613
0.5000 0.6000 7.6560 0.0764
0.6000 0.7000 3.6882 0.0851
0.7000 0.8000 -0.6165 0.0900
0.8000 0.9000 -3.9904 0.1120
0.9000 1.0000 -6.4474 0.0996
#PMF from MBAR in kcal/mol
0.0000 0.0000 0.0000
0.1000 8.3730 0.2206
0.2000 14.2482 0.3239
0.3000 18.8125 0.3857
0.4000 18.5222 7.1667
0.5000 25.4310 7.1670
0.6000 33.0870 7.1675
0.7000 36.7752 7.1681
0.8000 36.1587 7.1688
0.9000 32.1683 7.1698
1.0000 25.7209 7.1706
#TI average gradients and standard deviation in kcal/mol
0.0000 32781.8141 302903.5325
0.1000 69.5139 29.9250
0.2000 49.1554 28.8783
0.3000 48.2589 24.4236
0.4000 19.4342 21.4318
0.5000 89.0946 16.7482
0.6000 58.5096 18.4441
0.7000 14.0292 20.4917
0.8000 -24.2045 19.9167
0.9000 -56.7439 18.9744
1.0000 -25401.8998 521113.2290
#PMF from TI in kcal/mol
0.0000 0.0000
0.1000 1642.5664
0.2000 1648.4999
0.3000 1653.3706
0.4000 1656.7552
0.5000 1662.1817
0.6000 1669.5619
0.7000 1673.1888
0.8000 1672.6801
0.9000 1668.6326
1.0000 395.7005
#MBAR free energy difference in kcal/mol: 
25.720944, 7.170577  #WARNING SUBSAMPLING DISABLED, CONSIDER RERUN WITH SUBSAMPLING OPTION
#TI free energy difference in kcal/mol: 
395.700452  #WARNING SUBSAMPLING DISABLED, CONSIDER RERUN WITH SUBSAMPLING OPTION 
Starting /export/users/common/BioSimSpace/sire.app/bin/analyse_freenrg: number of threads equals 32
