# Analysing data contained in file(s) ['lambda_0.0000/simfile_snipped.dat', 'lambda_0.1000/simfile_snipped.dat', 'lambda_0.2000/simfile_snipped.dat', 'lambda_0.3000/simfile_snipped.dat', 'lambda_0.4000/simfile_snipped.dat', 'lambda_0.5000/simfile_snipped.dat', 'lambda_0.6000/simfile_snipped.dat', 'lambda_0.7000/simfile_snipped.dat', 'lambda_0.8000/simfile_snipped.dat', 'lambda_0.9000/simfile_snipped.dat', 'lambda_1.0000/simfile_snipped.dat']
#Overlap matrix
0.9545 0.0454 0.0001 0.0000 0.0000 0.0000 0.0000 0.0000 0.0000 0.0000 0.0000
0.0454 0.8828 0.0717 0.0001 0.0000 0.0000 0.0000 0.0000 0.0000 0.0000 0.0000
0.0001 0.0717 0.8574 0.0706 0.0002 0.0000 0.0000 0.0000 0.0000 0.0000 0.0000
0.0000 0.0001 0.0706 0.8417 0.0874 0.0002 0.0000 0.0000 0.0000 0.0000 0.0000
0.0000 0.0000 0.0002 0.0874 0.8381 0.0742 0.0002 0.0000 0.0000 0.0000 0.0000
0.0000 0.0000 0.0000 0.0002 0.0742 0.8507 0.0739 0.0010 0.0000 0.0000 0.0000
0.0000 0.0000 0.0000 0.0000 0.0002 0.0739 0.8138 0.1116 0.0005 0.0000 0.0000
0.0000 0.0000 0.0000 0.0000 0.0000 0.0010 0.1116 0.7790 0.1081 0.0002 0.0000
0.0000 0.0000 0.0000 0.0000 0.0000 0.0000 0.0005 0.1081 0.8121 0.0792 0.0000
0.0000 0.0000 0.0000 0.0000 0.0000 0.0000 0.0000 0.0002 0.0792 0.8872 0.0334
0.0000 0.0000 0.0000 0.0000 0.0000 0.0000 0.0000 0.0000 0.0000 0.0334 0.9666
#DG from neighbouring lambda in kcal/mol
0.0000 0.1000 -6.1851 0.1288
0.1000 0.2000 -3.4888 0.0994
0.2000 0.3000 -3.1839 0.1002
0.3000 0.4000 -3.0444 0.0883
0.4000 0.5000 -3.0389 0.0974
0.5000 0.6000 -3.2966 0.0970
0.6000 0.7000 -2.6491 0.0754
0.7000 0.8000 -2.7725 0.0772
0.8000 0.9000 -2.4999 0.0937
0.9000 1.0000 -0.5240 0.1524
#PMF from MBAR in kcal/mol
0.0000 0.0000 0.0000
0.1000 -6.1851 0.1288
0.2000 -9.6739 0.1676
0.3000 -12.8578 0.1994
0.4000 -15.9022 0.2217
0.5000 -18.9411 0.2455
0.6000 -22.2377 0.2669
0.7000 -24.8868 0.2800
0.8000 -27.6593 0.2932
0.9000 -30.1592 0.3104
1.0000 -30.6832 0.3482
#TI average gradients and standard deviation in kcal/mol
0.0000 31890031693.8569 655365290048.9725
0.1000 -41.6549 20.6210
0.2000 -31.2869 19.6405
0.3000 -32.1265 20.0246
0.4000 -30.4992 21.3294
0.5000 -30.7178 22.0449
0.6000 -30.6709 18.0315
0.7000 -27.4452 17.4142
0.8000 -27.5938 19.0253
0.9000 -18.2226 22.9439
1.0000 25.3318 28.3995
#PMF from TI in kcal/mol
0.0000 0.0000
0.1000 1594501582.6101
0.2000 1594501578.9630
0.3000 1594501575.7923
0.4000 1594501572.6611
0.5000 1594501569.6002
0.6000 1594501566.5308
0.7000 1594501563.6250
0.8000 1594501560.8730
0.9000 1594501558.5822
1.0000 1594501558.9376
#MBAR free energy difference in kcal/mol: 
-30.683156, 0.348205  #WARNING SUBSAMPLING DISABLED, CONSIDER RERUN WITH SUBSAMPLING OPTION
#TI free energy difference in kcal/mol: 
1594501558.937647  #WARNING SUBSAMPLING DISABLED, CONSIDER RERUN WITH SUBSAMPLING OPTION 
Starting /export/users/common/BioSimSpace/sire.app/bin/analyse_freenrg: number of threads equals 32
