# Analysing data contained in file(s) ['lambda_0.0000/simfile_snipped.dat', 'lambda_0.1000/simfile_snipped.dat', 'lambda_0.2000/simfile_snipped.dat', 'lambda_0.3000/simfile_snipped.dat', 'lambda_0.4000/simfile_snipped.dat', 'lambda_0.5000/simfile_snipped.dat', 'lambda_0.6000/simfile_snipped.dat', 'lambda_0.7000/simfile_snipped.dat', 'lambda_0.8000/simfile_snipped.dat', 'lambda_0.9000/simfile_snipped.dat', 'lambda_1.0000/simfile_snipped.dat']
#Overlap matrix
0.9072 0.0925 0.0003 0.0000 0.0000 0.0000 0.0000 0.0000 0.0000 0.0000 0.0000
0.0925 0.8138 0.0934 0.0004 0.0000 0.0000 0.0000 0.0000 0.0000 0.0000 0.0000
0.0003 0.0934 0.8197 0.0863 0.0004 0.0000 0.0000 0.0000 0.0000 0.0000 0.0000
0.0000 0.0004 0.0863 0.8398 0.0736 0.0000 0.0000 0.0000 0.0000 0.0000 0.0000
0.0000 0.0000 0.0004 0.0736 0.8839 0.0421 0.0001 0.0000 0.0000 0.0000 0.0000
0.0000 0.0000 0.0000 0.0000 0.0421 0.8890 0.0687 0.0002 0.0000 0.0000 0.0000
0.0000 0.0000 0.0000 0.0000 0.0001 0.0687 0.9084 0.0228 0.0000 0.0000 0.0000
0.0000 0.0000 0.0000 0.0000 0.0000 0.0002 0.0228 0.9731 0.0039 0.0000 0.0000
0.0000 0.0000 0.0000 0.0000 0.0000 0.0000 0.0000 0.0039 0.9906 0.0055 0.0000
0.0000 0.0000 0.0000 0.0000 0.0000 0.0000 0.0000 0.0000 0.0055 0.9808 0.0138
0.0000 0.0000 0.0000 0.0000 0.0000 0.0000 0.0000 0.0000 0.0000 0.0138 0.9862
#DG from neighbouring lambda in kcal/mol
0.0000 0.1000 5.2089 0.0854
0.1000 0.2000 2.6977 0.0847
0.2000 0.3000 0.1227 0.0888
0.3000 0.4000 -1.6312 0.0978
0.4000 0.5000 -5.9844 0.1343
0.5000 0.6000 -8.3862 0.1018
0.6000 0.7000 -4.7764 0.1855
0.7000 0.8000 -2.4129 0.4577
0.8000 0.9000 -4.4742 0.3882
0.9000 1.0000 -5.4610 0.2423
#PMF from MBAR in kcal/mol
0.0000 0.0000 0.0000
0.1000 5.2089 0.0854
0.2000 7.9066 0.1267
0.3000 8.0293 0.1598
0.4000 6.3980 0.1915
0.5000 0.4137 0.2374
0.6000 -7.9725 0.2614
0.7000 -12.7489 0.3228
0.8000 -15.1618 0.5615
0.9000 -19.6360 0.6838
1.0000 -25.0970 0.7266
#TI average gradients and standard deviation in kcal/mol
0.0000 21681832125156.4453 406878083181790.8750
0.1000 40.1076 17.8132
0.2000 14.3921 18.3164
0.3000 -10.1947 19.2302
0.4000 -31.8592 26.3751
0.5000 -80.4048 20.5189
0.6000 -75.4036 22.1362
0.7000 -27.2006 33.6363
0.8000 -33.5858 34.8622
0.9000 -59.4872 28.2471
1.0000 -55.3679 111.3054
#PMF from TI in kcal/mol
0.0000 0.0000
0.1000 1084091606259.8274
0.2000 1084091606262.5524
0.3000 1084091606262.7622
0.4000 1084091606260.6595
0.5000 1084091606255.0463
0.6000 1084091606247.2560
0.7000 1084091606242.1256
0.8000 1084091606239.0863
0.9000 1084091606234.4327
1.0000 1084091606228.6901
#MBAR free energy difference in kcal/mol: 
-25.097036, 0.726635  #WARNING SUBSAMPLING DISABLED, CONSIDER RERUN WITH SUBSAMPLING OPTION
#TI free energy difference in kcal/mol: 
1084091606228.690063  #WARNING SUBSAMPLING DISABLED, CONSIDER RERUN WITH SUBSAMPLING OPTION 
Starting /export/users/common/BioSimSpace/sire.app/bin/analyse_freenrg: number of threads equals 32
