# Analysing data contained in file(s) ['lambda_0.0000/simfile_snipped.dat', 'lambda_0.1000/simfile_snipped.dat', 'lambda_0.2000/simfile_snipped.dat', 'lambda_0.3000/simfile_snipped.dat', 'lambda_0.4000/simfile_snipped.dat', 'lambda_0.5000/simfile_snipped.dat', 'lambda_0.6000/simfile_snipped.dat', 'lambda_0.7000/simfile_snipped.dat', 'lambda_0.8000/simfile_snipped.dat', 'lambda_0.9000/simfile_snipped.dat', 'lambda_1.0000/simfile_snipped.dat']
#Overlap matrix
0.9967 0.0033 0.0000 0.0000 0.0000 0.0000 0.0000 0.0000 0.0000 0.0000 0.0000
0.0033 0.9932 0.0036 0.0000 0.0000 0.0000 0.0000 0.0000 0.0000 0.0000 0.0000
0.0000 0.0036 0.9921 0.0043 0.0000 0.0000 0.0000 0.0000 0.0000 0.0000 0.0000
0.0000 0.0000 0.0043 0.9867 0.0090 0.0000 0.0000 0.0000 0.0000 0.0000 0.0000
0.0000 0.0000 0.0000 0.0090 0.9700 0.0211 0.0000 0.0000 0.0000 0.0000 0.0000
0.0000 0.0000 0.0000 0.0000 0.0211 0.9544 0.0245 0.0000 0.0000 0.0000 0.0000
0.0000 0.0000 0.0000 0.0000 0.0000 0.0245 0.9324 0.0431 0.0000 0.0000 0.0000
0.0000 0.0000 0.0000 0.0000 0.0000 0.0000 0.0431 0.8843 0.0726 0.0000 0.0000
0.0000 0.0000 0.0000 0.0000 0.0000 0.0000 0.0000 0.0726 0.8551 0.0723 0.0000
0.0000 0.0000 0.0000 0.0000 0.0000 0.0000 0.0000 0.0000 0.0723 0.8546 0.0731
0.0000 0.0000 0.0000 0.0000 0.0000 0.0000 0.0000 0.0000 0.0000 0.0731 0.9269
#DG from neighbouring lambda in kcal/mol
0.0000 0.1000 -5.2450 0.5016
0.1000 0.2000 -3.3611 0.4815
0.2000 0.3000 -3.0040 0.4378
0.3000 0.4000 -0.6501 0.3016
0.4000 0.5000 2.2098 0.1944
0.5000 0.6000 1.6452 0.1795
0.6000 0.7000 0.9664 0.1327
0.7000 0.8000 0.8531 0.0988
0.8000 0.9000 0.4978 0.0991
0.9000 1.0000 0.5188 0.0985
#PMF from MBAR in kcal/mol
0.0000 0.0000 0.0000
0.1000 -5.2450 0.5016
0.2000 -8.6061 0.6965
0.3000 -11.6101 0.8237
0.4000 -12.2601 0.8781
0.5000 -10.0503 0.9003
0.6000 -8.4051 0.9189
0.7000 -7.4387 0.9293
0.8000 -6.5856 0.9355
0.9000 -6.0878 0.9416
1.0000 -5.5690 0.9476
#TI average gradients and standard deviation in kcal/mol
0.0000 -91.6187 39.4393
0.1000 -36.7932 35.3636
0.2000 -29.8894 36.5795
0.3000 -20.3085 33.1607
0.4000 14.0948 25.9695
0.5000 23.9155 27.2409
0.6000 11.5009 23.5670
0.7000 8.8302 21.6906
0.8000 6.7219 20.6128
0.9000 3.8458 21.1761
1.0000 -1747597124.2921 35948225242.4742
#PMF from TI in kcal/mol
0.0000 0.0000
0.1000 -6.4206
0.2000 -9.7547
0.3000 -12.2646
0.4000 -12.5753
0.5000 -10.6748
0.6000 -8.9040
0.7000 -7.8874
0.8000 -7.1098
0.9000 -6.5814
1.0000 -87379862.6038
#MBAR free energy difference in kcal/mol: 
-5.568962, 0.947575  #WARNING SUBSAMPLING DISABLED, CONSIDER RERUN WITH SUBSAMPLING OPTION
#TI free energy difference in kcal/mol: 
-87379862.603756  #WARNING SUBSAMPLING DISABLED, CONSIDER RERUN WITH SUBSAMPLING OPTION 
Starting /export/users/common/BioSimSpace/sire.app/bin/analyse_freenrg: number of threads equals 32
