# Analysing data contained in file(s) ['lambda_0.0000/simfile_snipped.dat', 'lambda_0.1000/simfile_snipped.dat', 'lambda_0.2000/simfile_snipped.dat', 'lambda_0.3000/simfile_snipped.dat', 'lambda_0.4000/simfile_snipped.dat', 'lambda_0.5000/simfile_snipped.dat', 'lambda_0.6000/simfile_snipped.dat', 'lambda_0.7000/simfile_snipped.dat', 'lambda_0.8000/simfile_snipped.dat', 'lambda_0.9000/simfile_snipped.dat', 'lambda_1.0000/simfile_snipped.dat']
#Overlap matrix
0.8632 0.1359 0.0009 0.0000 0.0000 0.0000 0.0000 0.0000 0.0000 0.0000 0.0000
0.1359 0.7197 0.1436 0.0008 0.0000 0.0000 0.0000 0.0000 0.0000 0.0000 0.0000
0.0009 0.1436 0.7080 0.1463 0.0013 0.0000 0.0000 0.0000 0.0000 0.0000 0.0000
0.0000 0.0008 0.1463 0.7108 0.1404 0.0017 0.0000 0.0000 0.0000 0.0000 0.0000
0.0000 0.0000 0.0013 0.1404 0.6676 0.1880 0.0027 0.0000 0.0000 0.0000 0.0000
0.0000 0.0000 0.0000 0.0017 0.1880 0.6423 0.1630 0.0051 0.0000 0.0000 0.0000
0.0000 0.0000 0.0000 0.0000 0.0027 0.1630 0.6345 0.1951 0.0048 0.0000 0.0000
0.0000 0.0000 0.0000 0.0000 0.0000 0.0051 0.1951 0.6184 0.1767 0.0047 0.0000
0.0000 0.0000 0.0000 0.0000 0.0000 0.0000 0.0048 0.1767 0.6268 0.1837 0.0081
0.0000 0.0000 0.0000 0.0000 0.0000 0.0000 0.0000 0.0047 0.1837 0.5926 0.2190
0.0000 0.0000 0.0000 0.0000 0.0000 0.0000 0.0000 0.0000 0.0081 0.2190 0.7729
#DG from neighbouring lambda in kcal/mol
0.0000 0.1000 5.0492 0.0664
0.1000 0.2000 4.5243 0.0637
0.2000 0.3000 3.6974 0.0628
0.3000 0.4000 2.9682 0.0643
0.4000 0.5000 2.2994 0.0516
0.5000 0.6000 1.7051 0.0566
0.6000 0.7000 1.3186 0.0490
0.7000 0.8000 0.7022 0.0529
0.8000 0.9000 -0.1059 0.0507
0.9000 1.0000 -0.7119 0.0447
#PMF from MBAR in kcal/mol
0.0000 0.0000 0.0000
0.1000 5.0492 0.0664
0.2000 9.5735 0.1003
0.3000 13.2709 0.1249
0.4000 16.2391 0.1459
0.5000 18.5385 0.1597
0.6000 20.2436 0.1739
0.7000 21.5622 0.1846
0.8000 22.2643 0.1958
0.9000 22.1584 0.2058
1.0000 21.4465 0.2138
#TI average gradients and standard deviation in kcal/mol
0.0000 54.9816 18.0360
0.1000 47.9276 15.3786
0.2000 41.0236 16.3667
0.3000 34.2667 14.8235
0.4000 24.3176 14.5637
0.5000 21.3335 14.3160
0.6000 14.3974 12.6466
0.7000 10.8776 13.6568
0.8000 3.4171 13.3857
0.9000 -5.1958 12.3371
1.0000 -8.7169 11.4886
#PMF from TI in kcal/mol
0.0000 0.0000
0.1000 5.1455
0.2000 9.5930
0.3000 13.3575
0.4000 16.2868
0.5000 18.5693
0.6000 20.3559
0.7000 21.6196
0.8000 22.3343
0.9000 22.2454
1.0000 21.5498
#MBAR free energy difference in kcal/mol: 
21.446542, 0.213801  #WARNING SUBSAMPLING DISABLED, CONSIDER RERUN WITH SUBSAMPLING OPTION
#TI free energy difference in kcal/mol: 
21.549765  #WARNING SUBSAMPLING DISABLED, CONSIDER RERUN WITH SUBSAMPLING OPTION 
Starting /export/users/common/BioSimSpace/sire.app/bin/analyse_freenrg: number of threads equals 32
