# Analysing data contained in file(s) ['lambda_0.0000/simfile_snipped.dat', 'lambda_0.1000/simfile_snipped.dat', 'lambda_0.2000/simfile_snipped.dat', 'lambda_0.3000/simfile_snipped.dat', 'lambda_0.4000/simfile_snipped.dat', 'lambda_0.5000/simfile_snipped.dat', 'lambda_0.6000/simfile_snipped.dat', 'lambda_0.7000/simfile_snipped.dat', 'lambda_0.8000/simfile_snipped.dat', 'lambda_0.9000/simfile_snipped.dat', 'lambda_1.0000/simfile_snipped.dat']
#Overlap matrix
1.0000 0.0000 0.0000 0.0000 0.0000 0.0000 0.0000 0.0000 0.0000 0.0000 0.0000
0.0000 0.9621 0.0379 0.0000 0.0000 0.0000 0.0000 0.0000 0.0000 0.0000 0.0000
0.0000 0.0379 0.8553 0.1061 0.0007 0.0000 0.0000 0.0000 0.0000 0.0000 0.0000
0.0000 0.0000 0.1061 0.7373 0.1548 0.0018 0.0000 0.0000 0.0000 0.0000 0.0000
0.0000 0.0000 0.0007 0.1548 0.6691 0.1746 0.0007 0.0000 0.0000 0.0000 0.0000
0.0000 0.0000 0.0000 0.0018 0.1746 0.7366 0.0868 0.0002 0.0000 0.0000 0.0000
0.0000 0.0000 0.0000 0.0000 0.0007 0.0868 0.7857 0.1267 0.0001 0.0000 0.0000
0.0000 0.0000 0.0000 0.0000 0.0000 0.0002 0.1267 0.7879 0.0853 0.0000 0.0000
0.0000 0.0000 0.0000 0.0000 0.0000 0.0000 0.0001 0.0853 0.9071 0.0075 0.0000
0.0000 0.0000 0.0000 0.0000 0.0000 0.0000 0.0000 0.0000 0.0075 0.9925 0.0000
0.0000 0.0000 0.0000 0.0000 0.0000 0.0000 0.0000 0.0000 0.0000 0.0000 1.0000
#DG from neighbouring lambda in kcal/mol
0.0000 0.1000 44.0979 0.1715
0.1000 0.2000 13.1661 0.1423
0.2000 0.3000 9.0022 0.0782
0.3000 0.4000 7.1424 0.0601
0.4000 0.5000 5.8539 0.0550
0.5000 0.6000 4.1360 0.0884
0.6000 0.7000 1.3935 0.0698
0.7000 0.8000 -1.4837 0.0898
0.8000 0.9000 -9.2944 0.3301
0.9000 1.0000 -201.0719 0.3170
#PMF from MBAR in kcal/mol
0.0000 0.0000 0.0000
0.1000 44.0979 0.1715
0.2000 57.2640 0.1112
0.3000 66.2662 0.0900
0.4000 73.4086 0.0799
0.5000 79.2625 0.0766
0.6000 83.3985 0.0830
0.7000 84.7920 0.0952
0.8000 83.3083 0.1202
0.9000 74.0139 0.3170
1.0000 -127.0580 0.0000
#TI average gradients and standard deviation in kcal/mol
0.0000 8581.3924 1006.0497
0.1000 180.1208 34.6626
0.2000 105.0050 19.1746
0.3000 78.2378 15.4922
0.4000 63.8255 15.9248
0.5000 54.9087 14.2913
0.6000 24.2838 15.7336
0.7000 2.1651 17.5485
0.8000 -35.5043 23.3905
0.9000 -175.4320 43.0872
1.0000 -2888.8575 117.6638
#PMF from TI in kcal/mol
0.0000 0.0000
0.1000 438.0757
0.2000 452.3320
0.3000 461.4941
0.4000 468.5973
0.5000 474.5340
0.6000 478.4936
0.7000 479.8160
0.8000 478.1491
0.9000 467.6023
1.0000 314.3878
#MBAR free energy difference in kcal/mol: 
-127.058011, 0.000000  #WARNING SUBSAMPLING DISABLED, CONSIDER RERUN WITH SUBSAMPLING OPTION
#TI free energy difference in kcal/mol: 
314.387787  #WARNING SUBSAMPLING DISABLED, CONSIDER RERUN WITH SUBSAMPLING OPTION 
Starting /export/users/common/BioSimSpace/sire.app/bin/analyse_freenrg: number of threads equals 32
