# Analysing data contained in file(s) ['lambda_0.0000/simfile_snipped.dat', 'lambda_0.1000/simfile_snipped.dat', 'lambda_0.2000/simfile_snipped.dat', 'lambda_0.3000/simfile_snipped.dat', 'lambda_0.4000/simfile_snipped.dat', 'lambda_0.5000/simfile_snipped.dat', 'lambda_0.6000/simfile_snipped.dat', 'lambda_0.7000/simfile_snipped.dat', 'lambda_0.8000/simfile_snipped.dat', 'lambda_0.9000/simfile_snipped.dat', 'lambda_1.0000/simfile_snipped.dat']
#Overlap matrix
0.8645 0.1344 0.0011 0.0000 0.0000 0.0000 0.0000 0.0000 0.0000 0.0000 0.0000
0.1344 0.7095 0.1544 0.0016 0.0000 0.0000 0.0000 0.0000 0.0000 0.0000 0.0000
0.0011 0.1544 0.6996 0.1437 0.0012 0.0000 0.0000 0.0000 0.0000 0.0000 0.0000
0.0000 0.0016 0.1437 0.6967 0.1567 0.0013 0.0000 0.0000 0.0000 0.0000 0.0000
0.0000 0.0000 0.0012 0.1567 0.6947 0.1462 0.0013 0.0000 0.0000 0.0000 0.0000
0.0000 0.0000 0.0000 0.0013 0.1462 0.7039 0.1470 0.0016 0.0000 0.0000 0.0000
0.0000 0.0000 0.0000 0.0000 0.0013 0.1470 0.6901 0.1600 0.0016 0.0000 0.0000
0.0000 0.0000 0.0000 0.0000 0.0000 0.0016 0.1600 0.7001 0.1371 0.0013 0.0000
0.0000 0.0000 0.0000 0.0000 0.0000 0.0000 0.0016 0.1371 0.6919 0.1673 0.0022
0.0000 0.0000 0.0000 0.0000 0.0000 0.0000 0.0000 0.0013 0.1673 0.6658 0.1657
0.0000 0.0000 0.0000 0.0000 0.0000 0.0000 0.0000 0.0000 0.0022 0.1657 0.8321
#DG from neighbouring lambda in kcal/mol
0.0000 0.1000 -3.8940 0.0668
0.1000 0.2000 -4.6060 0.0602
0.2000 0.3000 -5.3973 0.0633
0.3000 0.4000 -6.4673 0.0596
0.4000 0.5000 -7.4044 0.0626
0.5000 0.6000 -8.3582 0.0623
0.6000 0.7000 -9.2051 0.0586
0.7000 0.8000 -10.0654 0.0654
0.8000 0.9000 -11.0164 0.0566
0.9000 1.0000 -11.6150 0.0573
#PMF from MBAR in kcal/mol
0.0000 0.0000 0.0000
0.1000 -3.8940 0.0668
0.2000 -8.5000 0.0983
0.3000 -13.8973 0.1234
0.4000 -20.3646 0.1427
0.5000 -27.7690 0.1608
0.6000 -36.1272 0.1769
0.7000 -45.3323 0.1905
0.8000 -55.3978 0.2052
0.9000 -66.4142 0.2165
1.0000 -78.0292 0.2274
#TI average gradients and standard deviation in kcal/mol
0.0000 -34.8001 15.7548
0.1000 -42.6090 15.5379
0.2000 -49.1083 14.1400
0.3000 -60.3026 15.2660
0.4000 -69.3043 16.0222
0.5000 -78.4936 15.3756
0.6000 -87.9799 14.5255
0.7000 -95.6128 14.3143
0.8000 -106.4342 14.6759
0.9000 -113.2170 13.7220
1.0000 -118.3518 14.4643
#PMF from TI in kcal/mol
0.0000 0.0000
0.1000 -3.8705
0.2000 -8.4563
0.3000 -13.9269
0.4000 -20.4072
0.5000 -27.7971
0.6000 -36.1208
0.7000 -45.3004
0.8000 -55.4028
0.9000 -66.3853
1.0000 -77.9638
#MBAR free energy difference in kcal/mol: 
-78.029195, 0.227371  #WARNING SUBSAMPLING DISABLED, CONSIDER RERUN WITH SUBSAMPLING OPTION
#TI free energy difference in kcal/mol: 
-77.963758  #WARNING SUBSAMPLING DISABLED, CONSIDER RERUN WITH SUBSAMPLING OPTION 
Starting /export/users/common/BioSimSpace/sire.app/bin/analyse_freenrg: number of threads equals 32
