# Analysing data contained in file(s) ['lambda_0.0000/simfile_snipped.dat', 'lambda_0.1000/simfile_snipped.dat', 'lambda_0.2000/simfile_snipped.dat', 'lambda_0.3000/simfile_snipped.dat', 'lambda_0.4000/simfile_snipped.dat', 'lambda_0.5000/simfile_snipped.dat', 'lambda_0.6000/simfile_snipped.dat', 'lambda_0.7000/simfile_snipped.dat', 'lambda_0.8000/simfile_snipped.dat', 'lambda_0.9000/simfile_snipped.dat', 'lambda_1.0000/simfile_snipped.dat']
#Overlap matrix
0.7165 0.2528 0.0296 0.0011 0.0000 0.0000 0.0000 0.0000 0.0000 0.0000 0.0000
0.2528 0.4800 0.2342 0.0314 0.0016 0.0000 0.0000 0.0000 0.0000 0.0000 0.0000
0.0296 0.2342 0.4644 0.2410 0.0302 0.0007 0.0000 0.0000 0.0000 0.0000 0.0000
0.0011 0.0314 0.2410 0.5138 0.2053 0.0074 0.0001 0.0000 0.0000 0.0000 0.0000
0.0000 0.0016 0.0302 0.2053 0.6343 0.1259 0.0028 0.0000 0.0000 0.0000 0.0000
0.0000 0.0000 0.0007 0.0074 0.1259 0.7585 0.1064 0.0012 0.0000 0.0000 0.0000
0.0000 0.0000 0.0000 0.0001 0.0028 0.1064 0.7826 0.1067 0.0013 0.0000 0.0000
0.0000 0.0000 0.0000 0.0000 0.0000 0.0012 0.1067 0.7841 0.1071 0.0008 0.0000
0.0000 0.0000 0.0000 0.0000 0.0000 0.0000 0.0013 0.1071 0.7934 0.0980 0.0001
0.0000 0.0000 0.0000 0.0000 0.0000 0.0000 0.0000 0.0008 0.0980 0.8625 0.0386
0.0000 0.0000 0.0000 0.0000 0.0000 0.0000 0.0000 0.0000 0.0001 0.0386 0.9612
#DG from neighbouring lambda in kcal/mol
0.0000 0.1000 0.4506 0.0361
0.1000 0.2000 0.1484 0.0346
0.2000 0.3000 -0.1328 0.0336
0.3000 0.4000 0.2813 0.0422
0.4000 0.5000 0.7247 0.0665
0.5000 0.6000 0.8564 0.0765
0.6000 0.7000 0.3142 0.0771
0.7000 0.8000 -0.0461 0.0771
0.8000 0.9000 0.2330 0.0820
0.9000 1.0000 3.5768 0.1405
#PMF from MBAR in kcal/mol
0.0000 0.0000 0.0000
0.1000 0.4506 0.0361
0.2000 0.5990 0.0595
0.3000 0.4662 0.0757
0.4000 0.7474 0.0921
0.5000 1.4721 0.1191
0.6000 2.3285 0.1462
0.7000 2.6427 0.1697
0.8000 2.5966 0.1903
0.9000 2.8296 0.2109
1.0000 6.4064 0.2566
#TI average gradients and standard deviation in kcal/mol
0.0000 -17.2241 11.5996
0.1000 3.7900 10.1711
0.2000 -0.7531 10.7251
0.3000 -0.4804 10.0957
0.4000 5.2113 14.6439
0.5000 7.9212 16.9895
0.6000 5.0251 18.1597
0.7000 0.8972 19.0129
0.8000 -1.3809 18.4015
0.9000 13.5062 20.6556
1.0000 67.4925 26.5856
#PMF from TI in kcal/mol
0.0000 0.0000
0.1000 -0.6717
0.2000 -0.5199
0.3000 -0.5815
0.4000 -0.3450
0.5000 0.3116
0.6000 0.9589
0.7000 1.2551
0.8000 1.2309
0.9000 1.8371
1.0000 5.8871
#MBAR free energy difference in kcal/mol: 
6.406370, 0.256560  #WARNING SUBSAMPLING DISABLED, CONSIDER RERUN WITH SUBSAMPLING OPTION
#TI free energy difference in kcal/mol: 
5.887076  #WARNING SUBSAMPLING DISABLED, CONSIDER RERUN WITH SUBSAMPLING OPTION 
Starting /export/users/common/BioSimSpace/sire.app/bin/analyse_freenrg: number of threads equals 32
