# Analysing data contained in file(s) ['lambda_0.0000/simfile_snipped.dat', 'lambda_0.1000/simfile_snipped.dat', 'lambda_0.2000/simfile_snipped.dat', 'lambda_0.3000/simfile_snipped.dat', 'lambda_0.4000/simfile_snipped.dat', 'lambda_0.5000/simfile_snipped.dat', 'lambda_0.6000/simfile_snipped.dat', 'lambda_0.7000/simfile_snipped.dat', 'lambda_0.8000/simfile_snipped.dat', 'lambda_0.9000/simfile_snipped.dat', 'lambda_1.0000/simfile_snipped.dat']
#Overlap matrix
0.9693 0.0307 0.0000 0.0000 0.0000 0.0000 0.0000 0.0000 0.0000 0.0000 0.0000
0.0307 0.9393 0.0299 0.0000 0.0000 0.0000 0.0000 0.0000 0.0000 0.0000 0.0000
0.0000 0.0299 0.9493 0.0208 0.0000 0.0000 0.0000 0.0000 0.0000 0.0000 0.0000
0.0000 0.0000 0.0208 0.9495 0.0298 0.0000 0.0000 0.0000 0.0000 0.0000 0.0000
0.0000 0.0000 0.0000 0.0298 0.9444 0.0258 0.0000 0.0000 0.0000 0.0000 0.0000
0.0000 0.0000 0.0000 0.0000 0.0258 0.9735 0.0006 0.0001 0.0001 0.0000 0.0000
0.0000 0.0000 0.0000 0.0000 0.0000 0.0006 0.7424 0.2425 0.0145 0.0000 0.0000
0.0000 0.0000 0.0000 0.0000 0.0000 0.0001 0.2425 0.5654 0.1902 0.0019 0.0000
0.0000 0.0000 0.0000 0.0000 0.0000 0.0001 0.0145 0.1902 0.6868 0.1080 0.0004
0.0000 0.0000 0.0000 0.0000 0.0000 0.0000 0.0000 0.0019 0.1080 0.6929 0.1972
0.0000 0.0000 0.0000 0.0000 0.0000 0.0000 0.0000 0.0000 0.0004 0.1972 0.8023
#DG from neighbouring lambda in kcal/mol
0.0000 0.1000 6.0092 0.1593
0.1000 0.2000 7.4268 0.1614
0.2000 0.3000 6.0856 0.1957
0.3000 0.4000 6.0966 0.1620
0.4000 0.5000 5.8649 0.1747
0.5000 0.6000 -1.1291 1.0984
0.6000 0.7000 9.0505 0.0398
0.7000 0.8000 10.7947 0.0487
0.8000 0.9000 7.1051 0.0766
0.9000 1.0000 2.8934 0.0504
#PMF from MBAR in kcal/mol
0.0000 0.0000 0.0000
0.1000 6.0092 0.1593
0.2000 13.4360 0.2304
0.3000 19.5216 0.3051
0.4000 25.6182 0.3478
0.5000 31.4830 0.3913
0.6000 30.3539 1.1667
0.7000 39.4044 1.1676
0.8000 50.1991 1.1689
0.9000 57.3042 1.1721
1.0000 60.1976 1.1738
#TI average gradients and standard deviation in kcal/mol
0.0000 38.0535 27.0796
0.1000 73.3299 25.1734
0.2000 68.4055 28.0678
0.3000 59.0869 27.2671
0.4000 63.5015 24.8355
0.5000 38.9892 39.8201
0.6000 30.7467 14.3592
0.7000 115.9558 12.4846
0.8000 94.2736 13.7070
0.9000 42.9234 18.0600
1.0000 35.0022 12.9744
#PMF from TI in kcal/mol
0.0000 0.0000
0.1000 5.5692
0.2000 12.6559
0.3000 19.0306
0.4000 25.1600
0.5000 30.2845
0.6000 33.7713
0.7000 41.1064
0.8000 51.6179
0.9000 58.4778
1.0000 62.3740
#MBAR free energy difference in kcal/mol: 
60.197574, 1.173841  #WARNING SUBSAMPLING DISABLED, CONSIDER RERUN WITH SUBSAMPLING OPTION
#TI free energy difference in kcal/mol: 
62.374031  #WARNING SUBSAMPLING DISABLED, CONSIDER RERUN WITH SUBSAMPLING OPTION 
Starting /export/users/common/BioSimSpace/sire.app/bin/analyse_freenrg: number of threads equals 32
