# Analysing data contained in file(s) ['lambda_0.0000/simfile_snipped.dat', 'lambda_0.1000/simfile_snipped.dat', 'lambda_0.2000/simfile_snipped.dat', 'lambda_0.3000/simfile_snipped.dat', 'lambda_0.4000/simfile_snipped.dat', 'lambda_0.5000/simfile_snipped.dat', 'lambda_0.6000/simfile_snipped.dat', 'lambda_0.7000/simfile_snipped.dat', 'lambda_0.8000/simfile_snipped.dat', 'lambda_0.9000/simfile_snipped.dat', 'lambda_1.0000/simfile_snipped.dat']
#Overlap matrix
0.7302 0.2431 0.0257 0.0010 0.0000 0.0000 0.0000 0.0000 0.0000 0.0000 0.0000
0.2431 0.4840 0.2379 0.0334 0.0016 0.0000 0.0000 0.0000 0.0000 0.0000 0.0000
0.0257 0.2379 0.4570 0.2387 0.0388 0.0018 0.0000 0.0000 0.0000 0.0000 0.0000
0.0010 0.0334 0.2387 0.4530 0.2400 0.0327 0.0012 0.0000 0.0000 0.0000 0.0000
0.0000 0.0016 0.0388 0.2400 0.4762 0.2203 0.0224 0.0006 0.0000 0.0000 0.0000
0.0000 0.0000 0.0018 0.0327 0.2203 0.5199 0.2087 0.0162 0.0003 0.0000 0.0000
0.0000 0.0000 0.0000 0.0012 0.0224 0.2087 0.5512 0.2051 0.0112 0.0001 0.0000
0.0000 0.0000 0.0000 0.0000 0.0006 0.0162 0.2051 0.5924 0.1788 0.0069 0.0000
0.0000 0.0000 0.0000 0.0000 0.0000 0.0003 0.0112 0.1788 0.6368 0.1712 0.0017
0.0000 0.0000 0.0000 0.0000 0.0000 0.0000 0.0001 0.0069 0.1712 0.7294 0.0924
0.0000 0.0000 0.0000 0.0000 0.0000 0.0000 0.0000 0.0000 0.0017 0.0924 0.9059
#DG from neighbouring lambda in kcal/mol
0.0000 0.1000 -0.8089 0.0380
0.1000 0.2000 -1.3405 0.0343
0.2000 0.3000 -1.7401 0.0325
0.3000 0.4000 -1.9865 0.0325
0.4000 0.5000 -2.1415 0.0372
0.5000 0.6000 -2.3976 0.0414
0.6000 0.7000 -2.6782 0.0439
0.7000 0.8000 -2.8986 0.0506
0.8000 0.9000 -2.7976 0.0544
0.9000 1.0000 -2.2178 0.0846
#PMF from MBAR in kcal/mol
0.0000 0.0000 0.0000
0.1000 -0.8089 0.0380
0.2000 -2.1494 0.0610
0.3000 -3.8895 0.0764
0.4000 -5.8760 0.0887
0.5000 -8.0175 0.1014
0.6000 -10.4151 0.1144
0.7000 -13.0933 0.1273
0.8000 -15.9919 0.1415
0.9000 -18.7895 0.1560
1.0000 -21.0073 0.1816
#TI average gradients and standard deviation in kcal/mol
0.0000 -10.3086 10.9759
0.1000 -10.2281 10.5552
0.2000 -15.8354 9.4514
0.3000 -18.6802 9.0485
0.4000 -21.2479 10.0539
0.5000 -21.8484 11.4949
0.6000 -26.2640 11.9550
0.7000 -26.9532 14.1200
0.8000 -29.7826 14.1240
0.9000 -25.4886 14.5732
1.0000 -21.5782 21.9865
#PMF from TI in kcal/mol
0.0000 0.0000
0.1000 -1.0268
0.2000 -2.3300
0.3000 -4.0558
0.4000 -6.0522
0.5000 -8.2070
0.6000 -10.6126
0.7000 -13.2735
0.8000 -16.1103
0.9000 -18.8739
1.0000 -21.2272
#MBAR free energy difference in kcal/mol: 
-21.007274, 0.181648  #WARNING SUBSAMPLING DISABLED, CONSIDER RERUN WITH SUBSAMPLING OPTION
#TI free energy difference in kcal/mol: 
-21.227197  #WARNING SUBSAMPLING DISABLED, CONSIDER RERUN WITH SUBSAMPLING OPTION 
Starting /export/users/common/BioSimSpace/sire.app/bin/analyse_freenrg: number of threads equals 32
