# Analysing data contained in file(s) ['lambda_0.0000/simfile_snipped.dat', 'lambda_0.1000/simfile_snipped.dat', 'lambda_0.2000/simfile_snipped.dat', 'lambda_0.3000/simfile_snipped.dat', 'lambda_0.4000/simfile_snipped.dat', 'lambda_0.5000/simfile_snipped.dat', 'lambda_0.6000/simfile_snipped.dat', 'lambda_0.7000/simfile_snipped.dat', 'lambda_0.8000/simfile_snipped.dat', 'lambda_0.9000/simfile_snipped.dat', 'lambda_1.0000/simfile_snipped.dat']
#Overlap matrix
0.8996 0.1001 0.0003 0.0000 0.0000 0.0000 0.0000 0.0000 0.0000 0.0000 0.0000
0.1001 0.8114 0.0883 0.0002 0.0000 0.0000 0.0000 0.0000 0.0000 0.0000 0.0000
0.0003 0.0883 0.8168 0.0943 0.0004 0.0000 0.0000 0.0000 0.0000 0.0000 0.0000
0.0000 0.0002 0.0943 0.8004 0.1044 0.0007 0.0000 0.0000 0.0000 0.0000 0.0000
0.0000 0.0000 0.0004 0.1044 0.7724 0.1226 0.0002 0.0000 0.0000 0.0000 0.0000
0.0000 0.0000 0.0000 0.0007 0.1226 0.7877 0.0889 0.0001 0.0000 0.0000 0.0000
0.0000 0.0000 0.0000 0.0000 0.0002 0.0889 0.7940 0.1166 0.0003 0.0000 0.0000
0.0000 0.0000 0.0000 0.0000 0.0000 0.0001 0.1166 0.7595 0.1235 0.0003 0.0000
0.0000 0.0000 0.0000 0.0000 0.0000 0.0000 0.0003 0.1235 0.7624 0.1136 0.0002
0.0000 0.0000 0.0000 0.0000 0.0000 0.0000 0.0000 0.0003 0.1136 0.7846 0.1015
0.0000 0.0000 0.0000 0.0000 0.0000 0.0000 0.0000 0.0000 0.0002 0.1015 0.8983
#DG from neighbouring lambda in kcal/mol
0.0000 0.1000 -0.6173 0.0813
0.1000 0.2000 0.9449 0.0877
0.2000 0.3000 2.2785 0.0842
0.3000 0.4000 3.7684 0.0788
0.4000 0.5000 5.4216 0.0712
0.5000 0.6000 5.5709 0.0875
0.6000 0.7000 5.2193 0.0737
0.7000 0.8000 5.4127 0.0710
0.8000 0.9000 5.9607 0.0749
0.9000 1.0000 7.1584 0.0806
#PMF from MBAR in kcal/mol
0.0000 0.0000 0.0000
0.1000 -0.6173 0.0813
0.2000 0.3275 0.1262
0.3000 2.6060 0.1569
0.4000 6.3744 0.1801
0.5000 11.7960 0.1977
0.6000 17.3669 0.2199
0.7000 22.5862 0.2354
0.8000 27.9990 0.2492
0.9000 33.9597 0.2633
1.0000 41.1181 0.2783
#TI average gradients and standard deviation in kcal/mol
0.0000 -17.4182 17.4705
0.1000 2.7693 18.3302
0.2000 15.8910 18.9742
0.3000 30.6378 19.1039
0.4000 46.8200 17.9714
0.5000 58.6604 17.8104
0.6000 52.0687 17.9221
0.7000 53.0218 16.7334
0.8000 56.1419 16.7638
0.9000 63.4005 17.8048
1.0000 82.7130 19.5878
#PMF from TI in kcal/mol
0.0000 0.0000
0.1000 -0.7324
0.2000 0.2006
0.3000 2.5270
0.4000 6.3999
0.5000 11.6739
0.6000 17.2104
0.7000 22.4649
0.8000 27.9231
0.9000 33.9002
1.0000 41.2059
#MBAR free energy difference in kcal/mol: 
41.118120, 0.278324  #WARNING SUBSAMPLING DISABLED, CONSIDER RERUN WITH SUBSAMPLING OPTION
#TI free energy difference in kcal/mol: 
41.205881  #WARNING SUBSAMPLING DISABLED, CONSIDER RERUN WITH SUBSAMPLING OPTION 
Starting /export/users/common/BioSimSpace/sire.app/bin/analyse_freenrg: number of threads equals 32
