# Analysing data contained in file(s) ['lambda_0.0000/simfile_snipped.dat', 'lambda_0.1000/simfile_snipped.dat', 'lambda_0.2000/simfile_snipped.dat', 'lambda_0.3000/simfile_snipped.dat', 'lambda_0.4000/simfile_snipped.dat', 'lambda_0.5000/simfile_snipped.dat', 'lambda_0.6000/simfile_snipped.dat', 'lambda_0.7000/simfile_snipped.dat', 'lambda_0.8000/simfile_snipped.dat', 'lambda_0.9000/simfile_snipped.dat', 'lambda_1.0000/simfile_snipped.dat']
#Overlap matrix
0.8719 0.1272 0.0010 0.0000 0.0000 0.0000 0.0000 0.0000 0.0000 0.0000 0.0000
0.1272 0.7149 0.1562 0.0017 0.0000 0.0000 0.0000 0.0000 0.0000 0.0000 0.0000
0.0010 0.1562 0.6892 0.1520 0.0016 0.0000 0.0000 0.0000 0.0000 0.0000 0.0000
0.0000 0.0017 0.1520 0.6894 0.1557 0.0012 0.0000 0.0000 0.0000 0.0000 0.0000
0.0000 0.0000 0.0016 0.1557 0.7110 0.1313 0.0005 0.0000 0.0000 0.0000 0.0000
0.0000 0.0000 0.0000 0.0012 0.1313 0.7672 0.1002 0.0001 0.0000 0.0000 0.0000
0.0000 0.0000 0.0000 0.0000 0.0005 0.1002 0.8390 0.0603 0.0000 0.0000 0.0000
0.0000 0.0000 0.0000 0.0000 0.0000 0.0001 0.0603 0.9163 0.0233 0.0000 0.0000
0.0000 0.0000 0.0000 0.0000 0.0000 0.0000 0.0000 0.0233 0.9732 0.0035 0.0000
0.0000 0.0000 0.0000 0.0000 0.0000 0.0000 0.0000 0.0000 0.0035 0.9962 0.0003
0.0000 0.0000 0.0000 0.0000 0.0000 0.0000 0.0000 0.0000 0.0000 0.0003 0.9997
#DG from neighbouring lambda in kcal/mol
0.0000 0.1000 -9.1015 0.0694
0.1000 0.2000 -4.8284 0.0597
0.2000 0.3000 -0.6873 0.0607
0.3000 0.4000 3.0787 0.0598
0.4000 0.5000 6.7709 0.0677
0.5000 0.6000 10.0781 0.0811
0.6000 0.7000 12.4148 0.1100
0.7000 0.8000 12.4751 0.1843
0.8000 0.9000 7.4833 0.4881
0.9000 1.0000 -0.9500 1.6875
#PMF from MBAR in kcal/mol
0.0000 0.0000 0.0000
0.1000 -9.1015 0.0694
0.2000 -13.9299 0.0998
0.3000 -14.6172 0.1233
0.4000 -11.5386 0.1426
0.5000 -4.7677 0.1628
0.6000 5.3104 0.1862
0.7000 17.7252 0.2200
0.8000 30.2004 0.2899
0.9000 37.6837 0.5692
1.0000 36.7337 1.7814
#TI average gradients and standard deviation in kcal/mol
0.0000 -119.6766 17.9340
0.1000 -69.3412 15.2094
0.2000 -27.4324 15.6881
0.3000 12.4177 15.4563
0.4000 49.2520 15.7106
0.5000 85.6655 18.2942
0.6000 114.9231 20.1627
0.7000 130.6507 22.3187
0.8000 108.8537 30.7417
0.9000 33.0383 35.7922
1.0000 -51.7705 43.4813
#PMF from TI in kcal/mol
0.0000 0.0000
0.1000 -9.4509
0.2000 -14.2896
0.3000 -15.0403
0.4000 -11.9568
0.5000 -5.2109
0.6000 4.8185
0.7000 17.0972
0.8000 29.0724
0.9000 36.1670
1.0000 35.2304
#MBAR free energy difference in kcal/mol: 
36.733689, 1.781354  #WARNING SUBSAMPLING DISABLED, CONSIDER RERUN WITH SUBSAMPLING OPTION
#TI free energy difference in kcal/mol: 
35.230389  #WARNING SUBSAMPLING DISABLED, CONSIDER RERUN WITH SUBSAMPLING OPTION 
Starting /export/users/common/BioSimSpace/sire.app/bin/analyse_freenrg: number of threads equals 32
