# Analysing data contained in file(s) ['lambda_0.0000/simfile_snipped.dat', 'lambda_0.1000/simfile_snipped.dat', 'lambda_0.2000/simfile_snipped.dat', 'lambda_0.3000/simfile_snipped.dat', 'lambda_0.4000/simfile_snipped.dat', 'lambda_0.5000/simfile_snipped.dat', 'lambda_0.6000/simfile_snipped.dat', 'lambda_0.7000/simfile_snipped.dat', 'lambda_0.8000/simfile_snipped.dat', 'lambda_0.9000/simfile_snipped.dat', 'lambda_1.0000/simfile_snipped.dat']
#Overlap matrix
0.8589 0.1383 0.0027 0.0000 0.0000 0.0000 0.0000 0.0000 0.0000 0.0000 0.0000
0.1383 0.6673 0.1887 0.0056 0.0000 0.0000 0.0000 0.0000 0.0000 0.0000 0.0000
0.0027 0.1887 0.6161 0.1865 0.0059 0.0000 0.0000 0.0000 0.0000 0.0000 0.0000
0.0000 0.0056 0.1865 0.6103 0.1914 0.0062 0.0000 0.0000 0.0000 0.0000 0.0000
0.0000 0.0000 0.0059 0.1914 0.6105 0.1870 0.0052 0.0000 0.0000 0.0000 0.0000
0.0000 0.0000 0.0000 0.0062 0.1870 0.6173 0.1865 0.0029 0.0000 0.0000 0.0000
0.0000 0.0000 0.0000 0.0000 0.0052 0.1865 0.6298 0.1754 0.0030 0.0000 0.0000
0.0000 0.0000 0.0000 0.0000 0.0000 0.0029 0.1754 0.6554 0.1636 0.0026 0.0000
0.0000 0.0000 0.0000 0.0000 0.0000 0.0000 0.0030 0.1636 0.6630 0.1686 0.0017
0.0000 0.0000 0.0000 0.0000 0.0000 0.0000 0.0000 0.0026 0.1686 0.6724 0.1563
0.0000 0.0000 0.0000 0.0000 0.0000 0.0000 0.0000 0.0000 0.0017 0.1563 0.8419
#DG from neighbouring lambda in kcal/mol
0.0000 0.1000 0.9007 0.0650
0.1000 0.2000 1.8259 0.0506
0.2000 0.3000 2.4439 0.0504
0.3000 0.4000 2.7814 0.0493
0.4000 0.5000 3.0539 0.0503
0.5000 0.6000 3.3236 0.0511
0.6000 0.7000 3.4006 0.0540
0.7000 0.8000 3.6455 0.0570
0.8000 0.9000 3.9858 0.0560
0.9000 1.0000 4.2807 0.0599
#PMF from MBAR in kcal/mol
0.0000 0.0000 0.0000
0.1000 0.9007 0.0650
0.2000 2.7266 0.0910
0.3000 5.1705 0.1107
0.4000 7.9519 0.1269
0.5000 11.0058 0.1416
0.6000 14.3293 0.1552
0.7000 17.7299 0.1689
0.8000 21.3755 0.1824
0.9000 25.3613 0.1948
1.0000 29.6419 0.2076
#TI average gradients and standard deviation in kcal/mol
0.0000 2.0666 16.0843
0.1000 13.9455 15.2668
0.2000 22.2601 14.2257
0.3000 26.2948 13.4119
0.4000 29.2424 13.2875
0.5000 32.3465 13.3797
0.6000 33.2901 14.4194
0.7000 35.4539 14.2219
0.8000 37.6186 14.2766
0.9000 41.5158 15.4568
1.0000 47.3009 14.9024
#PMF from TI in kcal/mol
0.0000 0.0000
0.1000 0.8006
0.2000 2.6109
0.3000 5.0386
0.4000 7.8155
0.5000 10.8949
0.6000 14.1768
0.7000 17.6140
0.8000 21.2676
0.9000 25.2243
1.0000 29.6651
#MBAR free energy difference in kcal/mol: 
29.641926, 0.207569  #WARNING SUBSAMPLING DISABLED, CONSIDER RERUN WITH SUBSAMPLING OPTION
#TI free energy difference in kcal/mol: 
29.665141  #WARNING SUBSAMPLING DISABLED, CONSIDER RERUN WITH SUBSAMPLING OPTION 
Starting /export/users/common/BioSimSpace/sire.app/bin/analyse_freenrg: number of threads equals 32
