# Analysing data contained in file(s) ['lambda_0.0000/simfile_snipped.dat', 'lambda_0.1000/simfile_snipped.dat', 'lambda_0.2000/simfile_snipped.dat', 'lambda_0.3000/simfile_snipped.dat', 'lambda_0.4000/simfile_snipped.dat', 'lambda_0.5000/simfile_snipped.dat', 'lambda_0.6000/simfile_snipped.dat', 'lambda_0.7000/simfile_snipped.dat', 'lambda_0.8000/simfile_snipped.dat', 'lambda_0.9000/simfile_snipped.dat', 'lambda_1.0000/simfile_snipped.dat']
#Overlap matrix
0.9559 0.0440 0.0001 0.0000 0.0000 0.0000 0.0000 0.0000 0.0000 0.0000 0.0000
0.0440 0.8233 0.1299 0.0028 0.0000 0.0000 0.0000 0.0000 0.0000 0.0000 0.0000
0.0001 0.1299 0.6847 0.1767 0.0085 0.0001 0.0000 0.0000 0.0000 0.0000 0.0000
0.0000 0.0028 0.1767 0.6183 0.1937 0.0084 0.0001 0.0000 0.0000 0.0000 0.0000
0.0000 0.0000 0.0085 0.1937 0.5924 0.1932 0.0121 0.0002 0.0000 0.0000 0.0000
0.0000 0.0000 0.0001 0.0084 0.1932 0.5653 0.2179 0.0150 0.0001 0.0000 0.0000
0.0000 0.0000 0.0000 0.0001 0.0121 0.2179 0.5471 0.2121 0.0106 0.0001 0.0000
0.0000 0.0000 0.0000 0.0000 0.0002 0.0150 0.2121 0.5516 0.2108 0.0102 0.0001
0.0000 0.0000 0.0000 0.0000 0.0000 0.0001 0.0106 0.2108 0.5609 0.2074 0.0102
0.0000 0.0000 0.0000 0.0000 0.0000 0.0000 0.0001 0.0102 0.2074 0.5666 0.2157
0.0000 0.0000 0.0000 0.0000 0.0000 0.0000 0.0000 0.0001 0.0102 0.2157 0.7741
#DG from neighbouring lambda in kcal/mol
0.0000 0.1000 -2.2834 0.1310
0.1000 0.2000 0.4103 0.0678
0.2000 0.3000 1.7422 0.0526
0.3000 0.4000 2.1549 0.0479
0.4000 0.5000 1.9754 0.0473
0.5000 0.6000 1.8268 0.0418
0.6000 0.7000 1.7882 0.0430
0.7000 0.8000 1.4750 0.0440
0.8000 0.9000 1.2120 0.0447
0.9000 1.0000 1.0781 0.0450
#PMF from MBAR in kcal/mol
0.0000 0.0000 0.0000
0.1000 -2.2834 0.1310
0.2000 -1.8731 0.1529
0.3000 -0.1309 0.1662
0.4000 2.0239 0.1767
0.5000 3.9993 0.1866
0.6000 5.8262 0.1945
0.7000 7.6144 0.2023
0.8000 9.0893 0.2103
0.9000 10.3013 0.2181
1.0000 11.3794 0.2256
#TI average gradients and standard deviation in kcal/mol
0.0000 -42.0987 26.0338
0.1000 -7.6223 18.5395
0.2000 13.1138 15.9040
0.3000 21.0411 13.7155
0.4000 20.4437 14.1117
0.5000 19.2368 13.7211
0.6000 18.5422 10.8607
0.7000 16.3682 12.2292
0.8000 12.5025 12.5229
0.9000 11.3883 12.9524
1.0000 17.9200 12.8802
#PMF from TI in kcal/mol
0.0000 0.0000
0.1000 -2.4860
0.2000 -2.2115
0.3000 -0.5037
0.4000 1.5705
0.5000 3.5545
0.6000 5.4435
0.7000 7.1890
0.8000 8.6325
0.9000 9.8271
1.0000 11.2925
#MBAR free energy difference in kcal/mol: 
11.379394, 0.225648  #WARNING SUBSAMPLING DISABLED, CONSIDER RERUN WITH SUBSAMPLING OPTION
#TI free energy difference in kcal/mol: 
11.292500  #WARNING SUBSAMPLING DISABLED, CONSIDER RERUN WITH SUBSAMPLING OPTION 
Starting /export/users/common/BioSimSpace/sire.app/bin/analyse_freenrg: number of threads equals 32
