# Analysing data contained in file(s) ['lambda_0.0000/simfile_snipped.dat', 'lambda_0.1000/simfile_snipped.dat', 'lambda_0.2000/simfile_snipped.dat', 'lambda_0.3000/simfile_snipped.dat', 'lambda_0.4000/simfile_snipped.dat', 'lambda_0.5000/simfile_snipped.dat', 'lambda_0.6000/simfile_snipped.dat', 'lambda_0.7000/simfile_snipped.dat', 'lambda_0.8000/simfile_snipped.dat', 'lambda_0.9000/simfile_snipped.dat', 'lambda_1.0000/simfile_snipped.dat']
#Overlap matrix
1.0000 0.0000 0.0000 0.0000 0.0000 0.0000 0.0000 0.0000 0.0000 0.0000 0.0000
0.0000 0.9564 0.0436 0.0000 0.0000 0.0000 0.0000 0.0000 0.0000 0.0000 0.0000
0.0000 0.0436 0.8866 0.0697 0.0000 0.0000 0.0000 0.0000 0.0000 0.0000 0.0000
0.0000 0.0000 0.0697 0.8413 0.0889 0.0001 0.0000 0.0000 0.0000 0.0000 0.0000
0.0000 0.0000 0.0000 0.0889 0.8793 0.0317 0.0000 0.0000 0.0000 0.0000 0.0000
0.0000 0.0000 0.0000 0.0001 0.0317 0.9184 0.0498 0.0000 0.0000 0.0000 0.0000
0.0000 0.0000 0.0000 0.0000 0.0000 0.0498 0.8952 0.0550 0.0000 0.0000 0.0000
0.0000 0.0000 0.0000 0.0000 0.0000 0.0000 0.0550 0.8993 0.0457 0.0000 0.0000
0.0000 0.0000 0.0000 0.0000 0.0000 0.0000 0.0000 0.0457 0.8844 0.0698 0.0000
0.0000 0.0000 0.0000 0.0000 0.0000 0.0000 0.0000 0.0000 0.0698 0.8790 0.0511
0.0000 0.0000 0.0000 0.0000 0.0000 0.0000 0.0000 0.0000 0.0000 0.0511 0.9489
#DG from neighbouring lambda in kcal/mol
0.0000 0.1000 34.0150 0.2123
0.1000 0.2000 9.3846 0.1318
0.2000 0.3000 5.4874 0.1012
0.3000 0.4000 4.0852 0.0876
0.4000 0.5000 4.5736 0.1564
0.5000 0.6000 3.0127 0.1225
0.6000 0.7000 1.8431 0.1159
0.7000 0.8000 1.0141 0.1284
0.8000 0.9000 1.1645 0.1011
0.9000 1.0000 3.7995 0.1208
#PMF from MBAR in kcal/mol
0.0000 0.0000 0.0000
0.1000 34.0150 0.2123
0.2000 43.3996 0.1728
0.3000 48.8871 0.1507
0.4000 52.9723 0.1379
0.5000 57.5459 0.1174
0.6000 60.5586 0.1174
0.7000 62.4017 0.1296
0.8000 63.4158 0.1551
0.9000 64.5803 0.1765
1.0000 68.3798 0.2101
#TI average gradients and standard deviation in kcal/mol
0.0000 2588.0896 369.2908
0.1000 117.7226 23.2892
0.2000 70.4863 21.4899
0.3000 41.6571 21.0725
0.4000 48.4740 21.4837
0.5000 35.4305 22.7355
0.6000 23.0261 23.8026
0.7000 15.1922 23.0451
0.8000 6.4721 21.6603
0.9000 20.3537 24.4883
1.0000 72.2463 24.6656
#PMF from TI in kcal/mol
0.0000 0.0000
0.1000 135.2906
0.2000 144.7011
0.3000 150.3082
0.4000 154.8148
0.5000 159.0100
0.6000 161.9328
0.7000 163.8437
0.8000 164.9270
0.9000 166.2682
1.0000 170.8982
#MBAR free energy difference in kcal/mol: 
68.379841, 0.210141  #WARNING SUBSAMPLING DISABLED, CONSIDER RERUN WITH SUBSAMPLING OPTION
#TI free energy difference in kcal/mol: 
170.898239  #WARNING SUBSAMPLING DISABLED, CONSIDER RERUN WITH SUBSAMPLING OPTION 
Starting /export/users/common/BioSimSpace/sire.app/bin/analyse_freenrg: number of threads equals 32
