# Analysing data contained in file(s) ['lambda_0.0000/simfile_snipped.dat', 'lambda_0.1000/simfile_snipped.dat', 'lambda_0.2000/simfile_snipped.dat', 'lambda_0.3000/simfile_snipped.dat', 'lambda_0.4000/simfile_snipped.dat', 'lambda_0.5000/simfile_snipped.dat', 'lambda_0.6000/simfile_snipped.dat', 'lambda_0.7000/simfile_snipped.dat', 'lambda_0.8000/simfile_snipped.dat', 'lambda_0.9000/simfile_snipped.dat', 'lambda_1.0000/simfile_snipped.dat']
#Overlap matrix
1.0000 0.0000 0.0000 0.0000 0.0000 0.0000 0.0000 0.0000 0.0000 0.0000 0.0000
0.0000 0.9850 0.0150 0.0000 0.0000 0.0000 0.0000 0.0000 0.0000 0.0000 0.0000
0.0000 0.0150 0.9659 0.0191 0.0000 0.0000 0.0000 0.0000 0.0000 0.0000 0.0000
0.0000 0.0000 0.0191 0.9665 0.0144 0.0000 0.0000 0.0000 0.0000 0.0000 0.0000
0.0000 0.0000 0.0000 0.0144 0.9709 0.0146 0.0000 0.0000 0.0000 0.0000 0.0000
0.0000 0.0000 0.0000 0.0000 0.0146 0.9778 0.0076 0.0000 0.0000 0.0000 0.0000
0.0000 0.0000 0.0000 0.0000 0.0000 0.0076 0.9644 0.0280 0.0000 0.0000 0.0000
0.0000 0.0000 0.0000 0.0000 0.0000 0.0000 0.0280 0.9607 0.0113 0.0000 0.0000
0.0000 0.0000 0.0000 0.0000 0.0000 0.0000 0.0000 0.0113 0.9771 0.0117 0.0000
0.0000 0.0000 0.0000 0.0000 0.0000 0.0000 0.0000 0.0000 0.0117 0.9866 0.0017
0.0000 0.0000 0.0000 0.0000 0.0000 0.0000 0.0000 0.0000 0.0000 0.0017 0.9983
#DG from neighbouring lambda in kcal/mol
0.0000 0.1000 13.0849 264.5053
0.1000 0.2000 3.5916 0.2314
0.2000 0.3000 1.3924 0.2046
0.3000 0.4000 -2.0621 0.2363
0.4000 0.5000 -6.3082 0.2347
0.5000 0.6000 -8.9832 0.3283
0.6000 0.7000 -7.6940 0.1673
0.7000 0.8000 -7.9435 0.2685
0.8000 0.9000 -11.5280 0.2637
0.9000 1.0000 -15.7639 0.6985
#PMF from MBAR in kcal/mol
0.0000 0.0000 0.0000
0.1000 13.0849 264.5053
0.2000 16.6765 264.5054
0.3000 18.0689 264.5055
0.4000 16.0068 264.5056
0.5000 9.6986 264.5057
0.6000 0.7154 264.5059
0.7000 -6.9786 264.5060
0.8000 -14.9221 264.5061
0.9000 -26.4501 264.5062
1.0000 -42.2140 264.5072
#TI average gradients and standard deviation in kcal/mol
0.0000 1530.8895 727.4633
0.1000 40.9109 30.0907
0.2000 28.5102 28.9760
0.3000 2.7520 27.8530
0.4000 -40.6948 29.9824
0.5000 -76.6417 26.6362
0.6000 -96.0996 27.0536
0.7000 -70.4220 29.4868
0.8000 -98.9855 31.9023
0.9000 -132.3821 32.1145
1.0000 -293.6215 96.0708
#PMF from TI in kcal/mol
0.0000 0.0000
0.1000 78.5900
0.2000 82.0611
0.3000 83.6242
0.4000 81.7271
0.5000 75.8602
0.6000 67.2232
0.7000 58.8971
0.8000 50.4267
0.9000 38.8583
1.0000 17.5581
#MBAR free energy difference in kcal/mol: 
-42.214007, 264.507159  #WARNING SUBSAMPLING DISABLED, CONSIDER RERUN WITH SUBSAMPLING OPTION
#TI free energy difference in kcal/mol: 
17.558145  #WARNING SUBSAMPLING DISABLED, CONSIDER RERUN WITH SUBSAMPLING OPTION 
Starting /export/users/common/BioSimSpace/sire.app/bin/analyse_freenrg: number of threads equals 32
