# Analysing data contained in file(s) ['lambda_0.0000/simfile_snipped.dat', 'lambda_0.1000/simfile_snipped.dat', 'lambda_0.2000/simfile_snipped.dat', 'lambda_0.3000/simfile_snipped.dat', 'lambda_0.4000/simfile_snipped.dat', 'lambda_0.5000/simfile_snipped.dat', 'lambda_0.6000/simfile_snipped.dat', 'lambda_0.7000/simfile_snipped.dat', 'lambda_0.8000/simfile_snipped.dat', 'lambda_0.9000/simfile_snipped.dat', 'lambda_1.0000/simfile_snipped.dat']
#Overlap matrix
0.9915 0.0085 0.0000 0.0000 0.0000 0.0000 0.0000 0.0000 0.0000 0.0000 0.0000
0.0085 0.9683 0.0232 0.0000 0.0000 0.0000 0.0000 0.0000 0.0000 0.0000 0.0000
0.0000 0.0232 0.9441 0.0327 0.0000 0.0000 0.0000 0.0000 0.0000 0.0000 0.0000
0.0000 0.0000 0.0327 0.9178 0.0495 0.0000 0.0000 0.0000 0.0000 0.0000 0.0000
0.0000 0.0000 0.0000 0.0495 0.9015 0.0489 0.0000 0.0000 0.0000 0.0000 0.0000
0.0000 0.0000 0.0000 0.0000 0.0489 0.8959 0.0552 0.0000 0.0000 0.0000 0.0000
0.0000 0.0000 0.0000 0.0000 0.0000 0.0552 0.8873 0.0576 0.0000 0.0000 0.0000
0.0000 0.0000 0.0000 0.0000 0.0000 0.0000 0.0576 0.8790 0.0634 0.0000 0.0000
0.0000 0.0000 0.0000 0.0000 0.0000 0.0000 0.0000 0.0634 0.8752 0.0613 0.0000
0.0000 0.0000 0.0000 0.0000 0.0000 0.0000 0.0000 0.0000 0.0613 0.8766 0.0620
0.0000 0.0000 0.0000 0.0000 0.0000 0.0000 0.0000 0.0000 0.0000 0.0620 0.9380
#DG from neighbouring lambda in kcal/mol
0.0000 0.1000 -5.1070 0.3102
0.1000 0.2000 -2.7245 0.1846
0.2000 0.3000 -0.8798 0.1541
0.3000 0.4000 -0.3610 0.1229
0.4000 0.5000 -0.2449 0.1237
0.5000 0.6000 -0.1959 0.1157
0.6000 0.7000 -0.5759 0.1130
0.7000 0.8000 -0.4945 0.1069
0.8000 0.9000 -0.3561 0.1090
0.9000 1.0000 -0.2508 0.1083
#PMF from MBAR in kcal/mol
0.0000 0.0000 0.0000
0.1000 -5.1070 0.3102
0.2000 -7.8316 0.3633
0.3000 -8.7114 0.3967
0.4000 -9.0724 0.4173
0.5000 -9.3173 0.4372
0.6000 -9.5132 0.4541
0.7000 -10.0891 0.4697
0.8000 -10.5836 0.4834
0.9000 -10.9397 0.4972
1.0000 -11.1906 0.5105
#TI average gradients and standard deviation in kcal/mol
0.0000 -70.3379 31.7547
0.1000 -37.5411 30.1851
0.2000 -15.9868 23.8118
0.3000 -7.4814 24.2884
0.4000 -2.0072 22.9883
0.5000 -1.5804 21.7310
0.6000 -3.6438 22.6959
0.7000 -5.2274 20.6662
0.8000 -4.3342 20.0608
0.9000 -2.8381 19.4056
1.0000 1.7691 20.5638
#PMF from TI in kcal/mol
0.0000 0.0000
0.1000 -5.3939
0.2000 -8.0703
0.3000 -9.2437
0.4000 -9.7182
0.5000 -9.8976
0.6000 -10.1588
0.7000 -10.6023
0.8000 -11.0804
0.9000 -11.4390
1.0000 -11.4925
#MBAR free energy difference in kcal/mol: 
-11.190561, 0.510488  #WARNING SUBSAMPLING DISABLED, CONSIDER RERUN WITH SUBSAMPLING OPTION
#TI free energy difference in kcal/mol: 
-11.492483  #WARNING SUBSAMPLING DISABLED, CONSIDER RERUN WITH SUBSAMPLING OPTION 
Starting /export/users/common/BioSimSpace/sire.app/bin/analyse_freenrg: number of threads equals 32
