# Analysing data contained in file(s) ['lambda_0.0000/simfile_snipped.dat', 'lambda_0.1000/simfile_snipped.dat', 'lambda_0.2000/simfile_snipped.dat', 'lambda_0.3000/simfile_snipped.dat', 'lambda_0.4000/simfile_snipped.dat', 'lambda_0.5000/simfile_snipped.dat', 'lambda_0.6000/simfile_snipped.dat', 'lambda_0.7000/simfile_snipped.dat', 'lambda_0.8000/simfile_snipped.dat', 'lambda_0.9000/simfile_snipped.dat', 'lambda_1.0000/simfile_snipped.dat']
#Overlap matrix
0.9692 0.0308 0.0000 0.0000 0.0000 0.0000 0.0000 0.0000 0.0000 0.0000 0.0000
0.0308 0.9470 0.0223 0.0000 0.0000 0.0000 0.0000 0.0000 0.0000 0.0000 0.0000
0.0000 0.0223 0.9579 0.0198 0.0000 0.0000 0.0000 0.0000 0.0000 0.0000 0.0000
0.0000 0.0000 0.0198 0.9226 0.0575 0.0001 0.0000 0.0000 0.0000 0.0000 0.0000
0.0000 0.0000 0.0000 0.0575 0.9250 0.0175 0.0000 0.0000 0.0000 0.0000 0.0000
0.0000 0.0000 0.0000 0.0001 0.0175 0.9589 0.0234 0.0000 0.0000 0.0000 0.0000
0.0000 0.0000 0.0000 0.0000 0.0000 0.0234 0.9368 0.0397 0.0000 0.0000 0.0000
0.0000 0.0000 0.0000 0.0000 0.0000 0.0000 0.0397 0.9258 0.0345 0.0000 0.0000
0.0000 0.0000 0.0000 0.0000 0.0000 0.0000 0.0000 0.0345 0.9383 0.0272 0.0000
0.0000 0.0000 0.0000 0.0000 0.0000 0.0000 0.0000 0.0000 0.0272 0.9429 0.0299
0.0000 0.0000 0.0000 0.0000 0.0000 0.0000 0.0000 0.0000 0.0000 0.0299 0.9701
#DG from neighbouring lambda in kcal/mol
0.0000 0.1000 21.2934 0.1592
0.1000 0.2000 17.5109 0.1887
0.2000 0.3000 14.3433 0.2005
0.3000 0.4000 15.7057 0.1128
0.4000 0.5000 18.7905 0.2132
0.5000 0.6000 15.8781 0.1837
0.6000 0.7000 12.4949 0.1387
0.7000 0.8000 9.8068 0.1497
0.8000 0.9000 8.3497 0.1700
0.9000 1.0000 10.4977 0.1615
#PMF from MBAR in kcal/mol
0.0000 0.0000 0.0000
0.1000 21.2934 0.1592
0.2000 38.8043 0.2502
0.3000 53.1476 0.3232
0.4000 68.8533 0.3446
0.5000 87.6438 0.4070
0.6000 103.5219 0.4484
0.7000 116.0167 0.4711
0.8000 125.8235 0.4960
0.9000 134.1733 0.5259
1.0000 144.6710 0.5517
#TI average gradients and standard deviation in kcal/mol
0.0000 214.0075 27.0153
0.1000 197.7945 27.1921
0.2000 160.6258 27.2231
0.3000 139.8110 26.2302
0.4000 187.3958 24.5101
0.5000 176.5556 27.2673
0.6000 138.6018 25.2524
0.7000 110.6316 25.9385
0.8000 85.7362 24.7485
0.9000 83.1340 25.3406
1.0000 152.2967 26.2134
#PMF from TI in kcal/mol
0.0000 0.0000
0.1000 20.5901
0.2000 38.5111
0.3000 53.5329
0.4000 69.8933
0.5000 88.0909
0.6000 103.8487
0.7000 116.3104
0.8000 126.1288
0.9000 134.5723
1.0000 146.3438
#MBAR free energy difference in kcal/mol: 
144.670955, 0.551671  #WARNING SUBSAMPLING DISABLED, CONSIDER RERUN WITH SUBSAMPLING OPTION
#TI free energy difference in kcal/mol: 
146.343843  #WARNING SUBSAMPLING DISABLED, CONSIDER RERUN WITH SUBSAMPLING OPTION 
Starting /export/users/common/BioSimSpace/sire.app/bin/analyse_freenrg: number of threads equals 32
