# Analysing data contained in file(s) ['lambda_0.0000/simfile_snipped.dat', 'lambda_0.1000/simfile_snipped.dat', 'lambda_0.2000/simfile_snipped.dat', 'lambda_0.3000/simfile_snipped.dat', 'lambda_0.4000/simfile_snipped.dat', 'lambda_0.5000/simfile_snipped.dat', 'lambda_0.6000/simfile_snipped.dat', 'lambda_0.7000/simfile_snipped.dat', 'lambda_0.8000/simfile_snipped.dat', 'lambda_0.9000/simfile_snipped.dat', 'lambda_1.0000/simfile_snipped.dat']
#Overlap matrix
0.8348 0.1617 0.0035 0.0000 0.0000 0.0000 0.0000 0.0000 0.0000 0.0000 0.0000
0.1617 0.6553 0.1780 0.0050 0.0000 0.0000 0.0000 0.0000 0.0000 0.0000 0.0000
0.0035 0.1780 0.6271 0.1838 0.0074 0.0002 0.0000 0.0000 0.0000 0.0000 0.0000
0.0000 0.0050 0.1838 0.6094 0.1926 0.0091 0.0001 0.0000 0.0000 0.0000 0.0000
0.0000 0.0000 0.0074 0.1926 0.6995 0.0986 0.0019 0.0000 0.0000 0.0000 0.0000
0.0000 0.0000 0.0002 0.0091 0.0986 0.7801 0.1108 0.0012 0.0000 0.0000 0.0000
0.0000 0.0000 0.0000 0.0001 0.0019 0.1108 0.7706 0.1150 0.0017 0.0000 0.0000
0.0000 0.0000 0.0000 0.0000 0.0000 0.0012 0.1150 0.7570 0.1254 0.0014 0.0000
0.0000 0.0000 0.0000 0.0000 0.0000 0.0000 0.0017 0.1254 0.7510 0.1210 0.0009
0.0000 0.0000 0.0000 0.0000 0.0000 0.0000 0.0000 0.0014 0.1210 0.7882 0.0893
0.0000 0.0000 0.0000 0.0000 0.0000 0.0000 0.0000 0.0000 0.0009 0.0893 0.9097
#DG from neighbouring lambda in kcal/mol
0.0000 0.1000 12.3286 0.0580
0.1000 0.2000 8.7763 0.0529
0.2000 0.3000 5.1219 0.0507
0.3000 0.4000 2.2708 0.0482
0.4000 0.5000 0.9878 0.0770
0.5000 0.6000 -1.4301 0.0750
0.6000 0.7000 -4.1855 0.0734
0.7000 0.8000 -6.7184 0.0693
0.8000 0.9000 -8.6286 0.0712
0.9000 1.0000 -7.9029 0.0868
#PMF from MBAR in kcal/mol
0.0000 0.0000 0.0000
0.1000 12.3286 0.0580
0.2000 21.1049 0.0874
0.3000 26.2268 0.1079
0.4000 28.4976 0.1238
0.5000 29.4854 0.1491
0.6000 28.0554 0.1711
0.7000 23.8698 0.1902
0.8000 17.1514 0.2060
0.9000 8.5229 0.2214
1.0000 0.6200 0.2410
#TI average gradients and standard deviation in kcal/mol
0.0000 132.6203 14.7167
0.1000 105.7212 13.3432
0.2000 69.2217 13.0124
0.3000 33.8913 13.5974
0.4000 18.2769 14.6007
0.5000 -2.2745 17.9392
0.6000 -27.1958 18.3844
0.7000 -55.5089 16.6408
0.8000 -79.1392 15.3315
0.9000 -88.9694 16.5837
1.0000 -59.1143 19.2111
#PMF from TI in kcal/mol
0.0000 0.0000
0.1000 11.9171
0.2000 20.6642
0.3000 25.8199
0.4000 28.4283
0.5000 29.2284
0.6000 27.7549
0.7000 23.6196
0.8000 16.8872
0.9000 8.4818
1.0000 1.0776
#MBAR free energy difference in kcal/mol: 
0.620008, 0.241019  #WARNING SUBSAMPLING DISABLED, CONSIDER RERUN WITH SUBSAMPLING OPTION
#TI free energy difference in kcal/mol: 
1.077625  #WARNING SUBSAMPLING DISABLED, CONSIDER RERUN WITH SUBSAMPLING OPTION 
Starting /export/users/common/BioSimSpace/sire.app/bin/analyse_freenrg: number of threads equals 32
