# Analysing data contained in file(s) ['lambda_0.0000/simfile_snipped.dat', 'lambda_0.1000/simfile_snipped.dat', 'lambda_0.2000/simfile_snipped.dat', 'lambda_0.3000/simfile_snipped.dat', 'lambda_0.4000/simfile_snipped.dat', 'lambda_0.5000/simfile_snipped.dat', 'lambda_0.6000/simfile_snipped.dat', 'lambda_0.7000/simfile_snipped.dat', 'lambda_0.8000/simfile_snipped.dat', 'lambda_0.9000/simfile_snipped.dat', 'lambda_1.0000/simfile_snipped.dat']
#Overlap matrix
0.8241 0.1688 0.0070 0.0001 0.0000 0.0000 0.0000 0.0000 0.0000 0.0000 0.0000
0.1688 0.6232 0.1959 0.0119 0.0002 0.0000 0.0000 0.0000 0.0000 0.0000 0.0000
0.0070 0.1959 0.5660 0.2150 0.0159 0.0002 0.0000 0.0000 0.0000 0.0000 0.0000
0.0001 0.0119 0.2150 0.5399 0.2183 0.0146 0.0002 0.0000 0.0000 0.0000 0.0000
0.0000 0.0002 0.0159 0.2183 0.5488 0.2048 0.0120 0.0001 0.0000 0.0000 0.0000
0.0000 0.0000 0.0002 0.0146 0.2048 0.5654 0.2060 0.0089 0.0001 0.0000 0.0000
0.0000 0.0000 0.0000 0.0002 0.0120 0.2060 0.5952 0.1810 0.0056 0.0000 0.0000
0.0000 0.0000 0.0000 0.0000 0.0001 0.0089 0.1810 0.6263 0.1802 0.0034 0.0000
0.0000 0.0000 0.0000 0.0000 0.0000 0.0001 0.0056 0.1802 0.6695 0.1434 0.0012
0.0000 0.0000 0.0000 0.0000 0.0000 0.0000 0.0000 0.0034 0.1434 0.7478 0.1054
0.0000 0.0000 0.0000 0.0000 0.0000 0.0000 0.0000 0.0000 0.0012 0.1054 0.8934
#DG from neighbouring lambda in kcal/mol
0.0000 0.1000 3.7562 0.0554
0.1000 0.2000 3.3480 0.0471
0.2000 0.3000 2.7489 0.0422
0.3000 0.4000 2.0530 0.0412
0.4000 0.5000 1.2936 0.0441
0.5000 0.6000 0.4580 0.0448
0.6000 0.7000 -0.3524 0.0509
0.7000 0.8000 -1.0551 0.0523
0.8000 0.9000 -1.1794 0.0629
0.9000 1.0000 -0.0742 0.0783
#PMF from MBAR in kcal/mol
0.0000 0.0000 0.0000
0.1000 3.7562 0.0554
0.2000 7.1042 0.0814
0.3000 9.8531 0.0985
0.4000 11.9061 0.1123
0.5000 13.1996 0.1257
0.6000 13.6577 0.1382
0.7000 13.3052 0.1518
0.8000 12.2501 0.1649
0.9000 11.0706 0.1805
1.0000 10.9964 0.2007
#TI average gradients and standard deviation in kcal/mol
0.0000 40.6991 100.6211
0.1000 36.1450 12.7368
0.2000 30.6599 11.5669
0.3000 24.3360 11.1981
0.4000 16.7872 11.1794
0.5000 8.5678 12.7551
0.6000 1.2530 13.2545
0.7000 -8.3281 14.6913
0.8000 -11.7200 14.4651
0.9000 -9.5553 16.5211
1.0000 13.4248 20.1890
#PMF from TI in kcal/mol
0.0000 0.0000
0.1000 3.8422
0.2000 7.1824
0.3000 9.9322
0.4000 11.9884
0.5000 13.2561
0.6000 13.7472
0.7000 13.3934
0.8000 12.3910
0.9000 11.3273
1.0000 11.5207
#MBAR free energy difference in kcal/mol: 
10.996402, 0.200662  #WARNING SUBSAMPLING DISABLED, CONSIDER RERUN WITH SUBSAMPLING OPTION
#TI free energy difference in kcal/mol: 
11.520745  #WARNING SUBSAMPLING DISABLED, CONSIDER RERUN WITH SUBSAMPLING OPTION 
Starting /export/users/common/BioSimSpace/sire.app/bin/analyse_freenrg: number of threads equals 32
