# Analysing data contained in file(s) ['lambda_0.0000/simfile_snipped.dat', 'lambda_0.1000/simfile_snipped.dat', 'lambda_0.2000/simfile_snipped.dat', 'lambda_0.3000/simfile_snipped.dat', 'lambda_0.4000/simfile_snipped.dat', 'lambda_0.5000/simfile_snipped.dat', 'lambda_0.6000/simfile_snipped.dat', 'lambda_0.7000/simfile_snipped.dat', 'lambda_0.8000/simfile_snipped.dat', 'lambda_0.9000/simfile_snipped.dat', 'lambda_1.0000/simfile_snipped.dat']
#Overlap matrix
0.8794 0.1203 0.0002 0.0000 0.0000 0.0000 0.0000 0.0000 0.0000 0.0000 0.0000
0.1203 0.7213 0.1558 0.0026 0.0000 0.0000 0.0000 0.0000 0.0000 0.0000 0.0000
0.0002 0.1558 0.6673 0.1671 0.0096 0.0000 0.0000 0.0000 0.0000 0.0000 0.0000
0.0000 0.0026 0.1671 0.5976 0.2328 0.0000 0.0000 0.0000 0.0000 0.0000 0.0000
0.0000 0.0000 0.0096 0.2328 0.7576 0.0000 0.0000 0.0000 0.0000 0.0000 0.0000
0.0000 0.0000 0.0000 0.0000 0.0000 0.9887 0.0113 0.0000 0.0000 0.0000 0.0000
0.0000 0.0000 0.0000 0.0000 0.0000 0.0113 0.9749 0.0137 0.0000 0.0000 0.0000
0.0000 0.0000 0.0000 0.0000 0.0000 0.0000 0.0137 0.9645 0.0218 0.0000 0.0000
0.0000 0.0000 0.0000 0.0000 0.0000 0.0000 0.0000 0.0218 0.9509 0.0273 0.0000
0.0000 0.0000 0.0000 0.0000 0.0000 0.0000 0.0000 0.0000 0.0273 0.9310 0.0417
0.0000 0.0000 0.0000 0.0000 0.0000 0.0000 0.0000 0.0000 0.0000 0.0417 0.9583
#DG from neighbouring lambda in kcal/mol
0.0000 0.1000 -1.0635 0.0723
0.1000 0.2000 -5.2704 0.0598
0.2000 0.3000 -8.1338 0.0546
0.3000 0.4000 -5.3008 0.0421
0.4000 0.5000 11.5102 102.0219
0.5000 0.6000 1.6766 0.2678
0.6000 0.7000 1.9871 0.2424
0.7000 0.8000 2.0248 0.1909
0.8000 0.9000 2.0874 0.1697
0.9000 1.0000 2.5648 0.1351
#PMF from MBAR in kcal/mol
0.0000 0.0000 0.0000
0.1000 -1.0635 0.0723
0.2000 -6.3339 0.1022
0.3000 -14.4677 0.1222
0.4000 -19.7685 0.1342
0.5000 -8.2583 102.0219
0.6000 -6.5817 102.0223
0.7000 -4.5946 102.0226
0.8000 -2.5698 102.0228
0.9000 -0.4825 102.0229
1.0000 2.0824 102.0230
#TI average gradients and standard deviation in kcal/mol
0.0000 -9.8101 14.9166
0.1000 -32.0431 19.3740
0.2000 -68.9456 13.7120
0.3000 -87.1019 12.3202
0.4000 21.5644 13.0927
0.5000 27.3258 41.0822
0.6000 22.2668 29.7526
0.7000 18.1293 28.5125
0.8000 20.3045 28.5705
0.9000 19.3106 25.5188
1.0000 39.7950 24.4005
#PMF from TI in kcal/mol
0.0000 0.0000
0.1000 -2.0927
0.2000 -7.1421
0.3000 -14.9445
0.4000 -18.2213
0.5000 -15.7768
0.6000 -13.2972
0.7000 -11.2774
0.8000 -9.3557
0.9000 -7.3750
1.0000 -4.4197
#MBAR free energy difference in kcal/mol: 
2.082383, 102.023020  #WARNING SUBSAMPLING DISABLED, CONSIDER RERUN WITH SUBSAMPLING OPTION
#TI free energy difference in kcal/mol: 
-4.419682  #WARNING SUBSAMPLING DISABLED, CONSIDER RERUN WITH SUBSAMPLING OPTION 
Starting /export/users/common/BioSimSpace/sire.app/bin/analyse_freenrg: number of threads equals 32
