# Analysing data contained in file(s) ['lambda_0.0000/simfile_snipped.dat', 'lambda_0.1000/simfile_snipped.dat', 'lambda_0.2000/simfile_snipped.dat', 'lambda_0.3000/simfile_snipped.dat', 'lambda_0.4000/simfile_snipped.dat', 'lambda_0.5000/simfile_snipped.dat', 'lambda_0.6000/simfile_snipped.dat', 'lambda_0.7000/simfile_snipped.dat', 'lambda_0.8000/simfile_snipped.dat', 'lambda_0.9000/simfile_snipped.dat', 'lambda_1.0000/simfile_snipped.dat']
#Overlap matrix
0.9912 0.0088 0.0000 0.0000 0.0000 0.0000 0.0000 0.0000 0.0000 0.0000 0.0000
0.0088 0.9777 0.0135 0.0000 0.0000 0.0000 0.0000 0.0000 0.0000 0.0000 0.0000
0.0000 0.0135 0.9684 0.0181 0.0000 0.0000 0.0000 0.0000 0.0000 0.0000 0.0000
0.0000 0.0000 0.0181 0.9620 0.0199 0.0000 0.0000 0.0000 0.0000 0.0000 0.0000
0.0000 0.0000 0.0000 0.0199 0.9517 0.0284 0.0000 0.0000 0.0000 0.0000 0.0000
0.0000 0.0000 0.0000 0.0000 0.0284 0.9403 0.0314 0.0000 0.0000 0.0000 0.0000
0.0000 0.0000 0.0000 0.0000 0.0000 0.0314 0.9175 0.0511 0.0000 0.0000 0.0000
0.0000 0.0000 0.0000 0.0000 0.0000 0.0000 0.0511 0.8917 0.0571 0.0000 0.0000
0.0000 0.0000 0.0000 0.0000 0.0000 0.0000 0.0000 0.0571 0.8814 0.0614 0.0000
0.0000 0.0000 0.0000 0.0000 0.0000 0.0000 0.0000 0.0000 0.0614 0.8604 0.0781
0.0000 0.0000 0.0000 0.0000 0.0000 0.0000 0.0000 0.0000 0.0000 0.0781 0.9218
#DG from neighbouring lambda in kcal/mol
0.0000 0.1000 -9.6240 0.3040
0.1000 0.2000 -6.2824 0.2445
0.2000 0.3000 -5.0385 0.2105
0.3000 0.4000 -4.7696 0.2002
0.4000 0.5000 -4.1570 0.1661
0.5000 0.6000 -3.5535 0.1575
0.6000 0.7000 -3.0262 0.1207
0.7000 0.8000 -2.9183 0.1134
0.8000 0.9000 -3.3655 0.1089
0.9000 1.0000 -3.1226 0.0947
#PMF from MBAR in kcal/mol
0.0000 0.0000 0.0000
0.1000 -9.6240 0.3040
0.2000 -15.9064 0.3923
0.3000 -20.9449 0.4470
0.4000 -25.7144 0.4915
0.5000 -29.8714 0.5204
0.6000 -33.4249 0.5453
0.7000 -36.4511 0.5599
0.8000 -39.3693 0.5728
0.9000 -42.7348 0.5844
1.0000 -45.8574 0.5935
#TI average gradients and standard deviation in kcal/mol
0.0000 -124.5996 33.5650
0.1000 -73.6555 30.9509
0.2000 -54.8053 28.3876
0.3000 -48.2088 29.1112
0.4000 -42.6213 26.7345
0.5000 -36.6335 24.6417
0.6000 -34.6059 23.2104
0.7000 -30.3582 22.9636
0.8000 -30.5900 23.1133
0.9000 -33.7990 20.5230
1.0000 -18.2011 20.2845
#PMF from TI in kcal/mol
0.0000 0.0000
0.1000 -9.9128
0.2000 -16.3358
0.3000 -21.4865
0.4000 -26.0280
0.5000 -29.9907
0.6000 -33.5527
0.7000 -36.8009
0.8000 -39.8483
0.9000 -43.0678
1.0000 -45.6678
#MBAR free energy difference in kcal/mol: 
-45.857449, 0.593466  #WARNING SUBSAMPLING DISABLED, CONSIDER RERUN WITH SUBSAMPLING OPTION
#TI free energy difference in kcal/mol: 
-45.667793  #WARNING SUBSAMPLING DISABLED, CONSIDER RERUN WITH SUBSAMPLING OPTION 
Starting /export/users/common/BioSimSpace/sire.app/bin/analyse_freenrg: number of threads equals 32
