# Analysing data contained in file(s) ['lambda_0.0000/simfile_snipped.dat', 'lambda_0.1000/simfile_snipped.dat', 'lambda_0.2000/simfile_snipped.dat', 'lambda_0.3000/simfile_snipped.dat', 'lambda_0.4000/simfile_snipped.dat', 'lambda_0.5000/simfile_snipped.dat', 'lambda_0.6000/simfile_snipped.dat', 'lambda_0.7000/simfile_snipped.dat', 'lambda_0.8000/simfile_snipped.dat', 'lambda_0.9000/simfile_snipped.dat', 'lambda_1.0000/simfile_snipped.dat']
#Overlap matrix
0.9651 0.0349 0.0000 0.0000 0.0000 0.0000 0.0000 0.0000 0.0000 0.0000 0.0000
0.0349 0.9223 0.0428 0.0000 0.0000 0.0000 0.0000 0.0000 0.0000 0.0000 0.0000
0.0000 0.0428 0.9264 0.0307 0.0000 0.0000 0.0000 0.0000 0.0000 0.0000 0.0000
0.0000 0.0000 0.0307 0.9183 0.0504 0.0006 0.0000 0.0000 0.0000 0.0000 0.0000
0.0000 0.0000 0.0000 0.0504 0.8505 0.0941 0.0048 0.0002 0.0000 0.0000 0.0000
0.0000 0.0000 0.0000 0.0006 0.0941 0.7097 0.1858 0.0097 0.0001 0.0000 0.0000
0.0000 0.0000 0.0000 0.0000 0.0048 0.1858 0.6188 0.1855 0.0050 0.0000 0.0000
0.0000 0.0000 0.0000 0.0000 0.0002 0.0097 0.1855 0.6189 0.1810 0.0047 0.0000
0.0000 0.0000 0.0000 0.0000 0.0000 0.0001 0.0050 0.1810 0.6154 0.1918 0.0068
0.0000 0.0000 0.0000 0.0000 0.0000 0.0000 0.0000 0.0047 0.1918 0.5992 0.2044
0.0000 0.0000 0.0000 0.0000 0.0000 0.0000 0.0000 0.0000 0.0068 0.2044 0.7889
#DG from neighbouring lambda in kcal/mol
0.0000 0.1000 -3.8226 0.1488
0.1000 0.2000 -0.9693 0.1331
0.2000 0.3000 1.1285 0.1592
0.3000 0.4000 3.3481 0.1209
0.4000 0.5000 6.7557 0.0817
0.5000 0.6000 9.6364 0.0499
0.6000 0.7000 11.1813 0.0499
0.7000 0.8000 11.2707 0.0519
0.8000 0.9000 11.4424 0.0493
0.9000 1.0000 12.0857 0.0477
#PMF from MBAR in kcal/mol
0.0000 0.0000 0.0000
0.1000 -3.8226 0.1488
0.2000 -4.7919 0.2037
0.3000 -3.6634 0.2617
0.4000 -0.3153 0.2911
0.5000 6.4404 0.3048
0.6000 16.0768 0.3108
0.7000 27.2581 0.3168
0.8000 38.5288 0.3233
0.9000 49.9712 0.3292
1.0000 62.0569 0.3348
#TI average gradients and standard deviation in kcal/mol
0.0000 -57.5977 22.5671
0.1000 -22.7137 24.1050
0.2000 3.2449 22.1419
0.3000 18.4843 25.0742
0.4000 51.1643 19.9576
0.5000 80.6387 17.5006
0.6000 108.4143 13.4218
0.7000 113.1384 13.5541
0.8000 113.0670 13.2652
0.9000 117.1150 12.3989
1.0000 132.1180 11.9812
#PMF from TI in kcal/mol
0.0000 0.0000
0.1000 -4.0156
0.2000 -4.9890
0.3000 -3.9026
0.4000 -0.4201
0.5000 6.1700
0.6000 15.6227
0.7000 26.7003
0.8000 38.0106
0.9000 49.5197
1.0000 61.9813
#MBAR free energy difference in kcal/mol: 
62.056888, 0.334784  #WARNING SUBSAMPLING DISABLED, CONSIDER RERUN WITH SUBSAMPLING OPTION
#TI free energy difference in kcal/mol: 
61.981333  #WARNING SUBSAMPLING DISABLED, CONSIDER RERUN WITH SUBSAMPLING OPTION 
Starting /export/users/common/BioSimSpace/sire.app/bin/analyse_freenrg: number of threads equals 32
