# Analysing data contained in file(s) ['lambda_0.0000/simfile_snipped.dat', 'lambda_0.1000/simfile_snipped.dat', 'lambda_0.2000/simfile_snipped.dat', 'lambda_0.3000/simfile_snipped.dat', 'lambda_0.4000/simfile_snipped.dat', 'lambda_0.5000/simfile_snipped.dat', 'lambda_0.6000/simfile_snipped.dat', 'lambda_0.7000/simfile_snipped.dat', 'lambda_0.8000/simfile_snipped.dat', 'lambda_0.9000/simfile_snipped.dat', 'lambda_1.0000/simfile_snipped.dat']
#Overlap matrix
0.9871 0.0129 0.0000 0.0000 0.0000 0.0000 0.0000 0.0000 0.0000 0.0000 0.0000
0.0129 0.9789 0.0082 0.0000 0.0000 0.0000 0.0000 0.0000 0.0000 0.0000 0.0000
0.0000 0.0082 0.9834 0.0084 0.0000 0.0000 0.0000 0.0000 0.0000 0.0000 0.0000
0.0000 0.0000 0.0084 0.9916 0.0000 0.0000 0.0000 0.0000 0.0000 0.0000 0.0000
0.0000 0.0000 0.0000 0.0000 0.9425 0.0574 0.0000 0.0000 0.0000 0.0000 0.0000
0.0000 0.0000 0.0000 0.0000 0.0574 0.8827 0.0599 0.0000 0.0000 0.0000 0.0000
0.0000 0.0000 0.0000 0.0000 0.0000 0.0599 0.8859 0.0542 0.0000 0.0000 0.0000
0.0000 0.0000 0.0000 0.0000 0.0000 0.0000 0.0542 0.8811 0.0648 0.0000 0.0000
0.0000 0.0000 0.0000 0.0000 0.0000 0.0000 0.0000 0.0648 0.8713 0.0639 0.0000
0.0000 0.0000 0.0000 0.0000 0.0000 0.0000 0.0000 0.0000 0.0639 0.9074 0.0287
0.0000 0.0000 0.0000 0.0000 0.0000 0.0000 0.0000 0.0000 0.0000 0.0287 0.9713
#DG from neighbouring lambda in kcal/mol
0.0000 0.1000 -5.3519 0.2501
0.1000 0.2000 -7.8896 0.3165
0.2000 0.3000 -9.9075 0.3114
0.3000 0.4000 -20.0196 74.3446
0.4000 0.5000 -12.9029 0.1131
0.5000 0.6000 -14.6267 0.1105
0.6000 0.7000 -20.6593 0.1169
0.7000 0.8000 -26.7745 0.1056
0.8000 0.9000 -31.2195 0.1064
0.9000 1.0000 -34.9372 0.1651
#PMF from MBAR in kcal/mol
0.0000 0.0000 0.0000
0.1000 -5.3519 0.2501
0.2000 -13.2415 0.4054
0.3000 -23.1490 0.5129
0.4000 -43.1686 74.3463
0.5000 -56.0715 74.3464
0.6000 -70.6982 74.3465
0.7000 -91.3575 74.3466
0.8000 -118.1320 74.3467
0.9000 -149.3515 74.3468
1.0000 -184.2886 74.3470
#TI average gradients and standard deviation in kcal/mol
0.0000 -50.9012 29.2818
0.1000 -66.7737 31.1258
0.2000 -90.1674 30.8100
0.3000 -105.0939 28.1866
0.4000 -171.4348 24.8918
0.5000 -122.1476 23.2757
0.6000 -173.7677 22.4164
0.7000 -239.6866 23.1177
0.8000 -292.3102 20.3298
0.9000 -330.2413 21.8696
1.0000 -368.2181 47.4175
#PMF from TI in kcal/mol
0.0000 0.0000
0.1000 -5.8837
0.2000 -13.7308
0.3000 -23.4939
0.4000 -37.3203
0.5000 -51.9994
0.6000 -66.7952
0.7000 -87.4679
0.8000 -114.0677
0.9000 -145.1953
1.0000 -180.1183
#MBAR free energy difference in kcal/mol: 
-184.288648, 74.346994  #WARNING SUBSAMPLING DISABLED, CONSIDER RERUN WITH SUBSAMPLING OPTION
#TI free energy difference in kcal/mol: 
-180.118274  #WARNING SUBSAMPLING DISABLED, CONSIDER RERUN WITH SUBSAMPLING OPTION 
Starting /export/users/common/BioSimSpace/sire.app/bin/analyse_freenrg: number of threads equals 32
