# Analysing data contained in file(s) ['lambda_0.0000/simfile_snipped.dat', 'lambda_0.1000/simfile_snipped.dat', 'lambda_0.2000/simfile_snipped.dat', 'lambda_0.3000/simfile_snipped.dat', 'lambda_0.4000/simfile_snipped.dat', 'lambda_0.5000/simfile_snipped.dat', 'lambda_0.6000/simfile_snipped.dat', 'lambda_0.7000/simfile_snipped.dat', 'lambda_0.8000/simfile_snipped.dat', 'lambda_0.9000/simfile_snipped.dat', 'lambda_1.0000/simfile_snipped.dat']
#Overlap matrix
0.9933 0.0067 0.0000 0.0000 0.0000 0.0000 0.0000 0.0000 0.0000 0.0000 0.0000
0.0067 0.9861 0.0071 0.0000 0.0000 0.0000 0.0000 0.0000 0.0000 0.0000 0.0000
0.0000 0.0071 0.9910 0.0019 0.0000 0.0000 0.0000 0.0000 0.0000 0.0000 0.0000
0.0000 0.0000 0.0019 0.9978 0.0003 0.0000 0.0000 0.0000 0.0000 0.0000 0.0000
0.0000 0.0000 0.0000 0.0003 0.9876 0.0115 0.0002 0.0004 0.0001 0.0000 0.0000
0.0000 0.0000 0.0000 0.0000 0.0115 0.8261 0.1279 0.0329 0.0015 0.0000 0.0000
0.0000 0.0000 0.0000 0.0000 0.0002 0.1279 0.6906 0.1784 0.0029 0.0000 0.0000
0.0000 0.0000 0.0000 0.0000 0.0004 0.0329 0.1784 0.6651 0.1229 0.0003 0.0000
0.0000 0.0000 0.0000 0.0000 0.0001 0.0015 0.0029 0.1229 0.7816 0.0909 0.0000
0.0000 0.0000 0.0000 0.0000 0.0000 0.0000 0.0000 0.0003 0.0909 0.8423 0.0665
0.0000 0.0000 0.0000 0.0000 0.0000 0.0000 0.0000 0.0000 0.0000 0.0665 0.9335
#DG from neighbouring lambda in kcal/mol
0.0000 0.1000 -5.6729 0.3487
0.1000 0.2000 -3.0901 0.3389
0.2000 0.3000 -4.7800 0.6615
0.3000 0.4000 -5.6840 1.7098
0.4000 0.5000 -1.2505 0.2583
0.5000 0.6000 6.8935 0.0601
0.6000 0.7000 9.4271 0.0482
0.7000 0.8000 6.4550 0.0696
0.8000 0.9000 2.1160 0.0862
0.9000 1.0000 -2.6356 0.1041
#PMF from MBAR in kcal/mol
0.0000 0.0000 0.0000
0.1000 -5.6729 0.3487
0.2000 -8.7629 0.4879
0.3000 -13.5429 0.8230
0.4000 -19.2269 1.8980
0.5000 -20.4774 1.9159
0.6000 -13.5839 1.9172
0.7000 -4.1568 1.9177
0.8000 2.2982 1.9193
0.9000 4.4142 1.9217
1.0000 1.7786 1.9249
#TI average gradients and standard deviation in kcal/mol
0.0000 -78.2022 28.4718
0.1000 -40.2186 32.9092
0.2000 -44.4846 35.8854
0.3000 -53.6944 38.2095
0.4000 -38.7289 37.0463
0.5000 23.5844 25.6659
0.6000 77.9000 16.8334
0.7000 84.5235 14.9446
0.8000 43.1738 17.0169
0.9000 -3.4249 20.8903
1.0000 -35.5822 20.3567
#PMF from TI in kcal/mol
0.0000 0.0000
0.1000 -5.9210
0.2000 -10.1562
0.3000 -15.0652
0.4000 -19.6863
0.5000 -20.4435
0.6000 -15.3693
0.7000 -7.2481
0.8000 -0.8633
0.9000 1.1242
1.0000 -0.8262
#MBAR free energy difference in kcal/mol: 
1.778562, 1.924934  #WARNING SUBSAMPLING DISABLED, CONSIDER RERUN WITH SUBSAMPLING OPTION
#TI free energy difference in kcal/mol: 
-0.826191  #WARNING SUBSAMPLING DISABLED, CONSIDER RERUN WITH SUBSAMPLING OPTION 
Starting /export/users/common/BioSimSpace/sire.app/bin/analyse_freenrg: number of threads equals 32
