# Analysing data contained in file(s) ['lambda_0.0000/simfile_snipped.dat', 'lambda_0.1000/simfile_snipped.dat', 'lambda_0.2000/simfile_snipped.dat', 'lambda_0.3000/simfile_snipped.dat', 'lambda_0.4000/simfile_snipped.dat', 'lambda_0.5000/simfile_snipped.dat', 'lambda_0.6000/simfile_snipped.dat', 'lambda_0.7000/simfile_snipped.dat', 'lambda_0.8000/simfile_snipped.dat', 'lambda_0.9000/simfile_snipped.dat', 'lambda_1.0000/simfile_snipped.dat']
#Overlap matrix
0.9065 0.0935 0.0000 0.0000 0.0000 0.0000 0.0000 0.0000 0.0000 0.0000 0.0000
0.0935 0.8425 0.0640 0.0000 0.0000 0.0000 0.0000 0.0000 0.0000 0.0000 0.0000
0.0000 0.0640 0.8797 0.0562 0.0000 0.0000 0.0000 0.0000 0.0000 0.0000 0.0000
0.0000 0.0000 0.0562 0.8932 0.0506 0.0000 0.0000 0.0000 0.0000 0.0000 0.0000
0.0000 0.0000 0.0000 0.0506 0.9279 0.0215 0.0000 0.0000 0.0000 0.0000 0.0000
0.0000 0.0000 0.0000 0.0000 0.0215 0.9606 0.0179 0.0000 0.0000 0.0000 0.0000
0.0000 0.0000 0.0000 0.0000 0.0000 0.0179 0.9665 0.0156 0.0000 0.0000 0.0000
0.0000 0.0000 0.0000 0.0000 0.0000 0.0000 0.0156 0.9708 0.0136 0.0000 0.0000
0.0000 0.0000 0.0000 0.0000 0.0000 0.0000 0.0000 0.0136 0.9771 0.0092 0.0000
0.0000 0.0000 0.0000 0.0000 0.0000 0.0000 0.0000 0.0000 0.0092 0.9860 0.0048
0.0000 0.0000 0.0000 0.0000 0.0000 0.0000 0.0000 0.0000 0.0000 0.0048 0.9952
#DG from neighbouring lambda in kcal/mol
0.0000 0.1000 -1.0225 0.0850
0.1000 0.2000 -1.7761 0.1063
0.2000 0.3000 -3.1856 0.1145
0.3000 0.4000 -3.6616 0.1215
0.4000 0.5000 -3.8487 0.1922
0.5000 0.6000 -4.7467 0.2116
0.6000 0.7000 -5.8954 0.2271
0.7000 0.8000 -7.4864 0.2433
0.8000 0.9000 -7.1852 0.2975
0.9000 1.0000 -4.7372 0.4132
#PMF from MBAR in kcal/mol
0.0000 0.0000 0.0000
0.1000 -1.0225 0.0850
0.2000 -2.7986 0.1420
0.3000 -5.9843 0.1869
0.4000 -9.6458 0.2266
0.5000 -13.4945 0.2999
0.6000 -18.2413 0.3693
0.7000 -24.1367 0.4355
0.8000 -31.6230 0.5005
0.9000 -38.8082 0.5836
1.0000 -43.5454 0.7162
#TI average gradients and standard deviation in kcal/mol
0.0000 -21.4446 20.8118
0.1000 -11.2321 19.5856
0.2000 -23.7211 21.4237
0.3000 -37.1951 21.6933
0.4000 -32.5417 24.6692
0.5000 -42.3197 26.8679
0.6000 -56.4263 28.2665
0.7000 -66.7287 31.4101
0.8000 -80.0873 29.8116
0.9000 -70.3041 33.7012
1.0000 -17.4599 35.0252
#PMF from TI in kcal/mol
0.0000 0.0000
0.1000 -1.6338
0.2000 -3.3815
0.3000 -6.4273
0.4000 -9.9141
0.5000 -13.6572
0.6000 -18.5945
0.7000 -24.7523
0.8000 -32.0931
0.9000 -39.6126
1.0000 -44.0008
#MBAR free energy difference in kcal/mol: 
-43.545429, 0.716249  #WARNING SUBSAMPLING DISABLED, CONSIDER RERUN WITH SUBSAMPLING OPTION
#TI free energy difference in kcal/mol: 
-44.000826  #WARNING SUBSAMPLING DISABLED, CONSIDER RERUN WITH SUBSAMPLING OPTION 
Starting /export/users/common/BioSimSpace/sire.app/bin/analyse_freenrg: number of threads equals 32
