# Analysing data contained in file(s) ['lambda_0.0000/simfile_snipped.dat', 'lambda_0.1000/simfile_snipped.dat', 'lambda_0.2000/simfile_snipped.dat', 'lambda_0.3000/simfile_snipped.dat', 'lambda_0.4000/simfile_snipped.dat', 'lambda_0.5000/simfile_snipped.dat', 'lambda_0.6000/simfile_snipped.dat', 'lambda_0.7000/simfile_snipped.dat', 'lambda_0.8000/simfile_snipped.dat', 'lambda_0.9000/simfile_snipped.dat', 'lambda_1.0000/simfile_snipped.dat']
#Overlap matrix
0.7296 0.2409 0.0284 0.0010 0.0000 0.0000 0.0000 0.0000 0.0000 0.0000 0.0000
0.2409 0.4875 0.2413 0.0285 0.0016 0.0001 0.0000 0.0000 0.0000 0.0000 0.0000
0.0284 0.2413 0.4786 0.2217 0.0271 0.0025 0.0004 0.0000 0.0000 0.0000 0.0000
0.0010 0.0285 0.2217 0.5230 0.2045 0.0203 0.0010 0.0000 0.0000 0.0000 0.0000
0.0000 0.0016 0.0271 0.2045 0.6081 0.1560 0.0027 0.0000 0.0000 0.0000 0.0000
0.0000 0.0001 0.0025 0.0203 0.1560 0.7561 0.0650 0.0000 0.0000 0.0000 0.0000
0.0000 0.0000 0.0004 0.0010 0.0027 0.0650 0.9193 0.0117 0.0000 0.0000 0.0000
0.0000 0.0000 0.0000 0.0000 0.0000 0.0000 0.0117 0.9802 0.0081 0.0000 0.0000
0.0000 0.0000 0.0000 0.0000 0.0000 0.0000 0.0000 0.0081 0.9822 0.0098 0.0000
0.0000 0.0000 0.0000 0.0000 0.0000 0.0000 0.0000 0.0000 0.0098 0.9716 0.0186
0.0000 0.0000 0.0000 0.0000 0.0000 0.0000 0.0000 0.0000 0.0000 0.0186 0.9814
#DG from neighbouring lambda in kcal/mol
0.0000 0.1000 -1.4622 0.0380
0.1000 0.2000 -1.7095 0.0341
0.2000 0.3000 -2.0102 0.0367
0.3000 0.4000 -1.8347 0.0406
0.4000 0.5000 0.0295 0.0542
0.5000 0.6000 4.5993 0.1019
0.6000 0.7000 11.0508 0.2629
0.7000 0.8000 12.5830 0.3185
0.8000 0.9000 14.9871 0.2882
0.9000 1.0000 19.0309 0.2076
#PMF from MBAR in kcal/mol
0.0000 0.0000 0.0000
0.1000 -1.4622 0.0380
0.2000 -3.1717 0.0604
0.3000 -5.1820 0.0780
0.4000 -7.0167 0.0932
0.5000 -6.9872 0.1115
0.6000 -2.3878 0.1544
0.7000 8.6630 0.3072
0.8000 21.2460 0.4444
0.9000 36.2331 0.5313
1.0000 55.2640 0.5718
#TI average gradients and standard deviation in kcal/mol
0.0000 -32.7573 10.5158
0.1000 -15.3223 9.5813
0.2000 -19.2031 9.7869
0.3000 -20.4092 10.5757
0.4000 -13.8202 12.2004
0.5000 16.6457 17.1556
0.6000 78.8162 25.8003
0.7000 125.3361 35.8902
0.8000 135.4790 30.3043
0.9000 157.6655 28.4075
1.0000 236.4189 28.3113
#PMF from TI in kcal/mol
0.0000 0.0000
0.1000 -2.4040
0.2000 -4.1303
0.3000 -6.1109
0.4000 -7.8223
0.5000 -7.6811
0.6000 -2.9080
0.7000 7.2996
0.8000 20.3404
0.9000 34.9976
1.0000 54.7018
#MBAR free energy difference in kcal/mol: 
55.263995, 0.571824  #WARNING SUBSAMPLING DISABLED, CONSIDER RERUN WITH SUBSAMPLING OPTION
#TI free energy difference in kcal/mol: 
54.701844  #WARNING SUBSAMPLING DISABLED, CONSIDER RERUN WITH SUBSAMPLING OPTION 
Starting /export/users/common/BioSimSpace/sire.app/bin/analyse_freenrg: number of threads equals 32
