# Analysing data contained in file(s) ['lambda_0.0000/simfile_snipped.dat', 'lambda_0.1000/simfile_snipped.dat', 'lambda_0.2000/simfile_snipped.dat', 'lambda_0.3000/simfile_snipped.dat', 'lambda_0.4000/simfile_snipped.dat', 'lambda_0.5000/simfile_snipped.dat', 'lambda_0.6000/simfile_snipped.dat', 'lambda_0.7000/simfile_snipped.dat', 'lambda_0.8000/simfile_snipped.dat', 'lambda_0.9000/simfile_snipped.dat', 'lambda_1.0000/simfile_snipped.dat']
#Overlap matrix
0.9780 0.0220 0.0000 0.0000 0.0000 0.0000 0.0000 0.0000 0.0000 0.0000 0.0000
0.0220 0.9569 0.0211 0.0000 0.0000 0.0000 0.0000 0.0000 0.0000 0.0000 0.0000
0.0000 0.0211 0.9383 0.0406 0.0000 0.0000 0.0000 0.0000 0.0000 0.0000 0.0000
0.0000 0.0000 0.0406 0.9101 0.0492 0.0001 0.0000 0.0000 0.0000 0.0000 0.0000
0.0000 0.0000 0.0000 0.0492 0.8696 0.0812 0.0000 0.0000 0.0000 0.0000 0.0000
0.0000 0.0000 0.0000 0.0001 0.0812 0.8365 0.0822 0.0000 0.0000 0.0000 0.0000
0.0000 0.0000 0.0000 0.0000 0.0000 0.0822 0.8258 0.0919 0.0000 0.0000 0.0000
0.0000 0.0000 0.0000 0.0000 0.0000 0.0000 0.0919 0.8277 0.0803 0.0000 0.0000
0.0000 0.0000 0.0000 0.0000 0.0000 0.0000 0.0000 0.0803 0.8540 0.0657 0.0000
0.0000 0.0000 0.0000 0.0000 0.0000 0.0000 0.0000 0.0000 0.0657 0.8649 0.0694
0.0000 0.0000 0.0000 0.0000 0.0000 0.0000 0.0000 0.0000 0.0000 0.0694 0.9306
#DG from neighbouring lambda in kcal/mol
0.0000 0.1000 15.2143 0.1901
0.1000 0.2000 15.8014 0.1942
0.2000 0.3000 16.3421 0.1371
0.3000 0.4000 16.8198 0.1232
0.4000 0.5000 17.1159 0.0925
0.5000 0.6000 15.3233 0.0918
0.6000 0.7000 13.0409 0.0858
0.7000 0.8000 10.8133 0.0931
0.8000 0.9000 8.3912 0.1048
0.9000 1.0000 6.3410 0.1015
#PMF from MBAR in kcal/mol
0.0000 0.0000 0.0000
0.1000 15.2143 0.1901
0.2000 31.0158 0.2748
0.3000 47.3578 0.3098
0.4000 64.1776 0.3359
0.5000 81.2935 0.3507
0.6000 96.6168 0.3648
0.7000 109.6577 0.3770
0.8000 120.4709 0.3904
0.9000 128.8621 0.4063
1.0000 135.2031 0.4207
#TI average gradients and standard deviation in kcal/mol
0.0000 146.4729 29.9275
0.1000 156.6084 29.1540
0.2000 156.1845 26.7481
0.3000 168.5149 26.5013
0.4000 172.2880 19.1681
0.5000 164.2014 19.2869
0.6000 141.3970 19.2584
0.7000 119.1851 19.6342
0.8000 97.1244 20.0584
0.9000 72.5499 19.7667
1.0000 54.0824 20.6830
#PMF from TI in kcal/mol
0.0000 0.0000
0.1000 15.1541
0.2000 30.7937
0.3000 47.0287
0.4000 64.0688
0.5000 80.8933
0.6000 96.1732
0.7000 109.2023
0.8000 120.0178
0.9000 128.5015
1.0000 134.8331
#MBAR free energy difference in kcal/mol: 
135.203133, 0.420748  #WARNING SUBSAMPLING DISABLED, CONSIDER RERUN WITH SUBSAMPLING OPTION
#TI free energy difference in kcal/mol: 
134.833129  #WARNING SUBSAMPLING DISABLED, CONSIDER RERUN WITH SUBSAMPLING OPTION 
Starting /export/users/common/BioSimSpace/sire.app/bin/analyse_freenrg: number of threads equals 32
