# Analysing data contained in file(s) ['lambda_0.0000/simfile_snipped.dat', 'lambda_0.1000/simfile_snipped.dat', 'lambda_0.2000/simfile_snipped.dat', 'lambda_0.3000/simfile_snipped.dat', 'lambda_0.4000/simfile_snipped.dat', 'lambda_0.5000/simfile_snipped.dat', 'lambda_0.6000/simfile_snipped.dat', 'lambda_0.7000/simfile_snipped.dat', 'lambda_0.8000/simfile_snipped.dat', 'lambda_0.9000/simfile_snipped.dat', 'lambda_1.0000/simfile_snipped.dat']
#Overlap matrix
0.8577 0.1414 0.0009 0.0000 0.0000 0.0000 0.0000 0.0000 0.0000 0.0000 0.0000
0.1414 0.7015 0.1557 0.0014 0.0000 0.0000 0.0000 0.0000 0.0000 0.0000 0.0000
0.0009 0.1557 0.6914 0.1506 0.0013 0.0000 0.0000 0.0000 0.0000 0.0000 0.0000
0.0000 0.0014 0.1506 0.6972 0.1496 0.0012 0.0000 0.0000 0.0000 0.0000 0.0000
0.0000 0.0000 0.0013 0.1496 0.7065 0.1415 0.0010 0.0000 0.0000 0.0000 0.0000
0.0000 0.0000 0.0000 0.0012 0.1415 0.7102 0.1461 0.0009 0.0000 0.0000 0.0000
0.0000 0.0000 0.0000 0.0000 0.0010 0.1461 0.7140 0.1383 0.0006 0.0000 0.0000
0.0000 0.0000 0.0000 0.0000 0.0000 0.0009 0.1383 0.7271 0.1333 0.0004 0.0000
0.0000 0.0000 0.0000 0.0000 0.0000 0.0000 0.0006 0.1333 0.7601 0.1058 0.0001
0.0000 0.0000 0.0000 0.0000 0.0000 0.0000 0.0000 0.0004 0.1058 0.8135 0.0803
0.0000 0.0000 0.0000 0.0000 0.0000 0.0000 0.0000 0.0000 0.0001 0.0803 0.9196
#DG from neighbouring lambda in kcal/mol
0.0000 0.1000 3.4904 0.0646
0.1000 0.2000 2.8971 0.0600
0.2000 0.3000 2.5539 0.0613
0.3000 0.4000 2.2540 0.0616
0.4000 0.5000 1.9810 0.0642
0.5000 0.6000 1.7693 0.0628
0.6000 0.7000 1.7609 0.0654
0.7000 0.8000 1.8853 0.0672
0.8000 0.9000 2.4593 0.0784
0.9000 1.0000 3.3547 0.0931
#PMF from MBAR in kcal/mol
0.0000 0.0000 0.0000
0.1000 3.4904 0.0646
0.2000 6.3875 0.0968
0.3000 8.9414 0.1212
0.4000 11.1954 0.1416
0.5000 13.1763 0.1604
0.6000 14.9456 0.1768
0.7000 16.7064 0.1927
0.8000 18.5917 0.2080
0.9000 21.0511 0.2259
1.0000 24.4058 0.2476
#TI average gradients and standard deviation in kcal/mol
0.0000 35.1781 14.9726
0.1000 31.4428 16.6116
0.2000 27.7328 15.4244
0.3000 23.6483 15.8786
0.4000 21.8483 15.6809
0.5000 17.9374 15.7426
0.6000 17.1335 16.3473
0.7000 17.7000 17.7073
0.8000 21.7440 16.9595
0.9000 28.1536 18.1941
1.0000 39.6708 22.0250
#PMF from TI in kcal/mol
0.0000 0.0000
0.1000 3.3310
0.2000 6.2898
0.3000 8.8589
0.4000 11.1337
0.5000 13.1230
0.6000 14.8765
0.7000 16.6182
0.8000 18.5904
0.9000 21.0853
1.0000 24.4765
#MBAR free energy difference in kcal/mol: 
24.405804, 0.247620  #WARNING SUBSAMPLING DISABLED, CONSIDER RERUN WITH SUBSAMPLING OPTION
#TI free energy difference in kcal/mol: 
24.476511  #WARNING SUBSAMPLING DISABLED, CONSIDER RERUN WITH SUBSAMPLING OPTION 
Starting /export/users/common/BioSimSpace/sire.app/bin/analyse_freenrg: number of threads equals 32
