# Analysing data contained in file(s) ['lambda_0.0000/simfile_snipped.dat', 'lambda_0.1000/simfile_snipped.dat', 'lambda_0.2000/simfile_snipped.dat', 'lambda_0.3000/simfile_snipped.dat', 'lambda_0.4000/simfile_snipped.dat', 'lambda_0.5000/simfile_snipped.dat', 'lambda_0.6000/simfile_snipped.dat', 'lambda_0.7000/simfile_snipped.dat', 'lambda_0.8000/simfile_snipped.dat', 'lambda_0.9000/simfile_snipped.dat', 'lambda_1.0000/simfile_snipped.dat']
#Overlap matrix
0.9786 0.0214 0.0000 0.0000 0.0000 0.0000 0.0000 0.0000 0.0000 0.0000 0.0000
0.0214 0.9709 0.0077 0.0000 0.0000 0.0000 0.0000 0.0000 0.0000 0.0000 0.0000
0.0000 0.0077 0.9899 0.0025 0.0000 0.0000 0.0000 0.0000 0.0000 0.0000 0.0000
0.0000 0.0000 0.0025 0.9975 0.0000 0.0000 0.0000 0.0000 0.0000 0.0000 0.0000
0.0000 0.0000 0.0000 0.0000 0.9526 0.0462 0.0011 0.0001 0.0000 0.0000 0.0000
0.0000 0.0000 0.0000 0.0000 0.0462 0.8336 0.1106 0.0093 0.0003 0.0000 0.0000
0.0000 0.0000 0.0000 0.0000 0.0011 0.1106 0.6667 0.2115 0.0100 0.0000 0.0000
0.0000 0.0000 0.0000 0.0000 0.0001 0.0093 0.2115 0.5918 0.1852 0.0021 0.0000
0.0000 0.0000 0.0000 0.0000 0.0000 0.0003 0.0100 0.1852 0.6709 0.1330 0.0005
0.0000 0.0000 0.0000 0.0000 0.0000 0.0000 0.0000 0.0021 0.1330 0.7331 0.1318
0.0000 0.0000 0.0000 0.0000 0.0000 0.0000 0.0000 0.0000 0.0005 0.1318 0.8677
#DG from neighbouring lambda in kcal/mol
0.0000 0.1000 -3.5213 0.1926
0.1000 0.2000 -2.7698 0.3264
0.2000 0.3000 -4.1859 0.5787
0.3000 0.4000 -16.0279 0.4856
0.4000 0.5000 3.0444 0.1259
0.5000 0.6000 10.3636 0.0721
0.6000 0.7000 9.8951 0.0442
0.7000 0.8000 7.2499 0.0505
0.8000 0.9000 3.2669 0.0668
0.9000 1.0000 -0.5396 0.0679
#PMF from MBAR in kcal/mol
0.0000 0.0000 0.0000
0.1000 -3.5213 0.1926
0.2000 -6.2911 0.3812
0.3000 -10.4771 0.6942
0.4000 -26.5049 0.2949
0.5000 -23.4606 0.2733
0.6000 -13.0970 0.2684
0.7000 -3.2019 0.2674
0.8000 4.0480 0.2683
0.9000 7.3149 0.2730
1.0000 6.7753 0.2811
#TI average gradients and standard deviation in kcal/mol
0.0000 -60.8186 25.2052
0.1000 -27.5084 30.4339
0.2000 -37.3114 37.6287
0.3000 -43.1106 39.5634
0.4000 -67.3377 34.8839
0.5000 94.1528 16.0124
0.6000 102.9617 15.0758
0.7000 89.4454 12.3469
0.8000 53.6963 14.3994
0.9000 11.1751 16.8059
1.0000 -10.9130 17.1014
#PMF from TI in kcal/mol
0.0000 0.0000
0.1000 -4.4163
0.2000 -7.6573
0.3000 -11.6784
0.4000 -17.2009
0.5000 -15.8601
0.6000 -6.0044
0.7000 3.6160
0.8000 10.7731
0.9000 14.0166
1.0000 14.0297
#MBAR free energy difference in kcal/mol: 
6.775270, 0.281063  #WARNING SUBSAMPLING DISABLED, CONSIDER RERUN WITH SUBSAMPLING OPTION
#TI free energy difference in kcal/mol: 
14.029727  #WARNING SUBSAMPLING DISABLED, CONSIDER RERUN WITH SUBSAMPLING OPTION 
Starting /export/users/common/BioSimSpace/sire.app/bin/analyse_freenrg: number of threads equals 32
