# Analysing data contained in file(s) ['lambda_0.0000/simfile_snipped.dat', 'lambda_0.1000/simfile_snipped.dat', 'lambda_0.2000/simfile_snipped.dat', 'lambda_0.3000/simfile_snipped.dat', 'lambda_0.4000/simfile_snipped.dat', 'lambda_0.5000/simfile_snipped.dat', 'lambda_0.6000/simfile_snipped.dat', 'lambda_0.7000/simfile_snipped.dat', 'lambda_0.8000/simfile_snipped.dat', 'lambda_0.9000/simfile_snipped.dat', 'lambda_1.0000/simfile_snipped.dat']
#Overlap matrix
0.8058 0.1798 0.0138 0.0006 0.0000 0.0000 0.0000 0.0000 0.0000 0.0000 0.0000
0.1798 0.5701 0.2222 0.0267 0.0012 0.0000 0.0000 0.0000 0.0000 0.0000 0.0000
0.0138 0.2222 0.4928 0.2362 0.0333 0.0017 0.0000 0.0000 0.0000 0.0000 0.0000
0.0006 0.0267 0.2362 0.4544 0.2415 0.0388 0.0018 0.0000 0.0000 0.0000 0.0000
0.0000 0.0012 0.0333 0.2415 0.4465 0.2382 0.0378 0.0016 0.0000 0.0000 0.0000
0.0000 0.0000 0.0017 0.0388 0.2382 0.4458 0.2403 0.0339 0.0012 0.0000 0.0000
0.0000 0.0000 0.0000 0.0018 0.0378 0.2403 0.4515 0.2364 0.0310 0.0012 0.0000
0.0000 0.0000 0.0000 0.0000 0.0016 0.0339 0.2364 0.4622 0.2316 0.0331 0.0012
0.0000 0.0000 0.0000 0.0000 0.0000 0.0012 0.0310 0.2316 0.4654 0.2406 0.0302
0.0000 0.0000 0.0000 0.0000 0.0000 0.0000 0.0012 0.0331 0.2406 0.4795 0.2455
0.0000 0.0000 0.0000 0.0000 0.0000 0.0000 0.0000 0.0012 0.0302 0.2455 0.7231
#DG from neighbouring lambda in kcal/mol
0.0000 0.1000 1.9001 0.0513
0.1000 0.2000 2.2707 0.0391
0.2000 0.3000 2.3723 0.0343
0.3000 0.4000 2.2859 0.0321
0.4000 0.5000 2.1367 0.0320
0.5000 0.6000 1.9442 0.0323
0.6000 0.7000 1.7216 0.0337
0.7000 0.8000 1.5219 0.0345
0.8000 0.9000 1.5092 0.0335
0.9000 1.0000 1.6647 0.0371
#PMF from MBAR in kcal/mol
0.0000 0.0000 0.0000
0.1000 1.9001 0.0513
0.2000 4.1709 0.0732
0.3000 6.5432 0.0872
0.4000 8.8291 0.0985
0.5000 10.9657 0.1082
0.6000 12.9099 0.1174
0.7000 14.6315 0.1264
0.8000 16.1534 0.1351
0.9000 17.6626 0.1429
1.0000 19.3274 0.1512
#TI average gradients and standard deviation in kcal/mol
0.0000 16.7302 16.1687
0.1000 21.3230 11.9644
0.2000 22.5479 11.3034
0.3000 23.9553 10.3596
0.4000 22.1522 9.4261
0.5000 20.6542 9.2935
0.6000 18.0091 9.6513
0.7000 16.9020 9.8174
0.8000 13.7396 9.3772
0.9000 15.8081 10.5581
1.0000 19.9235 11.1871
#PMF from TI in kcal/mol
0.0000 0.0000
0.1000 1.9027
0.2000 4.0962
0.3000 6.4214
0.4000 8.7267
0.5000 10.8671
0.6000 12.8002
0.7000 14.5458
0.8000 16.0779
0.9000 17.5552
1.0000 19.3418
#MBAR free energy difference in kcal/mol: 
19.327360, 0.151192  #WARNING SUBSAMPLING DISABLED, CONSIDER RERUN WITH SUBSAMPLING OPTION
#TI free energy difference in kcal/mol: 
19.341828  #WARNING SUBSAMPLING DISABLED, CONSIDER RERUN WITH SUBSAMPLING OPTION 
Starting /export/users/common/BioSimSpace/sire.app/bin/analyse_freenrg: number of threads equals 32
