# Analysing data contained in file(s) ['lambda_0.0000/simfile_snipped.dat', 'lambda_0.1000/simfile_snipped.dat', 'lambda_0.2000/simfile_snipped.dat', 'lambda_0.3000/simfile_snipped.dat', 'lambda_0.4000/simfile_snipped.dat', 'lambda_0.5000/simfile_snipped.dat', 'lambda_0.6000/simfile_snipped.dat', 'lambda_0.7000/simfile_snipped.dat', 'lambda_0.8000/simfile_snipped.dat', 'lambda_0.9000/simfile_snipped.dat', 'lambda_1.0000/simfile_snipped.dat']
#Overlap matrix
0.9774 0.0226 0.0000 0.0000 0.0000 0.0000 0.0000 0.0000 0.0000 0.0000 0.0000
0.0226 0.9356 0.0419 0.0000 0.0000 0.0000 0.0000 0.0000 0.0000 0.0000 0.0000
0.0000 0.0419 0.9096 0.0486 0.0000 0.0000 0.0000 0.0000 0.0000 0.0000 0.0000
0.0000 0.0000 0.0486 0.9024 0.0491 0.0000 0.0000 0.0000 0.0000 0.0000 0.0000
0.0000 0.0000 0.0000 0.0491 0.8954 0.0556 0.0000 0.0000 0.0000 0.0000 0.0000
0.0000 0.0000 0.0000 0.0000 0.0556 0.9063 0.0381 0.0001 0.0000 0.0000 0.0000
0.0000 0.0000 0.0000 0.0000 0.0000 0.0381 0.8756 0.0861 0.0002 0.0000 0.0000
0.0000 0.0000 0.0000 0.0000 0.0000 0.0001 0.0861 0.8046 0.1091 0.0001 0.0000
0.0000 0.0000 0.0000 0.0000 0.0000 0.0000 0.0002 0.1091 0.8073 0.0833 0.0001
0.0000 0.0000 0.0000 0.0000 0.0000 0.0000 0.0000 0.0001 0.0833 0.8286 0.0880
0.0000 0.0000 0.0000 0.0000 0.0000 0.0000 0.0000 0.0000 0.0001 0.0880 0.9119
#DG from neighbouring lambda in kcal/mol
0.0000 0.1000 -6.3714 0.1875
0.1000 0.2000 -3.0719 0.1348
0.2000 0.3000 -2.0633 0.1242
0.3000 0.4000 -1.8278 0.1235
0.4000 0.5000 -2.0626 0.1153
0.5000 0.6000 -2.2109 0.1418
0.6000 0.7000 -1.0591 0.0892
0.7000 0.8000 -0.4716 0.0770
0.8000 0.9000 -1.1604 0.0910
0.9000 1.0000 -1.7002 0.0881
#PMF from MBAR in kcal/mol
0.0000 0.0000 0.0000
0.1000 -6.3714 0.1875
0.2000 -9.4434 0.2345
0.3000 -11.5067 0.2685
0.4000 -13.3345 0.2983
0.5000 -15.3971 0.3224
0.6000 -17.6080 0.3546
0.7000 -18.6671 0.3678
0.8000 -19.1387 0.3779
0.9000 -20.2991 0.3908
1.0000 -21.9993 0.4027
#TI average gradients and standard deviation in kcal/mol
0.0000 -92.1198 29.1603
0.1000 -42.5198 24.3698
0.2000 -24.4064 24.0502
0.3000 -17.9105 22.3309
0.4000 -19.1982 23.3904
0.5000 -18.7208 22.7969
0.6000 -21.1194 21.2098
0.7000 -4.8104 17.6383
0.8000 -5.7207 17.3638
0.9000 -16.0905 18.5212
1.0000 -7.7009 21.4942
#PMF from TI in kcal/mol
0.0000 0.0000
0.1000 -6.7320
0.2000 -10.0783
0.3000 -12.1941
0.4000 -14.0496
0.5000 -15.9455
0.6000 -17.9375
0.7000 -19.2340
0.8000 -19.7606
0.9000 -20.8511
1.0000 -22.0407
#MBAR free energy difference in kcal/mol: 
-21.999267, 0.402687  #WARNING SUBSAMPLING DISABLED, CONSIDER RERUN WITH SUBSAMPLING OPTION
#TI free energy difference in kcal/mol: 
-22.040710  #WARNING SUBSAMPLING DISABLED, CONSIDER RERUN WITH SUBSAMPLING OPTION 
Starting /export/users/common/BioSimSpace/sire.app/bin/analyse_freenrg: number of threads equals 32
