# Analysing data contained in file(s) ['lambda_0.0000/simfile_snipped.dat', 'lambda_0.1000/simfile_snipped.dat', 'lambda_0.2000/simfile_snipped.dat', 'lambda_0.3000/simfile_snipped.dat', 'lambda_0.4000/simfile_snipped.dat', 'lambda_0.5000/simfile_snipped.dat', 'lambda_0.6000/simfile_snipped.dat', 'lambda_0.7000/simfile_snipped.dat', 'lambda_0.8000/simfile_snipped.dat', 'lambda_0.9000/simfile_snipped.dat', 'lambda_1.0000/simfile_snipped.dat']
#Overlap matrix
0.9933 0.0067 0.0000 0.0000 0.0000 0.0000 0.0000 0.0000 0.0000 0.0000 0.0000
0.0067 0.9931 0.0002 0.0000 0.0000 0.0000 0.0000 0.0000 0.0000 0.0000 0.0000
0.0000 0.0002 0.9998 0.0000 0.0000 0.0000 0.0000 0.0000 0.0000 0.0000 0.0000
0.0000 0.0000 0.0000 1.0000 0.0000 0.0000 0.0000 0.0000 0.0000 0.0000 0.0000
0.0000 0.0000 0.0000 0.0000 0.9819 0.0180 0.0000 0.0000 0.0000 0.0000 0.0000
0.0000 0.0000 0.0000 0.0000 0.0180 0.9388 0.0412 0.0019 0.0000 0.0000 0.0000
0.0000 0.0000 0.0000 0.0000 0.0000 0.0412 0.8289 0.1281 0.0018 0.0000 0.0000
0.0000 0.0000 0.0000 0.0000 0.0000 0.0019 0.1281 0.7327 0.1369 0.0004 0.0000
0.0000 0.0000 0.0000 0.0000 0.0000 0.0000 0.0018 0.1369 0.7517 0.1089 0.0007
0.0000 0.0000 0.0000 0.0000 0.0000 0.0000 0.0000 0.0004 0.1089 0.7118 0.1789
0.0000 0.0000 0.0000 0.0000 0.0000 0.0000 0.0000 0.0000 0.0007 0.1789 0.8204
#DG from neighbouring lambda in kcal/mol
0.0000 0.1000 0.1211 0.3491
0.1000 0.2000 -1.8785 2.1619
0.2000 0.3000 -5.4161 11.4085
0.3000 0.4000 -18.1970 8.6275
0.4000 0.5000 5.8913 0.2105
0.5000 0.6000 12.7736 0.1327
0.6000 0.7000 13.1848 0.0682
0.7000 0.8000 9.6136 0.0656
0.8000 0.9000 3.9356 0.0768
0.9000 1.0000 -0.4559 0.0544
#PMF from MBAR in kcal/mol
0.0000 0.0000 0.0000
0.1000 0.1211 0.3491
0.2000 -1.7574 2.1903
0.3000 -7.1735 11.6169
0.4000 -25.3705 3.0690
0.5000 -19.4792 3.0637
0.6000 -6.7056 3.0624
0.7000 6.4792 3.0622
0.8000 16.0928 3.0623
0.9000 20.0284 3.0629
1.0000 19.5725 3.0634
#TI average gradients and standard deviation in kcal/mol
0.0000 -21.2992 30.4792
0.1000 1.9688 36.7808
0.2000 -16.1052 39.7464
0.3000 -42.3913 48.2935
0.4000 -46.1083 37.3447
0.5000 115.9948 25.5560
0.6000 131.0994 19.0893
0.7000 119.1375 16.7755
0.8000 68.7043 17.4093
0.9000 12.5641 16.2397
1.0000 -4.0977 12.8536
#PMF from TI in kcal/mol
0.0000 0.0000
0.1000 -0.9665
0.2000 -1.6733
0.3000 -4.5982
0.4000 -9.0231
0.5000 -5.5288
0.6000 6.8259
0.7000 19.3377
0.8000 28.7298
0.9000 32.7933
1.0000 33.2166
#MBAR free energy difference in kcal/mol: 
19.572511, 3.063394  #WARNING SUBSAMPLING DISABLED, CONSIDER RERUN WITH SUBSAMPLING OPTION
#TI free energy difference in kcal/mol: 
33.216577  #WARNING SUBSAMPLING DISABLED, CONSIDER RERUN WITH SUBSAMPLING OPTION 
Starting /export/users/common/BioSimSpace/sire.app/bin/analyse_freenrg: number of threads equals 32
