# Analysing data contained in file(s) ['lambda_0.0000/simfile_snipped.dat', 'lambda_0.1000/simfile_snipped.dat', 'lambda_0.2000/simfile_snipped.dat', 'lambda_0.3000/simfile_snipped.dat', 'lambda_0.4000/simfile_snipped.dat', 'lambda_0.5000/simfile_snipped.dat', 'lambda_0.6000/simfile_snipped.dat', 'lambda_0.7000/simfile_snipped.dat', 'lambda_0.8000/simfile_snipped.dat', 'lambda_0.9000/simfile_snipped.dat', 'lambda_1.0000/simfile_snipped.dat']
#Overlap matrix
0.9314 0.0684 0.0002 0.0000 0.0000 0.0000 0.0000 0.0000 0.0000 0.0000 0.0000
0.0684 0.7798 0.1504 0.0014 0.0000 0.0000 0.0000 0.0000 0.0000 0.0000 0.0000
0.0002 0.1504 0.6996 0.1477 0.0022 0.0000 0.0000 0.0000 0.0000 0.0000 0.0000
0.0000 0.0014 0.1477 0.6864 0.1621 0.0025 0.0000 0.0000 0.0000 0.0000 0.0000
0.0000 0.0000 0.0022 0.1621 0.6765 0.1578 0.0015 0.0000 0.0000 0.0000 0.0000
0.0000 0.0000 0.0000 0.0025 0.1578 0.7249 0.1144 0.0004 0.0000 0.0000 0.0000
0.0000 0.0000 0.0000 0.0000 0.0015 0.1144 0.8256 0.0584 0.0001 0.0000 0.0000
0.0000 0.0000 0.0000 0.0000 0.0000 0.0004 0.0584 0.8825 0.0586 0.0001 0.0000
0.0000 0.0000 0.0000 0.0000 0.0000 0.0000 0.0001 0.0586 0.8789 0.0623 0.0000
0.0000 0.0000 0.0000 0.0000 0.0000 0.0000 0.0000 0.0001 0.0623 0.8790 0.0586
0.0000 0.0000 0.0000 0.0000 0.0000 0.0000 0.0000 0.0000 0.0000 0.0586 0.9414
#DG from neighbouring lambda in kcal/mol
0.0000 0.1000 6.2456 0.1022
0.1000 0.2000 3.9705 0.0617
0.2000 0.3000 2.5684 0.0619
0.3000 0.4000 1.4355 0.0576
0.4000 0.5000 1.0014 0.0590
0.5000 0.6000 1.7658 0.0740
0.6000 0.7000 2.9809 0.1115
0.7000 0.8000 3.5885 0.1117
0.8000 0.9000 4.1132 0.1079
0.9000 1.0000 5.6696 0.1118
#PMF from MBAR in kcal/mol
0.0000 0.0000 0.0000
0.1000 6.2456 0.1022
0.2000 10.2161 0.1259
0.3000 12.7845 0.1458
0.4000 14.2201 0.1615
0.5000 15.2215 0.1763
0.6000 16.9873 0.1952
0.7000 19.9682 0.2282
0.8000 23.5567 0.2572
0.9000 27.6698 0.2818
1.0000 33.3394 0.3059
#TI average gradients and standard deviation in kcal/mol
0.0000 78.3851 23.6350
0.1000 46.9694 16.5180
0.2000 32.9352 15.5051
0.3000 18.9955 14.6215
0.4000 9.3055 15.4525
0.5000 12.7994 18.2041
0.6000 26.3297 19.8047
0.7000 32.5018 20.6837
0.8000 37.0968 22.8502
0.9000 45.7719 22.7047
1.0000 76.5400 20.6311
#PMF from TI in kcal/mol
0.0000 0.0000
0.1000 6.2677
0.2000 10.2630
0.3000 12.8595
0.4000 14.2745
0.5000 15.3798
0.6000 17.3362
0.7000 20.2778
0.8000 23.7577
0.9000 27.9012
1.0000 34.0168
#MBAR free energy difference in kcal/mol: 
33.339415, 0.305882  #WARNING SUBSAMPLING DISABLED, CONSIDER RERUN WITH SUBSAMPLING OPTION
#TI free energy difference in kcal/mol: 
34.016768  #WARNING SUBSAMPLING DISABLED, CONSIDER RERUN WITH SUBSAMPLING OPTION 
Starting /export/users/common/BioSimSpace/sire.app/bin/analyse_freenrg: number of threads equals 32
