# Analysing data contained in file(s) ['lambda_0.0000/simfile_snipped.dat', 'lambda_0.1000/simfile_snipped.dat', 'lambda_0.2000/simfile_snipped.dat', 'lambda_0.3000/simfile_snipped.dat', 'lambda_0.4000/simfile_snipped.dat', 'lambda_0.5000/simfile_snipped.dat', 'lambda_0.6000/simfile_snipped.dat', 'lambda_0.7000/simfile_snipped.dat', 'lambda_0.8000/simfile_snipped.dat', 'lambda_0.9000/simfile_snipped.dat', 'lambda_1.0000/simfile_snipped.dat']
#Overlap matrix
0.8359 0.1595 0.0045 0.0001 0.0000 0.0000 0.0000 0.0000 0.0000 0.0000 0.0000
0.1595 0.6630 0.1676 0.0097 0.0003 0.0000 0.0000 0.0000 0.0000 0.0000 0.0000
0.0045 0.1676 0.6154 0.1998 0.0125 0.0002 0.0000 0.0000 0.0000 0.0000 0.0000
0.0001 0.0097 0.1998 0.6007 0.1791 0.0102 0.0004 0.0000 0.0000 0.0000 0.0000
0.0000 0.0003 0.0125 0.1791 0.6137 0.1775 0.0159 0.0010 0.0000 0.0000 0.0000
0.0000 0.0000 0.0002 0.0102 0.1775 0.5670 0.2145 0.0297 0.0009 0.0000 0.0000
0.0000 0.0000 0.0000 0.0004 0.0159 0.2145 0.5185 0.2308 0.0196 0.0003 0.0000
0.0000 0.0000 0.0000 0.0000 0.0010 0.0297 0.2308 0.5058 0.2194 0.0133 0.0000
0.0000 0.0000 0.0000 0.0000 0.0000 0.0009 0.0196 0.2194 0.5631 0.1937 0.0034
0.0000 0.0000 0.0000 0.0000 0.0000 0.0000 0.0003 0.0133 0.1937 0.6680 0.1248
0.0000 0.0000 0.0000 0.0000 0.0000 0.0000 0.0000 0.0000 0.0034 0.1248 0.8718
#DG from neighbouring lambda in kcal/mol
0.0000 0.1000 3.1355 0.0583
0.1000 0.2000 4.6364 0.0540
0.2000 0.3000 5.1186 0.0457
0.3000 0.4000 5.1858 0.0496
0.4000 0.5000 5.0446 0.0492
0.5000 0.6000 5.2972 0.0396
0.6000 0.7000 5.7931 0.0366
0.7000 0.8000 5.6826 0.0406
0.8000 0.9000 5.4122 0.0479
0.9000 1.0000 4.4590 0.0694
#PMF from MBAR in kcal/mol
0.0000 0.0000 0.0000
0.1000 3.1355 0.0583
0.2000 7.7719 0.0879
0.3000 12.8905 0.1052
0.4000 18.0762 0.1214
0.5000 23.1209 0.1356
0.6000 28.4180 0.1452
0.7000 34.2111 0.1529
0.8000 39.8937 0.1620
0.9000 45.3059 0.1726
1.0000 49.7649 0.1899
#TI average gradients and standard deviation in kcal/mol
0.0000 11.8594 16.6564
0.1000 42.5467 14.3957
0.2000 49.6751 13.0674
0.3000 52.5501 12.6580
0.4000 50.7940 12.7389
0.5000 49.8981 14.0438
0.6000 56.8995 9.8635
0.7000 57.6090 10.9326
0.8000 55.7101 11.6218
0.9000 51.2898 13.8572
1.0000 38.8438 17.5628
#PMF from TI in kcal/mol
0.0000 0.0000
0.1000 2.7203
0.2000 7.3314
0.3000 12.4427
0.4000 17.6099
0.5000 22.6445
0.6000 27.9843
0.7000 33.7098
0.8000 39.3757
0.9000 44.7257
1.0000 49.2324
#MBAR free energy difference in kcal/mol: 
49.764877, 0.189937  #WARNING SUBSAMPLING DISABLED, CONSIDER RERUN WITH SUBSAMPLING OPTION
#TI free energy difference in kcal/mol: 
49.232386  #WARNING SUBSAMPLING DISABLED, CONSIDER RERUN WITH SUBSAMPLING OPTION 
Starting /export/users/common/BioSimSpace/sire.app/bin/analyse_freenrg: number of threads equals 32
