# Analysing data contained in file(s) ['lambda_0.0000/simfile_snipped.dat', 'lambda_0.1000/simfile_snipped.dat', 'lambda_0.2000/simfile_snipped.dat', 'lambda_0.3000/simfile_snipped.dat', 'lambda_0.4000/simfile_snipped.dat', 'lambda_0.5000/simfile_snipped.dat', 'lambda_0.6000/simfile_snipped.dat', 'lambda_0.7000/simfile_snipped.dat', 'lambda_0.8000/simfile_snipped.dat', 'lambda_0.9000/simfile_snipped.dat', 'lambda_1.0000/simfile_snipped.dat']
#Overlap matrix
0.9085 0.0915 0.0000 0.0000 0.0000 0.0000 0.0000 0.0000 0.0000 0.0000 0.0000
0.0915 0.8613 0.0472 0.0000 0.0000 0.0000 0.0000 0.0000 0.0000 0.0000 0.0000
0.0000 0.0472 0.8567 0.0944 0.0017 0.0000 0.0000 0.0000 0.0000 0.0000 0.0000
0.0000 0.0000 0.0944 0.7348 0.1677 0.0031 0.0000 0.0000 0.0000 0.0000 0.0000
0.0000 0.0000 0.0017 0.1677 0.7423 0.0877 0.0006 0.0000 0.0000 0.0000 0.0000
0.0000 0.0000 0.0000 0.0031 0.0877 0.8661 0.0431 0.0000 0.0000 0.0000 0.0000
0.0000 0.0000 0.0000 0.0000 0.0006 0.0431 0.9563 0.0000 0.0000 0.0000 0.0000
0.0000 0.0000 0.0000 0.0000 0.0000 0.0000 0.0000 0.9984 0.0016 0.0000 0.0000
0.0000 0.0000 0.0000 0.0000 0.0000 0.0000 0.0000 0.0016 0.9943 0.0040 0.0000
0.0000 0.0000 0.0000 0.0000 0.0000 0.0000 0.0000 0.0000 0.0040 0.9816 0.0144
0.0000 0.0000 0.0000 0.0000 0.0000 0.0000 0.0000 0.0000 0.0000 0.0144 0.9856
#DG from neighbouring lambda in kcal/mol
0.0000 0.1000 0.5018 0.0861
0.1000 0.2000 -4.8746 0.1263
0.2000 0.3000 -11.0146 0.0836
0.3000 0.4000 -13.7624 0.0562
0.4000 0.5000 -13.7852 0.0862
0.5000 0.6000 -6.1844 0.1317
0.6000 0.7000 14.9989 0.6036
0.7000 0.8000 2.2366 0.7138
0.8000 0.9000 1.0115 0.4520
0.9000 1.0000 2.2931 0.2370
#PMF from MBAR in kcal/mol
0.0000 0.0000 0.0000
0.1000 0.5018 0.0861
0.2000 -4.3729 0.1582
0.3000 -15.3875 0.1835
0.4000 -29.1498 0.1957
0.5000 -42.9350 0.2169
0.6000 -49.1194 0.2565
0.7000 -34.1205 0.6014
0.8000 -31.8839 0.3257
0.9000 -30.8724 0.3257
1.0000 -28.5793 0.3674
#TI average gradients and standard deviation in kcal/mol
0.0000 11.5037 17.9035
0.1000 -17.1201 20.7535
0.2000 -81.5801 20.6567
0.3000 -131.2654 14.0504
0.4000 -139.6198 17.9701
0.5000 -125.8364 20.6275
0.6000 41.4586 36.2220
0.7000 18.2599 42.0787
0.8000 15.9209 37.2677
0.9000 11.5775 32.8265
1.0000 51.1352 29.0671
#PMF from TI in kcal/mol
0.0000 0.0000
0.1000 -0.2808
0.2000 -5.2158
0.3000 -15.8581
0.4000 -29.4024
0.5000 -42.6752
0.6000 -46.8941
0.7000 -43.9081
0.8000 -42.1991
0.9000 -40.8242
1.0000 -37.6885
#MBAR free energy difference in kcal/mol: 
-28.579284, 0.367441  #WARNING SUBSAMPLING DISABLED, CONSIDER RERUN WITH SUBSAMPLING OPTION
#TI free energy difference in kcal/mol: 
-37.688547  #WARNING SUBSAMPLING DISABLED, CONSIDER RERUN WITH SUBSAMPLING OPTION 
Starting /export/users/common/BioSimSpace/sire.app/bin/analyse_freenrg: number of threads equals 32
