# Analysing data contained in file(s) ['lambda_0.0000/simfile_snipped.dat', 'lambda_0.1000/simfile_snipped.dat', 'lambda_0.2000/simfile_snipped.dat', 'lambda_0.3000/simfile_snipped.dat', 'lambda_0.4000/simfile_snipped.dat', 'lambda_0.5000/simfile_snipped.dat', 'lambda_0.6000/simfile_snipped.dat', 'lambda_0.7000/simfile_snipped.dat', 'lambda_0.8000/simfile_snipped.dat', 'lambda_0.9000/simfile_snipped.dat', 'lambda_1.0000/simfile_snipped.dat']
#Overlap matrix
0.7580 0.2217 0.0198 0.0005 0.0000 0.0000 0.0000 0.0000 0.0000 0.0000 0.0000
0.2217 0.5255 0.2295 0.0227 0.0007 0.0000 0.0000 0.0000 0.0000 0.0000 0.0000
0.0198 0.2295 0.4929 0.2292 0.0278 0.0008 0.0000 0.0000 0.0000 0.0000 0.0000
0.0005 0.0227 0.2292 0.4867 0.2323 0.0275 0.0010 0.0000 0.0000 0.0000 0.0000
0.0000 0.0007 0.0278 0.2323 0.4692 0.2358 0.0329 0.0013 0.0000 0.0000 0.0000
0.0000 0.0000 0.0008 0.0275 0.2358 0.4612 0.2407 0.0329 0.0011 0.0000 0.0000
0.0000 0.0000 0.0000 0.0010 0.0329 0.2407 0.4599 0.2356 0.0293 0.0007 0.0000
0.0000 0.0000 0.0000 0.0000 0.0013 0.0329 0.2356 0.4826 0.2286 0.0189 0.0002
0.0000 0.0000 0.0000 0.0000 0.0000 0.0011 0.0293 0.2286 0.5297 0.2036 0.0077
0.0000 0.0000 0.0000 0.0000 0.0000 0.0000 0.0007 0.0189 0.2036 0.6157 0.1611
0.0000 0.0000 0.0000 0.0000 0.0000 0.0000 0.0000 0.0002 0.0077 0.1611 0.8310
#DG from neighbouring lambda in kcal/mol
0.0000 0.1000 1.0137 0.0423
0.1000 0.2000 0.9046 0.0377
0.2000 0.3000 0.4962 0.0366
0.3000 0.4000 -0.0077 0.0355
0.4000 0.5000 -0.6311 0.0343
0.5000 0.6000 -1.1949 0.0331
0.6000 0.7000 -1.7337 0.0342
0.7000 0.8000 -2.1488 0.0370
0.8000 0.9000 -2.2170 0.0443
0.9000 1.0000 -1.8057 0.0571
#PMF from MBAR in kcal/mol
0.0000 0.0000 0.0000
0.1000 1.0137 0.0423
0.2000 1.9182 0.0660
0.3000 2.4145 0.0829
0.4000 2.4067 0.0960
0.5000 1.7757 0.1073
0.6000 0.5808 0.1169
0.7000 -1.1529 0.1261
0.8000 -3.3017 0.1354
0.9000 -5.5187 0.1466
1.0000 -7.3243 0.1615
#TI average gradients and standard deviation in kcal/mol
0.0000 6.3204 12.9176
0.1000 10.6196 10.6130
0.2000 6.5949 11.2863
0.3000 3.0107 10.1264
0.4000 -3.3339 10.4271
0.5000 -9.2424 9.9696
0.6000 -14.6664 10.0243
0.7000 -20.1628 10.3361
0.8000 -22.1718 12.0019
0.9000 -21.6095 12.8320
1.0000 -13.7831 15.4402
#PMF from TI in kcal/mol
0.0000 0.0000
0.1000 0.8470
0.2000 1.7077
0.3000 2.1880
0.4000 2.1719
0.5000 1.5430
0.6000 0.3476
0.7000 -1.3939
0.8000 -3.5106
0.9000 -5.6997
1.0000 -7.4693
#MBAR free energy difference in kcal/mol: 
-7.324337, 0.161507  #WARNING SUBSAMPLING DISABLED, CONSIDER RERUN WITH SUBSAMPLING OPTION
#TI free energy difference in kcal/mol: 
-7.469294  #WARNING SUBSAMPLING DISABLED, CONSIDER RERUN WITH SUBSAMPLING OPTION 
Starting /export/users/common/BioSimSpace/sire.app/bin/analyse_freenrg: number of threads equals 32
