# Analysing data contained in file(s) ['lambda_0.0000/simfile_snipped.dat', 'lambda_0.1000/simfile_snipped.dat', 'lambda_0.2000/simfile_snipped.dat', 'lambda_0.3000/simfile_snipped.dat', 'lambda_0.4000/simfile_snipped.dat', 'lambda_0.5000/simfile_snipped.dat', 'lambda_0.6000/simfile_snipped.dat', 'lambda_0.7000/simfile_snipped.dat', 'lambda_0.8000/simfile_snipped.dat', 'lambda_0.9000/simfile_snipped.dat', 'lambda_1.0000/simfile_snipped.dat']
#Overlap matrix
0.8009 0.1980 0.0012 0.0000 0.0000 0.0000 0.0000 0.0000 0.0000 0.0000 0.0000
0.1980 0.6917 0.1084 0.0019 0.0000 0.0000 0.0000 0.0000 0.0000 0.0000 0.0000
0.0012 0.1084 0.6774 0.2039 0.0092 0.0001 0.0000 0.0000 0.0000 0.0000 0.0000
0.0000 0.0019 0.2039 0.6261 0.1659 0.0021 0.0000 0.0000 0.0000 0.0000 0.0000
0.0000 0.0000 0.0092 0.1659 0.7546 0.0701 0.0001 0.0000 0.0000 0.0000 0.0000
0.0000 0.0000 0.0001 0.0021 0.0701 0.8983 0.0294 0.0000 0.0000 0.0000 0.0000
0.0000 0.0000 0.0000 0.0000 0.0001 0.0294 0.9705 0.0000 0.0000 0.0000 0.0000
0.0000 0.0000 0.0000 0.0000 0.0000 0.0000 0.0000 0.9994 0.0006 0.0000 0.0000
0.0000 0.0000 0.0000 0.0000 0.0000 0.0000 0.0000 0.0006 0.9987 0.0006 0.0000
0.0000 0.0000 0.0000 0.0000 0.0000 0.0000 0.0000 0.0000 0.0006 0.9973 0.0021
0.0000 0.0000 0.0000 0.0000 0.0000 0.0000 0.0000 0.0000 0.0000 0.0021 0.9979
#DG from neighbouring lambda in kcal/mol
0.0000 0.1000 1.4288 0.0501
0.1000 0.2000 -1.9812 0.0761
0.2000 0.3000 -6.1869 0.0470
0.3000 0.4000 -8.6423 0.0551
0.4000 0.5000 -9.0269 0.0991
0.5000 0.6000 -2.8266 0.1627
0.6000 0.7000 17.7617 1.0601
0.7000 0.8000 3.6166 1.1548
0.8000 0.9000 3.0469 1.1305
0.9000 1.0000 10.0438 0.6315
#PMF from MBAR in kcal/mol
0.0000 0.0000 0.0000
0.1000 1.4288 0.0501
0.2000 -0.5525 0.0994
0.3000 -6.7394 0.1166
0.4000 -15.3817 0.1338
0.5000 -24.4086 0.1706
0.6000 -27.2352 0.2391
0.7000 -9.4735 1.0512
0.8000 -5.8569 0.6613
0.9000 -2.8100 0.6613
1.0000 7.2337 0.7985
#TI average gradients and standard deviation in kcal/mol
0.0000 -13.7443 13.7805
0.1000 2.5856 15.2424
0.2000 -44.1955 15.6824
0.3000 -76.8022 12.7501
0.4000 -92.7543 17.5262
0.5000 -82.4840 23.7166
0.6000 63.1482 36.4250
0.7000 40.8895 41.3211
0.8000 23.5962 36.8221
0.9000 32.9117 34.4394
1.0000 210.9510 38.4222
#PMF from TI in kcal/mol
0.0000 0.0000
0.1000 -0.5579
0.2000 -2.6384
0.3000 -8.6883
0.4000 -17.1661
0.5000 -25.9280
0.6000 -26.8948
0.7000 -21.6929
0.8000 -18.4687
0.9000 -15.6433
1.0000 -3.4501
#MBAR free energy difference in kcal/mol: 
7.233716, 0.798464  #WARNING SUBSAMPLING DISABLED, CONSIDER RERUN WITH SUBSAMPLING OPTION
#TI free energy difference in kcal/mol: 
-3.450134  #WARNING SUBSAMPLING DISABLED, CONSIDER RERUN WITH SUBSAMPLING OPTION 
Starting /export/users/common/BioSimSpace/sire.app/bin/analyse_freenrg: number of threads equals 32
