# Analysing data contained in file(s) ['lambda_0.0000/simfile_snipped.dat', 'lambda_0.1000/simfile_snipped.dat', 'lambda_0.2000/simfile_snipped.dat', 'lambda_0.3000/simfile_snipped.dat', 'lambda_0.4000/simfile_snipped.dat', 'lambda_0.5000/simfile_snipped.dat', 'lambda_0.6000/simfile_snipped.dat', 'lambda_0.7000/simfile_snipped.dat', 'lambda_0.8000/simfile_snipped.dat', 'lambda_0.9000/simfile_snipped.dat', 'lambda_1.0000/simfile_snipped.dat']
#Overlap matrix
0.9567 0.0432 0.0000 0.0000 0.0000 0.0000 0.0000 0.0000 0.0000 0.0000 0.0000
0.0432 0.8932 0.0634 0.0001 0.0000 0.0000 0.0000 0.0000 0.0000 0.0000 0.0000
0.0000 0.0634 0.8679 0.0684 0.0002 0.0000 0.0000 0.0000 0.0000 0.0000 0.0000
0.0000 0.0001 0.0684 0.8619 0.0695 0.0001 0.0000 0.0000 0.0000 0.0000 0.0000
0.0000 0.0000 0.0002 0.0695 0.8711 0.0589 0.0001 0.0000 0.0001 0.0001 0.0000
0.0000 0.0000 0.0000 0.0001 0.0589 0.8943 0.0315 0.0036 0.0061 0.0044 0.0010
0.0000 0.0000 0.0000 0.0000 0.0001 0.0315 0.6696 0.2251 0.0608 0.0116 0.0014
0.0000 0.0000 0.0000 0.0000 0.0000 0.0036 0.2251 0.4897 0.2264 0.0486 0.0066
0.0000 0.0000 0.0000 0.0000 0.0001 0.0061 0.0608 0.2264 0.3969 0.2341 0.0756
0.0000 0.0000 0.0000 0.0000 0.0001 0.0044 0.0116 0.0486 0.2341 0.3900 0.3112
0.0000 0.0000 0.0000 0.0000 0.0000 0.0010 0.0014 0.0066 0.0756 0.3112 0.6041
#DG from neighbouring lambda in kcal/mol
0.0000 0.1000 -6.4782 0.1324
0.1000 0.2000 -0.8482 0.1068
0.2000 0.3000 -0.0882 0.1021
0.3000 0.4000 -0.0294 0.1011
0.4000 0.5000 -0.6088 0.1111
0.5000 0.6000 -0.9473 0.1279
0.6000 0.7000 1.7985 0.0345
0.7000 0.8000 3.0634 0.0292
0.8000 0.9000 1.9833 0.0265
0.9000 1.0000 1.0146 0.0233
#PMF from MBAR in kcal/mol
0.0000 0.0000 0.0000
0.1000 -6.4782 0.1324
0.2000 -7.3264 0.1748
0.3000 -7.4146 0.2064
0.4000 -7.4440 0.2332
0.5000 -8.0528 0.2614
0.6000 -9.0000 0.2936
0.7000 -7.2015 0.2958
0.8000 -4.1381 0.2966
0.9000 -2.1548 0.2985
1.0000 -1.1402 0.3007
#TI average gradients and standard deviation in kcal/mol
0.0000 -144.5056 24.9908
0.1000 -22.1008 23.4389
0.2000 -2.1155 21.1630
0.3000 -0.8833 21.2565
0.4000 -3.4680 21.9035
0.5000 -5.7504 21.1302
0.6000 -2.1468 16.3081
0.7000 31.8782 9.3330
0.8000 27.1254 8.8371
0.9000 12.8590 7.1443
1.0000 36.6782 7.6315
#PMF from TI in kcal/mol
0.0000 0.0000
0.1000 -8.3303
0.2000 -9.5411
0.3000 -9.6911
0.4000 -9.9086
0.5000 -10.3696
0.6000 -10.7644
0.7000 -9.2778
0.8000 -6.3277
0.9000 -4.3284
1.0000 -1.8516
#MBAR free energy difference in kcal/mol: 
-1.140155, 0.300659  #WARNING SUBSAMPLING DISABLED, CONSIDER RERUN WITH SUBSAMPLING OPTION
#TI free energy difference in kcal/mol: 
-1.851587  #WARNING SUBSAMPLING DISABLED, CONSIDER RERUN WITH SUBSAMPLING OPTION 
Starting /export/users/common/BioSimSpace/sire.app/bin/analyse_freenrg: number of threads equals 32
