# Analysing data contained in file(s) ['lambda_0.0000/simfile_snipped.dat', 'lambda_0.1000/simfile_snipped.dat', 'lambda_0.2000/simfile_snipped.dat', 'lambda_0.3000/simfile_snipped.dat', 'lambda_0.4000/simfile_snipped.dat', 'lambda_0.5000/simfile_snipped.dat', 'lambda_0.6000/simfile_snipped.dat', 'lambda_0.7000/simfile_snipped.dat', 'lambda_0.8000/simfile_snipped.dat', 'lambda_0.9000/simfile_snipped.dat', 'lambda_1.0000/simfile_snipped.dat']
#Overlap matrix
0.8604 0.1395 0.0001 0.0000 0.0000 0.0000 0.0000 0.0000 0.0000 0.0000 0.0000
0.1395 0.7676 0.0924 0.0004 0.0000 0.0000 0.0000 0.0000 0.0000 0.0000 0.0000
0.0001 0.0924 0.7571 0.1480 0.0023 0.0000 0.0000 0.0000 0.0000 0.0000 0.0000
0.0000 0.0004 0.1480 0.6717 0.1763 0.0037 0.0000 0.0000 0.0000 0.0000 0.0000
0.0000 0.0000 0.0023 0.1763 0.6583 0.1603 0.0027 0.0000 0.0000 0.0000 0.0000
0.0000 0.0000 0.0000 0.0037 0.1603 0.7605 0.0755 0.0000 0.0000 0.0000 0.0000
0.0000 0.0000 0.0000 0.0000 0.0027 0.0755 0.9217 0.0000 0.0000 0.0000 0.0000
0.0000 0.0000 0.0000 0.0000 0.0000 0.0000 0.0000 0.9972 0.0028 0.0000 0.0000
0.0000 0.0000 0.0000 0.0000 0.0000 0.0000 0.0000 0.0028 0.9893 0.0079 0.0000
0.0000 0.0000 0.0000 0.0000 0.0000 0.0000 0.0000 0.0000 0.0079 0.9746 0.0176
0.0000 0.0000 0.0000 0.0000 0.0000 0.0000 0.0000 0.0000 0.0000 0.0176 0.9824
#DG from neighbouring lambda in kcal/mol
0.0000 0.1000 0.8496 0.0655
0.1000 0.2000 -2.3012 0.0853
0.2000 0.3000 -5.8128 0.0620
0.3000 0.4000 -8.7698 0.0538
0.4000 0.5000 -10.4187 0.0576
0.5000 0.6000 -3.9340 0.0946
0.6000 0.7000 16.0000 0.4558
0.7000 0.8000 4.4652 0.5425
0.8000 0.9000 3.3183 0.3217
0.9000 1.0000 3.2291 0.2136
#PMF from MBAR in kcal/mol
0.0000 0.0000 0.0000
0.1000 0.8496 0.0655
0.2000 -1.4516 0.1149
0.3000 -7.2644 0.1366
0.4000 -16.0342 0.1519
0.5000 -26.4529 0.1669
0.6000 -30.3869 0.1953
0.7000 -14.3869 0.4544
0.8000 -9.9216 0.2419
0.9000 -6.6033 0.2419
1.0000 -3.3742 0.2866
#TI average gradients and standard deviation in kcal/mol
0.0000 8.0106 14.5443
0.1000 -2.2605 18.6617
0.2000 -42.4749 16.3298
0.3000 -73.7358 14.6926
0.4000 -100.1755 14.0040
0.5000 -96.4750 16.2726
0.6000 60.4099 30.2862
0.7000 33.0312 36.9301
0.8000 43.0449 38.6877
0.9000 31.6483 31.9982
1.0000 42.7040 27.1719
#PMF from TI in kcal/mol
0.0000 0.0000
0.1000 0.2875
0.2000 -1.9493
0.3000 -7.7598
0.4000 -16.4554
0.5000 -26.2879
0.6000 -28.0911
0.7000 -23.4191
0.8000 -19.6153
0.9000 -15.8806
1.0000 -12.1630
#MBAR free energy difference in kcal/mol: 
-3.374233, 0.286615  #WARNING SUBSAMPLING DISABLED, CONSIDER RERUN WITH SUBSAMPLING OPTION
#TI free energy difference in kcal/mol: 
-12.163008  #WARNING SUBSAMPLING DISABLED, CONSIDER RERUN WITH SUBSAMPLING OPTION 
Starting /export/users/common/BioSimSpace/sire.app/bin/analyse_freenrg: number of threads equals 32
