# Analysing data contained in file(s) ['lambda_0.0000/simfile_snipped.dat', 'lambda_0.1000/simfile_snipped.dat', 'lambda_0.2000/simfile_snipped.dat', 'lambda_0.3000/simfile_snipped.dat', 'lambda_0.4000/simfile_snipped.dat', 'lambda_0.5000/simfile_snipped.dat', 'lambda_0.6000/simfile_snipped.dat', 'lambda_0.7000/simfile_snipped.dat', 'lambda_0.8000/simfile_snipped.dat', 'lambda_0.9000/simfile_snipped.dat', 'lambda_1.0000/simfile_snipped.dat']
#Overlap matrix
0.9393 0.0606 0.0000 0.0000 0.0000 0.0000 0.0000 0.0000 0.0000 0.0000 0.0000
0.0606 0.8820 0.0572 0.0001 0.0000 0.0000 0.0000 0.0000 0.0000 0.0000 0.0000
0.0000 0.0572 0.8662 0.0757 0.0008 0.0000 0.0000 0.0000 0.0000 0.0000 0.0000
0.0000 0.0001 0.0757 0.7849 0.1355 0.0038 0.0000 0.0000 0.0000 0.0000 0.0000
0.0000 0.0000 0.0008 0.1355 0.6832 0.1776 0.0028 0.0000 0.0000 0.0000 0.0000
0.0000 0.0000 0.0000 0.0038 0.1776 0.6653 0.1514 0.0019 0.0000 0.0000 0.0000
0.0000 0.0000 0.0000 0.0000 0.0028 0.1514 0.6788 0.1651 0.0019 0.0000 0.0000
0.0000 0.0000 0.0000 0.0000 0.0000 0.0019 0.1651 0.6712 0.1599 0.0019 0.0000
0.0000 0.0000 0.0000 0.0000 0.0000 0.0000 0.0019 0.1599 0.6708 0.1655 0.0019
0.0000 0.0000 0.0000 0.0000 0.0000 0.0000 0.0000 0.0019 0.1655 0.6727 0.1599
0.0000 0.0000 0.0000 0.0000 0.0000 0.0000 0.0000 0.0000 0.0019 0.1599 0.8382
#DG from neighbouring lambda in kcal/mol
0.0000 0.1000 -0.9507 0.1096
0.1000 0.2000 0.7973 0.1132
0.2000 0.3000 2.6274 0.0958
0.3000 0.4000 4.9888 0.0653
0.4000 0.5000 7.1912 0.0534
0.5000 0.6000 7.6730 0.0605
0.6000 0.7000 7.7371 0.0571
0.7000 0.8000 8.0334 0.0584
0.8000 0.9000 8.5131 0.0570
0.9000 1.0000 9.1406 0.0589
#PMF from MBAR in kcal/mol
0.0000 0.0000 0.0000
0.1000 -0.9507 0.1096
0.2000 -0.1534 0.1627
0.3000 2.4740 0.1930
0.4000 7.4628 0.2075
0.5000 14.6540 0.2175
0.6000 22.3271 0.2291
0.7000 30.0642 0.2393
0.8000 38.0976 0.2495
0.9000 46.6107 0.2589
1.0000 55.7512 0.2684
#TI average gradients and standard deviation in kcal/mol
0.0000 -22.9464 24.6711
0.1000 1.0761 22.4621
0.2000 16.3421 22.4342
0.3000 35.2058 20.3756
0.4000 64.4491 14.6106
0.5000 76.4806 14.1998
0.6000 76.0477 15.8070
0.7000 79.2707 15.0196
0.8000 82.3885 14.9662
0.9000 87.7790 15.4057
1.0000 97.8661 15.0761
#PMF from TI in kcal/mol
0.0000 0.0000
0.1000 -1.0935
0.2000 -0.2226
0.3000 2.3548
0.4000 7.3375
0.5000 14.3840
0.6000 22.0104
0.7000 29.7764
0.8000 37.8593
0.9000 46.3677
1.0000 55.6499
#MBAR free energy difference in kcal/mol: 
55.751223, 0.268419  #WARNING SUBSAMPLING DISABLED, CONSIDER RERUN WITH SUBSAMPLING OPTION
#TI free energy difference in kcal/mol: 
55.649941  #WARNING SUBSAMPLING DISABLED, CONSIDER RERUN WITH SUBSAMPLING OPTION 
Starting /export/users/common/BioSimSpace/sire.app/bin/analyse_freenrg: number of threads equals 32
