# Analysing data contained in file(s) ['lambda_0.0000/simfile_snipped.dat', 'lambda_0.1000/simfile_snipped.dat', 'lambda_0.2000/simfile_snipped.dat', 'lambda_0.3000/simfile_snipped.dat', 'lambda_0.4000/simfile_snipped.dat', 'lambda_0.5000/simfile_snipped.dat', 'lambda_0.6000/simfile_snipped.dat', 'lambda_0.7000/simfile_snipped.dat', 'lambda_0.8000/simfile_snipped.dat', 'lambda_0.9000/simfile_snipped.dat', 'lambda_1.0000/simfile_snipped.dat']
#Overlap matrix
0.9101 0.0894 0.0004 0.0000 0.0000 0.0000 0.0000 0.0000 0.0000 0.0000 0.0000
0.0894 0.8092 0.1006 0.0007 0.0000 0.0000 0.0000 0.0000 0.0000 0.0000 0.0000
0.0004 0.1006 0.7899 0.1076 0.0014 0.0000 0.0000 0.0000 0.0000 0.0000 0.0000
0.0000 0.0007 0.1076 0.7613 0.1287 0.0016 0.0000 0.0000 0.0000 0.0000 0.0000
0.0000 0.0000 0.0014 0.1287 0.7670 0.1025 0.0004 0.0000 0.0000 0.0000 0.0000
0.0000 0.0000 0.0000 0.0016 0.1025 0.8306 0.0631 0.0022 0.0000 0.0000 0.0000
0.0000 0.0000 0.0000 0.0000 0.0004 0.0631 0.7878 0.1471 0.0016 0.0000 0.0000
0.0000 0.0000 0.0000 0.0000 0.0000 0.0022 0.1471 0.7382 0.1123 0.0002 0.0000
0.0000 0.0000 0.0000 0.0000 0.0000 0.0000 0.0016 0.1123 0.8082 0.0774 0.0005
0.0000 0.0000 0.0000 0.0000 0.0000 0.0000 0.0000 0.0002 0.0774 0.7957 0.1267
0.0000 0.0000 0.0000 0.0000 0.0000 0.0000 0.0000 0.0000 0.0005 0.1267 0.8729
#DG from neighbouring lambda in kcal/mol
0.0000 0.1000 -6.2940 0.0871
0.1000 0.2000 -2.2491 0.0806
0.2000 0.3000 -1.6484 0.0768
0.3000 0.4000 -1.8436 0.0681
0.4000 0.5000 -2.3816 0.0793
0.5000 0.6000 -3.6723 0.1048
0.6000 0.7000 -3.1309 0.0620
0.7000 0.8000 -3.6518 0.0749
0.8000 0.9000 -6.0666 0.0947
0.9000 1.0000 -7.6653 0.0698
#PMF from MBAR in kcal/mol
0.0000 0.0000 0.0000
0.1000 -6.2940 0.0871
0.2000 -8.5431 0.1252
0.3000 -10.1915 0.1521
0.4000 -12.0351 0.1711
0.5000 -14.4167 0.1924
0.6000 -18.0891 0.2227
0.7000 -21.2199 0.2339
0.8000 -24.8717 0.2487
0.9000 -30.9383 0.2691
1.0000 -38.6036 0.2808
#TI average gradients and standard deviation in kcal/mol
0.0000 -119.3385 19.9563
0.1000 -32.0854 19.1224
0.2000 -16.4631 18.4292
0.3000 -16.6665 16.5965
0.4000 -19.7209 16.6499
0.5000 -28.5738 20.0553
0.6000 -41.2835 20.5893
0.7000 -27.4153 15.8551
0.8000 -46.8458 16.5533
0.9000 -73.6110 15.0943
1.0000 -67.6793 17.7839
#PMF from TI in kcal/mol
0.0000 0.0000
0.1000 -7.5712
0.2000 -9.9986
0.3000 -11.6551
0.4000 -13.4745
0.5000 -15.8892
0.6000 -19.3821
0.7000 -22.8170
0.8000 -26.5301
0.9000 -32.5529
1.0000 -39.6174
#MBAR free energy difference in kcal/mol: 
-38.603607, 0.280832  #WARNING SUBSAMPLING DISABLED, CONSIDER RERUN WITH SUBSAMPLING OPTION
#TI free energy difference in kcal/mol: 
-39.617436  #WARNING SUBSAMPLING DISABLED, CONSIDER RERUN WITH SUBSAMPLING OPTION 
Starting /export/users/common/BioSimSpace/sire.app/bin/analyse_freenrg: number of threads equals 32
