# Analysing data contained in file(s) ['lambda_0.0000/simfile_snipped.dat', 'lambda_0.1000/simfile_snipped.dat', 'lambda_0.2000/simfile_snipped.dat', 'lambda_0.3000/simfile_snipped.dat', 'lambda_0.4000/simfile_snipped.dat', 'lambda_0.5000/simfile_snipped.dat', 'lambda_0.6000/simfile_snipped.dat', 'lambda_0.7000/simfile_snipped.dat', 'lambda_0.8000/simfile_snipped.dat', 'lambda_0.9000/simfile_snipped.dat', 'lambda_1.0000/simfile_snipped.dat']
#Overlap matrix
0.8999 0.0997 0.0004 0.0000 0.0000 0.0000 0.0000 0.0000 0.0000 0.0000 0.0000
0.0997 0.7479 0.1514 0.0010 0.0000 0.0000 0.0000 0.0000 0.0000 0.0000 0.0000
0.0004 0.1514 0.7118 0.1342 0.0022 0.0000 0.0000 0.0000 0.0000 0.0000 0.0000
0.0000 0.0010 0.1342 0.7102 0.1540 0.0006 0.0000 0.0000 0.0000 0.0000 0.0000
0.0000 0.0000 0.0022 0.1540 0.8128 0.0309 0.0000 0.0000 0.0000 0.0000 0.0000
0.0000 0.0000 0.0000 0.0006 0.0309 0.9019 0.0663 0.0002 0.0000 0.0000 0.0000
0.0000 0.0000 0.0000 0.0000 0.0000 0.0663 0.8488 0.0847 0.0001 0.0000 0.0000
0.0000 0.0000 0.0000 0.0000 0.0000 0.0002 0.0847 0.8492 0.0658 0.0001 0.0000
0.0000 0.0000 0.0000 0.0000 0.0000 0.0000 0.0001 0.0658 0.8732 0.0609 0.0000
0.0000 0.0000 0.0000 0.0000 0.0000 0.0000 0.0000 0.0001 0.0609 0.9129 0.0261
0.0000 0.0000 0.0000 0.0000 0.0000 0.0000 0.0000 0.0000 0.0000 0.0261 0.9739
#DG from neighbouring lambda in kcal/mol
0.0000 0.1000 6.7984 0.0815
0.1000 0.2000 5.0137 0.0614
0.2000 0.3000 3.6681 0.0662
0.3000 0.4000 4.1726 0.0603
0.4000 0.5000 5.7097 0.1570
0.5000 0.6000 4.5234 0.1040
0.6000 0.7000 4.1341 0.0900
0.7000 0.8000 3.8038 0.1044
0.8000 0.9000 5.3727 0.1093
0.9000 1.0000 11.0361 0.1736
#PMF from MBAR in kcal/mol
0.0000 0.0000 0.0000
0.1000 6.7984 0.0815
0.2000 11.8121 0.1097
0.3000 15.4803 0.1342
0.4000 19.6529 0.1521
0.5000 25.3626 0.2219
0.6000 29.8860 0.2483
0.7000 34.0201 0.2672
0.8000 37.8239 0.2897
0.9000 43.1966 0.3122
1.0000 54.2327 0.3595
#TI average gradients and standard deviation in kcal/mol
0.0000 65.5331 21.1635
0.1000 57.1548 16.9196
0.2000 43.4903 15.7946
0.3000 32.2362 15.7235
0.4000 58.4643 19.9606
0.5000 47.7041 21.3561
0.6000 41.4993 20.2995
0.7000 41.1658 21.6446
0.8000 39.9448 20.4110
0.9000 70.4473 25.0736
1.0000 173.8072 29.9727
#PMF from TI in kcal/mol
0.0000 0.0000
0.1000 6.1344
0.2000 11.1667
0.3000 14.9530
0.4000 19.4880
0.5000 24.7964
0.6000 29.2566
0.7000 33.3898
0.8000 37.4454
0.9000 42.9650
1.0000 55.1777
#MBAR free energy difference in kcal/mol: 
54.232727, 0.359500  #WARNING SUBSAMPLING DISABLED, CONSIDER RERUN WITH SUBSAMPLING OPTION
#TI free energy difference in kcal/mol: 
55.177709  #WARNING SUBSAMPLING DISABLED, CONSIDER RERUN WITH SUBSAMPLING OPTION 
Starting /export/users/common/BioSimSpace/sire.app/bin/analyse_freenrg: number of threads equals 32
