# Analysing data contained in file(s) ['lambda_0.0000/simfile_snipped.dat', 'lambda_0.1000/simfile_snipped.dat', 'lambda_0.2000/simfile_snipped.dat', 'lambda_0.3000/simfile_snipped.dat', 'lambda_0.4000/simfile_snipped.dat', 'lambda_0.5000/simfile_snipped.dat', 'lambda_0.6000/simfile_snipped.dat', 'lambda_0.7000/simfile_snipped.dat', 'lambda_0.8000/simfile_snipped.dat', 'lambda_0.9000/simfile_snipped.dat', 'lambda_1.0000/simfile_snipped.dat']
#Overlap matrix
0.7829 0.1990 0.0166 0.0013 0.0001 0.0000 0.0000 0.0000 0.0000 0.0000 0.0000
0.1990 0.5875 0.1938 0.0173 0.0016 0.0003 0.0002 0.0002 0.0001 0.0000 0.0000
0.0166 0.1938 0.5815 0.1820 0.0189 0.0030 0.0014 0.0013 0.0010 0.0004 0.0001
0.0013 0.0173 0.1820 0.5456 0.1976 0.0312 0.0102 0.0076 0.0051 0.0019 0.0004
0.0001 0.0016 0.0189 0.1976 0.4865 0.1911 0.0534 0.0289 0.0156 0.0052 0.0010
0.0000 0.0003 0.0030 0.0312 0.1911 0.4122 0.2098 0.0939 0.0420 0.0136 0.0028
0.0000 0.0002 0.0014 0.0102 0.0534 0.2098 0.3420 0.2278 0.1076 0.0384 0.0094
0.0000 0.0002 0.0013 0.0076 0.0289 0.0939 0.2278 0.2835 0.2111 0.1080 0.0377
0.0000 0.0001 0.0010 0.0051 0.0156 0.0420 0.1076 0.2111 0.2677 0.2234 0.1265
0.0000 0.0000 0.0004 0.0019 0.0052 0.0136 0.0384 0.1080 0.2234 0.3099 0.2992
0.0000 0.0000 0.0001 0.0004 0.0010 0.0028 0.0094 0.0377 0.1265 0.2992 0.5230
#DG from neighbouring lambda in kcal/mol
0.0000 0.1000 0.1739 0.0468
0.1000 0.2000 0.3426 0.0445
0.2000 0.3000 0.2326 0.0452
0.3000 0.4000 0.1390 0.0380
0.4000 0.5000 0.2407 0.0316
0.5000 0.6000 0.5070 0.0227
0.6000 0.7000 0.6719 0.0160
0.7000 0.8000 0.3225 0.0153
0.8000 0.9000 -0.2406 0.0157
0.9000 1.0000 -0.7762 0.0177
#PMF from MBAR in kcal/mol
0.0000 0.0000 0.0000
0.1000 0.1739 0.0468
0.2000 0.5165 0.0723
0.3000 0.7491 0.0909
0.4000 0.8882 0.1031
0.5000 1.1289 0.1105
0.6000 1.6359 0.1139
0.7000 2.3078 0.1155
0.8000 2.6303 0.1175
0.9000 2.3897 0.1204
1.0000 1.6134 0.1239
#TI average gradients and standard deviation in kcal/mol
0.0000 -0.3497 13.8556
0.1000 3.9482 12.7941
0.2000 3.6186 12.7009
0.3000 0.6304 13.3797
0.4000 1.6788 11.0574
0.5000 3.8434 9.6007
0.6000 6.9872 6.6927
0.7000 5.3024 5.9044
0.8000 0.1629 5.4997
0.9000 -5.3719 5.6273
1.0000 -4.5169 5.7809
#PMF from TI in kcal/mol
0.0000 0.0000
0.1000 0.1799
0.2000 0.5583
0.3000 0.7707
0.4000 0.8862
0.5000 1.1623
0.6000 1.7038
0.7000 2.3183
0.8000 2.5916
0.9000 2.3311
1.0000 1.8367
#MBAR free energy difference in kcal/mol: 
1.613425, 0.123858  #WARNING SUBSAMPLING DISABLED, CONSIDER RERUN WITH SUBSAMPLING OPTION
#TI free energy difference in kcal/mol: 
1.836674  #WARNING SUBSAMPLING DISABLED, CONSIDER RERUN WITH SUBSAMPLING OPTION 
Starting /export/users/common/BioSimSpace/sire.app/bin/analyse_freenrg: number of threads equals 32
