# Analysing data contained in file(s) ['lambda_0.0000/simfile_snipped.dat', 'lambda_0.1000/simfile_snipped.dat', 'lambda_0.2000/simfile_snipped.dat', 'lambda_0.3000/simfile_snipped.dat', 'lambda_0.4000/simfile_snipped.dat', 'lambda_0.5000/simfile_snipped.dat', 'lambda_0.6000/simfile_snipped.dat', 'lambda_0.7000/simfile_snipped.dat', 'lambda_0.8000/simfile_snipped.dat', 'lambda_0.9000/simfile_snipped.dat', 'lambda_1.0000/simfile_snipped.dat']
#Overlap matrix
0.9803 0.0197 0.0000 0.0000 0.0000 0.0000 0.0000 0.0000 0.0000 0.0000 0.0000
0.0197 0.9518 0.0286 0.0000 0.0000 0.0000 0.0000 0.0000 0.0000 0.0000 0.0000
0.0000 0.0286 0.9348 0.0367 0.0000 0.0000 0.0000 0.0000 0.0000 0.0000 0.0000
0.0000 0.0000 0.0367 0.9166 0.0467 0.0000 0.0000 0.0000 0.0000 0.0000 0.0000
0.0000 0.0000 0.0000 0.0467 0.9013 0.0519 0.0000 0.0000 0.0000 0.0000 0.0000
0.0000 0.0000 0.0000 0.0000 0.0519 0.8855 0.0625 0.0000 0.0000 0.0000 0.0000
0.0000 0.0000 0.0000 0.0000 0.0000 0.0625 0.8521 0.0853 0.0001 0.0000 0.0000
0.0000 0.0000 0.0000 0.0000 0.0000 0.0000 0.0853 0.8252 0.0894 0.0001 0.0000
0.0000 0.0000 0.0000 0.0000 0.0000 0.0000 0.0001 0.0894 0.7960 0.1142 0.0004
0.0000 0.0000 0.0000 0.0000 0.0000 0.0000 0.0000 0.0001 0.1142 0.7606 0.1252
0.0000 0.0000 0.0000 0.0000 0.0000 0.0000 0.0000 0.0000 0.0004 0.1252 0.8744
#DG from neighbouring lambda in kcal/mol
0.0000 0.1000 -12.5187 0.2014
0.1000 0.2000 -8.5280 0.1656
0.2000 0.3000 -7.0131 0.1448
0.3000 0.4000 -6.4490 0.1269
0.4000 0.5000 -5.6653 0.1197
0.5000 0.6000 -5.0341 0.1078
0.6000 0.7000 -4.2322 0.0898
0.7000 0.8000 -3.6437 0.0873
0.8000 0.9000 -3.4753 0.0747
0.9000 1.0000 -2.6791 0.0704
#PMF from MBAR in kcal/mol
0.0000 0.0000 0.0000
0.1000 -12.5187 0.2014
0.2000 -21.0467 0.2639
0.3000 -28.0598 0.3038
0.4000 -34.5089 0.3317
0.5000 -40.1742 0.3550
0.6000 -45.2083 0.3733
0.7000 -49.4405 0.3860
0.8000 -53.0842 0.3979
0.9000 -56.5595 0.4068
1.0000 -59.2386 0.4148
#TI average gradients and standard deviation in kcal/mol
0.0000 -157.3334 27.5168
0.1000 -101.4307 25.8327
0.2000 -76.0662 24.8718
0.3000 -68.6397 25.9452
0.4000 -58.6997 23.6044
0.5000 -52.7163 20.6462
0.6000 -46.9737 18.6393
0.7000 -39.2336 18.4388
0.8000 -36.8536 19.9770
0.9000 -30.4502 17.0714
1.0000 -13.5546 15.3027
#PMF from TI in kcal/mol
0.0000 0.0000
0.1000 -12.9382
0.2000 -21.8130
0.3000 -29.0483
0.4000 -35.4153
0.5000 -40.9861
0.6000 -45.9706
0.7000 -50.2810
0.8000 -54.0853
0.9000 -57.4505
1.0000 -59.6508
#MBAR free energy difference in kcal/mol: 
-59.238572, 0.414834  #WARNING SUBSAMPLING DISABLED, CONSIDER RERUN WITH SUBSAMPLING OPTION
#TI free energy difference in kcal/mol: 
-59.650775  #WARNING SUBSAMPLING DISABLED, CONSIDER RERUN WITH SUBSAMPLING OPTION 
Starting /export/users/common/BioSimSpace/sire.app/bin/analyse_freenrg: number of threads equals 32
