# Analysing data contained in file(s) ['lambda_0.0000/simfile_snipped.dat', 'lambda_0.1000/simfile_snipped.dat', 'lambda_0.2000/simfile_snipped.dat', 'lambda_0.3000/simfile_snipped.dat', 'lambda_0.4000/simfile_snipped.dat', 'lambda_0.5000/simfile_snipped.dat', 'lambda_0.6000/simfile_snipped.dat', 'lambda_0.7000/simfile_snipped.dat', 'lambda_0.8000/simfile_snipped.dat', 'lambda_0.9000/simfile_snipped.dat', 'lambda_1.0000/simfile_snipped.dat']
#Overlap matrix
0.9470 0.0530 0.0000 0.0000 0.0000 0.0000 0.0000 0.0000 0.0000 0.0000 0.0000
0.0530 0.8939 0.0531 0.0000 0.0000 0.0000 0.0000 0.0000 0.0000 0.0000 0.0000
0.0000 0.0531 0.8928 0.0541 0.0000 0.0000 0.0000 0.0000 0.0000 0.0000 0.0000
0.0000 0.0000 0.0541 0.8775 0.0684 0.0000 0.0000 0.0000 0.0000 0.0000 0.0000
0.0000 0.0000 0.0000 0.0684 0.8689 0.0627 0.0000 0.0000 0.0000 0.0000 0.0000
0.0000 0.0000 0.0000 0.0000 0.0627 0.8733 0.0640 0.0000 0.0000 0.0000 0.0000
0.0000 0.0000 0.0000 0.0000 0.0000 0.0640 0.8798 0.0562 0.0000 0.0000 0.0000
0.0000 0.0000 0.0000 0.0000 0.0000 0.0000 0.0562 0.8915 0.0523 0.0000 0.0000
0.0000 0.0000 0.0000 0.0000 0.0000 0.0000 0.0000 0.0523 0.8914 0.0563 0.0000
0.0000 0.0000 0.0000 0.0000 0.0000 0.0000 0.0000 0.0000 0.0563 0.8916 0.0521
0.0000 0.0000 0.0000 0.0000 0.0000 0.0000 0.0000 0.0000 0.0000 0.0521 0.9479
#DG from neighbouring lambda in kcal/mol
0.0000 0.1000 30.6284 0.1183
0.1000 0.2000 26.2784 0.1182
0.2000 0.3000 22.1778 0.1170
0.3000 0.4000 17.5547 0.1023
0.4000 0.5000 13.1426 0.1076
0.5000 0.6000 8.4757 0.1064
0.6000 0.7000 3.6069 0.1145
0.7000 0.8000 -1.1845 0.1193
0.8000 0.9000 -6.2895 0.1144
0.9000 1.0000 -11.1943 0.1195
#PMF from MBAR in kcal/mol
0.0000 0.0000 0.0000
0.1000 30.6284 0.1183
0.2000 56.9068 0.1722
0.3000 79.0846 0.2121
0.4000 96.6393 0.2390
0.5000 109.7819 0.2653
0.6000 118.2575 0.2887
0.7000 121.8644 0.3132
0.8000 120.6800 0.3376
0.9000 114.3905 0.3588
1.0000 103.1962 0.3803
#TI average gradients and standard deviation in kcal/mol
0.0000 326.2173 22.3843
0.1000 285.9862 22.5551
0.2000 243.2366 20.9337
0.3000 196.9897 22.0217
0.4000 154.3320 21.5652
0.5000 107.3494 21.8052
0.6000 61.8796 21.9249
0.7000 12.3329 20.7781
0.8000 -38.1579 22.3922
0.9000 -86.1534 21.0019
1.0000 -136.2558 21.9154
#PMF from TI in kcal/mol
0.0000 0.0000
0.1000 30.6102
0.2000 57.0713
0.3000 79.0826
0.4000 96.6487
0.5000 109.7328
0.6000 118.1942
0.7000 121.9049
0.8000 120.6136
0.9000 114.3981
1.0000 103.2776
#MBAR free energy difference in kcal/mol: 
103.196185, 0.380342  #WARNING SUBSAMPLING DISABLED, CONSIDER RERUN WITH SUBSAMPLING OPTION
#TI free energy difference in kcal/mol: 
103.277589  #WARNING SUBSAMPLING DISABLED, CONSIDER RERUN WITH SUBSAMPLING OPTION 
Starting /export/users/common/BioSimSpace/sire.app/bin/analyse_freenrg: number of threads equals 32
