# Analysing data contained in file(s) ['lambda_0.0000/simfile_snipped.dat', 'lambda_0.1000/simfile_snipped.dat', 'lambda_0.2000/simfile_snipped.dat', 'lambda_0.3000/simfile_snipped.dat', 'lambda_0.4000/simfile_snipped.dat', 'lambda_0.5000/simfile_snipped.dat', 'lambda_0.6000/simfile_snipped.dat', 'lambda_0.7000/simfile_snipped.dat', 'lambda_0.8000/simfile_snipped.dat', 'lambda_0.9000/simfile_snipped.dat', 'lambda_1.0000/simfile_snipped.dat']
#Overlap matrix
0.9023 0.0972 0.0005 0.0000 0.0000 0.0000 0.0000 0.0000 0.0000 0.0000 0.0000
0.0972 0.7963 0.1055 0.0010 0.0000 0.0000 0.0000 0.0000 0.0000 0.0000 0.0000
0.0005 0.1055 0.7577 0.1342 0.0021 0.0000 0.0000 0.0000 0.0000 0.0000 0.0000
0.0000 0.0010 0.1342 0.7060 0.1535 0.0053 0.0000 0.0000 0.0000 0.0000 0.0000
0.0000 0.0000 0.0021 0.1535 0.6485 0.1909 0.0050 0.0000 0.0000 0.0000 0.0000
0.0000 0.0000 0.0000 0.0053 0.1909 0.6116 0.1867 0.0055 0.0000 0.0000 0.0000
0.0000 0.0000 0.0000 0.0000 0.0050 0.1867 0.6157 0.1885 0.0040 0.0000 0.0000
0.0000 0.0000 0.0000 0.0000 0.0000 0.0055 0.1885 0.6183 0.1807 0.0070 0.0000
0.0000 0.0000 0.0000 0.0000 0.0000 0.0000 0.0040 0.1807 0.6192 0.1935 0.0026
0.0000 0.0000 0.0000 0.0000 0.0000 0.0000 0.0000 0.0070 0.1935 0.6511 0.1484
0.0000 0.0000 0.0000 0.0000 0.0000 0.0000 0.0000 0.0000 0.0026 0.1484 0.8490
#DG from neighbouring lambda in kcal/mol
0.0000 0.1000 0.0027 0.0827
0.1000 0.2000 -0.0097 0.0781
0.2000 0.3000 -1.0898 0.0662
0.3000 0.4000 -2.4880 0.0592
0.4000 0.5000 -3.9438 0.0497
0.5000 0.6000 -5.9972 0.0506
0.6000 0.7000 -8.2073 0.0504
0.7000 0.8000 -10.5413 0.0517
0.8000 0.9000 -12.4331 0.0493
0.9000 1.0000 -14.7829 0.0620
#PMF from MBAR in kcal/mol
0.0000 0.0000 0.0000
0.1000 0.0027 0.0827
0.2000 -0.0070 0.1205
0.3000 -1.0967 0.1430
0.4000 -3.5847 0.1596
0.5000 -7.5285 0.1713
0.6000 -13.5257 0.1826
0.7000 -21.7330 0.1932
0.8000 -32.2743 0.2037
0.9000 -44.7073 0.2128
1.0000 -59.4902 0.2251
#TI average gradients and standard deviation in kcal/mol
0.0000 -7.6411 20.5100
0.1000 3.2233 17.6526
0.2000 -5.3908 16.5578
0.3000 -17.3878 15.3448
0.4000 -31.8351 13.9773
0.5000 -49.2335 14.0363
0.6000 -70.3828 13.2535
0.7000 -94.3843 14.5552
0.8000 -115.5503 13.1999
0.9000 -133.7263 14.9995
1.0000 -158.1262 15.4335
#PMF from TI in kcal/mol
0.0000 0.0000
0.1000 -0.2209
0.2000 -0.3293
0.3000 -1.4682
0.4000 -3.9293
0.5000 -7.9828
0.6000 -13.9636
0.7000 -22.2019
0.8000 -32.6987
0.9000 -45.1625
1.0000 -59.7551
#MBAR free energy difference in kcal/mol: 
-59.490244, 0.225052  #WARNING SUBSAMPLING DISABLED, CONSIDER RERUN WITH SUBSAMPLING OPTION
#TI free energy difference in kcal/mol: 
-59.755122  #WARNING SUBSAMPLING DISABLED, CONSIDER RERUN WITH SUBSAMPLING OPTION 
Starting /export/users/common/BioSimSpace/sire.app/bin/analyse_freenrg: number of threads equals 32
