# Analysing data contained in file(s) ['lambda_0.0000/simfile_snipped.dat', 'lambda_0.1000/simfile_snipped.dat', 'lambda_0.2000/simfile_snipped.dat', 'lambda_0.3000/simfile_snipped.dat', 'lambda_0.4000/simfile_snipped.dat', 'lambda_0.5000/simfile_snipped.dat', 'lambda_0.6000/simfile_snipped.dat', 'lambda_0.7000/simfile_snipped.dat', 'lambda_0.8000/simfile_snipped.dat', 'lambda_0.9000/simfile_snipped.dat', 'lambda_1.0000/simfile_snipped.dat']
#Overlap matrix
0.9357 0.0642 0.0002 0.0000 0.0000 0.0000 0.0000 0.0000 0.0000 0.0000 0.0000
0.0642 0.8271 0.1079 0.0008 0.0000 0.0000 0.0000 0.0000 0.0000 0.0000 0.0000
0.0002 0.1079 0.7571 0.1333 0.0015 0.0000 0.0000 0.0000 0.0000 0.0000 0.0000
0.0000 0.0008 0.1333 0.7094 0.1540 0.0025 0.0000 0.0000 0.0000 0.0000 0.0000
0.0000 0.0000 0.0015 0.1540 0.6858 0.1539 0.0047 0.0000 0.0000 0.0000 0.0000
0.0000 0.0000 0.0000 0.0025 0.1539 0.6403 0.1942 0.0091 0.0000 0.0000 0.0000
0.0000 0.0000 0.0000 0.0000 0.0047 0.1942 0.5938 0.2002 0.0070 0.0000 0.0000
0.0000 0.0000 0.0000 0.0000 0.0000 0.0091 0.2002 0.5915 0.1933 0.0058 0.0000
0.0000 0.0000 0.0000 0.0000 0.0000 0.0000 0.0070 0.1933 0.6198 0.1755 0.0043
0.0000 0.0000 0.0000 0.0000 0.0000 0.0000 0.0000 0.0058 0.1755 0.6678 0.1509
0.0000 0.0000 0.0000 0.0000 0.0000 0.0000 0.0000 0.0000 0.0043 0.1509 0.8448
#DG from neighbouring lambda in kcal/mol
0.0000 0.1000 -0.7588 0.1060
0.1000 0.2000 0.4347 0.0772
0.2000 0.3000 0.8361 0.0668
0.3000 0.4000 0.6492 0.0600
0.4000 0.5000 0.2393 0.0591
0.5000 0.6000 -0.1305 0.0484
0.6000 0.7000 -0.3111 0.0468
0.7000 0.8000 -0.6393 0.0487
0.8000 0.9000 -0.6733 0.0531
0.9000 1.0000 0.1861 0.0608
#PMF from MBAR in kcal/mol
0.0000 0.0000 0.0000
0.1000 -0.7588 0.1060
0.2000 -0.3241 0.1372
0.3000 0.5120 0.1577
0.4000 1.1613 0.1732
0.5000 1.4006 0.1871
0.6000 1.2700 0.1969
0.7000 0.9589 0.2056
0.8000 0.3196 0.2146
0.9000 -0.3537 0.2243
1.0000 -0.1676 0.2354
#TI average gradients and standard deviation in kcal/mol
0.0000 -17.2281 22.7984
0.1000 -0.5851 19.2499
0.2000 7.3470 16.7419
0.3000 7.7235 16.3106
0.4000 5.9312 14.6581
0.5000 -0.7199 13.6266
0.6000 -2.7365 13.6454
0.7000 -4.3354 13.5713
0.8000 -7.4107 13.1937
0.9000 -5.5837 14.3041
1.0000 -35905578705.9857 695957236949.5609
#PMF from TI in kcal/mol
0.0000 0.0000
0.1000 -0.8907
0.2000 -0.5526
0.3000 0.2010
0.4000 0.8837
0.5000 1.1443
0.6000 0.9714
0.7000 0.6179
0.8000 0.0306
0.9000 -0.6192
1.0000 -1795278936.1976
#MBAR free energy difference in kcal/mol: 
-0.167618, 0.235381  #WARNING SUBSAMPLING DISABLED, CONSIDER RERUN WITH SUBSAMPLING OPTION
#TI free energy difference in kcal/mol: 
-1795278936.197643  #WARNING SUBSAMPLING DISABLED, CONSIDER RERUN WITH SUBSAMPLING OPTION 
Starting /export/users/common/BioSimSpace/sire.app/bin/analyse_freenrg: number of threads equals 32
