# Analysing data contained in file(s) ['lambda_0.0000/simfile_snipped.dat', 'lambda_0.1000/simfile_snipped.dat', 'lambda_0.2000/simfile_snipped.dat', 'lambda_0.3000/simfile_snipped.dat', 'lambda_0.4000/simfile_snipped.dat', 'lambda_0.5000/simfile_snipped.dat', 'lambda_0.6000/simfile_snipped.dat', 'lambda_0.7000/simfile_snipped.dat', 'lambda_0.8000/simfile_snipped.dat', 'lambda_0.9000/simfile_snipped.dat', 'lambda_1.0000/simfile_snipped.dat']
#Overlap matrix
0.8795 0.1188 0.0017 0.0000 0.0000 0.0000 0.0000 0.0000 0.0000 0.0000 0.0000
0.1188 0.7500 0.1280 0.0031 0.0001 0.0000 0.0000 0.0000 0.0000 0.0000 0.0000
0.0017 0.1280 0.7153 0.1483 0.0065 0.0001 0.0000 0.0000 0.0000 0.0000 0.0000
0.0000 0.0031 0.1483 0.6681 0.1732 0.0072 0.0001 0.0000 0.0000 0.0000 0.0000
0.0000 0.0001 0.0065 0.1732 0.6485 0.1667 0.0045 0.0004 0.0000 0.0000 0.0000
0.0000 0.0000 0.0001 0.0072 0.1667 0.7128 0.0973 0.0136 0.0022 0.0001 0.0000
0.0000 0.0000 0.0000 0.0001 0.0045 0.0973 0.6503 0.2212 0.0254 0.0011 0.0000
0.0000 0.0000 0.0000 0.0000 0.0004 0.0136 0.2212 0.5264 0.2133 0.0239 0.0012
0.0000 0.0000 0.0000 0.0000 0.0000 0.0022 0.0254 0.2133 0.4797 0.2369 0.0425
0.0000 0.0000 0.0000 0.0000 0.0000 0.0001 0.0011 0.0239 0.2369 0.4625 0.2755
0.0000 0.0000 0.0000 0.0000 0.0000 0.0000 0.0000 0.0012 0.0425 0.2755 0.6808
#DG from neighbouring lambda in kcal/mol
0.0000 0.1000 -2.7620 0.0723
0.1000 0.2000 -0.9521 0.0678
0.2000 0.3000 -0.5049 0.0600
0.3000 0.4000 -0.1588 0.0528
0.4000 0.5000 -0.1627 0.0547
0.5000 0.6000 -0.6981 0.0737
0.6000 0.7000 0.2974 0.0394
0.7000 0.8000 0.7600 0.0389
0.8000 0.9000 0.1328 0.0337
0.9000 1.0000 -0.2077 0.0315
#PMF from MBAR in kcal/mol
0.0000 0.0000 0.0000
0.1000 -2.7620 0.0723
0.2000 -3.7141 0.1063
0.3000 -4.2190 0.1278
0.4000 -4.3778 0.1428
0.5000 -4.5405 0.1571
0.6000 -5.2386 0.1772
0.7000 -4.9412 0.1837
0.8000 -4.1811 0.1902
0.9000 -4.0483 0.1962
1.0000 -4.2560 0.2010
#TI average gradients and standard deviation in kcal/mol
0.0000 -45.4658 20.6386
0.1000 -14.0058 16.9071
0.2000 -5.9029 15.3559
0.3000 -3.3151 14.5253
0.4000 -1.2277 15.3337
0.5000 -1.1151 14.7134
0.6000 -8.0530 14.8937
0.7000 9.4520 11.4491
0.8000 4.3963 10.5314
0.9000 -1.0133 9.1457
1.0000 3.0223 9.4174
#PMF from TI in kcal/mol
0.0000 0.0000
0.1000 -2.9736
0.2000 -3.9690
0.3000 -4.4299
0.4000 -4.6571
0.5000 -4.7742
0.6000 -5.2326
0.7000 -5.1626
0.8000 -4.4702
0.9000 -4.3011
1.0000 -4.2006
#MBAR free energy difference in kcal/mol: 
-4.255984, 0.201038  #WARNING SUBSAMPLING DISABLED, CONSIDER RERUN WITH SUBSAMPLING OPTION
#TI free energy difference in kcal/mol: 
-4.200628  #WARNING SUBSAMPLING DISABLED, CONSIDER RERUN WITH SUBSAMPLING OPTION 
Starting /export/users/common/BioSimSpace/sire.app/bin/analyse_freenrg: number of threads equals 32
