# Analysing data contained in file(s) ['lambda_0.0000/simfile_snipped.dat', 'lambda_0.1000/simfile_snipped.dat', 'lambda_0.2000/simfile_snipped.dat', 'lambda_0.3000/simfile_snipped.dat', 'lambda_0.4000/simfile_snipped.dat', 'lambda_0.5000/simfile_snipped.dat', 'lambda_0.6000/simfile_snipped.dat', 'lambda_0.7000/simfile_snipped.dat', 'lambda_0.8000/simfile_snipped.dat', 'lambda_0.9000/simfile_snipped.dat', 'lambda_1.0000/simfile_snipped.dat']
#Overlap matrix
0.8160 0.1746 0.0093 0.0001 0.0000 0.0000 0.0000 0.0000 0.0000 0.0000 0.0000
0.1746 0.6082 0.2050 0.0120 0.0002 0.0000 0.0000 0.0000 0.0000 0.0000 0.0000
0.0093 0.2050 0.5566 0.2106 0.0182 0.0004 0.0000 0.0000 0.0000 0.0000 0.0000
0.0001 0.0120 0.2106 0.5225 0.2343 0.0202 0.0003 0.0000 0.0000 0.0000 0.0000
0.0000 0.0002 0.0182 0.2343 0.5084 0.2204 0.0182 0.0003 0.0000 0.0000 0.0000
0.0000 0.0000 0.0004 0.0202 0.2204 0.5158 0.2266 0.0164 0.0002 0.0000 0.0000
0.0000 0.0000 0.0000 0.0003 0.0182 0.2266 0.5221 0.2177 0.0149 0.0001 0.0000
0.0000 0.0000 0.0000 0.0000 0.0003 0.0164 0.2177 0.5397 0.2141 0.0118 0.0001
0.0000 0.0000 0.0000 0.0000 0.0000 0.0002 0.0149 0.2141 0.5413 0.2162 0.0133
0.0000 0.0000 0.0000 0.0000 0.0000 0.0000 0.0001 0.0118 0.2162 0.5579 0.2140
0.0000 0.0000 0.0000 0.0000 0.0000 0.0000 0.0000 0.0001 0.0133 0.2140 0.7726
#DG from neighbouring lambda in kcal/mol
0.0000 0.1000 0.8422 0.0535
0.1000 0.2000 1.7751 0.0450
0.2000 0.3000 2.0513 0.0425
0.3000 0.4000 2.2276 0.0375
0.4000 0.5000 2.3335 0.0397
0.5000 0.6000 2.3574 0.0392
0.6000 0.7000 2.3623 0.0412
0.7000 0.8000 2.3623 0.0425
0.8000 0.9000 2.3083 0.0424
0.9000 1.0000 2.4123 0.0447
#PMF from MBAR in kcal/mol
0.0000 0.0000 0.0000
0.1000 0.8422 0.0535
0.2000 2.6173 0.0785
0.3000 4.6686 0.0963
0.4000 6.8962 0.1090
0.5000 9.2297 0.1211
0.6000 11.5871 0.1320
0.7000 13.9494 0.1427
0.8000 16.3117 0.1530
0.9000 18.6200 0.1629
1.0000 21.0324 0.1727
#TI average gradients and standard deviation in kcal/mol
0.0000 2.7086 16.1069
0.1000 14.1511 12.4133
0.2000 20.3722 12.2085
0.3000 21.2384 10.4193
0.4000 23.1229 10.5779
0.5000 23.3570 11.0924
0.6000 23.1847 11.7146
0.7000 24.2721 11.5358
0.8000 22.7926 11.5825
0.9000 23.5509 12.0785
1.0000 26.6641 13.2626
#PMF from TI in kcal/mol
0.0000 0.0000
0.1000 0.8430
0.2000 2.5692
0.3000 4.6497
0.4000 6.8677
0.5000 9.1917
0.6000 11.5188
0.7000 13.8917
0.8000 16.2449
0.9000 18.5621
1.0000 21.0728
#MBAR free energy difference in kcal/mol: 
21.032370, 0.172693  #WARNING SUBSAMPLING DISABLED, CONSIDER RERUN WITH SUBSAMPLING OPTION
#TI free energy difference in kcal/mol: 
21.072814  #WARNING SUBSAMPLING DISABLED, CONSIDER RERUN WITH SUBSAMPLING OPTION 
Starting /export/users/common/BioSimSpace/sire.app/bin/analyse_freenrg: number of threads equals 32
