# Analysing data contained in file(s) ['lambda_0.0000/simfile_snipped.dat', 'lambda_0.1000/simfile_snipped.dat', 'lambda_0.2000/simfile_snipped.dat', 'lambda_0.3000/simfile_snipped.dat', 'lambda_0.4000/simfile_snipped.dat', 'lambda_0.5000/simfile_snipped.dat', 'lambda_0.6000/simfile_snipped.dat', 'lambda_0.7000/simfile_snipped.dat', 'lambda_0.8000/simfile_snipped.dat', 'lambda_0.9000/simfile_snipped.dat', 'lambda_1.0000/simfile_snipped.dat']
#Overlap matrix
0.8760 0.1230 0.0010 0.0000 0.0000 0.0000 0.0000 0.0000 0.0000 0.0000 0.0000
0.1230 0.7270 0.1483 0.0017 0.0000 0.0000 0.0000 0.0000 0.0000 0.0000 0.0000
0.0010 0.1483 0.6932 0.1555 0.0020 0.0000 0.0000 0.0000 0.0000 0.0000 0.0000
0.0000 0.0017 0.1555 0.6776 0.1622 0.0030 0.0000 0.0000 0.0000 0.0000 0.0000
0.0000 0.0000 0.0020 0.1622 0.6608 0.1723 0.0027 0.0000 0.0000 0.0000 0.0000
0.0000 0.0000 0.0000 0.0030 0.1723 0.6654 0.1575 0.0018 0.0000 0.0000 0.0000
0.0000 0.0000 0.0000 0.0000 0.0027 0.1575 0.6956 0.1431 0.0011 0.0000 0.0000
0.0000 0.0000 0.0000 0.0000 0.0000 0.0018 0.1431 0.7348 0.1194 0.0008 0.0000
0.0000 0.0000 0.0000 0.0000 0.0000 0.0000 0.0011 0.1194 0.7690 0.1104 0.0001
0.0000 0.0000 0.0000 0.0000 0.0000 0.0000 0.0000 0.0008 0.1104 0.8259 0.0628
0.0000 0.0000 0.0000 0.0000 0.0000 0.0000 0.0000 0.0000 0.0001 0.0628 0.9371
#DG from neighbouring lambda in kcal/mol
0.0000 0.1000 -3.0036 0.0710
0.1000 0.2000 -2.4561 0.0620
0.2000 0.3000 -2.4290 0.0596
0.3000 0.4000 -2.7371 0.0575
0.4000 0.5000 -2.9895 0.0548
0.5000 0.6000 -3.2952 0.0589
0.6000 0.7000 -3.6453 0.0635
0.7000 0.8000 -3.9058 0.0720
0.8000 0.9000 -3.6009 0.0761
0.9000 1.0000 -2.6886 0.1074
#PMF from MBAR in kcal/mol
0.0000 0.0000 0.0000
0.1000 -3.0036 0.0710
0.2000 -5.4597 0.1022
0.3000 -7.8887 0.1247
0.4000 -10.6258 0.1428
0.5000 -13.6152 0.1578
0.6000 -16.9105 0.1728
0.7000 -20.5558 0.1882
0.8000 -24.4615 0.2054
0.9000 -28.0624 0.2226
1.0000 -30.7510 0.2504
#TI average gradients and standard deviation in kcal/mol
0.0000 8486256.6422 146058353.7689
0.1000 -26.7353 16.5056
0.2000 -23.3327 15.4566
0.3000 -25.4437 14.8168
0.4000 -29.4525 14.6011
0.5000 -30.5152 15.0684
0.6000 -35.7331 15.8597
0.7000 -37.1113 16.7454
0.8000 -39.1719 16.5688
0.9000 -32.7834 19.0482
1.0000 -14.3034 21.4701
#PMF from TI in kcal/mol
0.0000 0.0000
0.1000 424311.4953
0.2000 424308.9920
0.3000 424306.5531
0.4000 424303.8083
0.5000 424300.8099
0.6000 424297.4975
0.7000 424293.8553
0.8000 424290.0411
0.9000 424286.4434
1.0000 424284.0890
#MBAR free energy difference in kcal/mol: 
-30.750980, 0.250401  #WARNING SUBSAMPLING DISABLED, CONSIDER RERUN WITH SUBSAMPLING OPTION
#TI free energy difference in kcal/mol: 
424284.089047  #WARNING SUBSAMPLING DISABLED, CONSIDER RERUN WITH SUBSAMPLING OPTION 
Starting /export/users/common/BioSimSpace/sire.app/bin/analyse_freenrg: number of threads equals 32
