# Analysing data contained in file(s) ['lambda_0.0000/simfile_snipped.dat', 'lambda_0.1000/simfile_snipped.dat', 'lambda_0.2000/simfile_snipped.dat', 'lambda_0.3000/simfile_snipped.dat', 'lambda_0.4000/simfile_snipped.dat', 'lambda_0.5000/simfile_snipped.dat', 'lambda_0.6000/simfile_snipped.dat', 'lambda_0.7000/simfile_snipped.dat', 'lambda_0.8000/simfile_snipped.dat', 'lambda_0.9000/simfile_snipped.dat', 'lambda_1.0000/simfile_snipped.dat']
#Overlap matrix
0.8107 0.1839 0.0054 0.0000 0.0000 0.0000 0.0000 0.0000 0.0000 0.0000 0.0000
0.1839 0.6346 0.1749 0.0065 0.0001 0.0000 0.0000 0.0000 0.0000 0.0000 0.0000
0.0054 0.1749 0.6079 0.2016 0.0101 0.0001 0.0000 0.0000 0.0000 0.0000 0.0000
0.0000 0.0065 0.2016 0.5761 0.2074 0.0083 0.0001 0.0000 0.0000 0.0000 0.0000
0.0000 0.0001 0.0101 0.2074 0.5846 0.1886 0.0091 0.0001 0.0000 0.0000 0.0000
0.0000 0.0000 0.0001 0.0083 0.1886 0.5861 0.2059 0.0109 0.0001 0.0000 0.0000
0.0000 0.0000 0.0000 0.0001 0.0091 0.2059 0.5730 0.2031 0.0087 0.0001 0.0000
0.0000 0.0000 0.0000 0.0000 0.0001 0.0109 0.2031 0.5900 0.1873 0.0086 0.0000
0.0000 0.0000 0.0000 0.0000 0.0000 0.0001 0.0087 0.1873 0.6109 0.1880 0.0049
0.0000 0.0000 0.0000 0.0000 0.0000 0.0000 0.0001 0.0086 0.1880 0.6219 0.1814
0.0000 0.0000 0.0000 0.0000 0.0000 0.0000 0.0000 0.0000 0.0049 0.1814 0.8136
#DG from neighbouring lambda in kcal/mol
0.0000 0.1000 -1.1465 0.0522
0.1000 0.2000 -0.3896 0.0528
0.2000 0.3000 -0.0085 0.0464
0.3000 0.4000 0.2848 0.0450
0.4000 0.5000 0.3066 0.0488
0.5000 0.6000 0.3353 0.0450
0.6000 0.7000 0.5474 0.0456
0.7000 0.8000 0.6817 0.0491
0.8000 0.9000 0.9849 0.0497
0.9000 1.0000 1.2819 0.0529
#PMF from MBAR in kcal/mol
0.0000 0.0000 0.0000
0.1000 -1.1465 0.0522
0.2000 -1.5361 0.0832
0.3000 -1.5445 0.1023
0.4000 -1.2597 0.1176
0.5000 -0.9531 0.1326
0.6000 -0.6177 0.1447
0.7000 -0.0703 0.1560
0.8000 0.6114 0.1676
0.9000 1.5962 0.1785
1.0000 2.8782 0.1900
#TI average gradients and standard deviation in kcal/mol
0.0000 -20.0957 15.5668
0.1000 -6.1467 13.1807
0.2000 -2.5460 13.2798
0.3000 1.3910 12.3033
0.4000 3.4727 12.9799
0.5000 2.1750 13.0201
0.6000 4.3974 13.2288
0.7000 6.4866 13.0461
0.8000 7.5706 12.6885
0.9000 10.9812 14.1124
1.0000 17.4687 13.7650
#PMF from TI in kcal/mol
0.0000 0.0000
0.1000 -1.3121
0.2000 -1.7468
0.3000 -1.8045
0.4000 -1.5613
0.5000 -1.2789
0.6000 -0.9503
0.7000 -0.4061
0.8000 0.2968
0.9000 1.2243
1.0000 2.6468
#MBAR free energy difference in kcal/mol: 
2.878179, 0.190035  #WARNING SUBSAMPLING DISABLED, CONSIDER RERUN WITH SUBSAMPLING OPTION
#TI free energy difference in kcal/mol: 
2.646843  #WARNING SUBSAMPLING DISABLED, CONSIDER RERUN WITH SUBSAMPLING OPTION 
Starting /export/users/common/BioSimSpace/sire.app/bin/analyse_freenrg: number of threads equals 32
