# Analysing data contained in file(s) ['lambda_0.0000/simfile_snipped.dat', 'lambda_0.1000/simfile_snipped.dat', 'lambda_0.2000/simfile_snipped.dat', 'lambda_0.3000/simfile_snipped.dat', 'lambda_0.4000/simfile_snipped.dat', 'lambda_0.5000/simfile_snipped.dat', 'lambda_0.6000/simfile_snipped.dat', 'lambda_0.7000/simfile_snipped.dat', 'lambda_0.8000/simfile_snipped.dat', 'lambda_0.9000/simfile_snipped.dat', 'lambda_1.0000/simfile_snipped.dat']
#Overlap matrix
0.8626 0.1368 0.0005 0.0000 0.0000 0.0000 0.0000 0.0000 0.0000 0.0000 0.0000
0.1368 0.7535 0.1095 0.0001 0.0000 0.0000 0.0000 0.0000 0.0000 0.0000 0.0000
0.0005 0.1095 0.7900 0.0999 0.0001 0.0000 0.0000 0.0000 0.0000 0.0000 0.0000
0.0000 0.0001 0.0999 0.8137 0.0862 0.0000 0.0000 0.0000 0.0000 0.0000 0.0000
0.0000 0.0000 0.0001 0.0862 0.8407 0.0730 0.0000 0.0000 0.0000 0.0000 0.0000
0.0000 0.0000 0.0000 0.0000 0.0730 0.8706 0.0564 0.0000 0.0000 0.0000 0.0000
0.0000 0.0000 0.0000 0.0000 0.0000 0.0564 0.8834 0.0602 0.0000 0.0000 0.0000
0.0000 0.0000 0.0000 0.0000 0.0000 0.0000 0.0602 0.8916 0.0483 0.0000 0.0000
0.0000 0.0000 0.0000 0.0000 0.0000 0.0000 0.0000 0.0483 0.9189 0.0328 0.0000
0.0000 0.0000 0.0000 0.0000 0.0000 0.0000 0.0000 0.0000 0.0328 0.9327 0.0345
0.0000 0.0000 0.0000 0.0000 0.0000 0.0000 0.0000 0.0000 0.0000 0.0345 0.9655
#DG from neighbouring lambda in kcal/mol
0.0000 0.1000 -0.5318 0.0662
0.1000 0.2000 -0.4496 0.0766
0.2000 0.3000 -0.5795 0.0814
0.3000 0.4000 -0.3455 0.0892
0.4000 0.5000 -0.5687 0.0986
0.5000 0.6000 -0.4809 0.1143
0.6000 0.7000 -0.4527 0.1102
0.7000 0.8000 -0.4747 0.1247
0.8000 0.9000 -0.3213 0.1538
0.9000 1.0000 0.6472 0.1498
#PMF from MBAR in kcal/mol
0.0000 0.0000 0.0000
0.1000 -0.5318 0.0662
0.2000 -0.9814 0.1089
0.3000 -1.5609 0.1419
0.4000 -1.9063 0.1724
0.5000 -2.4750 0.2027
0.6000 -2.9559 0.2363
0.7000 -3.4086 0.2638
0.8000 -3.8833 0.2947
0.9000 -4.2046 0.3349
1.0000 -3.5574 0.3691
#TI average gradients and standard deviation in kcal/mol
0.0000 -6.7962 16.6638
0.1000 -3.6649 17.1528
0.2000 -5.0742 18.4767
0.3000 -4.4261 18.3306
0.4000 -4.0359 21.0036
0.5000 -4.5147 20.5366
0.6000 -5.9094 20.9500
0.7000 -3.3753 23.0752
0.8000 -2.2462 23.1696
0.9000 1.8042 22.9723
1.0000 10.9859 27.7211
#PMF from TI in kcal/mol
0.0000 0.0000
0.1000 -0.5231
0.2000 -0.9600
0.3000 -1.4350
0.4000 -1.8581
0.5000 -2.2856
0.6000 -2.8069
0.7000 -3.2711
0.8000 -3.5522
0.9000 -3.5743
1.0000 -2.9347
#MBAR free energy difference in kcal/mol: 
-3.557352, 0.369103  #WARNING SUBSAMPLING DISABLED, CONSIDER RERUN WITH SUBSAMPLING OPTION
#TI free energy difference in kcal/mol: 
-2.934749  #WARNING SUBSAMPLING DISABLED, CONSIDER RERUN WITH SUBSAMPLING OPTION 
Starting /export/users/common/BioSimSpace/sire.app/bin/analyse_freenrg: number of threads equals 32
