# Analysing data contained in file(s) ['lambda_0.0000/simfile_snipped.dat', 'lambda_0.1000/simfile_snipped.dat', 'lambda_0.2000/simfile_snipped.dat', 'lambda_0.3000/simfile_snipped.dat', 'lambda_0.4000/simfile_snipped.dat', 'lambda_0.5000/simfile_snipped.dat', 'lambda_0.6000/simfile_snipped.dat', 'lambda_0.7000/simfile_snipped.dat', 'lambda_0.8000/simfile_snipped.dat', 'lambda_0.9000/simfile_snipped.dat', 'lambda_1.0000/simfile_snipped.dat']
#Overlap matrix
0.9914 0.0086 0.0000 0.0000 0.0000 0.0000 0.0000 0.0000 0.0000 0.0000 0.0000
0.0086 0.9733 0.0182 0.0000 0.0000 0.0000 0.0000 0.0000 0.0000 0.0000 0.0000
0.0000 0.0182 0.9617 0.0202 0.0000 0.0000 0.0000 0.0000 0.0000 0.0000 0.0000
0.0000 0.0000 0.0202 0.9116 0.0682 0.0001 0.0000 0.0000 0.0000 0.0000 0.0000
0.0000 0.0000 0.0000 0.0682 0.8106 0.1211 0.0001 0.0000 0.0000 0.0000 0.0000
0.0000 0.0000 0.0000 0.0001 0.1211 0.8001 0.0786 0.0000 0.0000 0.0000 0.0000
0.0000 0.0000 0.0000 0.0000 0.0001 0.0786 0.9046 0.0167 0.0000 0.0000 0.0000
0.0000 0.0000 0.0000 0.0000 0.0000 0.0000 0.0167 0.9804 0.0029 0.0000 0.0000
0.0000 0.0000 0.0000 0.0000 0.0000 0.0000 0.0000 0.0029 0.9816 0.0154 0.0000
0.0000 0.0000 0.0000 0.0000 0.0000 0.0000 0.0000 0.0000 0.0154 0.9846 0.0000
0.0000 0.0000 0.0000 0.0000 0.0000 0.0000 0.0000 0.0000 0.0000 0.0000 1.0000
#DG from neighbouring lambda in kcal/mol
0.0000 0.1000 37.1489 0.3087
0.1000 0.2000 25.9138 0.2100
0.2000 0.3000 15.9105 0.1988
0.3000 0.4000 8.1401 0.1025
0.4000 0.5000 4.4421 0.0720
0.5000 0.6000 1.0831 0.0943
0.6000 0.7000 -5.6280 0.2195
0.7000 0.8000 -15.9091 0.5311
0.8000 0.9000 -34.0706 0.2283
0.9000 1.0000 -56.0181 27.8584
#PMF from MBAR in kcal/mol
0.0000 0.0000 0.0000
0.1000 37.1489 0.3087
0.2000 63.0627 0.3756
0.3000 78.9732 0.4269
0.4000 87.1133 0.4409
0.5000 91.5555 0.4486
0.6000 92.6386 0.4602
0.7000 87.0106 0.5114
0.8000 71.1015 0.7384
0.9000 37.0309 0.7740
1.0000 -18.9873 27.8692
#TI average gradients and standard deviation in kcal/mol
0.0000 444.9290 33.1653
0.1000 312.0975 29.6418
0.2000 212.2579 27.5381
0.3000 111.6135 24.5228
0.4000 59.0693 17.4285
0.5000 30.2510 17.0455
0.6000 -11.6665 21.2414
0.7000 -97.4709 22.9087
0.8000 -265.6969 39.1147
0.9000 -418.7943 40.1469
1.0000 -726.5796 49.7583
#PMF from TI in kcal/mol
0.0000 0.0000
0.1000 37.8513
0.2000 64.0691
0.3000 80.2627
0.4000 88.7968
0.5000 93.2628
0.6000 94.1921
0.7000 88.7352
0.8000 70.5768
0.9000 36.3522
1.0000 -20.9165
#MBAR free energy difference in kcal/mol: 
-18.987269, 27.869199  #WARNING SUBSAMPLING DISABLED, CONSIDER RERUN WITH SUBSAMPLING OPTION
#TI free energy difference in kcal/mol: 
-20.916455  #WARNING SUBSAMPLING DISABLED, CONSIDER RERUN WITH SUBSAMPLING OPTION 
Starting /export/users/common/BioSimSpace/sire.app/bin/analyse_freenrg: number of threads equals 32
