# Analysing data contained in file(s) ['lambda_0.0000/simfile_snipped.dat', 'lambda_0.1000/simfile_snipped.dat', 'lambda_0.2000/simfile_snipped.dat', 'lambda_0.3000/simfile_snipped.dat', 'lambda_0.4000/simfile_snipped.dat', 'lambda_0.5000/simfile_snipped.dat', 'lambda_0.6000/simfile_snipped.dat', 'lambda_0.7000/simfile_snipped.dat', 'lambda_0.8000/simfile_snipped.dat', 'lambda_0.9000/simfile_snipped.dat', 'lambda_1.0000/simfile_snipped.dat']
#Overlap matrix
0.9462 0.0537 0.0000 0.0000 0.0000 0.0000 0.0000 0.0000 0.0000 0.0000 0.0000
0.0537 0.8427 0.1034 0.0002 0.0000 0.0000 0.0000 0.0000 0.0000 0.0000 0.0000
0.0000 0.1034 0.7755 0.1207 0.0004 0.0000 0.0000 0.0000 0.0000 0.0000 0.0000
0.0000 0.0002 0.1207 0.7499 0.1284 0.0009 0.0000 0.0000 0.0000 0.0000 0.0000
0.0000 0.0000 0.0004 0.1284 0.7342 0.1358 0.0011 0.0000 0.0000 0.0000 0.0000
0.0000 0.0000 0.0000 0.0009 0.1358 0.7329 0.1295 0.0008 0.0000 0.0000 0.0000
0.0000 0.0000 0.0000 0.0000 0.0011 0.1295 0.7267 0.1415 0.0011 0.0000 0.0000
0.0000 0.0000 0.0000 0.0000 0.0000 0.0008 0.1415 0.7184 0.1381 0.0012 0.0000
0.0000 0.0000 0.0000 0.0000 0.0000 0.0000 0.0011 0.1381 0.7251 0.1350 0.0007
0.0000 0.0000 0.0000 0.0000 0.0000 0.0000 0.0000 0.0012 0.1350 0.7729 0.0910
0.0000 0.0000 0.0000 0.0000 0.0000 0.0000 0.0000 0.0000 0.0007 0.0910 0.9083
#DG from neighbouring lambda in kcal/mol
0.0000 0.1000 15.3245 0.1174
0.1000 0.2000 12.1887 0.0797
0.2000 0.3000 9.7988 0.0720
0.3000 0.4000 7.7592 0.0689
0.4000 0.5000 6.3569 0.0660
0.5000 0.6000 4.9910 0.0682
0.6000 0.7000 3.4571 0.0643
0.7000 0.8000 2.4147 0.0652
0.8000 0.9000 1.8154 0.0664
0.9000 1.0000 2.2303 0.0860
#PMF from MBAR in kcal/mol
0.0000 0.0000 0.0000
0.1000 15.3245 0.1174
0.2000 27.5132 0.1476
0.3000 37.3120 0.1691
0.4000 45.0712 0.1870
0.5000 51.4281 0.2022
0.6000 56.4192 0.2171
0.7000 59.8762 0.2299
0.8000 62.2910 0.2422
0.9000 64.1064 0.2542
1.0000 66.3367 0.2713
#TI average gradients and standard deviation in kcal/mol
0.0000 176.4286 24.7257
0.1000 134.7823 18.3113
0.2000 109.2697 17.3476
0.3000 86.9932 17.0460
0.4000 69.1380 16.4385
0.5000 57.2828 16.7268
0.6000 41.3910 16.8040
0.7000 28.7140 15.6806
0.8000 20.0362 16.6620
0.9000 19.1718 16.7472
1.0000 25.8944 18.3877
#PMF from TI in kcal/mol
0.0000 0.0000
0.1000 15.5605
0.2000 27.7631
0.3000 37.5763
0.4000 45.3829
0.5000 51.7039
0.6000 56.6376
0.7000 60.1428
0.8000 62.5803
0.9000 64.5407
1.0000 66.7941
#MBAR free energy difference in kcal/mol: 
66.336718, 0.271310  #WARNING SUBSAMPLING DISABLED, CONSIDER RERUN WITH SUBSAMPLING OPTION
#TI free energy difference in kcal/mol: 
66.794050  #WARNING SUBSAMPLING DISABLED, CONSIDER RERUN WITH SUBSAMPLING OPTION 
Starting /export/users/common/BioSimSpace/sire.app/bin/analyse_freenrg: number of threads equals 32
