# Analysing data contained in file(s) ['lambda_0.0000/simfile_snipped.dat', 'lambda_0.1000/simfile_snipped.dat', 'lambda_0.2000/simfile_snipped.dat', 'lambda_0.3000/simfile_snipped.dat', 'lambda_0.4000/simfile_snipped.dat', 'lambda_0.5000/simfile_snipped.dat', 'lambda_0.6000/simfile_snipped.dat', 'lambda_0.7000/simfile_snipped.dat', 'lambda_0.8000/simfile_snipped.dat', 'lambda_0.9000/simfile_snipped.dat', 'lambda_1.0000/simfile_snipped.dat']
#Overlap matrix
0.5507 0.3040 0.1156 0.0256 0.0036 0.0005 0.0001 0.0000 0.0000 0.0000 0.0000
0.3040 0.3379 0.2392 0.0941 0.0205 0.0037 0.0005 0.0000 0.0000 0.0000 0.0000
0.1156 0.2392 0.3156 0.2318 0.0797 0.0158 0.0020 0.0002 0.0000 0.0000 0.0000
0.0256 0.0941 0.2318 0.3585 0.2358 0.0485 0.0052 0.0004 0.0000 0.0000 0.0000
0.0036 0.0205 0.0797 0.2358 0.4497 0.1907 0.0188 0.0011 0.0000 0.0000 0.0000
0.0005 0.0037 0.0158 0.0485 0.1907 0.5604 0.1706 0.0093 0.0003 0.0000 0.0000
0.0001 0.0005 0.0020 0.0052 0.0188 0.1706 0.6440 0.1529 0.0058 0.0001 0.0000
0.0000 0.0000 0.0002 0.0004 0.0011 0.0093 0.1529 0.6856 0.1465 0.0039 0.0001
0.0000 0.0000 0.0000 0.0000 0.0000 0.0003 0.0058 0.1465 0.7113 0.1334 0.0026
0.0000 0.0000 0.0000 0.0000 0.0000 0.0000 0.0001 0.0039 0.1334 0.7445 0.1181
0.0000 0.0000 0.0000 0.0000 0.0000 0.0000 0.0000 0.0001 0.0026 0.1181 0.8792
#DG from neighbouring lambda in kcal/mol
0.0000 0.1000 0.4212 0.0195
0.1000 0.2000 0.1348 0.0184
0.2000 0.3000 -0.2072 0.0203
0.3000 0.4000 -0.2200 0.0247
0.4000 0.5000 0.1895 0.0376
0.5000 0.6000 0.3731 0.0489
0.6000 0.7000 0.3688 0.0569
0.7000 0.8000 0.3040 0.0604
0.8000 0.9000 0.5002 0.0654
0.9000 1.0000 2.1307 0.0722
#PMF from MBAR in kcal/mol
0.0000 0.0000 0.0000
0.1000 0.4212 0.0195
0.2000 0.5560 0.0341
0.3000 0.3488 0.0466
0.4000 0.1288 0.0580
0.5000 0.3183 0.0730
0.6000 0.6914 0.0925
0.7000 1.0601 0.1136
0.8000 1.3642 0.1335
0.9000 1.8644 0.1531
1.0000 3.9951 0.1734
#TI average gradients and standard deviation in kcal/mol
0.0000 -7.3756 7.4022
0.1000 3.0112 6.1687
0.2000 -0.4522 6.5416
0.3000 -3.1369 7.2493
0.4000 -0.6090 10.3549
0.5000 3.8842 14.1830
0.6000 3.3999 14.2980
0.7000 2.7977 15.1803
0.8000 3.7274 16.0172
0.9000 8.2002 15.6286
1.0000 38.9607 18.6216
#PMF from TI in kcal/mol
0.0000 0.0000
0.1000 -0.2182
0.2000 -0.0903
0.3000 -0.2697
0.4000 -0.4570
0.5000 -0.2933
0.6000 0.0709
0.7000 0.3808
0.8000 0.7071
0.9000 1.3035
1.0000 3.6615
#MBAR free energy difference in kcal/mol: 
3.995073, 0.173395  #WARNING SUBSAMPLING DISABLED, CONSIDER RERUN WITH SUBSAMPLING OPTION
#TI free energy difference in kcal/mol: 
3.661501  #WARNING SUBSAMPLING DISABLED, CONSIDER RERUN WITH SUBSAMPLING OPTION 
Starting /export/users/common/BioSimSpace/sire.app/bin/analyse_freenrg: number of threads equals 32
