# Analysing data contained in file(s) ['lambda_0.0000/simfile_snipped.dat', 'lambda_0.1000/simfile_snipped.dat', 'lambda_0.2000/simfile_snipped.dat', 'lambda_0.3000/simfile_snipped.dat', 'lambda_0.4000/simfile_snipped.dat', 'lambda_0.5000/simfile_snipped.dat', 'lambda_0.6000/simfile_snipped.dat', 'lambda_0.7000/simfile_snipped.dat', 'lambda_0.8000/simfile_snipped.dat', 'lambda_0.9000/simfile_snipped.dat', 'lambda_1.0000/simfile_snipped.dat']
#Overlap matrix
0.8725 0.1267 0.0008 0.0000 0.0000 0.0000 0.0000 0.0000 0.0000 0.0000 0.0000
0.1267 0.7356 0.1369 0.0008 0.0000 0.0000 0.0000 0.0000 0.0000 0.0000 0.0000
0.0008 0.1369 0.7227 0.1386 0.0009 0.0000 0.0000 0.0000 0.0000 0.0000 0.0000
0.0000 0.0008 0.1386 0.7213 0.1384 0.0009 0.0000 0.0000 0.0000 0.0000 0.0000
0.0000 0.0000 0.0009 0.1384 0.7236 0.1363 0.0008 0.0000 0.0000 0.0000 0.0000
0.0000 0.0000 0.0000 0.0009 0.1363 0.7340 0.1279 0.0010 0.0000 0.0000 0.0000
0.0000 0.0000 0.0000 0.0000 0.0008 0.1279 0.7135 0.1564 0.0014 0.0000 0.0000
0.0000 0.0000 0.0000 0.0000 0.0000 0.0010 0.1564 0.6859 0.1555 0.0013 0.0000
0.0000 0.0000 0.0000 0.0000 0.0000 0.0000 0.0014 0.1555 0.7098 0.1326 0.0008
0.0000 0.0000 0.0000 0.0000 0.0000 0.0000 0.0000 0.0013 0.1326 0.7218 0.1444
0.0000 0.0000 0.0000 0.0000 0.0000 0.0000 0.0000 0.0000 0.0008 0.1444 0.8549
#DG from neighbouring lambda in kcal/mol
0.0000 0.1000 -4.4854 0.0697
0.1000 0.2000 -5.9787 0.0658
0.2000 0.3000 -7.9778 0.0652
0.3000 0.4000 -10.1635 0.0653
0.4000 0.5000 -12.5451 0.0660
0.5000 0.6000 -14.9690 0.0689
0.6000 0.7000 -17.2936 0.0597
0.7000 0.8000 -19.3452 0.0599
0.8000 0.9000 -21.4379 0.0671
0.9000 1.0000 -23.8468 0.0637
#PMF from MBAR in kcal/mol
0.0000 0.0000 0.0000
0.1000 -4.4854 0.0697
0.2000 -10.4640 0.1038
0.3000 -18.4419 0.1289
0.4000 -28.6054 0.1499
0.5000 -41.1504 0.1686
0.6000 -56.1195 0.1864
0.7000 -73.4130 0.1997
0.8000 -92.7583 0.2123
0.9000 -114.1962 0.2261
1.0000 -138.0430 0.2383
#TI average gradients and standard deviation in kcal/mol
0.0000 -38.9815 16.1265
0.1000 -52.0460 16.6601
0.2000 -68.8149 16.4871
0.3000 -90.2149 15.6799
0.4000 -113.2708 15.8621
0.5000 -136.8493 14.9347
0.6000 -162.9851 14.5056
0.7000 -183.0428 14.6087
0.8000 -202.5879 14.1317
0.9000 -227.5846 14.6737
1.0000 -247.7555 15.7628
#PMF from TI in kcal/mol
0.0000 0.0000
0.1000 -4.5514
0.2000 -10.5944
0.3000 -18.5459
0.4000 -28.7202
0.5000 -41.2262
0.6000 -56.2179
0.7000 -73.5193
0.8000 -92.8008
0.9000 -114.3095
1.0000 -138.0765
#MBAR free energy difference in kcal/mol: 
-138.043001, 0.238293  #WARNING SUBSAMPLING DISABLED, CONSIDER RERUN WITH SUBSAMPLING OPTION
#TI free energy difference in kcal/mol: 
-138.076480  #WARNING SUBSAMPLING DISABLED, CONSIDER RERUN WITH SUBSAMPLING OPTION 
Starting /export/users/common/BioSimSpace/sire.app/bin/analyse_freenrg: number of threads equals 32
