# Analysing data contained in file(s) ['lambda_0.0000/simfile_snipped.dat', 'lambda_0.1000/simfile_snipped.dat', 'lambda_0.2000/simfile_snipped.dat', 'lambda_0.3000/simfile_snipped.dat', 'lambda_0.4000/simfile_snipped.dat', 'lambda_0.5000/simfile_snipped.dat', 'lambda_0.6000/simfile_snipped.dat', 'lambda_0.7000/simfile_snipped.dat', 'lambda_0.8000/simfile_snipped.dat', 'lambda_0.9000/simfile_snipped.dat', 'lambda_1.0000/simfile_snipped.dat']
#Overlap matrix
0.9771 0.0229 0.0000 0.0000 0.0000 0.0000 0.0000 0.0000 0.0000 0.0000 0.0000
0.0229 0.9680 0.0091 0.0000 0.0000 0.0000 0.0000 0.0000 0.0000 0.0000 0.0000
0.0000 0.0091 0.9843 0.0067 0.0000 0.0000 0.0000 0.0000 0.0000 0.0000 0.0000
0.0000 0.0000 0.0067 0.9857 0.0076 0.0000 0.0000 0.0000 0.0000 0.0000 0.0000
0.0000 0.0000 0.0000 0.0076 0.9867 0.0057 0.0000 0.0000 0.0000 0.0000 0.0000
0.0000 0.0000 0.0000 0.0000 0.0057 0.9925 0.0009 0.0002 0.0007 0.0000 0.0000
0.0000 0.0000 0.0000 0.0000 0.0000 0.0009 0.7877 0.1987 0.0126 0.0000 0.0000
0.0000 0.0000 0.0000 0.0000 0.0000 0.0002 0.1987 0.6220 0.1780 0.0011 0.0000
0.0000 0.0000 0.0000 0.0000 0.0000 0.0007 0.0126 0.1780 0.7218 0.0859 0.0009
0.0000 0.0000 0.0000 0.0000 0.0000 0.0000 0.0000 0.0011 0.0859 0.6536 0.2593
0.0000 0.0000 0.0000 0.0000 0.0000 0.0000 0.0000 0.0000 0.0009 0.2593 0.7398
#DG from neighbouring lambda in kcal/mol
0.0000 0.1000 -0.6676 0.1859
0.1000 0.2000 0.4762 0.2997
0.2000 0.3000 -0.5610 0.3505
0.3000 0.4000 -0.2370 0.3283
0.4000 0.5000 0.3601 0.3798
0.5000 0.6000 -2.2776 0.6713
0.6000 0.7000 5.8820 0.0477
0.7000 0.8000 6.5962 0.0517
0.8000 0.9000 1.6868 0.0882
0.9000 1.0000 -2.9568 0.0391
#PMF from MBAR in kcal/mol
0.0000 0.0000 0.0000
0.1000 -0.6676 0.1859
0.2000 -0.1913 0.3550
0.3000 -0.7523 0.5006
0.4000 -0.9893 0.6000
0.5000 -0.6293 0.7113
0.6000 -2.9068 0.9788
0.7000 2.9752 0.9790
0.8000 9.5714 0.9792
0.9000 11.2582 0.9838
1.0000 8.3014 0.9854
#TI average gradients and standard deviation in kcal/mol
0.0000 -33.6151 28.2519
0.1000 10.4619 26.2758
0.2000 -0.7429 30.1426
0.3000 -7.3493 30.0912
0.4000 2.1027 28.5703
0.5000 -5.7000 35.6843
0.6000 7.1669 15.7246
0.7000 78.2779 13.4831
0.8000 47.6223 13.9150
0.9000 -15.4402 15.1336
1.0000 -24.3979 11.4637
#PMF from TI in kcal/mol
0.0000 0.0000
0.1000 -1.1577
0.2000 -0.6717
0.3000 -1.0763
0.4000 -1.3387
0.5000 -1.5185
0.6000 -1.4452
0.7000 2.8271
0.8000 9.1221
0.9000 10.7312
1.0000 8.7393
#MBAR free energy difference in kcal/mol: 
8.301408, 0.985417  #WARNING SUBSAMPLING DISABLED, CONSIDER RERUN WITH SUBSAMPLING OPTION
#TI free energy difference in kcal/mol: 
8.739265  #WARNING SUBSAMPLING DISABLED, CONSIDER RERUN WITH SUBSAMPLING OPTION 
Starting /export/users/common/BioSimSpace/sire.app/bin/analyse_freenrg: number of threads equals 32
