# Analysing data contained in file(s) ['lambda_0.0000/simfile_snipped.dat', 'lambda_0.1000/simfile_snipped.dat', 'lambda_0.2000/simfile_snipped.dat', 'lambda_0.3000/simfile_snipped.dat', 'lambda_0.4000/simfile_snipped.dat', 'lambda_0.5000/simfile_snipped.dat', 'lambda_0.6000/simfile_snipped.dat', 'lambda_0.7000/simfile_snipped.dat', 'lambda_0.8000/simfile_snipped.dat', 'lambda_0.9000/simfile_snipped.dat', 'lambda_1.0000/simfile_snipped.dat']
#Overlap matrix
0.9048 0.0951 0.0000 0.0000 0.0000 0.0000 0.0000 0.0000 0.0000 0.0000 0.0000
0.0951 0.8444 0.0604 0.0000 0.0000 0.0000 0.0000 0.0000 0.0000 0.0000 0.0000
0.0000 0.0604 0.8811 0.0585 0.0000 0.0000 0.0000 0.0000 0.0000 0.0000 0.0000
0.0000 0.0000 0.0585 0.8965 0.0450 0.0000 0.0000 0.0000 0.0000 0.0000 0.0000
0.0000 0.0000 0.0000 0.0450 0.9103 0.0447 0.0000 0.0000 0.0000 0.0000 0.0000
0.0000 0.0000 0.0000 0.0000 0.0447 0.9265 0.0287 0.0000 0.0000 0.0000 0.0000
0.0000 0.0000 0.0000 0.0000 0.0000 0.0287 0.9616 0.0096 0.0000 0.0000 0.0000
0.0000 0.0000 0.0000 0.0000 0.0000 0.0000 0.0096 0.9838 0.0066 0.0000 0.0000
0.0000 0.0000 0.0000 0.0000 0.0000 0.0000 0.0000 0.0066 0.9893 0.0041 0.0000
0.0000 0.0000 0.0000 0.0000 0.0000 0.0000 0.0000 0.0000 0.0041 0.9897 0.0062
0.0000 0.0000 0.0000 0.0000 0.0000 0.0000 0.0000 0.0000 0.0000 0.0062 0.9938
#DG from neighbouring lambda in kcal/mol
0.0000 0.1000 4.6090 0.0841
0.1000 0.2000 3.1065 0.1099
0.2000 0.3000 1.4205 0.1119
0.3000 0.4000 -0.2922 0.1296
0.4000 0.5000 -1.7518 0.1300
0.5000 0.6000 -1.4470 0.1650
0.6000 0.7000 -0.4644 0.2905
0.7000 0.8000 0.2663 0.3524
0.8000 0.9000 -0.0519 0.4508
0.9000 1.0000 0.2942 0.3636
#PMF from MBAR in kcal/mol
0.0000 0.0000 0.0000
0.1000 4.6090 0.0841
0.2000 7.7156 0.1442
0.3000 9.1361 0.1870
0.4000 8.8439 0.2312
0.5000 7.0920 0.2684
0.6000 5.6451 0.3177
0.7000 5.1807 0.4324
0.8000 5.4470 0.5593
0.9000 5.3950 0.7195
1.0000 5.6893 0.8072
#TI average gradients and standard deviation in kcal/mol
0.0000 43.7395 18.6916
0.1000 41.2963 20.4268
0.2000 21.7996 19.9975
0.3000 6.7412 20.8995
0.4000 -12.1731 22.1186
0.5000 -19.9267 22.8651
0.6000 -7.4953 27.7945
0.7000 -0.8760 31.6805
0.8000 1.6365 32.9401
0.9000 -5.8526 34.3613
1.0000 11.1965 35.5622
#PMF from TI in kcal/mol
0.0000 0.0000
0.1000 4.2518
0.2000 7.4066
0.3000 8.8336
0.4000 8.5620
0.5000 6.9570
0.6000 5.5859
0.7000 5.1674
0.8000 5.2054
0.9000 4.9946
1.0000 5.2618
#MBAR free energy difference in kcal/mol: 
5.689266, 0.807157  #WARNING SUBSAMPLING DISABLED, CONSIDER RERUN WITH SUBSAMPLING OPTION
#TI free energy difference in kcal/mol: 
5.261797  #WARNING SUBSAMPLING DISABLED, CONSIDER RERUN WITH SUBSAMPLING OPTION 
Starting /export/users/common/BioSimSpace/sire.app/bin/analyse_freenrg: number of threads equals 32
