# Analysing data contained in file(s) ['lambda_0.0000/simfile_snipped.dat', 'lambda_0.1000/simfile_snipped.dat', 'lambda_0.2000/simfile_snipped.dat', 'lambda_0.3000/simfile_snipped.dat', 'lambda_0.4000/simfile_snipped.dat', 'lambda_0.5000/simfile_snipped.dat', 'lambda_0.6000/simfile_snipped.dat', 'lambda_0.7000/simfile_snipped.dat', 'lambda_0.8000/simfile_snipped.dat', 'lambda_0.9000/simfile_snipped.dat', 'lambda_1.0000/simfile_snipped.dat']
#Overlap matrix
0.5327 0.3097 0.1185 0.0294 0.0078 0.0017 0.0002 0.0000 0.0000 0.0000 0.0000
0.3097 0.3301 0.2293 0.0961 0.0287 0.0054 0.0006 0.0000 0.0000 0.0000 0.0000
0.1185 0.2293 0.3139 0.2486 0.0776 0.0111 0.0009 0.0000 0.0000 0.0000 0.0000
0.0294 0.0961 0.2486 0.4084 0.1942 0.0221 0.0011 0.0000 0.0000 0.0000 0.0000
0.0078 0.0287 0.0776 0.1942 0.5267 0.1583 0.0066 0.0001 0.0000 0.0000 0.0000
0.0017 0.0054 0.0111 0.0221 0.1583 0.6669 0.1332 0.0013 0.0000 0.0000 0.0000
0.0002 0.0006 0.0009 0.0011 0.0066 0.1332 0.7927 0.0646 0.0001 0.0000 0.0000
0.0000 0.0000 0.0000 0.0000 0.0001 0.0013 0.0646 0.8910 0.0429 0.0000 0.0000
0.0000 0.0000 0.0000 0.0000 0.0000 0.0000 0.0001 0.0429 0.9085 0.0484 0.0001
0.0000 0.0000 0.0000 0.0000 0.0000 0.0000 0.0000 0.0000 0.0484 0.8959 0.0557
0.0000 0.0000 0.0000 0.0000 0.0000 0.0000 0.0000 0.0000 0.0001 0.0557 0.9443
#DG from neighbouring lambda in kcal/mol
0.0000 0.1000 0.5565 0.0179
0.1000 0.2000 -0.4715 0.0183
0.2000 0.3000 -1.4922 0.0190
0.3000 0.4000 -1.6872 0.0320
0.4000 0.5000 -1.8754 0.0494
0.5000 0.6000 -1.7656 0.0642
0.6000 0.7000 -0.5230 0.1044
0.7000 0.8000 -0.5081 0.1328
0.8000 0.9000 -0.9879 0.1243
0.9000 1.0000 0.1068 0.1151
#PMF from MBAR in kcal/mol
0.0000 0.0000 0.0000
0.1000 0.5565 0.0179
0.2000 0.0850 0.0328
0.3000 -1.4072 0.0443
0.4000 -3.0944 0.0573
0.5000 -4.9698 0.0795
0.6000 -6.7355 0.1074
0.7000 -7.2584 0.1543
0.8000 -7.7666 0.2075
0.9000 -8.7545 0.2452
1.0000 -8.6477 0.2739
#TI average gradients and standard deviation in kcal/mol
0.0000 -9.2088 5.7843
0.1000 1.2783 6.0313
0.2000 -10.6351 6.7581
0.3000 -16.2420 7.6876
0.4000 -18.3084 12.7688
0.5000 -19.2188 16.2012
0.6000 -12.2151 18.4919
0.7000 -2.6724 23.3953
0.8000 -7.8347 22.5089
0.9000 -11.1757 22.3350
1.0000 24.2914 22.9474
#PMF from TI in kcal/mol
0.0000 0.0000
0.1000 -0.3965
0.2000 -0.8644
0.3000 -2.2082
0.4000 -3.9358
0.5000 -5.8121
0.6000 -7.3838
0.7000 -8.1282
0.8000 -8.6535
0.9000 -9.6041
1.0000 -8.9483
#MBAR free energy difference in kcal/mol: 
-8.647700, 0.273872  #WARNING SUBSAMPLING DISABLED, CONSIDER RERUN WITH SUBSAMPLING OPTION
#TI free energy difference in kcal/mol: 
-8.948268  #WARNING SUBSAMPLING DISABLED, CONSIDER RERUN WITH SUBSAMPLING OPTION 
Starting /export/users/common/BioSimSpace/sire.app/bin/analyse_freenrg: number of threads equals 32
