# Analysing data contained in file(s) ['lambda_0.0000/simfile_snipped.dat', 'lambda_0.1000/simfile_snipped.dat', 'lambda_0.2000/simfile_snipped.dat', 'lambda_0.3000/simfile_snipped.dat', 'lambda_0.4000/simfile_snipped.dat', 'lambda_0.5000/simfile_snipped.dat', 'lambda_0.6000/simfile_snipped.dat', 'lambda_0.7000/simfile_snipped.dat', 'lambda_0.8000/simfile_snipped.dat', 'lambda_0.9000/simfile_snipped.dat', 'lambda_1.0000/simfile_snipped.dat']
#Overlap matrix
0.9820 0.0180 0.0000 0.0000 0.0000 0.0000 0.0000 0.0000 0.0000 0.0000 0.0000
0.0180 0.9527 0.0294 0.0000 0.0000 0.0000 0.0000 0.0000 0.0000 0.0000 0.0000
0.0000 0.0294 0.9421 0.0285 0.0000 0.0000 0.0000 0.0000 0.0000 0.0000 0.0000
0.0000 0.0000 0.0285 0.9357 0.0357 0.0000 0.0000 0.0000 0.0000 0.0000 0.0000
0.0000 0.0000 0.0000 0.0357 0.9419 0.0224 0.0000 0.0000 0.0000 0.0000 0.0000
0.0000 0.0000 0.0000 0.0000 0.0224 0.9565 0.0211 0.0000 0.0000 0.0000 0.0000
0.0000 0.0000 0.0000 0.0000 0.0000 0.0211 0.9548 0.0241 0.0000 0.0000 0.0000
0.0000 0.0000 0.0000 0.0000 0.0000 0.0000 0.0241 0.9640 0.0120 0.0000 0.0000
0.0000 0.0000 0.0000 0.0000 0.0000 0.0000 0.0000 0.0120 0.9819 0.0062 0.0000
0.0000 0.0000 0.0000 0.0000 0.0000 0.0000 0.0000 0.0000 0.0062 0.9858 0.0080
0.0000 0.0000 0.0000 0.0000 0.0000 0.0000 0.0000 0.0000 0.0000 0.0080 0.9920
#DG from neighbouring lambda in kcal/mol
0.0000 0.1000 18.3140 0.2111
0.1000 0.2000 16.7517 0.1632
0.2000 0.3000 15.1394 0.1656
0.3000 0.4000 13.3927 0.1469
0.4000 0.5000 11.7815 0.1882
0.5000 0.6000 10.9294 0.1943
0.6000 0.7000 10.4154 0.1811
0.7000 0.8000 9.9889 0.2604
0.8000 0.9000 10.4199 0.3643
0.9000 1.0000 9.7422 0.3194
#PMF from MBAR in kcal/mol
0.0000 0.0000 0.0000
0.1000 18.3140 0.2111
0.2000 35.0657 0.2699
0.3000 50.2052 0.3193
0.4000 63.5978 0.3538
0.5000 75.3794 0.4028
0.6000 86.3088 0.4491
0.7000 96.7242 0.4859
0.8000 106.7131 0.5528
0.9000 117.1330 0.6633
1.0000 126.8752 0.7373
#TI average gradients and standard deviation in kcal/mol
0.0000 187.6244 26.3327
0.1000 175.8252 25.2125
0.2000 159.8958 27.2854
0.3000 141.5080 27.0767
0.4000 129.3299 25.1800
0.5000 111.8731 22.9407
0.6000 103.4286 26.8205
0.7000 101.9021 28.1059
0.8000 98.8938 28.3954
0.9000 102.7825 32.9908
1.0000 93.6428 31.7186
#PMF from TI in kcal/mol
0.0000 0.0000
0.1000 18.1725
0.2000 34.9585
0.3000 50.0287
0.4000 63.5706
0.5000 75.6308
0.6000 86.3958
0.7000 96.6624
0.8000 106.7022
0.9000 116.7860
1.0000 126.6072
#MBAR free energy difference in kcal/mol: 
126.875152, 0.737339  #WARNING SUBSAMPLING DISABLED, CONSIDER RERUN WITH SUBSAMPLING OPTION
#TI free energy difference in kcal/mol: 
126.607250  #WARNING SUBSAMPLING DISABLED, CONSIDER RERUN WITH SUBSAMPLING OPTION 
Starting /export/users/common/BioSimSpace/sire.app/bin/analyse_freenrg: number of threads equals 32
