# Analysing data contained in file(s) ['lambda_0.0000/simfile_snipped.dat', 'lambda_0.1000/simfile_snipped.dat', 'lambda_0.2000/simfile_snipped.dat', 'lambda_0.3000/simfile_snipped.dat', 'lambda_0.4000/simfile_snipped.dat', 'lambda_0.5000/simfile_snipped.dat', 'lambda_0.6000/simfile_snipped.dat', 'lambda_0.7000/simfile_snipped.dat', 'lambda_0.8000/simfile_snipped.dat', 'lambda_0.9000/simfile_snipped.dat', 'lambda_1.0000/simfile_snipped.dat']
#Overlap matrix
0.9711 0.0289 0.0000 0.0000 0.0000 0.0000 0.0000 0.0000 0.0000 0.0000 0.0000
0.0289 0.9393 0.0318 0.0000 0.0000 0.0000 0.0000 0.0000 0.0000 0.0000 0.0000
0.0000 0.0318 0.9359 0.0323 0.0001 0.0000 0.0000 0.0000 0.0000 0.0000 0.0000
0.0000 0.0000 0.0323 0.9039 0.0626 0.0012 0.0000 0.0000 0.0000 0.0000 0.0000
0.0000 0.0000 0.0001 0.0626 0.8204 0.1160 0.0008 0.0000 0.0000 0.0000 0.0000
0.0000 0.0000 0.0000 0.0012 0.1160 0.7914 0.0896 0.0017 0.0000 0.0000 0.0000
0.0000 0.0000 0.0000 0.0000 0.0008 0.0896 0.7446 0.1625 0.0025 0.0000 0.0000
0.0000 0.0000 0.0000 0.0000 0.0000 0.0017 0.1625 0.6627 0.1706 0.0025 0.0000
0.0000 0.0000 0.0000 0.0000 0.0000 0.0000 0.0025 0.1706 0.6630 0.1625 0.0015
0.0000 0.0000 0.0000 0.0000 0.0000 0.0000 0.0000 0.0025 0.1625 0.7057 0.1293
0.0000 0.0000 0.0000 0.0000 0.0000 0.0000 0.0000 0.0000 0.0015 0.1293 0.8692
#DG from neighbouring lambda in kcal/mol
0.0000 0.1000 -5.8823 0.1647
0.1000 0.2000 -3.9964 0.1563
0.2000 0.3000 -3.3994 0.1550
0.3000 0.4000 -1.3521 0.1065
0.4000 0.5000 1.1836 0.0733
0.5000 0.6000 0.9856 0.0857
0.6000 0.7000 0.4929 0.0576
0.7000 0.8000 -0.4886 0.0554
0.8000 0.9000 -1.6625 0.0577
0.9000 1.0000 -3.0035 0.0685
#PMF from MBAR in kcal/mol
0.0000 0.0000 0.0000
0.1000 -5.8823 0.1647
0.2000 -9.8787 0.2307
0.3000 -13.2781 0.2809
0.4000 -14.6302 0.3031
0.5000 -13.4466 0.3140
0.6000 -12.4610 0.3278
0.7000 -11.9681 0.3351
0.8000 -12.4568 0.3419
0.9000 -14.1192 0.3489
1.0000 -17.1227 0.3577
#TI average gradients and standard deviation in kcal/mol
0.0000 -72.7920 26.8746
0.1000 -47.9724 26.4143
0.2000 -39.2066 27.4194
0.3000 -29.6325 25.8643
0.4000 2.5835 18.6827
0.5000 15.2959 20.5552
0.6000 5.9423 15.7862
0.7000 1.5119 15.2519
0.8000 -10.6544 14.2737
0.9000 -22.5534 14.9563
1.0000 -36.4467 20.8452
#PMF from TI in kcal/mol
0.0000 0.0000
0.1000 -6.0382
0.2000 -10.3972
0.3000 -13.8391
0.4000 -15.1916
0.5000 -14.2976
0.6000 -13.2357
0.7000 -12.8630
0.8000 -13.3201
0.9000 -14.9805
1.0000 -17.9305
#MBAR free energy difference in kcal/mol: 
-17.122681, 0.357716  #WARNING SUBSAMPLING DISABLED, CONSIDER RERUN WITH SUBSAMPLING OPTION
#TI free energy difference in kcal/mol: 
-17.930515  #WARNING SUBSAMPLING DISABLED, CONSIDER RERUN WITH SUBSAMPLING OPTION 
Starting /export/users/common/BioSimSpace/sire.app/bin/analyse_freenrg: number of threads equals 32
