# Analysing data contained in file(s) ['lambda_0.0000/simfile_snipped.dat', 'lambda_0.1000/simfile_snipped.dat', 'lambda_0.2000/simfile_snipped.dat', 'lambda_0.3000/simfile_snipped.dat', 'lambda_0.4000/simfile_snipped.dat', 'lambda_0.5000/simfile_snipped.dat', 'lambda_0.6000/simfile_snipped.dat', 'lambda_0.7000/simfile_snipped.dat', 'lambda_0.8000/simfile_snipped.dat', 'lambda_0.9000/simfile_snipped.dat', 'lambda_1.0000/simfile_snipped.dat']
#Overlap matrix
0.9407 0.0591 0.0003 0.0000 0.0000 0.0000 0.0000 0.0000 0.0000 0.0000 0.0000
0.0591 0.8148 0.1240 0.0022 0.0000 0.0000 0.0000 0.0000 0.0000 0.0000 0.0000
0.0003 0.1240 0.7021 0.1665 0.0071 0.0001 0.0000 0.0000 0.0000 0.0000 0.0000
0.0000 0.0022 0.1665 0.6252 0.1937 0.0121 0.0002 0.0000 0.0000 0.0000 0.0000
0.0000 0.0000 0.0071 0.1937 0.5714 0.2130 0.0146 0.0002 0.0000 0.0000 0.0000
0.0000 0.0000 0.0001 0.0121 0.2130 0.5582 0.2043 0.0121 0.0002 0.0000 0.0000
0.0000 0.0000 0.0000 0.0002 0.0146 0.2043 0.5448 0.2201 0.0158 0.0002 0.0000
0.0000 0.0000 0.0000 0.0000 0.0002 0.0121 0.2201 0.5353 0.2167 0.0154 0.0002
0.0000 0.0000 0.0000 0.0000 0.0000 0.0002 0.0158 0.2167 0.5279 0.2266 0.0129
0.0000 0.0000 0.0000 0.0000 0.0000 0.0000 0.0002 0.0154 0.2266 0.5444 0.2135
0.0000 0.0000 0.0000 0.0000 0.0000 0.0000 0.0000 0.0002 0.0129 0.2135 0.7735
#DG from neighbouring lambda in kcal/mol
0.0000 0.1000 -3.3246 0.1111
0.1000 0.2000 -0.8461 0.0701
0.2000 0.3000 -0.1055 0.0554
0.3000 0.4000 -0.0608 0.0474
0.4000 0.5000 -0.2718 0.0427
0.5000 0.6000 -0.5500 0.0441
0.6000 0.7000 -0.9928 0.0413
0.7000 0.8000 -1.2783 0.0413
0.8000 0.9000 -1.5153 0.0402
0.9000 1.0000 -1.7212 0.0449
#PMF from MBAR in kcal/mol
0.0000 0.0000 0.0000
0.1000 -3.3246 0.1111
0.2000 -4.1706 0.1373
0.3000 -4.2761 0.1530
0.4000 -4.3369 0.1643
0.5000 -4.6086 0.1735
0.6000 -5.1587 0.1824
0.7000 -6.1515 0.1905
0.8000 -7.4298 0.1981
0.9000 -8.9451 0.2052
1.0000 -10.6663 0.2132
#TI average gradients and standard deviation in kcal/mol
0.0000 -53.2799 23.4280
0.1000 -17.8826 18.7313
0.2000 -2.8557 15.8137
0.3000 -0.3119 13.3952
0.4000 -1.5352 12.5526
0.5000 -3.2066 11.6369
0.6000 -7.6881 11.3209
0.7000 -11.6807 10.7628
0.8000 -14.4689 11.7390
0.9000 -16.0647 12.4705
1.0000 -10.9462 12.4566
#PMF from TI in kcal/mol
0.0000 0.0000
0.1000 -3.5581
0.2000 -4.5950
0.3000 -4.7534
0.4000 -4.8458
0.5000 -5.0829
0.6000 -5.6276
0.7000 -6.5960
0.8000 -7.9035
0.9000 -9.4302
1.0000 -10.7807
#MBAR free energy difference in kcal/mol: 
-10.666250, 0.213152  #WARNING SUBSAMPLING DISABLED, CONSIDER RERUN WITH SUBSAMPLING OPTION
#TI free energy difference in kcal/mol: 
-10.780749  #WARNING SUBSAMPLING DISABLED, CONSIDER RERUN WITH SUBSAMPLING OPTION 
Starting /export/users/common/BioSimSpace/sire.app/bin/analyse_freenrg: number of threads equals 32
