# Analysing data contained in file(s) ['lambda_0.0000/simfile_snipped.dat', 'lambda_0.1000/simfile_snipped.dat', 'lambda_0.2000/simfile_snipped.dat', 'lambda_0.3000/simfile_snipped.dat', 'lambda_0.4000/simfile_snipped.dat', 'lambda_0.5000/simfile_snipped.dat', 'lambda_0.6000/simfile_snipped.dat', 'lambda_0.7000/simfile_snipped.dat', 'lambda_0.8000/simfile_snipped.dat', 'lambda_0.9000/simfile_snipped.dat', 'lambda_1.0000/simfile_snipped.dat']
#Overlap matrix
0.8659 0.1323 0.0018 0.0000 0.0000 0.0000 0.0000 0.0000 0.0000 0.0000 0.0000
0.1323 0.6851 0.1738 0.0087 0.0001 0.0000 0.0000 0.0000 0.0000 0.0000 0.0000
0.0018 0.1738 0.5913 0.2148 0.0177 0.0005 0.0000 0.0000 0.0000 0.0000 0.0000
0.0000 0.0087 0.2148 0.5311 0.2259 0.0191 0.0004 0.0000 0.0000 0.0000 0.0000
0.0000 0.0001 0.0177 0.2259 0.5588 0.1873 0.0100 0.0002 0.0000 0.0000 0.0000
0.0000 0.0000 0.0005 0.0191 0.1873 0.6147 0.1698 0.0084 0.0001 0.0000 0.0000
0.0000 0.0000 0.0000 0.0004 0.0100 0.1698 0.6370 0.1753 0.0074 0.0001 0.0000
0.0000 0.0000 0.0000 0.0000 0.0002 0.0084 0.1753 0.6408 0.1704 0.0048 0.0000
0.0000 0.0000 0.0000 0.0000 0.0000 0.0001 0.0074 0.1704 0.6748 0.1455 0.0017
0.0000 0.0000 0.0000 0.0000 0.0000 0.0000 0.0001 0.0048 0.1455 0.7246 0.1250
0.0000 0.0000 0.0000 0.0000 0.0000 0.0000 0.0000 0.0000 0.0017 0.1250 0.8732
#DG from neighbouring lambda in kcal/mol
0.0000 0.1000 4.5318 0.0673
0.1000 0.2000 2.5409 0.0534
0.2000 0.3000 1.2099 0.0424
0.3000 0.4000 0.4531 0.0391
0.4000 0.5000 0.2825 0.0468
0.5000 0.6000 -0.1514 0.0525
0.6000 0.7000 -0.5852 0.0519
0.7000 0.8000 -0.7599 0.0538
0.8000 0.9000 -0.4994 0.0617
0.9000 1.0000 0.7404 0.0699
#PMF from MBAR in kcal/mol
0.0000 0.0000 0.0000
0.1000 4.5318 0.0673
0.2000 7.0727 0.0944
0.3000 8.2826 0.1098
0.4000 8.7357 0.1215
0.5000 9.0182 0.1344
0.6000 8.8668 0.1486
0.7000 8.2816 0.1614
0.8000 7.5217 0.1739
0.9000 7.0223 0.1882
1.0000 7.7627 0.2045
#TI average gradients and standard deviation in kcal/mol
0.0000 52.6238 19.3050
0.1000 35.3205 14.7340
0.2000 17.3671 11.0898
0.3000 6.5685 11.0965
0.4000 2.8005 11.7159
0.5000 2.2987 14.6934
0.6000 -4.9926 13.9756
0.7000 -7.6898 14.5860
0.8000 -6.9390 15.6419
0.9000 -2.2643 16.8816
1.0000 23.5487 18.4762
#PMF from TI in kcal/mol
0.0000 0.0000
0.1000 4.3972
0.2000 7.0316
0.3000 8.2284
0.4000 8.6968
0.5000 8.9518
0.6000 8.8171
0.7000 8.1830
0.8000 7.4515
0.9000 6.9914
1.0000 8.0556
#MBAR free energy difference in kcal/mol: 
7.762728, 0.204497  #WARNING SUBSAMPLING DISABLED, CONSIDER RERUN WITH SUBSAMPLING OPTION
#TI free energy difference in kcal/mol: 
8.055601  #WARNING SUBSAMPLING DISABLED, CONSIDER RERUN WITH SUBSAMPLING OPTION 
Starting /export/users/common/BioSimSpace/sire.app/bin/analyse_freenrg: number of threads equals 32
