# Analysing data contained in file(s) ['lambda_0.0000/simfile_snipped.dat', 'lambda_0.1000/simfile_snipped.dat', 'lambda_0.2000/simfile_snipped.dat', 'lambda_0.3000/simfile_snipped.dat', 'lambda_0.4000/simfile_snipped.dat', 'lambda_0.5000/simfile_snipped.dat', 'lambda_0.6000/simfile_snipped.dat', 'lambda_0.7000/simfile_snipped.dat', 'lambda_0.8000/simfile_snipped.dat', 'lambda_0.9000/simfile_snipped.dat', 'lambda_1.0000/simfile_snipped.dat']
#Overlap matrix
0.7384 0.2459 0.0090 0.0000 0.0000 0.0000 0.0000 0.0000 0.0066 0.0000 0.0000
0.2459 0.6524 0.0881 0.0000 0.0000 0.0000 0.0007 0.0000 0.0129 0.0000 0.0000
0.0090 0.0881 0.6969 0.1123 0.0150 0.0281 0.0490 0.0000 0.0016 0.0000 0.0000
0.0000 0.0000 0.1123 0.7166 0.1066 0.0644 0.0001 0.0000 0.0000 0.0000 0.0000
0.0000 0.0000 0.0150 0.1066 0.7850 0.0934 0.0000 0.0000 0.0000 0.0000 0.0000
0.0000 0.0000 0.0281 0.0644 0.0934 0.7573 0.0568 0.0000 0.0000 0.0000 0.0000
0.0000 0.0007 0.0490 0.0001 0.0000 0.0568 0.8934 0.0000 0.0000 0.0000 0.0000
0.0000 0.0000 0.0000 0.0000 0.0000 0.0000 0.0000 0.9979 0.0020 0.0000 0.0000
0.0066 0.0129 0.0016 0.0000 0.0000 0.0000 0.0000 0.0020 0.9757 0.0013 0.0000
0.0000 0.0000 0.0000 0.0000 0.0000 0.0000 0.0000 0.0000 0.0013 0.9987 0.0000
0.0000 0.0000 0.0000 0.0000 0.0000 0.0000 0.0000 0.0000 0.0000 0.0000 1.0000
#DG from neighbouring lambda in kcal/mol
0.0000 0.1000 5.5327 0.0394
0.1000 0.2000 4.1652 0.0821
0.2000 0.3000 -4.7637 0.0596
0.3000 0.4000 -6.0603 0.0581
0.4000 0.5000 -0.5850 0.0619
0.5000 0.6000 32.8498 0.0875
0.6000 0.7000 18.1112 0.6738
0.7000 0.8000 18.1183 0.6324
0.8000 0.9000 10.0637 0.7945
0.9000 1.0000 2.4045 7.8520
#PMF from MBAR in kcal/mol
0.0000 0.0000 0.0000
0.1000 5.5327 0.0394
0.2000 9.6979 0.0966
0.3000 4.9341 0.1205
0.4000 -1.1261 0.1312
0.5000 -1.7112 0.1276
0.6000 31.1387 0.1377
0.7000 49.2499 0.6624
0.8000 67.3682 0.1979
0.9000 77.4319 0.8183
1.0000 79.8363 7.8946
#TI average gradients and standard deviation in kcal/mol
0.0000 58.3856 21.4752
0.1000 54.6378 8.2077
0.2000 -78.5370 12.0476
0.3000 -54.7151 7.7337
0.4000 -76.4946 18.9545
0.5000 -20.1016 15.8510
0.6000 524.0945 108.3728
0.7000 153.7508 46.3518
0.8000 169.7592 38.6722
0.9000 81.4907 33.4227
1.0000 -10.3054 18.5071
#PMF from TI in kcal/mol
0.0000 0.0000
0.1000 5.6512
0.2000 4.4562
0.3000 -2.2064
0.4000 -8.7669
0.5000 -13.5967
0.6000 11.6030
0.7000 45.4952
0.8000 61.6707
0.9000 74.2332
1.0000 77.7925
#MBAR free energy difference in kcal/mol: 
79.836342, 7.894592  #WARNING SUBSAMPLING DISABLED, CONSIDER RERUN WITH SUBSAMPLING OPTION
#TI free energy difference in kcal/mol: 
77.792481  #WARNING SUBSAMPLING DISABLED, CONSIDER RERUN WITH SUBSAMPLING OPTION 
Starting /export/users/common/BioSimSpace/sire.app/bin/analyse_freenrg: number of threads equals 32
