# Analysing data contained in file(s) ['lambda_0.0000/simfile_snipped.dat', 'lambda_0.1000/simfile_snipped.dat', 'lambda_0.2000/simfile_snipped.dat', 'lambda_0.3000/simfile_snipped.dat', 'lambda_0.4000/simfile_snipped.dat', 'lambda_0.5000/simfile_snipped.dat', 'lambda_0.6000/simfile_snipped.dat', 'lambda_0.7000/simfile_snipped.dat', 'lambda_0.8000/simfile_snipped.dat', 'lambda_0.9000/simfile_snipped.dat', 'lambda_1.0000/simfile_snipped.dat']
#Overlap matrix
0.8698 0.1289 0.0013 0.0000 0.0000 0.0000 0.0000 0.0000 0.0000 0.0000 0.0000
0.1289 0.7043 0.1633 0.0035 0.0000 0.0000 0.0000 0.0000 0.0000 0.0000 0.0000
0.0013 0.1633 0.6352 0.1938 0.0063 0.0000 0.0000 0.0000 0.0000 0.0000 0.0000
0.0000 0.0035 0.1938 0.6102 0.1856 0.0068 0.0000 0.0000 0.0000 0.0000 0.0000
0.0000 0.0000 0.0063 0.1856 0.5957 0.2030 0.0092 0.0001 0.0000 0.0000 0.0000
0.0000 0.0000 0.0000 0.0068 0.2030 0.5672 0.2118 0.0111 0.0001 0.0000 0.0000
0.0000 0.0000 0.0000 0.0000 0.0092 0.2118 0.5651 0.2052 0.0086 0.0000 0.0000
0.0000 0.0000 0.0000 0.0000 0.0001 0.0111 0.2052 0.5738 0.2035 0.0063 0.0000
0.0000 0.0000 0.0000 0.0000 0.0000 0.0001 0.0086 0.2035 0.6157 0.1709 0.0012
0.0000 0.0000 0.0000 0.0000 0.0000 0.0000 0.0000 0.0063 0.1709 0.7170 0.1057
0.0000 0.0000 0.0000 0.0000 0.0000 0.0000 0.0000 0.0000 0.0012 0.1057 0.8931
#DG from neighbouring lambda in kcal/mol
0.0000 0.1000 6.2478 0.0687
0.1000 0.2000 5.0293 0.0573
0.2000 0.3000 4.3973 0.0492
0.3000 0.4000 4.0744 0.0502
0.4000 0.5000 3.7388 0.0462
0.5000 0.6000 3.5417 0.0439
0.6000 0.7000 3.4574 0.0452
0.7000 0.8000 3.5377 0.0464
0.8000 0.9000 4.8178 0.0548
0.9000 1.0000 10.0028 0.0781
#PMF from MBAR in kcal/mol
0.0000 0.0000 0.0000
0.1000 6.2478 0.0687
0.2000 11.2771 0.0978
0.3000 15.6744 0.1161
0.4000 19.7488 0.1319
0.5000 23.4876 0.1447
0.6000 27.0293 0.1557
0.7000 30.4867 0.1661
0.8000 34.0244 0.1764
0.9000 38.8421 0.1885
1.0000 48.8449 0.2078
#TI average gradients and standard deviation in kcal/mol
0.0000 72.3512 18.7935
0.1000 54.7320 14.9808
0.2000 46.3088 14.2721
0.3000 43.0407 12.3918
0.4000 38.7302 11.7843
0.5000 35.9152 12.0413
0.6000 34.6183 11.9529
0.7000 34.1619 12.6455
0.8000 38.4922 13.5088
0.9000 62.3775 16.6962
1.0000 163.3916 20.8251
#PMF from TI in kcal/mol
0.0000 0.0000
0.1000 6.3542
0.2000 11.4062
0.3000 15.8737
0.4000 19.9622
0.5000 23.6945
0.6000 27.2212
0.7000 30.6602
0.8000 34.2929
0.9000 39.3364
1.0000 50.6248
#MBAR free energy difference in kcal/mol: 
48.844922, 0.207810  #WARNING SUBSAMPLING DISABLED, CONSIDER RERUN WITH SUBSAMPLING OPTION
#TI free energy difference in kcal/mol: 
50.624823  #WARNING SUBSAMPLING DISABLED, CONSIDER RERUN WITH SUBSAMPLING OPTION 
Starting /export/users/common/BioSimSpace/sire.app/bin/analyse_freenrg: number of threads equals 32
