# Analysing data contained in file(s) ['lambda_0.0000/simfile_snipped.dat', 'lambda_0.1000/simfile_snipped.dat', 'lambda_0.2000/simfile_snipped.dat', 'lambda_0.3000/simfile_snipped.dat', 'lambda_0.4000/simfile_snipped.dat', 'lambda_0.5000/simfile_snipped.dat', 'lambda_0.6000/simfile_snipped.dat', 'lambda_0.7000/simfile_snipped.dat', 'lambda_0.8000/simfile_snipped.dat', 'lambda_0.9000/simfile_snipped.dat', 'lambda_1.0000/simfile_snipped.dat']
#Overlap matrix
0.8902 0.1068 0.0030 0.0000 0.0000 0.0000 0.0000 0.0000 0.0000 0.0000 0.0000
0.1068 0.6881 0.1930 0.0118 0.0003 0.0000 0.0000 0.0000 0.0000 0.0000 0.0000
0.0030 0.1930 0.5618 0.2191 0.0226 0.0005 0.0000 0.0000 0.0000 0.0000 0.0000
0.0000 0.0118 0.2191 0.5143 0.2317 0.0226 0.0006 0.0000 0.0000 0.0000 0.0000
0.0000 0.0003 0.0226 0.2317 0.4896 0.2289 0.0263 0.0006 0.0000 0.0000 0.0000
0.0000 0.0000 0.0005 0.0226 0.2289 0.4872 0.2377 0.0228 0.0004 0.0000 0.0000
0.0000 0.0000 0.0000 0.0006 0.0263 0.2377 0.4954 0.2222 0.0177 0.0002 0.0000
0.0000 0.0000 0.0000 0.0000 0.0006 0.0228 0.2222 0.5209 0.2188 0.0146 0.0002
0.0000 0.0000 0.0000 0.0000 0.0000 0.0004 0.0177 0.2188 0.5364 0.2127 0.0141
0.0000 0.0000 0.0000 0.0000 0.0000 0.0000 0.0002 0.0146 0.2127 0.5401 0.2323
0.0000 0.0000 0.0000 0.0000 0.0000 0.0000 0.0000 0.0002 0.0141 0.2323 0.7535
#DG from neighbouring lambda in kcal/mol
0.0000 0.1000 -2.5266 0.0768
0.1000 0.2000 -0.2501 0.0484
0.2000 0.3000 0.3495 0.0405
0.3000 0.4000 0.3883 0.0370
0.4000 0.5000 0.0896 0.0369
0.5000 0.6000 -0.1115 0.0356
0.6000 0.7000 -0.3011 0.0391
0.7000 0.8000 -0.5589 0.0408
0.8000 0.9000 -0.8406 0.0424
0.9000 1.0000 -1.0414 0.0415
#PMF from MBAR in kcal/mol
0.0000 0.0000 0.0000
0.1000 -2.5266 0.0768
0.2000 -2.7767 0.0984
0.3000 -2.4271 0.1123
0.4000 -2.0389 0.1229
0.5000 -1.9493 0.1328
0.6000 -2.0607 0.1415
0.7000 -2.3618 0.1508
0.8000 -2.9207 0.1601
0.9000 -3.7613 0.1694
1.0000 -4.8027 0.1780
#TI average gradients and standard deviation in kcal/mol
0.0000 -42.6043 19.5962
0.1000 -10.1983 13.9664
0.2000 2.0971 12.5078
0.3000 4.4610 10.7942
0.4000 2.4664 10.2734
0.5000 -0.4881 10.2024
0.6000 -1.9991 10.5637
0.7000 -4.0374 10.7228
0.8000 -6.7975 11.4368
0.9000 -10.1031 11.2139
1.0000 -9.0455 11.7781
#PMF from TI in kcal/mol
0.0000 0.0000
0.1000 -2.6401
0.2000 -3.0452
0.3000 -2.7173
0.4000 -2.3709
0.5000 -2.2720
0.6000 -2.3964
0.7000 -2.6982
0.8000 -3.2399
0.9000 -4.0850
1.0000 -5.0424
#MBAR free energy difference in kcal/mol: 
-4.802727, 0.178010  #WARNING SUBSAMPLING DISABLED, CONSIDER RERUN WITH SUBSAMPLING OPTION
#TI free energy difference in kcal/mol: 
-5.042393  #WARNING SUBSAMPLING DISABLED, CONSIDER RERUN WITH SUBSAMPLING OPTION 
Starting /export/users/common/BioSimSpace/sire.app/bin/analyse_freenrg: number of threads equals 32
