# Analysing data contained in file(s) ['lambda_0.0000/simfile_snipped.dat', 'lambda_0.1000/simfile_snipped.dat', 'lambda_0.2000/simfile_snipped.dat', 'lambda_0.3000/simfile_snipped.dat', 'lambda_0.4000/simfile_snipped.dat', 'lambda_0.5000/simfile_snipped.dat', 'lambda_0.6000/simfile_snipped.dat', 'lambda_0.7000/simfile_snipped.dat', 'lambda_0.8000/simfile_snipped.dat', 'lambda_0.9000/simfile_snipped.dat', 'lambda_1.0000/simfile_snipped.dat']
#Overlap matrix
0.7979 0.1975 0.0046 0.0000 0.0000 0.0000 0.0000 0.0000 0.0000 0.0000 0.0000
0.1975 0.6185 0.1808 0.0032 0.0000 0.0000 0.0000 0.0000 0.0000 0.0000 0.0000
0.0046 0.1808 0.6443 0.1681 0.0023 0.0000 0.0000 0.0000 0.0000 0.0000 0.0000
0.0000 0.0032 0.1681 0.6703 0.1568 0.0016 0.0000 0.0000 0.0000 0.0000 0.0000
0.0000 0.0000 0.0023 0.1568 0.6849 0.1551 0.0009 0.0000 0.0000 0.0000 0.0000
0.0000 0.0000 0.0000 0.0016 0.1551 0.7079 0.1344 0.0010 0.0000 0.0000 0.0000
0.0000 0.0000 0.0000 0.0000 0.0009 0.1344 0.7232 0.1408 0.0007 0.0000 0.0000
0.0000 0.0000 0.0000 0.0000 0.0000 0.0010 0.1408 0.7245 0.1328 0.0009 0.0000
0.0000 0.0000 0.0000 0.0000 0.0000 0.0000 0.0007 0.1328 0.7143 0.1510 0.0012
0.0000 0.0000 0.0000 0.0000 0.0000 0.0000 0.0000 0.0009 0.1510 0.7007 0.1474
0.0000 0.0000 0.0000 0.0000 0.0000 0.0000 0.0000 0.0000 0.0012 0.1474 0.8514
#DG from neighbouring lambda in kcal/mol
0.0000 0.1000 -1.2574 0.0495
0.1000 0.2000 0.6015 0.0524
0.2000 0.3000 2.1332 0.0559
0.3000 0.4000 3.3864 0.0592
0.4000 0.5000 4.4198 0.0601
0.5000 0.6000 5.0956 0.0666
0.6000 0.7000 5.8465 0.0645
0.7000 0.8000 6.4548 0.0672
0.8000 0.9000 7.3515 0.0614
0.9000 1.0000 8.8414 0.0627
#PMF from MBAR in kcal/mol
0.0000 0.0000 0.0000
0.1000 -1.2574 0.0495
0.2000 -0.6559 0.0816
0.3000 1.4772 0.1062
0.4000 4.8636 0.1278
0.5000 9.2834 0.1466
0.6000 14.3790 0.1659
0.7000 20.2255 0.1824
0.8000 26.6803 0.1984
0.9000 34.0318 0.2115
1.0000 42.8733 0.2241
#TI average gradients and standard deviation in kcal/mol
0.0000 -23.5564 12.6198
0.1000 -3.1089 13.0581
0.2000 14.4516 14.1892
0.3000 27.8213 14.5084
0.4000 39.3833 14.9194
0.5000 48.9556 15.6031
0.6000 54.0719 14.5861
0.7000 62.0358 16.1333
0.8000 68.1002 15.0251
0.9000 80.1519 15.0652
1.0000 98.4375 15.5079
#PMF from TI in kcal/mol
0.0000 0.0000
0.1000 -1.3333
0.2000 -0.7661
0.3000 1.3475
0.4000 4.7077
0.5000 9.1247
0.6000 14.2761
0.7000 20.0815
0.8000 26.5882
0.9000 34.0009
1.0000 42.9303
#MBAR free energy difference in kcal/mol: 
42.873264, 0.224104  #WARNING SUBSAMPLING DISABLED, CONSIDER RERUN WITH SUBSAMPLING OPTION
#TI free energy difference in kcal/mol: 
42.930320  #WARNING SUBSAMPLING DISABLED, CONSIDER RERUN WITH SUBSAMPLING OPTION 
Starting /export/users/common/BioSimSpace/sire.app/bin/analyse_freenrg: number of threads equals 32
