# Analysing data contained in file(s) ['lambda_0.0000/simfile_snipped.dat', 'lambda_0.1000/simfile_snipped.dat', 'lambda_0.2000/simfile_snipped.dat', 'lambda_0.3000/simfile_snipped.dat', 'lambda_0.4000/simfile_snipped.dat', 'lambda_0.5000/simfile_snipped.dat', 'lambda_0.6000/simfile_snipped.dat', 'lambda_0.7000/simfile_snipped.dat', 'lambda_0.8000/simfile_snipped.dat', 'lambda_0.9000/simfile_snipped.dat', 'lambda_1.0000/simfile_snipped.dat']
#Overlap matrix
0.9104 0.0896 0.0000 0.0000 0.0000 0.0000 0.0000 0.0000 0.0000 0.0000 0.0000
0.0896 0.8188 0.0915 0.0001 0.0000 0.0000 0.0000 0.0000 0.0000 0.0000 0.0000
0.0000 0.0915 0.7958 0.1125 0.0002 0.0000 0.0000 0.0000 0.0000 0.0000 0.0000
0.0000 0.0001 0.1125 0.7738 0.1134 0.0002 0.0000 0.0000 0.0000 0.0000 0.0000
0.0000 0.0000 0.0002 0.1134 0.7726 0.1135 0.0004 0.0000 0.0000 0.0000 0.0000
0.0000 0.0000 0.0000 0.0002 0.1135 0.7566 0.1293 0.0004 0.0000 0.0000 0.0000
0.0000 0.0000 0.0000 0.0000 0.0004 0.1293 0.7612 0.1088 0.0004 0.0000 0.0000
0.0000 0.0000 0.0000 0.0000 0.0000 0.0004 0.1088 0.7645 0.1260 0.0004 0.0000
0.0000 0.0000 0.0000 0.0000 0.0000 0.0000 0.0004 0.1260 0.7483 0.1250 0.0003
0.0000 0.0000 0.0000 0.0000 0.0000 0.0000 0.0000 0.0004 0.1250 0.7681 0.1066
0.0000 0.0000 0.0000 0.0000 0.0000 0.0000 0.0000 0.0000 0.0003 0.1066 0.8931
#DG from neighbouring lambda in kcal/mol
0.0000 0.1000 1.5967 0.0872
0.1000 0.2000 0.8536 0.0860
0.2000 0.3000 0.4572 0.0755
0.3000 0.4000 -0.0040 0.0751
0.4000 0.5000 -0.6318 0.0750
0.5000 0.6000 -1.1752 0.0688
0.6000 0.7000 -1.9507 0.0770
0.7000 0.8000 -2.8756 0.0699
0.8000 0.9000 -3.9358 0.0703
0.9000 1.0000 -4.8646 0.0781
#PMF from MBAR in kcal/mol
0.0000 0.0000 0.0000
0.1000 1.5967 0.0872
0.2000 2.4502 0.1291
0.3000 2.9074 0.1549
0.4000 2.9034 0.1768
0.5000 2.2716 0.1963
0.6000 1.0964 0.2118
0.7000 -0.8543 0.2290
0.8000 -3.7299 0.2428
0.9000 -7.6656 0.2559
1.0000 -12.5302 0.2706
#TI average gradients and standard deviation in kcal/mol
0.0000 15.9672 18.2684
0.1000 13.1671 18.8151
0.2000 5.3155 17.3217
0.3000 2.1141 17.7324
0.4000 -2.9316 17.8897
0.5000 -9.4747 17.0154
0.6000 -13.7348 16.3669
0.7000 -25.1206 15.7622
0.8000 -33.6487 16.4097
0.9000 -43.9145 15.6491
1.0000 -52.6279 17.8510
#PMF from TI in kcal/mol
0.0000 0.0000
0.1000 1.4567
0.2000 2.3808
0.3000 2.7523
0.4000 2.7115
0.5000 2.0911
0.6000 0.9307
0.7000 -1.0121
0.8000 -3.9506
0.9000 -7.8287
1.0000 -12.6559
#MBAR free energy difference in kcal/mol: 
-12.530175, 0.270593  #WARNING SUBSAMPLING DISABLED, CONSIDER RERUN WITH SUBSAMPLING OPTION
#TI free energy difference in kcal/mol: 
-12.655856  #WARNING SUBSAMPLING DISABLED, CONSIDER RERUN WITH SUBSAMPLING OPTION 
Starting /export/users/common/BioSimSpace/sire.app/bin/analyse_freenrg: number of threads equals 32
