# Analysing data contained in file(s) ['lambda_0.0000/simfile_snipped.dat', 'lambda_0.1000/simfile_snipped.dat', 'lambda_0.2000/simfile_snipped.dat', 'lambda_0.3000/simfile_snipped.dat', 'lambda_0.4000/simfile_snipped.dat', 'lambda_0.5000/simfile_snipped.dat', 'lambda_0.6000/simfile_snipped.dat', 'lambda_0.7000/simfile_snipped.dat', 'lambda_0.8000/simfile_snipped.dat', 'lambda_0.9000/simfile_snipped.dat', 'lambda_1.0000/simfile_snipped.dat']
#Overlap matrix
0.8765 0.1204 0.0030 0.0000 0.0000 0.0000 0.0000 0.0000 0.0000 0.0000 0.0000
0.1204 0.6715 0.1948 0.0130 0.0002 0.0000 0.0000 0.0000 0.0000 0.0000 0.0000
0.0030 0.1948 0.5590 0.2234 0.0194 0.0004 0.0000 0.0000 0.0000 0.0000 0.0000
0.0000 0.0130 0.2234 0.5174 0.2220 0.0236 0.0005 0.0000 0.0000 0.0000 0.0000
0.0000 0.0002 0.0194 0.2220 0.4980 0.2374 0.0226 0.0004 0.0000 0.0000 0.0000
0.0000 0.0000 0.0004 0.0236 0.2374 0.4917 0.2279 0.0187 0.0003 0.0000 0.0000
0.0000 0.0000 0.0000 0.0005 0.0226 0.2279 0.5132 0.2190 0.0166 0.0002 0.0000
0.0000 0.0000 0.0000 0.0000 0.0004 0.0187 0.2190 0.5301 0.2171 0.0145 0.0002
0.0000 0.0000 0.0000 0.0000 0.0000 0.0003 0.0166 0.2171 0.5337 0.2185 0.0138
0.0000 0.0000 0.0000 0.0000 0.0000 0.0000 0.0002 0.0145 0.2185 0.5388 0.2280
0.0000 0.0000 0.0000 0.0000 0.0000 0.0000 0.0000 0.0002 0.0138 0.2280 0.7580
#DG from neighbouring lambda in kcal/mol
0.0000 0.1000 -1.6529 0.0712
0.1000 0.2000 1.0197 0.0478
0.2000 0.3000 1.9937 0.0401
0.3000 0.4000 2.2033 0.0388
0.4000 0.5000 2.2363 0.0360
0.5000 0.6000 2.2483 0.0381
0.6000 0.7000 2.1996 0.0403
0.7000 0.8000 2.1492 0.0413
0.8000 0.9000 2.0999 0.0415
0.9000 1.0000 2.1134 0.0422
#PMF from MBAR in kcal/mol
0.0000 0.0000 0.0000
0.1000 -1.6529 0.0712
0.2000 -0.6333 0.0939
0.3000 1.3605 0.1081
0.4000 3.5637 0.1199
0.5000 5.8001 0.1297
0.6000 8.0483 0.1395
0.7000 10.2480 0.1493
0.8000 12.3972 0.1588
0.9000 14.4970 0.1680
1.0000 16.6105 0.1769
#TI average gradients and standard deviation in kcal/mol
0.0000 -42.5840 21.0633
0.1000 1.0315 14.9219
0.2000 17.0718 12.2742
0.3000 21.9088 10.9563
0.4000 22.2690 10.6451
0.5000 21.9750 10.6775
0.6000 22.9073 11.2686
0.7000 21.4222 11.3609
0.8000 21.2845 11.7861
0.9000 20.4082 12.1839
1.0000 24.0469 11.7073
#PMF from TI in kcal/mol
0.0000 0.0000
0.1000 -2.0776
0.2000 -1.1725
0.3000 0.7766
0.4000 2.9855
0.5000 5.1977
0.6000 7.4418
0.7000 9.6583
0.8000 11.7936
0.9000 13.8782
1.0000 16.1010
#MBAR free energy difference in kcal/mol: 
16.610467, 0.176918  #WARNING SUBSAMPLING DISABLED, CONSIDER RERUN WITH SUBSAMPLING OPTION
#TI free energy difference in kcal/mol: 
16.100981  #WARNING SUBSAMPLING DISABLED, CONSIDER RERUN WITH SUBSAMPLING OPTION 
Starting /export/users/common/BioSimSpace/sire.app/bin/analyse_freenrg: number of threads equals 32
