# Analysing data contained in file(s) ['lambda_0.0000/simfile_snipped.dat', 'lambda_0.1000/simfile_snipped.dat', 'lambda_0.2000/simfile_snipped.dat', 'lambda_0.3000/simfile_snipped.dat', 'lambda_0.4000/simfile_snipped.dat', 'lambda_0.5000/simfile_snipped.dat', 'lambda_0.6000/simfile_snipped.dat', 'lambda_0.7000/simfile_snipped.dat', 'lambda_0.8000/simfile_snipped.dat', 'lambda_0.9000/simfile_snipped.dat', 'lambda_1.0000/simfile_snipped.dat']
#Overlap matrix
0.8017 0.1890 0.0086 0.0006 0.0001 0.0000 0.0000 0.0000 0.0000 0.0000 0.0000
0.1890 0.6680 0.1172 0.0188 0.0052 0.0014 0.0003 0.0000 0.0000 0.0000 0.0000
0.0086 0.1172 0.4895 0.2496 0.0947 0.0306 0.0080 0.0016 0.0002 0.0000 0.0000
0.0006 0.0188 0.2496 0.3528 0.2307 0.1013 0.0348 0.0092 0.0019 0.0003 0.0000
0.0001 0.0052 0.0947 0.2307 0.3027 0.2137 0.1021 0.0372 0.0108 0.0024 0.0004
0.0000 0.0014 0.0306 0.1013 0.2137 0.2810 0.2073 0.1059 0.0427 0.0132 0.0029
0.0000 0.0003 0.0080 0.0348 0.1021 0.2073 0.2627 0.2052 0.1155 0.0490 0.0151
0.0000 0.0000 0.0016 0.0092 0.0372 0.1059 0.2052 0.2551 0.2081 0.1233 0.0542
0.0000 0.0000 0.0002 0.0019 0.0108 0.0427 0.1155 0.2081 0.2550 0.2212 0.1446
0.0000 0.0000 0.0000 0.0003 0.0024 0.0132 0.0490 0.1233 0.2212 0.2936 0.2970
0.0000 0.0000 0.0000 0.0000 0.0004 0.0029 0.0151 0.0542 0.1446 0.2970 0.4858
#DG from neighbouring lambda in kcal/mol
0.0000 0.1000 1.2522 0.0504
0.1000 0.2000 2.5937 0.0622
0.2000 0.3000 2.3315 0.0244
0.3000 0.4000 1.8044 0.0184
0.4000 0.5000 0.9660 0.0172
0.5000 0.6000 0.1174 0.0161
0.6000 0.7000 -0.7083 0.0147
0.7000 0.8000 -1.4891 0.0135
0.8000 0.9000 -2.2610 0.0136
0.9000 1.0000 -3.0378 0.0153
#PMF from MBAR in kcal/mol
0.0000 0.0000 0.0000
0.1000 1.2522 0.0504
0.2000 3.8460 0.0869
0.3000 6.1775 0.0954
0.4000 7.9819 0.0995
0.5000 8.9479 0.1031
0.6000 9.0653 0.1065
0.7000 8.3571 0.1095
0.8000 6.8679 0.1121
0.9000 4.6070 0.1147
1.0000 1.5692 0.1176
#TI average gradients and standard deviation in kcal/mol
0.0000 -16.9547 16.8912
0.1000 32.3949 8.9368
0.2000 21.8365 12.3340
0.3000 21.7817 6.6282
0.4000 14.0632 6.1484
0.5000 5.6738 6.1511
0.6000 -3.4585 5.5960
0.7000 -11.2536 5.5833
0.8000 -18.3376 5.1631
0.9000 -26.5365 5.1715
1.0000 -31.9884 5.9918
#PMF from TI in kcal/mol
0.0000 0.0000
0.1000 0.7720
0.2000 3.4836
0.3000 5.6645
0.4000 7.4567
0.5000 8.4436
0.6000 8.5544
0.7000 7.8187
0.8000 6.3392
0.9000 4.0955
1.0000 1.1692
#MBAR free energy difference in kcal/mol: 
1.569181, 0.117575  #WARNING SUBSAMPLING DISABLED, CONSIDER RERUN WITH SUBSAMPLING OPTION
#TI free energy difference in kcal/mol: 
1.169231  #WARNING SUBSAMPLING DISABLED, CONSIDER RERUN WITH SUBSAMPLING OPTION 
Starting /export/users/common/BioSimSpace/sire.app/bin/analyse_freenrg: number of threads equals 32
