# Analysing data contained in file(s) ['lambda_0.0000/simfile_snipped.dat', 'lambda_0.1000/simfile_snipped.dat', 'lambda_0.2000/simfile_snipped.dat', 'lambda_0.3000/simfile_snipped.dat', 'lambda_0.4000/simfile_snipped.dat', 'lambda_0.5000/simfile_snipped.dat', 'lambda_0.6000/simfile_snipped.dat', 'lambda_0.7000/simfile_snipped.dat', 'lambda_0.8000/simfile_snipped.dat', 'lambda_0.9000/simfile_snipped.dat', 'lambda_1.0000/simfile_snipped.dat']
#Overlap matrix
0.7463 0.2335 0.0198 0.0004 0.0000 0.0000 0.0000 0.0000 0.0000 0.0000 0.0000
0.2335 0.5209 0.2230 0.0221 0.0005 0.0000 0.0000 0.0000 0.0000 0.0000 0.0000
0.0198 0.2230 0.5088 0.2273 0.0206 0.0004 0.0000 0.0000 0.0000 0.0000 0.0000
0.0004 0.0221 0.2273 0.5020 0.2250 0.0227 0.0005 0.0000 0.0000 0.0000 0.0000
0.0000 0.0005 0.0206 0.2250 0.5012 0.2303 0.0221 0.0004 0.0000 0.0000 0.0000
0.0000 0.0000 0.0004 0.0227 0.2303 0.5029 0.2258 0.0176 0.0002 0.0000 0.0000
0.0000 0.0000 0.0000 0.0005 0.0221 0.2258 0.5208 0.2145 0.0161 0.0002 0.0000
0.0000 0.0000 0.0000 0.0000 0.0004 0.0176 0.2145 0.5303 0.2273 0.0098 0.0000
0.0000 0.0000 0.0000 0.0000 0.0000 0.0002 0.0161 0.2273 0.5676 0.1827 0.0060
0.0000 0.0000 0.0000 0.0000 0.0000 0.0000 0.0002 0.0098 0.1827 0.6226 0.1847
0.0000 0.0000 0.0000 0.0000 0.0000 0.0000 0.0000 0.0000 0.0060 0.1847 0.8092
#DG from neighbouring lambda in kcal/mol
0.0000 0.1000 3.2272 0.0404
0.1000 0.2000 2.7352 0.0388
0.2000 0.3000 2.1029 0.0380
0.3000 0.4000 1.3497 0.0382
0.4000 0.5000 0.6296 0.0373
0.5000 0.6000 -0.0856 0.0386
0.6000 0.7000 -0.8419 0.0413
0.7000 0.8000 -1.4405 0.0404
0.8000 0.9000 -1.7436 0.0503
0.9000 1.0000 -1.0088 0.0519
#PMF from MBAR in kcal/mol
0.0000 0.0000 0.0000
0.1000 3.2272 0.0404
0.2000 5.9624 0.0655
0.3000 8.0653 0.0830
0.4000 9.4151 0.0977
0.5000 10.0447 0.1100
0.6000 9.9591 0.1214
0.7000 9.1172 0.1330
0.8000 7.6767 0.1434
0.9000 5.9331 0.1563
1.0000 4.9243 0.1689
#TI average gradients and standard deviation in kcal/mol
0.0000 32.7622 12.5438
0.1000 29.4017 11.5169
0.2000 24.9358 10.3304
0.3000 17.2835 10.8654
0.4000 9.9327 10.0927
0.5000 2.4130 10.5692
0.6000 -4.0194 11.1692
0.7000 -12.2475 11.2438
0.8000 -16.1707 11.7833
0.9000 -18.3231 12.7761
1.0000 4.4253 17.4642
#PMF from TI in kcal/mol
0.0000 0.0000
0.1000 3.1082
0.2000 5.8251
0.3000 7.9360
0.4000 9.2969
0.5000 9.9141
0.6000 9.8338
0.7000 9.0205
0.8000 7.5995
0.9000 5.8749
1.0000 5.1800
#MBAR free energy difference in kcal/mol: 
4.924286, 0.168915  #WARNING SUBSAMPLING DISABLED, CONSIDER RERUN WITH SUBSAMPLING OPTION
#TI free energy difference in kcal/mol: 
5.179966  #WARNING SUBSAMPLING DISABLED, CONSIDER RERUN WITH SUBSAMPLING OPTION 
Starting /export/users/common/BioSimSpace/sire.app/bin/analyse_freenrg: number of threads equals 32
