# Analysing data contained in file(s) ['lambda_0.0000/simfile_snipped.dat', 'lambda_0.1000/simfile_snipped.dat', 'lambda_0.2000/simfile_snipped.dat', 'lambda_0.3000/simfile_snipped.dat', 'lambda_0.4000/simfile_snipped.dat', 'lambda_0.5000/simfile_snipped.dat', 'lambda_0.6000/simfile_snipped.dat', 'lambda_0.7000/simfile_snipped.dat', 'lambda_0.8000/simfile_snipped.dat', 'lambda_0.9000/simfile_snipped.dat', 'lambda_1.0000/simfile_snipped.dat']
#Overlap matrix
0.8712 0.1283 0.0006 0.0000 0.0000 0.0000 0.0000 0.0000 0.0000 0.0000 0.0000
0.1283 0.7447 0.1263 0.0007 0.0000 0.0000 0.0000 0.0000 0.0000 0.0000 0.0000
0.0006 0.1263 0.7317 0.1399 0.0015 0.0000 0.0000 0.0000 0.0000 0.0000 0.0000
0.0000 0.0007 0.1399 0.7038 0.1545 0.0011 0.0000 0.0000 0.0000 0.0000 0.0000
0.0000 0.0000 0.0015 0.1545 0.6905 0.1521 0.0014 0.0000 0.0000 0.0000 0.0000
0.0000 0.0000 0.0000 0.0011 0.1521 0.6909 0.1544 0.0015 0.0000 0.0000 0.0000
0.0000 0.0000 0.0000 0.0000 0.0014 0.1544 0.6909 0.1520 0.0013 0.0000 0.0000
0.0000 0.0000 0.0000 0.0000 0.0000 0.0015 0.1520 0.7129 0.1328 0.0009 0.0000
0.0000 0.0000 0.0000 0.0000 0.0000 0.0000 0.0013 0.1328 0.7119 0.1535 0.0006
0.0000 0.0000 0.0000 0.0000 0.0000 0.0000 0.0000 0.0009 0.1535 0.7446 0.1010
0.0000 0.0000 0.0000 0.0000 0.0000 0.0000 0.0000 0.0000 0.0006 0.1010 0.8984
#DG from neighbouring lambda in kcal/mol
0.0000 0.1000 -0.7314 0.0692
0.1000 0.2000 -0.3732 0.0696
0.2000 0.3000 -0.2331 0.0647
0.3000 0.4000 0.1206 0.0602
0.4000 0.5000 0.0627 0.0609
0.5000 0.6000 0.0486 0.0602
0.6000 0.7000 0.1002 0.0609
0.7000 0.8000 0.2491 0.0670
0.8000 0.9000 0.5293 0.0608
0.9000 1.0000 1.8013 0.0807
#PMF from MBAR in kcal/mol
0.0000 0.0000 0.0000
0.1000 -0.7314 0.0692
0.2000 -1.1046 0.1060
0.3000 -1.3377 0.1304
0.4000 -1.2171 0.1489
0.5000 -1.1544 0.1658
0.6000 -1.1059 0.1807
0.7000 -1.0056 0.1948
0.8000 -0.7565 0.2098
0.9000 -0.2273 0.2220
1.0000 1.5740 0.2396
#TI average gradients and standard deviation in kcal/mol
0.0000 -13.5590 17.0360
0.1000 -3.7666 15.3958
0.2000 -3.6020 16.3582
0.3000 -0.6529 14.9931
0.4000 1.5031 15.7827
0.5000 0.3256 14.3363
0.6000 0.5632 15.2391
0.7000 2.1363 15.4180
0.8000 1.7817 15.6194
0.9000 11.6033 16.1886
1.0000 -176.3643 2325.7077
#PMF from TI in kcal/mol
0.0000 0.0000
0.1000 -0.8663
0.2000 -1.2347
0.3000 -1.4474
0.4000 -1.4049
0.5000 -1.3135
0.6000 -1.2691
0.7000 -1.1341
0.8000 -0.9382
0.9000 -0.2689
1.0000 -8.5070
#MBAR free energy difference in kcal/mol: 
1.573989, 0.239575  #WARNING SUBSAMPLING DISABLED, CONSIDER RERUN WITH SUBSAMPLING OPTION
#TI free energy difference in kcal/mol: 
-8.506993  #WARNING SUBSAMPLING DISABLED, CONSIDER RERUN WITH SUBSAMPLING OPTION 
Starting /export/users/common/BioSimSpace/sire.app/bin/analyse_freenrg: number of threads equals 32
