# Analysing data contained in file(s) ['lambda_0.0000/simfile_snipped.dat', 'lambda_0.1000/simfile_snipped.dat', 'lambda_0.2000/simfile_snipped.dat', 'lambda_0.3000/simfile_snipped.dat', 'lambda_0.4000/simfile_snipped.dat', 'lambda_0.5000/simfile_snipped.dat', 'lambda_0.6000/simfile_snipped.dat', 'lambda_0.7000/simfile_snipped.dat', 'lambda_0.8000/simfile_snipped.dat', 'lambda_0.9000/simfile_snipped.dat', 'lambda_1.0000/simfile_snipped.dat']
#Overlap matrix
0.9939 0.0061 0.0000 0.0000 0.0000 0.0000 0.0000 0.0000 0.0000 0.0000 0.0000
0.0061 0.9893 0.0045 0.0000 0.0000 0.0000 0.0000 0.0000 0.0000 0.0000 0.0000
0.0000 0.0045 0.9897 0.0057 0.0000 0.0000 0.0000 0.0000 0.0000 0.0000 0.0000
0.0000 0.0000 0.0057 0.9875 0.0068 0.0000 0.0000 0.0000 0.0000 0.0000 0.0000
0.0000 0.0000 0.0000 0.0068 0.9850 0.0082 0.0000 0.0000 0.0000 0.0000 0.0000
0.0000 0.0000 0.0000 0.0000 0.0082 0.9820 0.0098 0.0000 0.0000 0.0000 0.0000
0.0000 0.0000 0.0000 0.0000 0.0000 0.0098 0.9786 0.0117 0.0000 0.0000 0.0000
0.0000 0.0000 0.0000 0.0000 0.0000 0.0000 0.0117 0.9793 0.0090 0.0000 0.0000
0.0000 0.0000 0.0000 0.0000 0.0000 0.0000 0.0000 0.0090 0.9805 0.0105 0.0000
0.0000 0.0000 0.0000 0.0000 0.0000 0.0000 0.0000 0.0000 0.0105 0.9813 0.0082
0.0000 0.0000 0.0000 0.0000 0.0000 0.0000 0.0000 0.0000 0.0000 0.0082 0.9918
#DG from neighbouring lambda in kcal/mol
0.0000 0.1000 7.1885 0.3653
0.1000 0.2000 7.9421 0.4258
0.2000 0.3000 7.2939 0.3790
0.3000 0.4000 5.8042 0.3478
0.4000 0.5000 5.3454 0.3156
0.5000 0.6000 4.1694 0.2888
0.6000 0.7000 2.9625 0.2636
0.7000 0.8000 2.0858 0.3008
0.8000 0.9000 1.1491 0.2783
0.9000 1.0000 -0.2046 0.3159
#PMF from MBAR in kcal/mol
0.0000 0.0000 0.0000
0.1000 7.1885 0.3653
0.2000 15.1306 0.5624
0.3000 22.4245 0.6795
0.4000 28.2286 0.7644
0.5000 33.5741 0.8280
0.6000 37.7435 0.8779
0.7000 40.7061 0.9175
0.8000 42.7918 0.9664
0.9000 43.9410 1.0065
1.0000 43.7363 1.0557
#TI average gradients and standard deviation in kcal/mol
0.0000 73.3020 30.9836
0.1000 75.7900 28.8147
0.2000 73.5584 29.4776
0.3000 65.6894 30.7238
0.4000 57.7689 29.8883
0.5000 47.4170 27.4161
0.6000 34.5420 27.6016
0.7000 24.2822 25.9861
0.8000 14.8193 25.4665
0.9000 17.3165 30.6100
1.0000 -19.1144 30.8054
#PMF from TI in kcal/mol
0.0000 0.0000
0.1000 7.4546
0.2000 14.9220
0.3000 21.8844
0.4000 28.0573
0.5000 33.3166
0.6000 37.4146
0.7000 40.3558
0.8000 42.3109
0.9000 43.9176
1.0000 43.8277
#MBAR free energy difference in kcal/mol: 
43.736346, 1.055688  #WARNING SUBSAMPLING DISABLED, CONSIDER RERUN WITH SUBSAMPLING OPTION
#TI free energy difference in kcal/mol: 
43.827750  #WARNING SUBSAMPLING DISABLED, CONSIDER RERUN WITH SUBSAMPLING OPTION 
Starting /export/users/common/BioSimSpace/sire.app/bin/analyse_freenrg: number of threads equals 32
