# Analysing data contained in file(s) ['lambda_0.0000/simfile_snipped.dat', 'lambda_0.1000/simfile_snipped.dat', 'lambda_0.2000/simfile_snipped.dat', 'lambda_0.3000/simfile_snipped.dat', 'lambda_0.4000/simfile_snipped.dat', 'lambda_0.5000/simfile_snipped.dat', 'lambda_0.6000/simfile_snipped.dat', 'lambda_0.7000/simfile_snipped.dat', 'lambda_0.8000/simfile_snipped.dat', 'lambda_0.9000/simfile_snipped.dat', 'lambda_1.0000/simfile_snipped.dat']
#Overlap matrix
0.8881 0.1114 0.0005 0.0000 0.0000 0.0000 0.0000 0.0000 0.0000 0.0000 0.0000
0.1114 0.7516 0.1363 0.0007 0.0000 0.0000 0.0000 0.0000 0.0000 0.0000 0.0000
0.0005 0.1363 0.7271 0.1356 0.0006 0.0000 0.0000 0.0000 0.0000 0.0000 0.0000
0.0000 0.0007 0.1356 0.7332 0.1297 0.0008 0.0000 0.0000 0.0000 0.0000 0.0000
0.0000 0.0000 0.0006 0.1297 0.7253 0.1437 0.0007 0.0000 0.0000 0.0000 0.0000
0.0000 0.0000 0.0000 0.0008 0.1437 0.7153 0.1394 0.0007 0.0000 0.0000 0.0000
0.0000 0.0000 0.0000 0.0000 0.0007 0.1394 0.7172 0.1418 0.0009 0.0000 0.0000
0.0000 0.0000 0.0000 0.0000 0.0000 0.0007 0.1418 0.7130 0.1436 0.0009 0.0000
0.0000 0.0000 0.0000 0.0000 0.0000 0.0000 0.0009 0.1436 0.7158 0.1394 0.0003
0.0000 0.0000 0.0000 0.0000 0.0000 0.0000 0.0000 0.0009 0.1394 0.7626 0.0971
0.0000 0.0000 0.0000 0.0000 0.0000 0.0000 0.0000 0.0000 0.0003 0.0971 0.9026
#DG from neighbouring lambda in kcal/mol
0.0000 0.1000 -3.9928 0.0759
0.1000 0.2000 -2.8612 0.0662
0.2000 0.3000 -2.5248 0.0664
0.3000 0.4000 -2.6659 0.0684
0.4000 0.5000 -2.7975 0.0637
0.5000 0.6000 -3.0397 0.0651
0.6000 0.7000 -3.3789 0.0643
0.7000 0.8000 -3.5932 0.0637
0.8000 0.9000 -3.6172 0.0652
0.9000 1.0000 -3.5195 0.0829
#PMF from MBAR in kcal/mol
0.0000 0.0000 0.0000
0.1000 -3.9928 0.0759
0.2000 -6.8539 0.1084
0.3000 -9.3788 0.1333
0.4000 -12.0447 0.1551
0.5000 -14.8422 0.1723
0.6000 -17.8818 0.1885
0.7000 -21.2607 0.2031
0.8000 -24.8540 0.2166
0.9000 -28.4711 0.2296
1.0000 -31.9906 0.2474
#TI average gradients and standard deviation in kcal/mol
0.0000 -50.9501 16.7810
0.1000 -33.2155 15.8772
0.2000 -25.4763 15.6050
0.3000 -26.0265 16.2797
0.4000 -27.0478 15.9289
0.5000 -29.0079 15.5855
0.6000 -32.3670 15.8312
0.7000 -35.0679 15.8668
0.8000 -36.0697 15.4065
0.9000 -36.2612 16.5649
1.0000 -33.9795 21.4910
#PMF from TI in kcal/mol
0.0000 0.0000
0.1000 -4.2083
0.2000 -7.1429
0.3000 -9.7180
0.4000 -12.3717
0.5000 -15.1745
0.6000 -18.2433
0.7000 -21.6150
0.8000 -25.1719
0.9000 -28.7884
1.0000 -32.3005
#MBAR free energy difference in kcal/mol: 
-31.990589, 0.247435  #WARNING SUBSAMPLING DISABLED, CONSIDER RERUN WITH SUBSAMPLING OPTION
#TI free energy difference in kcal/mol: 
-32.300464  #WARNING SUBSAMPLING DISABLED, CONSIDER RERUN WITH SUBSAMPLING OPTION 
Starting /export/users/common/BioSimSpace/sire.app/bin/analyse_freenrg: number of threads equals 32
