# Analysing data contained in file(s) ['lambda_0.0000/simfile_snipped.dat', 'lambda_0.1000/simfile_snipped.dat', 'lambda_0.2000/simfile_snipped.dat', 'lambda_0.3000/simfile_snipped.dat', 'lambda_0.4000/simfile_snipped.dat', 'lambda_0.5000/simfile_snipped.dat', 'lambda_0.6000/simfile_snipped.dat', 'lambda_0.7000/simfile_snipped.dat', 'lambda_0.8000/simfile_snipped.dat', 'lambda_0.9000/simfile_snipped.dat', 'lambda_1.0000/simfile_snipped.dat']
#Overlap matrix
0.8578 0.1277 0.0144 0.0000 0.0000 0.0000 0.0000 0.0000 0.0000 0.0000 0.0000
0.1277 0.7331 0.1388 0.0004 0.0000 0.0000 0.0000 0.0000 0.0000 0.0000 0.0000
0.0144 0.1388 0.8376 0.0089 0.0000 0.0000 0.0003 0.0000 0.0000 0.0000 0.0000
0.0000 0.0004 0.0089 0.8810 0.0463 0.0144 0.0459 0.0031 0.0000 0.0000 0.0000
0.0000 0.0000 0.0000 0.0463 0.7582 0.1911 0.0044 0.0000 0.0000 0.0000 0.0000
0.0000 0.0000 0.0000 0.0144 0.1911 0.6752 0.1187 0.0007 0.0000 0.0000 0.0000
0.0000 0.0000 0.0003 0.0459 0.0044 0.1187 0.6304 0.1964 0.0039 0.0000 0.0000
0.0000 0.0000 0.0000 0.0031 0.0000 0.0007 0.1964 0.6675 0.1323 0.0000 0.0000
0.0000 0.0000 0.0000 0.0000 0.0000 0.0000 0.0039 0.1323 0.7112 0.1508 0.0018
0.0000 0.0000 0.0000 0.0000 0.0000 0.0000 0.0000 0.0000 0.1508 0.6879 0.1613
0.0000 0.0000 0.0000 0.0000 0.0000 0.0000 0.0000 0.0000 0.0018 0.1613 0.8368
#DG from neighbouring lambda in kcal/mol
0.0000 0.1000 -3.9330 0.0651
0.1000 0.2000 -1.6555 0.0616
0.2000 0.3000 -1.7638 0.2906
0.3000 0.4000 -8.3493 0.0893
0.4000 0.5000 6.9591 0.0463
0.5000 0.6000 9.5453 0.0628
0.6000 0.7000 9.0169 0.0491
0.7000 0.8000 10.3092 0.0666
0.8000 0.9000 3.6215 0.0615
0.9000 1.0000 4.6245 0.0586
#PMF from MBAR in kcal/mol
0.0000 0.0000 0.0000
0.1000 -3.9330 0.0651
0.2000 -5.5886 0.0927
0.3000 -7.3523 0.3069
0.4000 -15.7017 0.3217
0.5000 -8.7426 0.3215
0.6000 0.8028 0.3213
0.7000 9.8197 0.3271
0.8000 20.1290 0.3359
0.9000 23.7505 0.3439
1.0000 28.3750 0.3511
#TI average gradients and standard deviation in kcal/mol
0.0000 -69.1304 14.9521
0.1000 44.3998 21.3114
0.2000 42.2320 26.3896
0.3000 -40.9096 11.6240
0.4000 -29.8896 11.6463
0.5000 249.8351 12.7944
0.6000 152.2065 13.0502
0.7000 154.6758 13.2673
0.8000 71.7825 65.6602
0.9000 42.8959 17.0306
1.0000 50.7294 12.8879
#PMF from TI in kcal/mol
0.0000 0.0000
0.1000 -1.2365
0.2000 3.0951
0.3000 3.1612
0.4000 -0.3788
0.5000 10.6185
0.6000 30.7206
0.7000 46.0647
0.8000 57.3876
0.9000 63.1215
1.0000 67.8028
#MBAR free energy difference in kcal/mol: 
28.374973, 0.351080  #WARNING SUBSAMPLING DISABLED, CONSIDER RERUN WITH SUBSAMPLING OPTION
#TI free energy difference in kcal/mol: 
67.802783  #WARNING SUBSAMPLING DISABLED, CONSIDER RERUN WITH SUBSAMPLING OPTION 
Starting /export/users/common/BioSimSpace/sire.app/bin/analyse_freenrg: number of threads equals 32
