# Analysing data contained in file(s) ['lambda_0.0000/simfile_snipped.dat', 'lambda_0.1000/simfile_snipped.dat', 'lambda_0.2000/simfile_snipped.dat', 'lambda_0.3000/simfile_snipped.dat', 'lambda_0.4000/simfile_snipped.dat', 'lambda_0.5000/simfile_snipped.dat', 'lambda_0.6000/simfile_snipped.dat', 'lambda_0.7000/simfile_snipped.dat', 'lambda_0.8000/simfile_snipped.dat', 'lambda_0.9000/simfile_snipped.dat', 'lambda_1.0000/simfile_snipped.dat']
#Overlap matrix
1.0000 0.0000 0.0000 0.0000 0.0000 0.0000 0.0000 0.0000 0.0000 0.0000 0.0000
0.0000 0.9929 0.0071 0.0000 0.0000 0.0000 0.0000 0.0000 0.0000 0.0000 0.0000
0.0000 0.0071 0.9240 0.0688 0.0001 0.0000 0.0000 0.0000 0.0000 0.0000 0.0000
0.0000 0.0000 0.0688 0.8185 0.1127 0.0000 0.0000 0.0000 0.0000 0.0000 0.0000
0.0000 0.0000 0.0001 0.1127 0.8586 0.0285 0.0000 0.0000 0.0000 0.0000 0.0000
0.0000 0.0000 0.0000 0.0000 0.0285 0.8858 0.0856 0.0000 0.0000 0.0000 0.0000
0.0000 0.0000 0.0000 0.0000 0.0000 0.0856 0.8765 0.0379 0.0000 0.0000 0.0000
0.0000 0.0000 0.0000 0.0000 0.0000 0.0000 0.0379 0.9117 0.0504 0.0000 0.0000
0.0000 0.0000 0.0000 0.0000 0.0000 0.0000 0.0000 0.0504 0.8783 0.0713 0.0000
0.0000 0.0000 0.0000 0.0000 0.0000 0.0000 0.0000 0.0000 0.0713 0.8612 0.0675
0.0000 0.0000 0.0000 0.0000 0.0000 0.0000 0.0000 0.0000 0.0000 0.0675 0.9325
#DG from neighbouring lambda in kcal/mol
0.0000 0.1000 47.2477 28.6970
0.1000 0.2000 24.5037 0.3384
0.2000 0.3000 16.6980 0.1020
0.3000 0.4000 13.4335 0.0755
0.4000 0.5000 9.2117 0.1655
0.5000 0.6000 4.4556 0.0896
0.6000 0.7000 -0.1632 0.1423
0.7000 0.8000 -6.0258 0.1217
0.8000 0.9000 -10.7237 0.0999
0.9000 1.0000 -14.5995 0.1031
#PMF from MBAR in kcal/mol
0.0000 0.0000 0.0000
0.1000 47.2477 28.6970
0.2000 71.7514 28.6990
0.3000 88.4494 28.6992
0.4000 101.8828 28.6993
0.5000 111.0946 28.6999
0.6000 115.5501 28.7000
0.7000 115.3869 28.7004
0.8000 109.3611 28.7007
0.9000 98.6374 28.7009
1.0000 84.0378 28.7011
#TI average gradients and standard deviation in kcal/mol
0.0000 657.6953 56.7092
0.1000 310.7886 32.6110
0.2000 192.8657 22.5151
0.3000 147.9126 17.0000
0.4000 120.9297 16.7533
0.5000 61.1571 17.8748
0.6000 26.2680 20.1933
0.7000 -33.5564 22.3529
0.8000 -86.5427 21.6670
0.9000 -126.5127 20.3482
1.0000 -165.7795 21.2380
#PMF from TI in kcal/mol
0.0000 0.0000
0.1000 48.4242
0.2000 73.6069
0.3000 90.6458
0.4000 104.0879
0.5000 113.1923
0.6000 117.5635
0.7000 117.1991
0.8000 111.1942
0.9000 100.5414
1.0000 85.9268
#MBAR free energy difference in kcal/mol: 
84.037821, 28.701107  #WARNING SUBSAMPLING DISABLED, CONSIDER RERUN WITH SUBSAMPLING OPTION
#TI free energy difference in kcal/mol: 
85.926785  #WARNING SUBSAMPLING DISABLED, CONSIDER RERUN WITH SUBSAMPLING OPTION 
Starting /export/users/common/BioSimSpace/sire.app/bin/analyse_freenrg: number of threads equals 32
