# Analysing data contained in file(s) ['lambda_0.0000/simfile_snipped.dat', 'lambda_0.1000/simfile_snipped.dat', 'lambda_0.2000/simfile_snipped.dat', 'lambda_0.3000/simfile_snipped.dat', 'lambda_0.4000/simfile_snipped.dat', 'lambda_0.5000/simfile_snipped.dat', 'lambda_0.6000/simfile_snipped.dat', 'lambda_0.7000/simfile_snipped.dat', 'lambda_0.8000/simfile_snipped.dat', 'lambda_0.9000/simfile_snipped.dat', 'lambda_1.0000/simfile_snipped.dat']
#Overlap matrix
0.9450 0.0550 0.0000 0.0000 0.0000 0.0000 0.0000 0.0000 0.0000 0.0000 0.0000
0.0550 0.8633 0.0816 0.0001 0.0000 0.0000 0.0000 0.0000 0.0000 0.0000 0.0000
0.0000 0.0816 0.8316 0.0868 0.0001 0.0000 0.0000 0.0000 0.0000 0.0000 0.0000
0.0000 0.0001 0.0868 0.8405 0.0727 0.0000 0.0000 0.0000 0.0000 0.0000 0.0000
0.0000 0.0000 0.0001 0.0727 0.9052 0.0221 0.0000 0.0000 0.0000 0.0000 0.0000
0.0000 0.0000 0.0000 0.0000 0.0221 0.9779 0.0000 0.0000 0.0000 0.0000 0.0000
0.0000 0.0000 0.0000 0.0000 0.0000 0.0000 0.9504 0.0496 0.0000 0.0000 0.0000
0.0000 0.0000 0.0000 0.0000 0.0000 0.0000 0.0496 0.9039 0.0465 0.0000 0.0000
0.0000 0.0000 0.0000 0.0000 0.0000 0.0000 0.0000 0.0465 0.9025 0.0510 0.0000
0.0000 0.0000 0.0000 0.0000 0.0000 0.0000 0.0000 0.0000 0.0510 0.9236 0.0255
0.0000 0.0000 0.0000 0.0000 0.0000 0.0000 0.0000 0.0000 0.0000 0.0255 0.9745
#DG from neighbouring lambda in kcal/mol
0.0000 0.1000 -0.8904 0.1159
0.1000 0.2000 -0.9066 0.0922
0.2000 0.3000 -2.2949 0.0889
0.3000 0.4000 -4.1030 0.0988
0.4000 0.5000 -7.2691 0.1894
0.5000 0.6000 -24.3262 0.2340
0.6000 0.7000 -14.5044 0.1228
0.7000 0.8000 -3.1124 0.1272
0.8000 0.9000 -2.1133 0.1209
0.9000 1.0000 -10.7580 0.1760
#PMF from MBAR in kcal/mol
0.0000 0.0000 0.0000
0.1000 -0.8904 0.1159
0.2000 -1.7970 0.1536
0.3000 -4.0919 0.1820
0.4000 -8.1949 0.2110
0.5000 -15.4639 0.2865
0.6000 -39.7901 0.1984
0.7000 -54.2945 0.1713
0.8000 -57.4069 0.1605
0.9000 -59.5202 0.1704
1.0000 -70.2781 0.2204
#TI average gradients and standard deviation in kcal/mol
0.0000 285377316.0839 5810322750.3106
0.1000 -4.3467 20.5647
0.2000 -13.3815 18.5733
0.3000 -30.7651 18.3990
0.4000 -52.6754 23.3088
0.5000 -86.2589 31.4333
0.6000 -262.7102 34.7717
0.7000 -57.4542 17.7152
0.8000 -21.1906 20.7103
0.9000 -45.9603 46.6298
1.0000 -106.3032 23.0613
#PMF from TI in kcal/mol
0.0000 0.0000
0.1000 14268865.5869
0.2000 14268864.7004
0.3000 14268862.4931
0.4000 14268858.3211
0.5000 14268851.3744
0.6000 14268833.9259
0.7000 14268817.9177
0.8000 14268813.9855
0.9000 14268810.6279
1.0000 14268803.0147
#MBAR free energy difference in kcal/mol: 
-70.278132, 0.220446  #WARNING SUBSAMPLING DISABLED, CONSIDER RERUN WITH SUBSAMPLING OPTION
#TI free energy difference in kcal/mol: 
14268803.014741  #WARNING SUBSAMPLING DISABLED, CONSIDER RERUN WITH SUBSAMPLING OPTION 
Starting /export/users/common/BioSimSpace/sire.app/bin/analyse_freenrg: number of threads equals 32
