# Analysing data contained in file(s) ['lambda_0.0000/simfile_snipped.dat', 'lambda_0.1000/simfile_snipped.dat', 'lambda_0.2000/simfile_snipped.dat', 'lambda_0.3000/simfile_snipped.dat', 'lambda_0.4000/simfile_snipped.dat', 'lambda_0.5000/simfile_snipped.dat', 'lambda_0.6000/simfile_snipped.dat', 'lambda_0.7000/simfile_snipped.dat', 'lambda_0.8000/simfile_snipped.dat', 'lambda_0.9000/simfile_snipped.dat', 'lambda_1.0000/simfile_snipped.dat']
#Overlap matrix
0.9141 0.0816 0.0041 0.0002 0.0000 0.0000 0.0000 0.0000 0.0000 0.0000 0.0000
0.0816 0.6319 0.2590 0.0273 0.0002 0.0000 0.0000 0.0000 0.0000 0.0000 0.0000
0.0041 0.2590 0.5618 0.1700 0.0050 0.0000 0.0000 0.0000 0.0000 0.0000 0.0000
0.0002 0.0273 0.1700 0.6033 0.1931 0.0050 0.0005 0.0006 0.0000 0.0000 0.0000
0.0000 0.0002 0.0050 0.1931 0.6799 0.1054 0.0069 0.0092 0.0002 0.0000 0.0000
0.0000 0.0000 0.0000 0.0050 0.1054 0.7471 0.1219 0.0198 0.0007 0.0000 0.0000
0.0000 0.0000 0.0000 0.0005 0.0069 0.1219 0.7873 0.0810 0.0024 0.0000 0.0000
0.0000 0.0000 0.0000 0.0006 0.0092 0.0198 0.0810 0.7221 0.1657 0.0016 0.0000
0.0000 0.0000 0.0000 0.0000 0.0002 0.0007 0.0024 0.1657 0.7036 0.1271 0.0004
0.0000 0.0000 0.0000 0.0000 0.0000 0.0000 0.0000 0.0016 0.1271 0.7717 0.0997
0.0000 0.0000 0.0000 0.0000 0.0000 0.0000 0.0000 0.0000 0.0004 0.0997 0.9000
#DG from neighbouring lambda in kcal/mol
0.0000 0.1000 0.2055 0.0895
0.1000 0.2000 -0.1458 0.0351
0.2000 0.3000 0.0129 0.0499
0.3000 0.4000 -1.7267 0.0491
0.4000 0.5000 -0.6500 0.0704
0.5000 0.6000 1.2717 0.0623
0.6000 0.7000 4.7123 0.0778
0.7000 0.8000 5.1533 0.0567
0.8000 0.9000 6.7720 0.0691
0.9000 1.0000 9.1271 0.0815
#PMF from MBAR in kcal/mol
0.0000 0.0000 0.0000
0.1000 0.2055 0.0895
0.2000 0.0598 0.1030
0.3000 0.0726 0.1183
0.4000 -1.6541 0.1337
0.5000 -2.3041 0.1553
0.6000 -1.0324 0.1684
0.7000 3.6799 0.1800
0.8000 8.8333 0.1923
0.9000 15.6053 0.2081
1.0000 24.7324 0.2271
#TI average gradients and standard deviation in kcal/mol
0.0000 -62.9540 16.3366
0.1000 124.2545 80.7979
0.2000 10.4604 13.7179
0.3000 -9.4102 13.0791
0.4000 -23.0747 13.1032
0.5000 -15.0964 13.1196
0.6000 17.1992 20.1887
0.7000 15.2572 16.5268
0.8000 23.6809 13.1659
0.9000 171.8815 32.2988
1.0000 126.7819 27.8652
#PMF from TI in kcal/mol
0.0000 0.0000
0.1000 3.0650
0.2000 9.8008
0.3000 9.8533
0.4000 8.2290
0.5000 6.3205
0.6000 6.4256
0.7000 8.0484
0.8000 9.9953
0.9000 19.7735
1.0000 34.7066
#MBAR free energy difference in kcal/mol: 
24.732420, 0.227070  #WARNING SUBSAMPLING DISABLED, CONSIDER RERUN WITH SUBSAMPLING OPTION
#TI free energy difference in kcal/mol: 
34.706623  #WARNING SUBSAMPLING DISABLED, CONSIDER RERUN WITH SUBSAMPLING OPTION 
Starting /export/users/common/BioSimSpace/sire.app/bin/analyse_freenrg: number of threads equals 32
