# Analysing data contained in file(s) ['lambda_0.0000/simfile_snipped.dat', 'lambda_0.1000/simfile_snipped.dat', 'lambda_0.2000/simfile_snipped.dat', 'lambda_0.3000/simfile_snipped.dat', 'lambda_0.4000/simfile_snipped.dat', 'lambda_0.5000/simfile_snipped.dat', 'lambda_0.6000/simfile_snipped.dat', 'lambda_0.7000/simfile_snipped.dat', 'lambda_0.8000/simfile_snipped.dat', 'lambda_0.9000/simfile_snipped.dat', 'lambda_1.0000/simfile_snipped.dat']
#Overlap matrix
0.7646 0.2200 0.0152 0.0002 0.0000 0.0000 0.0000 0.0000 0.0000 0.0000 0.0000
0.2200 0.5429 0.2189 0.0178 0.0003 0.0000 0.0000 0.0000 0.0000 0.0000 0.0000
0.0152 0.2189 0.5128 0.2323 0.0205 0.0003 0.0000 0.0000 0.0000 0.0000 0.0000
0.0002 0.0178 0.2323 0.5109 0.2218 0.0167 0.0002 0.0000 0.0000 0.0000 0.0000
0.0000 0.0003 0.0205 0.2218 0.5231 0.2179 0.0162 0.0002 0.0000 0.0000 0.0000
0.0000 0.0000 0.0003 0.0167 0.2179 0.5229 0.2277 0.0144 0.0001 0.0000 0.0000
0.0000 0.0000 0.0000 0.0002 0.0162 0.2277 0.5466 0.2019 0.0073 0.0000 0.0000
0.0000 0.0000 0.0000 0.0000 0.0002 0.0144 0.2019 0.5908 0.1890 0.0038 0.0000
0.0000 0.0000 0.0000 0.0000 0.0000 0.0001 0.0073 0.1890 0.6327 0.1707 0.0002
0.0000 0.0000 0.0000 0.0000 0.0000 0.0000 0.0000 0.0038 0.1707 0.7627 0.0628
0.0000 0.0000 0.0000 0.0000 0.0000 0.0000 0.0000 0.0000 0.0002 0.0628 0.9370
#DG from neighbouring lambda in kcal/mol
0.0000 0.1000 -6.6450 0.0434
0.1000 0.2000 -3.1413 0.0407
0.2000 0.3000 -3.8142 0.0379
0.3000 0.4000 -5.3126 0.0396
0.4000 0.5000 -7.1102 0.0409
0.5000 0.6000 -8.9338 0.0397
0.6000 0.7000 -10.8259 0.0455
0.7000 0.8000 -13.1434 0.0500
0.8000 0.9000 -15.8698 0.0556
0.9000 1.0000 -20.2765 0.1073
#PMF from MBAR in kcal/mol
0.0000 0.0000 0.0000
0.1000 -6.6450 0.0434
0.2000 -9.7862 0.0690
0.3000 -13.6004 0.0862
0.4000 -18.9130 0.1009
0.5000 -26.0232 0.1145
0.6000 -34.9570 0.1262
0.7000 -45.7829 0.1388
0.8000 -58.9263 0.1521
0.9000 -74.7960 0.1665
1.0000 -95.0726 0.2022
#TI average gradients and standard deviation in kcal/mol
0.0000 -121.6994 14.6316
0.1000 -36.0288 11.3550
0.2000 -32.2020 10.7935
0.3000 -44.9751 10.9433
0.4000 -61.7637 11.0620
0.5000 -80.6179 11.4950
0.6000 -97.5037 10.8678
0.7000 -119.8989 12.0281
0.8000 -144.3765 14.0162
0.9000 -174.6575 16.9704
1.0000 -239.1496 27.5126
#PMF from TI in kcal/mol
0.0000 0.0000
0.1000 -7.8864
0.2000 -11.2979
0.3000 -15.1568
0.4000 -20.4937
0.5000 -27.6128
0.6000 -36.5189
0.7000 -47.3890
0.8000 -60.6028
0.9000 -76.5545
1.0000 -97.2449
#MBAR free energy difference in kcal/mol: 
-95.072571, 0.202152  #WARNING SUBSAMPLING DISABLED, CONSIDER RERUN WITH SUBSAMPLING OPTION
#TI free energy difference in kcal/mol: 
-97.244859  #WARNING SUBSAMPLING DISABLED, CONSIDER RERUN WITH SUBSAMPLING OPTION 
Starting /export/users/common/BioSimSpace/sire.app/bin/analyse_freenrg: number of threads equals 32
