# Analysing data contained in file(s) ['lambda_0.0000/simfile_snipped.dat', 'lambda_0.1000/simfile_snipped.dat', 'lambda_0.2000/simfile_snipped.dat', 'lambda_0.3000/simfile_snipped.dat', 'lambda_0.4000/simfile_snipped.dat', 'lambda_0.5000/simfile_snipped.dat', 'lambda_0.6000/simfile_snipped.dat', 'lambda_0.7000/simfile_snipped.dat', 'lambda_0.8000/simfile_snipped.dat', 'lambda_0.9000/simfile_snipped.dat', 'lambda_1.0000/simfile_snipped.dat']
#Overlap matrix
0.7213 0.2537 0.0242 0.0008 0.0000 0.0000 0.0000 0.0000 0.0000 0.0000 0.0000
0.2537 0.4898 0.2205 0.0344 0.0017 0.0000 0.0000 0.0000 0.0000 0.0000 0.0000
0.0242 0.2205 0.4607 0.2558 0.0371 0.0016 0.0000 0.0000 0.0000 0.0000 0.0000
0.0008 0.0344 0.2558 0.4530 0.2200 0.0335 0.0024 0.0001 0.0000 0.0000 0.0000
0.0000 0.0017 0.0371 0.2200 0.4459 0.2453 0.0476 0.0023 0.0000 0.0000 0.0000
0.0000 0.0000 0.0016 0.0335 0.2453 0.4491 0.2409 0.0282 0.0014 0.0000 0.0000
0.0000 0.0000 0.0000 0.0024 0.0476 0.2409 0.4716 0.2076 0.0283 0.0016 0.0000
0.0000 0.0000 0.0000 0.0001 0.0023 0.0282 0.2076 0.5000 0.2267 0.0338 0.0013
0.0000 0.0000 0.0000 0.0000 0.0000 0.0014 0.0283 0.2267 0.4939 0.2279 0.0217
0.0000 0.0000 0.0000 0.0000 0.0000 0.0000 0.0016 0.0338 0.2279 0.5451 0.1914
0.0000 0.0000 0.0000 0.0000 0.0000 0.0000 0.0000 0.0013 0.0217 0.1914 0.7855
#DG from neighbouring lambda in kcal/mol
0.0000 0.1000 -0.0944 0.0366
0.1000 0.2000 -0.2844 0.0368
0.2000 0.3000 -0.3362 0.0304
0.3000 0.4000 -0.4444 0.0351
0.4000 0.5000 -0.6629 0.0306
0.5000 0.6000 -0.6909 0.0318
0.6000 0.7000 -1.0459 0.0387
0.7000 0.8000 -1.3684 0.0354
0.8000 0.9000 -1.1790 0.0362
0.9000 1.0000 0.6566 0.0474
#PMF from MBAR in kcal/mol
0.0000 0.0000 0.0000
0.1000 -0.0944 0.0366
0.2000 -0.3787 0.0618
0.3000 -0.7149 0.0760
0.4000 -1.1594 0.0895
0.5000 -1.8223 0.1000
0.6000 -2.5132 0.1090
0.7000 -3.5590 0.1203
0.8000 -4.9274 0.1294
0.9000 -6.1064 0.1379
1.0000 -5.4498 0.1494
#TI average gradients and standard deviation in kcal/mol
0.0000 -4.6977 12.5246
0.1000 1.8733 11.7299
0.2000 -7.4086 10.4020
0.3000 0.5866 9.7368
0.4000 -8.1317 10.2849
0.5000 -5.5918 9.8581
0.6000 -7.5056 10.6057
0.7000 -13.1416 10.1972
0.8000 -14.8875 10.6698
0.9000 -7.5402 11.5283
1.0000 25.9915 14.0998
#PMF from TI in kcal/mol
0.0000 0.0000
0.1000 -0.1412
0.2000 -0.4180
0.3000 -0.7591
0.4000 -1.1363
0.5000 -1.8225
0.6000 -2.4774
0.7000 -3.5098
0.8000 -4.9112
0.9000 -6.0326
1.0000 -5.1100
#MBAR free energy difference in kcal/mol: 
-5.449776, 0.149412  #WARNING SUBSAMPLING DISABLED, CONSIDER RERUN WITH SUBSAMPLING OPTION
#TI free energy difference in kcal/mol: 
-5.110028  #WARNING SUBSAMPLING DISABLED, CONSIDER RERUN WITH SUBSAMPLING OPTION 
Starting /export/users/common/BioSimSpace/sire.app/bin/analyse_freenrg: number of threads equals 32
