# Analysing data contained in file(s) ['lambda_0.0000/simfile_snipped.dat', 'lambda_0.1000/simfile_snipped.dat', 'lambda_0.2000/simfile_snipped.dat', 'lambda_0.3000/simfile_snipped.dat', 'lambda_0.4000/simfile_snipped.dat', 'lambda_0.5000/simfile_snipped.dat', 'lambda_0.6000/simfile_snipped.dat', 'lambda_0.7000/simfile_snipped.dat', 'lambda_0.8000/simfile_snipped.dat', 'lambda_0.9000/simfile_snipped.dat', 'lambda_1.0000/simfile_snipped.dat']
#Overlap matrix
0.9707 0.0293 0.0000 0.0000 0.0000 0.0000 0.0000 0.0000 0.0000 0.0000 0.0000
0.0293 0.9232 0.0475 0.0000 0.0000 0.0000 0.0000 0.0000 0.0000 0.0000 0.0000
0.0000 0.0475 0.8993 0.0531 0.0000 0.0000 0.0000 0.0000 0.0000 0.0000 0.0000
0.0000 0.0000 0.0531 0.8871 0.0597 0.0000 0.0000 0.0000 0.0000 0.0000 0.0000
0.0000 0.0000 0.0000 0.0597 0.8668 0.0735 0.0000 0.0000 0.0000 0.0000 0.0000
0.0000 0.0000 0.0000 0.0000 0.0735 0.8526 0.0738 0.0000 0.0000 0.0000 0.0000
0.0000 0.0000 0.0000 0.0000 0.0000 0.0738 0.8411 0.0850 0.0001 0.0000 0.0000
0.0000 0.0000 0.0000 0.0000 0.0000 0.0000 0.0850 0.8248 0.0901 0.0001 0.0000
0.0000 0.0000 0.0000 0.0000 0.0000 0.0000 0.0001 0.0901 0.8105 0.0993 0.0001
0.0000 0.0000 0.0000 0.0000 0.0000 0.0000 0.0000 0.0001 0.0993 0.8302 0.0705
0.0000 0.0000 0.0000 0.0000 0.0000 0.0000 0.0000 0.0000 0.0001 0.0705 0.9294
#DG from neighbouring lambda in kcal/mol
0.0000 0.1000 -0.6096 0.1634
0.1000 0.2000 -0.3096 0.1257
0.2000 0.3000 -0.0543 0.1182
0.3000 0.4000 -0.1517 0.1106
0.4000 0.5000 -0.4413 0.0981
0.5000 0.6000 -0.5002 0.0979
0.6000 0.7000 -0.5623 0.0900
0.7000 0.8000 -0.6055 0.0868
0.8000 0.9000 -0.9668 0.0818
0.9000 1.0000 -1.6894 0.1005
#PMF from MBAR in kcal/mol
0.0000 0.0000 0.0000
0.1000 -0.6096 0.1634
0.2000 -0.9192 0.2102
0.3000 -0.9735 0.2446
0.4000 -1.1252 0.2715
0.5000 -1.5665 0.2915
0.6000 -2.0667 0.3102
0.7000 -2.6290 0.3256
0.8000 -3.2345 0.3394
0.9000 -4.2012 0.3514
1.0000 -5.8907 0.3678
#TI average gradients and standard deviation in kcal/mol
0.0000 -9.2369 22.5983
0.1000 -5.9381 22.9022
0.2000 -0.8055 21.1537
0.3000 -0.5234 20.6454
0.4000 -4.0610 20.8243
0.5000 -4.1433 19.3760
0.6000 -5.1070 17.9276
0.7000 -5.4673 16.7587
0.8000 -7.8554 17.5873
0.9000 -10.4920 16.8561
1.0000 -30.9343 22.9848
#PMF from TI in kcal/mol
0.0000 0.0000
0.1000 -0.7588
0.2000 -1.0959
0.3000 -1.1624
0.4000 -1.3916
0.5000 -1.8018
0.6000 -2.2643
0.7000 -2.7930
0.8000 -3.4592
0.9000 -4.3765
1.0000 -6.4479
#MBAR free energy difference in kcal/mol: 
-5.890661, 0.367776  #WARNING SUBSAMPLING DISABLED, CONSIDER RERUN WITH SUBSAMPLING OPTION
#TI free energy difference in kcal/mol: 
-6.447857  #WARNING SUBSAMPLING DISABLED, CONSIDER RERUN WITH SUBSAMPLING OPTION 
Starting /export/users/common/BioSimSpace/sire.app/bin/analyse_freenrg: number of threads equals 32
