# Analysing data contained in file(s) ['lambda_0.0000/simfile_snipped.dat', 'lambda_0.1000/simfile_snipped.dat', 'lambda_0.2000/simfile_snipped.dat', 'lambda_0.3000/simfile_snipped.dat', 'lambda_0.4000/simfile_snipped.dat', 'lambda_0.5000/simfile_snipped.dat', 'lambda_0.6000/simfile_snipped.dat', 'lambda_0.7000/simfile_snipped.dat', 'lambda_0.8000/simfile_snipped.dat', 'lambda_0.9000/simfile_snipped.dat', 'lambda_1.0000/simfile_snipped.dat']
#Overlap matrix
0.9503 0.0497 0.0000 0.0000 0.0000 0.0000 0.0000 0.0000 0.0000 0.0000 0.0000
0.0497 0.8480 0.1021 0.0001 0.0000 0.0000 0.0000 0.0000 0.0000 0.0000 0.0000
0.0000 0.1021 0.7996 0.0981 0.0001 0.0000 0.0000 0.0000 0.0000 0.0000 0.0000
0.0000 0.0001 0.0981 0.7986 0.1030 0.0002 0.0000 0.0000 0.0000 0.0000 0.0000
0.0000 0.0000 0.0001 0.1030 0.7884 0.1082 0.0003 0.0000 0.0000 0.0000 0.0000
0.0000 0.0000 0.0000 0.0002 0.1082 0.7765 0.1148 0.0003 0.0000 0.0000 0.0000
0.0000 0.0000 0.0000 0.0000 0.0003 0.1148 0.7628 0.1217 0.0004 0.0000 0.0000
0.0000 0.0000 0.0000 0.0000 0.0000 0.0003 0.1217 0.7553 0.1224 0.0003 0.0000
0.0000 0.0000 0.0000 0.0000 0.0000 0.0000 0.0004 0.1224 0.7595 0.1176 0.0001
0.0000 0.0000 0.0000 0.0000 0.0000 0.0000 0.0000 0.0003 0.1176 0.8005 0.0816
0.0000 0.0000 0.0000 0.0000 0.0000 0.0000 0.0000 0.0000 0.0001 0.0816 0.9183
#DG from neighbouring lambda in kcal/mol
0.0000 0.1000 -6.3990 0.1226
0.1000 0.2000 -0.4421 0.0804
0.2000 0.3000 2.8108 0.0824
0.3000 0.4000 4.9328 0.0799
0.4000 0.5000 6.9877 0.0774
0.5000 0.6000 9.0090 0.0744
0.6000 0.7000 10.8192 0.0716
0.7000 0.8000 12.4800 0.0713
0.8000 0.9000 13.7283 0.0733
0.9000 1.0000 14.1105 0.0922
#PMF from MBAR in kcal/mol
0.0000 0.0000 0.0000
0.1000 -6.3990 0.1226
0.2000 -6.8411 0.1521
0.3000 -4.0303 0.1777
0.4000 0.9025 0.1990
0.5000 7.8903 0.2173
0.6000 16.8993 0.2332
0.7000 27.7185 0.2472
0.8000 40.1985 0.2604
0.9000 53.9269 0.2735
1.0000 68.0374 0.2915
#TI average gradients and standard deviation in kcal/mol
0.0000 -121.9415 22.8710
0.1000 -26.4911 18.6704
0.2000 14.8594 16.8997
0.3000 38.6613 18.0703
0.4000 60.1522 16.8887
0.5000 79.5593 16.1016
0.6000 99.5072 16.8646
0.7000 117.1977 15.9354
0.8000 131.8651 15.9436
0.9000 141.0041 17.5840
1.0000 140.1583 20.0906
#PMF from TI in kcal/mol
0.0000 0.0000
0.1000 -7.4216
0.2000 -8.0032
0.3000 -5.3272
0.4000 -0.3865
0.5000 6.5991
0.6000 15.5524
0.7000 26.3876
0.8000 38.8408
0.9000 52.4842
1.0000 66.5423
#MBAR free energy difference in kcal/mol: 
68.037421, 0.291470  #WARNING SUBSAMPLING DISABLED, CONSIDER RERUN WITH SUBSAMPLING OPTION
#TI free energy difference in kcal/mol: 
66.542338  #WARNING SUBSAMPLING DISABLED, CONSIDER RERUN WITH SUBSAMPLING OPTION 
Starting /export/users/common/BioSimSpace/sire.app/bin/analyse_freenrg: number of threads equals 32
