# Analysing data contained in file(s) ['lambda_0.0000/simfile_snipped.dat', 'lambda_0.1000/simfile_snipped.dat', 'lambda_0.2000/simfile_snipped.dat', 'lambda_0.3000/simfile_snipped.dat', 'lambda_0.4000/simfile_snipped.dat', 'lambda_0.5000/simfile_snipped.dat', 'lambda_0.6000/simfile_snipped.dat', 'lambda_0.7000/simfile_snipped.dat', 'lambda_0.8000/simfile_snipped.dat', 'lambda_0.9000/simfile_snipped.dat', 'lambda_1.0000/simfile_snipped.dat']
#Overlap matrix
1.0000 0.0000 0.0000 0.0000 0.0000 0.0000 0.0000 0.0000 0.0000 0.0000 0.0000
0.0000 0.9420 0.0580 0.0000 0.0000 0.0000 0.0000 0.0000 0.0000 0.0000 0.0000
0.0000 0.0580 0.8586 0.0834 0.0000 0.0000 0.0000 0.0000 0.0000 0.0000 0.0000
0.0000 0.0000 0.0834 0.8767 0.0399 0.0000 0.0000 0.0000 0.0000 0.0000 0.0000
0.0000 0.0000 0.0000 0.0399 0.9542 0.0059 0.0000 0.0000 0.0000 0.0000 0.0000
0.0000 0.0000 0.0000 0.0000 0.0059 0.9566 0.0374 0.0000 0.0000 0.0000 0.0000
0.0000 0.0000 0.0000 0.0000 0.0000 0.0374 0.9315 0.0311 0.0000 0.0000 0.0000
0.0000 0.0000 0.0000 0.0000 0.0000 0.0000 0.0311 0.8880 0.0809 0.0000 0.0000
0.0000 0.0000 0.0000 0.0000 0.0000 0.0000 0.0000 0.0809 0.8460 0.0730 0.0000
0.0000 0.0000 0.0000 0.0000 0.0000 0.0000 0.0000 0.0000 0.0730 0.8710 0.0560
0.0000 0.0000 0.0000 0.0000 0.0000 0.0000 0.0000 0.0000 0.0000 0.0560 0.9440
#DG from neighbouring lambda in kcal/mol
0.0000 0.1000 -20.1370 6.5692
0.1000 0.2000 -17.5762 0.1125
0.2000 0.3000 -13.4116 0.0911
0.3000 0.4000 -9.0578 0.1383
0.4000 0.5000 -5.8673 0.3720
0.5000 0.6000 -9.9471 0.1433
0.6000 0.7000 -9.1840 0.1583
0.7000 0.8000 -9.3499 0.0927
0.8000 0.9000 -7.7610 0.0985
0.9000 1.0000 -4.5072 0.1148
#PMF from MBAR in kcal/mol
0.0000 0.0000 0.0000
0.1000 -20.1370 6.5692
0.2000 -37.7132 6.5703
0.3000 -51.1248 6.5711
0.4000 -60.1826 6.5727
0.5000 -66.0499 6.5833
0.6000 -75.9969 6.5850
0.7000 -85.1809 6.5870
0.8000 -94.5309 6.5878
0.9000 -102.2919 6.5887
1.0000 -106.7991 6.5898
#TI average gradients and standard deviation in kcal/mol
0.0000 -137.6096 21.6996
0.1000 -210.9176 26.1132
0.2000 -153.4451 19.5836
0.3000 -112.7403 19.3462
0.4000 -68.7762 23.6737
0.5000 -87.6288 27.1694
0.6000 -93.1600 23.6966
0.7000 -98.1861 21.5002
0.8000 -86.5020 20.9764
0.9000 -65.8793 20.1413
1.0000 -13.2227 21.4734
#PMF from TI in kcal/mol
0.0000 0.0000
0.1000 -17.4264
0.2000 -35.6445
0.3000 -48.9538
0.4000 -58.0296
0.5000 -65.8498
0.6000 -74.8893
0.7000 -84.4566
0.8000 -93.6910
0.9000 -101.3101
1.0000 -105.2652
#MBAR free energy difference in kcal/mol: 
-106.799059, 6.589779  #WARNING SUBSAMPLING DISABLED, CONSIDER RERUN WITH SUBSAMPLING OPTION
#TI free energy difference in kcal/mol: 
-105.265158  #WARNING SUBSAMPLING DISABLED, CONSIDER RERUN WITH SUBSAMPLING OPTION 
Starting /export/users/common/BioSimSpace/sire.app/bin/analyse_freenrg: number of threads equals 32
