# Analysing data contained in file(s) ['lambda_0.0000/simfile_snipped.dat', 'lambda_0.1000/simfile_snipped.dat', 'lambda_0.2000/simfile_snipped.dat', 'lambda_0.3000/simfile_snipped.dat', 'lambda_0.4000/simfile_snipped.dat', 'lambda_0.5000/simfile_snipped.dat', 'lambda_0.6000/simfile_snipped.dat', 'lambda_0.7000/simfile_snipped.dat', 'lambda_0.8000/simfile_snipped.dat', 'lambda_0.9000/simfile_snipped.dat', 'lambda_1.0000/simfile_snipped.dat']
#Overlap matrix
0.9353 0.0647 0.0001 0.0000 0.0000 0.0000 0.0000 0.0000 0.0000 0.0000 0.0000
0.0647 0.8281 0.1068 0.0005 0.0000 0.0000 0.0000 0.0000 0.0000 0.0000 0.0000
0.0001 0.1068 0.7558 0.1367 0.0007 0.0000 0.0000 0.0000 0.0000 0.0000 0.0000
0.0000 0.0005 0.1367 0.7324 0.1297 0.0008 0.0000 0.0000 0.0000 0.0000 0.0000
0.0000 0.0000 0.0007 0.1297 0.7264 0.1424 0.0008 0.0000 0.0000 0.0000 0.0000
0.0000 0.0000 0.0000 0.0008 0.1424 0.7177 0.1385 0.0007 0.0000 0.0000 0.0000
0.0000 0.0000 0.0000 0.0000 0.0008 0.1385 0.7290 0.1311 0.0006 0.0000 0.0000
0.0000 0.0000 0.0000 0.0000 0.0000 0.0007 0.1311 0.7374 0.1304 0.0004 0.0000
0.0000 0.0000 0.0000 0.0000 0.0000 0.0000 0.0006 0.1304 0.7516 0.1173 0.0001
0.0000 0.0000 0.0000 0.0000 0.0000 0.0000 0.0000 0.0004 0.1173 0.8098 0.0725
0.0000 0.0000 0.0000 0.0000 0.0000 0.0000 0.0000 0.0000 0.0001 0.0725 0.9275
#DG from neighbouring lambda in kcal/mol
0.0000 0.1000 -8.4498 0.1057
0.1000 0.2000 -5.5547 0.0779
0.2000 0.3000 -5.0826 0.0661
0.3000 0.4000 -5.6247 0.0683
0.4000 0.5000 -6.5012 0.0641
0.5000 0.6000 -7.4396 0.0654
0.6000 0.7000 -8.5678 0.0679
0.7000 0.8000 -9.7087 0.0682
0.8000 0.9000 -10.6812 0.0734
0.9000 1.0000 -11.3895 0.0989
#PMF from MBAR in kcal/mol
0.0000 0.0000 0.0000
0.1000 -8.4498 0.1057
0.2000 -14.0046 0.1374
0.3000 -19.0871 0.1577
0.4000 -24.7119 0.1764
0.5000 -31.2131 0.1919
0.6000 -38.6527 0.2066
0.7000 -47.2205 0.2211
0.8000 -56.9292 0.2349
0.9000 -67.6104 0.2493
1.0000 -78.9999 0.2713
#TI average gradients and standard deviation in kcal/mol
0.0000 -119.9703 24.6225
0.1000 -62.7489 20.3641
0.2000 -50.4044 15.9057
0.3000 -52.0081 14.7830
0.4000 -61.4828 15.9804
0.5000 -69.1830 16.2946
0.6000 -79.5003 16.1589
0.7000 -91.3950 15.6770
0.8000 -102.2931 15.9777
0.9000 -111.1930 17.7491
1.0000 -116.5035 25.5082
#PMF from TI in kcal/mol
0.0000 0.0000
0.1000 -9.1360
0.2000 -14.7936
0.3000 -19.9142
0.4000 -25.5888
0.5000 -32.1221
0.6000 -39.5562
0.7000 -48.1010
0.8000 -57.7854
0.9000 -68.4597
1.0000 -79.8445
#MBAR free energy difference in kcal/mol: 
-78.999927, 0.271286  #WARNING SUBSAMPLING DISABLED, CONSIDER RERUN WITH SUBSAMPLING OPTION
#TI free energy difference in kcal/mol: 
-79.844547  #WARNING SUBSAMPLING DISABLED, CONSIDER RERUN WITH SUBSAMPLING OPTION 
Starting /export/users/common/BioSimSpace/sire.app/bin/analyse_freenrg: number of threads equals 32
