# Analysing data contained in file(s) ['lambda_0.0000/simfile_snipped.dat', 'lambda_0.1000/simfile_snipped.dat', 'lambda_0.2000/simfile_snipped.dat', 'lambda_0.3000/simfile_snipped.dat', 'lambda_0.4000/simfile_snipped.dat', 'lambda_0.5000/simfile_snipped.dat', 'lambda_0.6000/simfile_snipped.dat', 'lambda_0.7000/simfile_snipped.dat', 'lambda_0.8000/simfile_snipped.dat', 'lambda_0.9000/simfile_snipped.dat', 'lambda_1.0000/simfile_snipped.dat']
#Overlap matrix
0.8591 0.1397 0.0012 0.0000 0.0000 0.0000 0.0000 0.0000 0.0000 0.0000 0.0000
0.1397 0.7173 0.1419 0.0011 0.0000 0.0000 0.0000 0.0000 0.0000 0.0000 0.0000
0.0012 0.1419 0.6992 0.1558 0.0019 0.0000 0.0000 0.0000 0.0000 0.0000 0.0000
0.0000 0.0011 0.1558 0.6791 0.1613 0.0027 0.0000 0.0000 0.0000 0.0000 0.0000
0.0000 0.0000 0.0019 0.1613 0.6597 0.1739 0.0032 0.0000 0.0000 0.0000 0.0000
0.0000 0.0000 0.0000 0.0027 0.1739 0.6404 0.1784 0.0046 0.0000 0.0000 0.0000
0.0000 0.0000 0.0000 0.0000 0.0032 0.1784 0.6299 0.1828 0.0056 0.0000 0.0000
0.0000 0.0000 0.0000 0.0000 0.0000 0.0046 0.1828 0.6148 0.1902 0.0076 0.0001
0.0000 0.0000 0.0000 0.0000 0.0000 0.0000 0.0056 0.1902 0.5856 0.2091 0.0095
0.0000 0.0000 0.0000 0.0000 0.0000 0.0000 0.0000 0.0076 0.2091 0.5686 0.2147
0.0000 0.0000 0.0000 0.0000 0.0000 0.0000 0.0000 0.0001 0.0095 0.2147 0.7758
#DG from neighbouring lambda in kcal/mol
0.0000 0.1000 4.1082 0.0651
0.1000 0.2000 3.6124 0.0640
0.2000 0.3000 2.9399 0.0597
0.3000 0.4000 2.4417 0.0578
0.4000 0.5000 1.9975 0.0544
0.5000 0.6000 1.4790 0.0530
0.6000 0.7000 0.9867 0.0514
0.7000 0.8000 0.4424 0.0493
0.8000 0.9000 -0.0803 0.0450
0.9000 1.0000 -0.6536 0.0453
#PMF from MBAR in kcal/mol
0.0000 0.0000 0.0000
0.1000 4.1082 0.0651
0.2000 7.7207 0.0995
0.3000 10.6606 0.1227
0.4000 13.1023 0.1412
0.5000 15.0998 0.1562
0.6000 16.5788 0.1694
0.7000 17.5655 0.1811
0.8000 18.0079 0.1915
0.9000 17.9277 0.2002
1.0000 17.2740 0.2085
#TI average gradients and standard deviation in kcal/mol
0.0000 44.0282 15.1211
0.1000 38.9644 14.1717
0.2000 32.2617 15.1171
0.3000 26.7612 14.4509
0.4000 22.3754 13.2942
0.5000 17.5337 13.1018
0.6000 11.9322 12.6708
0.7000 7.3974 13.2021
0.8000 1.8285 11.7748
0.9000 -3.5143 12.1323
1.0000 -9.5168 11.1417
#PMF from TI in kcal/mol
0.0000 0.0000
0.1000 4.1496
0.2000 7.7109
0.3000 10.6621
0.4000 13.1189
0.5000 15.1144
0.6000 16.5877
0.7000 17.5541
0.8000 18.0154
0.9000 17.9312
1.0000 17.2796
#MBAR free energy difference in kcal/mol: 
17.274036, 0.208524  #WARNING SUBSAMPLING DISABLED, CONSIDER RERUN WITH SUBSAMPLING OPTION
#TI free energy difference in kcal/mol: 
17.279600  #WARNING SUBSAMPLING DISABLED, CONSIDER RERUN WITH SUBSAMPLING OPTION 
Starting /export/users/common/BioSimSpace/sire.app/bin/analyse_freenrg: number of threads equals 32
