# Analysing data contained in file(s) ['lambda_0.0000/simfile_snipped.dat', 'lambda_0.1000/simfile_snipped.dat', 'lambda_0.2000/simfile_snipped.dat', 'lambda_0.3000/simfile_snipped.dat', 'lambda_0.4000/simfile_snipped.dat', 'lambda_0.5000/simfile_snipped.dat', 'lambda_0.6000/simfile_snipped.dat', 'lambda_0.7000/simfile_snipped.dat', 'lambda_0.8000/simfile_snipped.dat', 'lambda_0.9000/simfile_snipped.dat', 'lambda_1.0000/simfile_snipped.dat']
#Overlap matrix
0.9831 0.0169 0.0000 0.0000 0.0000 0.0000 0.0000 0.0000 0.0000 0.0000 0.0000
0.0169 0.9666 0.0165 0.0000 0.0000 0.0000 0.0000 0.0000 0.0000 0.0000 0.0000
0.0000 0.0165 0.9700 0.0135 0.0000 0.0000 0.0000 0.0000 0.0000 0.0000 0.0000
0.0000 0.0000 0.0135 0.9603 0.0262 0.0000 0.0000 0.0000 0.0000 0.0000 0.0000
0.0000 0.0000 0.0000 0.0262 0.9456 0.0282 0.0000 0.0000 0.0000 0.0000 0.0000
0.0000 0.0000 0.0000 0.0000 0.0282 0.9358 0.0361 0.0000 0.0000 0.0000 0.0000
0.0000 0.0000 0.0000 0.0000 0.0000 0.0361 0.9207 0.0432 0.0000 0.0000 0.0000
0.0000 0.0000 0.0000 0.0000 0.0000 0.0000 0.0432 0.9073 0.0495 0.0000 0.0000
0.0000 0.0000 0.0000 0.0000 0.0000 0.0000 0.0000 0.0495 0.8889 0.0616 0.0000
0.0000 0.0000 0.0000 0.0000 0.0000 0.0000 0.0000 0.0000 0.0616 0.8756 0.0628
0.0000 0.0000 0.0000 0.0000 0.0000 0.0000 0.0000 0.0000 0.0000 0.0628 0.9372
#DG from neighbouring lambda in kcal/mol
0.0000 0.1000 0.7956 0.2178
0.1000 0.2000 1.9952 0.2207
0.2000 0.3000 2.2714 0.2449
0.3000 0.4000 2.6933 0.1733
0.4000 0.5000 2.5397 0.1668
0.5000 0.6000 2.5820 0.1461
0.6000 0.7000 2.4310 0.1326
0.7000 0.8000 2.7452 0.1229
0.8000 0.9000 2.5673 0.1087
0.9000 1.0000 2.4633 0.1075
#PMF from MBAR in kcal/mol
0.0000 0.0000 0.0000
0.1000 0.7956 0.2178
0.2000 2.7909 0.3127
0.3000 5.0622 0.3993
0.4000 7.7556 0.4372
0.5000 10.2952 0.4697
0.6000 12.8772 0.4936
0.7000 15.3082 0.5127
0.8000 18.0534 0.5288
0.9000 20.6207 0.5414
1.0000 23.0840 0.5535
#TI average gradients and standard deviation in kcal/mol
0.0000 4.0743 29.5276
0.1000 15.6778 25.5821
0.2000 23.5106 24.9116
0.3000 22.7688 23.3996
0.4000 24.4022 23.5576
0.5000 24.4300 23.5040
0.6000 25.4697 22.1553
0.7000 25.8329 19.7458
0.8000 26.2183 20.6206
0.9000 25.7284 19.2458
1.0000 27.2110 18.6082
#PMF from TI in kcal/mol
0.0000 0.0000
0.1000 0.9876
0.2000 2.9470
0.3000 5.2610
0.4000 7.6196
0.5000 10.0612
0.6000 12.5561
0.7000 15.1213
0.8000 17.7238
0.9000 20.3212
1.0000 22.9681
#MBAR free energy difference in kcal/mol: 
23.084009, 0.553458  #WARNING SUBSAMPLING DISABLED, CONSIDER RERUN WITH SUBSAMPLING OPTION
#TI free energy difference in kcal/mol: 
22.968145  #WARNING SUBSAMPLING DISABLED, CONSIDER RERUN WITH SUBSAMPLING OPTION 
Starting /export/users/common/BioSimSpace/sire.app/bin/analyse_freenrg: number of threads equals 32
