# Analysing data contained in file(s) ['lambda_0.0000/simfile_snipped.dat', 'lambda_0.1000/simfile_snipped.dat', 'lambda_0.2000/simfile_snipped.dat', 'lambda_0.3000/simfile_snipped.dat', 'lambda_0.4000/simfile_snipped.dat', 'lambda_0.5000/simfile_snipped.dat', 'lambda_0.6000/simfile_snipped.dat', 'lambda_0.7000/simfile_snipped.dat', 'lambda_0.8000/simfile_snipped.dat', 'lambda_0.9000/simfile_snipped.dat', 'lambda_1.0000/simfile_snipped.dat']
#Overlap matrix
0.8166 0.1760 0.0073 0.0001 0.0000 0.0000 0.0000 0.0000 0.0000 0.0000 0.0000
0.1760 0.5985 0.2091 0.0161 0.0003 0.0000 0.0000 0.0000 0.0000 0.0000 0.0000
0.0073 0.2091 0.5324 0.2273 0.0232 0.0007 0.0000 0.0000 0.0000 0.0000 0.0000
0.0001 0.0161 0.2273 0.4864 0.2387 0.0303 0.0011 0.0000 0.0000 0.0000 0.0000
0.0000 0.0003 0.0232 0.2387 0.4688 0.2336 0.0338 0.0016 0.0000 0.0000 0.0000
0.0000 0.0000 0.0007 0.0303 0.2336 0.4573 0.2370 0.0388 0.0022 0.0000 0.0000
0.0000 0.0000 0.0000 0.0011 0.0338 0.2370 0.4389 0.2442 0.0432 0.0017 0.0000
0.0000 0.0000 0.0000 0.0000 0.0016 0.0388 0.2442 0.4364 0.2452 0.0333 0.0005
0.0000 0.0000 0.0000 0.0000 0.0000 0.0022 0.0432 0.2452 0.4527 0.2389 0.0178
0.0000 0.0000 0.0000 0.0000 0.0000 0.0000 0.0017 0.0333 0.2389 0.5274 0.1986
0.0000 0.0000 0.0000 0.0000 0.0000 0.0000 0.0000 0.0005 0.0178 0.1986 0.7830
#DG from neighbouring lambda in kcal/mol
0.0000 0.1000 11.8375 0.0536
0.1000 0.2000 8.5420 0.0439
0.2000 0.3000 5.6023 0.0384
0.3000 0.4000 2.8798 0.0349
0.4000 0.5000 0.3247 0.0342
0.5000 0.6000 -2.1383 0.0326
0.6000 0.7000 -4.4742 0.0307
0.7000 0.8000 -6.5621 0.0312
0.8000 0.9000 -8.1280 0.0351
0.9000 1.0000 -7.5996 0.0468
#PMF from MBAR in kcal/mol
0.0000 0.0000 0.0000
0.1000 11.8375 0.0536
0.2000 20.3795 0.0786
0.3000 25.9818 0.0942
0.4000 28.8616 0.1061
0.5000 29.1863 0.1162
0.6000 27.0480 0.1250
0.7000 22.5738 0.1326
0.8000 16.0117 0.1397
0.9000 7.8837 0.1477
1.0000 0.2841 0.1588
#TI average gradients and standard deviation in kcal/mol
0.0000 137.0005 15.8137
0.1000 101.4309 11.8356
0.2000 69.9383 10.5138
0.3000 42.1299 10.5559
0.4000 15.7624 9.3603
0.5000 -9.6815 10.2404
0.6000 -33.0965 9.6795
0.7000 -55.4853 8.9660
0.8000 -75.1313 9.8185
0.9000 -84.2473 10.5261
1.0000 -57.4949 14.1494
#PMF from TI in kcal/mol
0.0000 0.0000
0.1000 11.9216
0.2000 20.4900
0.3000 26.0934
0.4000 28.9881
0.5000 29.2921
0.6000 27.1532
0.7000 22.7241
0.8000 16.1933
0.9000 8.2243
1.0000 1.1372
#MBAR free energy difference in kcal/mol: 
0.284107, 0.158816  #WARNING SUBSAMPLING DISABLED, CONSIDER RERUN WITH SUBSAMPLING OPTION
#TI free energy difference in kcal/mol: 
1.137238  #WARNING SUBSAMPLING DISABLED, CONSIDER RERUN WITH SUBSAMPLING OPTION 
Starting /export/users/common/BioSimSpace/sire.app/bin/analyse_freenrg: number of threads equals 32
