# Analysing data contained in file(s) ['lambda_0.0000/simfile_snipped.dat', 'lambda_0.1000/simfile_snipped.dat', 'lambda_0.2000/simfile_snipped.dat', 'lambda_0.3000/simfile_snipped.dat', 'lambda_0.4000/simfile_snipped.dat', 'lambda_0.5000/simfile_snipped.dat', 'lambda_0.6000/simfile_snipped.dat', 'lambda_0.7000/simfile_snipped.dat', 'lambda_0.8000/simfile_snipped.dat', 'lambda_0.9000/simfile_snipped.dat', 'lambda_1.0000/simfile_snipped.dat']
#Overlap matrix
0.8879 0.1105 0.0016 0.0000 0.0000 0.0000 0.0000 0.0000 0.0000 0.0000 0.0000
0.1105 0.7188 0.1664 0.0043 0.0000 0.0000 0.0000 0.0000 0.0000 0.0000 0.0000
0.0016 0.1664 0.6562 0.1701 0.0057 0.0000 0.0000 0.0000 0.0000 0.0000 0.0000
0.0000 0.0043 0.1701 0.6241 0.1929 0.0085 0.0000 0.0000 0.0000 0.0000 0.0000
0.0000 0.0000 0.0057 0.1929 0.5952 0.1997 0.0064 0.0000 0.0000 0.0000 0.0000
0.0000 0.0000 0.0000 0.0085 0.1997 0.6016 0.1801 0.0100 0.0001 0.0000 0.0000
0.0000 0.0000 0.0000 0.0000 0.0064 0.1801 0.5809 0.2219 0.0105 0.0000 0.0000
0.0000 0.0000 0.0000 0.0000 0.0000 0.0100 0.2219 0.5688 0.1920 0.0071 0.0001
0.0000 0.0000 0.0000 0.0000 0.0000 0.0001 0.0105 0.1920 0.5803 0.2046 0.0125
0.0000 0.0000 0.0000 0.0000 0.0000 0.0000 0.0000 0.0071 0.2046 0.5809 0.2073
0.0000 0.0000 0.0000 0.0000 0.0000 0.0000 0.0000 0.0001 0.0125 0.2073 0.7801
#DG from neighbouring lambda in kcal/mol
0.0000 0.1000 -1.6957 0.0758
0.1000 0.2000 -0.4284 0.0562
0.2000 0.3000 -0.0567 0.0544
0.3000 0.4000 -0.1748 0.0485
0.4000 0.5000 -0.3501 0.0471
0.5000 0.6000 -0.8490 0.0507
0.6000 0.7000 -1.0953 0.0422
0.7000 0.8000 -1.2832 0.0480
0.8000 0.9000 -1.4821 0.0453
0.9000 1.0000 -0.4734 0.0461
#PMF from MBAR in kcal/mol
0.0000 0.0000 0.0000
0.1000 -1.6957 0.0758
0.2000 -2.1241 0.1022
0.3000 -2.1808 0.1218
0.4000 -2.3555 0.1364
0.5000 -2.7056 0.1489
0.6000 -3.5546 0.1617
0.7000 -4.6499 0.1710
0.8000 -5.9330 0.1813
0.9000 -7.4151 0.1906
1.0000 -7.8885 0.1993
#TI average gradients and standard deviation in kcal/mol
0.0000 -28.1706 17.8381
0.1000 -9.0444 15.5093
0.2000 -0.7499 13.6579
0.3000 -0.9527 13.2920
0.4000 -2.3992 12.2991
0.5000 -5.0392 12.6674
0.6000 -11.2021 12.2049
0.7000 -10.9895 11.8580
0.8000 -14.8459 11.8112
0.9000 -13.1581 11.3661
1.0000 -257638.4724 2809736.1987
#PMF from TI in kcal/mol
0.0000 0.0000
0.1000 -1.8607
0.2000 -2.3505
0.3000 -2.4356
0.4000 -2.6032
0.5000 -2.9751
0.6000 -3.7872
0.7000 -4.8968
0.8000 -6.1885
0.9000 -7.5887
1.0000 -12890.1702
#MBAR free energy difference in kcal/mol: 
-7.888535, 0.199290  #WARNING SUBSAMPLING DISABLED, CONSIDER RERUN WITH SUBSAMPLING OPTION
#TI free energy difference in kcal/mol: 
-12890.170246  #WARNING SUBSAMPLING DISABLED, CONSIDER RERUN WITH SUBSAMPLING OPTION 
Starting /export/users/common/BioSimSpace/sire.app/bin/analyse_freenrg: number of threads equals 32
