# Analysing data contained in file(s) ['lambda_0.0000/simfile_snipped.dat', 'lambda_0.1000/simfile_snipped.dat', 'lambda_0.2000/simfile_snipped.dat', 'lambda_0.3000/simfile_snipped.dat', 'lambda_0.4000/simfile_snipped.dat', 'lambda_0.5000/simfile_snipped.dat', 'lambda_0.6000/simfile_snipped.dat', 'lambda_0.7000/simfile_snipped.dat', 'lambda_0.8000/simfile_snipped.dat', 'lambda_0.9000/simfile_snipped.dat', 'lambda_1.0000/simfile_snipped.dat']
#Overlap matrix
0.8036 0.1832 0.0128 0.0004 0.0000 0.0000 0.0000 0.0000 0.0000 0.0000 0.0000
0.1832 0.5784 0.2167 0.0211 0.0007 0.0000 0.0000 0.0000 0.0000 0.0000 0.0000
0.0128 0.2167 0.5238 0.2208 0.0250 0.0009 0.0000 0.0000 0.0000 0.0000 0.0000
0.0004 0.0211 0.2208 0.4995 0.2282 0.0287 0.0013 0.0000 0.0000 0.0000 0.0000
0.0000 0.0007 0.0250 0.2282 0.4764 0.2318 0.0361 0.0019 0.0000 0.0000 0.0000
0.0000 0.0000 0.0009 0.0287 0.2318 0.4540 0.2424 0.0401 0.0019 0.0000 0.0000
0.0000 0.0000 0.0000 0.0013 0.0361 0.2424 0.4421 0.2392 0.0366 0.0021 0.0001
0.0000 0.0000 0.0000 0.0000 0.0019 0.0401 0.2392 0.4397 0.2318 0.0435 0.0038
0.0000 0.0000 0.0000 0.0000 0.0000 0.0019 0.0366 0.2318 0.4200 0.2493 0.0603
0.0000 0.0000 0.0000 0.0000 0.0000 0.0000 0.0021 0.0435 0.2493 0.4167 0.2884
0.0000 0.0000 0.0000 0.0000 0.0000 0.0000 0.0001 0.0038 0.0603 0.2884 0.6475
#DG from neighbouring lambda in kcal/mol
0.0000 0.1000 4.4480 0.0508
0.1000 0.2000 5.9366 0.0409
0.2000 0.3000 5.4543 0.0385
0.3000 0.4000 4.5426 0.0363
0.4000 0.5000 3.5150 0.0343
0.5000 0.6000 2.5332 0.0315
0.6000 0.7000 1.5408 0.0318
0.7000 0.8000 0.4743 0.0322
0.8000 0.9000 -0.4421 0.0280
0.9000 1.0000 -1.1855 0.0278
#PMF from MBAR in kcal/mol
0.0000 0.0000 0.0000
0.1000 4.4480 0.0508
0.2000 10.3846 0.0740
0.3000 15.8389 0.0899
0.4000 20.3814 0.1025
0.5000 23.8964 0.1130
0.6000 26.4296 0.1216
0.7000 27.9704 0.1295
0.8000 28.4447 0.1373
0.9000 28.0026 0.1435
1.0000 26.8172 0.1491
#TI average gradients and standard deviation in kcal/mol
0.0000 20.9478 12.7535
0.1000 57.4321 13.2909
0.2000 58.6888 11.2208
0.3000 49.4651 10.9548
0.4000 40.7788 10.5710
0.5000 30.1997 8.7140
0.6000 20.2477 8.7593
0.7000 11.0045 8.7169
0.8000 -0.6722 8.4056
0.9000 -8.2016 7.9954
1.0000 -13.8266 8.0452
#PMF from TI in kcal/mol
0.0000 0.0000
0.1000 3.9190
0.2000 9.7250
0.3000 15.1327
0.4000 19.6449
0.5000 23.1939
0.6000 25.7162
0.7000 27.2788
0.8000 27.7955
0.9000 27.3518
1.0000 26.2504
#MBAR free energy difference in kcal/mol: 
26.817160, 0.149061  #WARNING SUBSAMPLING DISABLED, CONSIDER RERUN WITH SUBSAMPLING OPTION
#TI free energy difference in kcal/mol: 
26.250355  #WARNING SUBSAMPLING DISABLED, CONSIDER RERUN WITH SUBSAMPLING OPTION 
Starting /export/users/common/BioSimSpace/sire.app/bin/analyse_freenrg: number of threads equals 32
