# Analysing data contained in file(s) ['lambda_0.0000/simfile_snipped.dat', 'lambda_0.1000/simfile_snipped.dat', 'lambda_0.2000/simfile_snipped.dat', 'lambda_0.3000/simfile_snipped.dat', 'lambda_0.4000/simfile_snipped.dat', 'lambda_0.5000/simfile_snipped.dat', 'lambda_0.6000/simfile_snipped.dat', 'lambda_0.7000/simfile_snipped.dat', 'lambda_0.8000/simfile_snipped.dat', 'lambda_0.9000/simfile_snipped.dat', 'lambda_1.0000/simfile_snipped.dat']
#Overlap matrix
0.8900 0.1096 0.0003 0.0000 0.0000 0.0000 0.0000 0.0000 0.0000 0.0000 0.0000
0.1096 0.7514 0.1380 0.0009 0.0000 0.0000 0.0000 0.0000 0.0000 0.0000 0.0000
0.0003 0.1380 0.7190 0.1416 0.0010 0.0000 0.0000 0.0000 0.0000 0.0000 0.0000
0.0000 0.0009 0.1416 0.7153 0.1416 0.0006 0.0000 0.0000 0.0000 0.0000 0.0000
0.0000 0.0000 0.0010 0.1416 0.7312 0.1261 0.0002 0.0000 0.0000 0.0000 0.0000
0.0000 0.0000 0.0000 0.0006 0.1261 0.7693 0.1040 0.0000 0.0000 0.0000 0.0000
0.0000 0.0000 0.0000 0.0000 0.0002 0.1040 0.8389 0.0570 0.0000 0.0000 0.0000
0.0000 0.0000 0.0000 0.0000 0.0000 0.0000 0.0570 0.9282 0.0149 0.0000 0.0000
0.0000 0.0000 0.0000 0.0000 0.0000 0.0000 0.0000 0.0149 0.9808 0.0044 0.0000
0.0000 0.0000 0.0000 0.0000 0.0000 0.0000 0.0000 0.0000 0.0044 0.9863 0.0094
0.0000 0.0000 0.0000 0.0000 0.0000 0.0000 0.0000 0.0000 0.0000 0.0094 0.9906
#DG from neighbouring lambda in kcal/mol
0.0000 0.1000 6.9183 0.0767
0.1000 0.2000 6.1589 0.0656
0.2000 0.3000 5.8345 0.0642
0.3000 0.4000 5.4010 0.0643
0.4000 0.5000 4.4423 0.0699
0.5000 0.6000 2.5338 0.0794
0.6000 0.7000 -0.8622 0.1136
0.7000 0.8000 -7.8730 0.2327
0.8000 0.9000 -20.0945 0.4343
0.9000 1.0000 -30.4857 0.2951
#PMF from MBAR in kcal/mol
0.0000 0.0000 0.0000
0.1000 6.9183 0.0767
0.2000 13.0772 0.1087
0.3000 18.9118 0.1324
0.4000 24.3128 0.1524
0.5000 28.7550 0.1724
0.6000 31.2888 0.1941
0.7000 30.4267 0.2286
0.8000 22.5537 0.3288
0.9000 2.4592 0.5462
1.0000 -28.0265 0.6222
#TI average gradients and standard deviation in kcal/mol
0.0000 73.9142 17.5451
0.1000 64.5265 17.1066
0.2000 60.3414 14.9516
0.3000 56.4922 14.5781
0.4000 49.8336 15.8250
0.5000 36.7166 18.0512
0.6000 12.6876 19.5659
0.7000 -34.2871 24.2064
0.8000 -135.0715 31.6886
0.9000 -257.6696 28.0238
1.0000 -345.1032 25.7044
#PMF from TI in kcal/mol
0.0000 0.0000
0.1000 6.9220
0.2000 13.1654
0.3000 19.0071
0.4000 24.3234
0.5000 28.6509
0.6000 31.1211
0.7000 30.0411
0.8000 21.5732
0.9000 1.9362
1.0000 -28.2025
#MBAR free energy difference in kcal/mol: 
-28.026549, 0.622165  #WARNING SUBSAMPLING DISABLED, CONSIDER RERUN WITH SUBSAMPLING OPTION
#TI free energy difference in kcal/mol: 
-28.202472  #WARNING SUBSAMPLING DISABLED, CONSIDER RERUN WITH SUBSAMPLING OPTION 
Starting /export/users/common/BioSimSpace/sire.app/bin/analyse_freenrg: number of threads equals 32
