# Analysing data contained in file(s) ['lambda_0.0000/simfile_snipped.dat', 'lambda_0.1000/simfile_snipped.dat', 'lambda_0.2000/simfile_snipped.dat', 'lambda_0.3000/simfile_snipped.dat', 'lambda_0.4000/simfile_snipped.dat', 'lambda_0.5000/simfile_snipped.dat', 'lambda_0.6000/simfile_snipped.dat', 'lambda_0.7000/simfile_snipped.dat', 'lambda_0.8000/simfile_snipped.dat', 'lambda_0.9000/simfile_snipped.dat', 'lambda_1.0000/simfile_snipped.dat']
#Overlap matrix
1.0000 0.0000 0.0000 0.0000 0.0000 0.0000 0.0000 0.0000 0.0000 0.0000 0.0000
0.0000 0.9192 0.0804 0.0005 0.0000 0.0000 0.0000 0.0000 0.0000 0.0000 0.0000
0.0000 0.0804 0.7529 0.1638 0.0030 0.0000 0.0000 0.0000 0.0000 0.0000 0.0000
0.0000 0.0005 0.1638 0.6432 0.1861 0.0063 0.0000 0.0000 0.0000 0.0000 0.0000
0.0000 0.0000 0.0030 0.1861 0.5917 0.2107 0.0084 0.0000 0.0000 0.0000 0.0000
0.0000 0.0000 0.0000 0.0063 0.2107 0.5797 0.1967 0.0065 0.0000 0.0000 0.0000
0.0000 0.0000 0.0000 0.0000 0.0084 0.1967 0.5999 0.1889 0.0060 0.0000 0.0000
0.0000 0.0000 0.0000 0.0000 0.0000 0.0065 0.1889 0.6119 0.1909 0.0017 0.0000
0.0000 0.0000 0.0000 0.0000 0.0000 0.0000 0.0060 0.1909 0.6848 0.1183 0.0000
0.0000 0.0000 0.0000 0.0000 0.0000 0.0000 0.0000 0.0017 0.1183 0.8799 0.0000
0.0000 0.0000 0.0000 0.0000 0.0000 0.0000 0.0000 0.0000 0.0000 0.0000 1.0000
#DG from neighbouring lambda in kcal/mol
0.0000 0.1000 34.2369 0.1209
0.1000 0.2000 7.4566 0.0928
0.2000 0.3000 5.0522 0.0575
0.3000 0.4000 3.8092 0.0509
0.4000 0.5000 3.0466 0.0451
0.5000 0.6000 2.4560 0.0477
0.6000 0.7000 1.6880 0.0497
0.7000 0.8000 0.8495 0.0503
0.8000 0.9000 -0.8242 0.0725
0.9000 1.0000 -104.0051 0.1071
#PMF from MBAR in kcal/mol
0.0000 0.0000 0.0000
0.1000 34.2369 0.1209
0.2000 41.6935 0.0816
0.3000 46.7457 0.0632
0.4000 50.5549 0.0517
0.5000 53.6014 0.0481
0.6000 56.0575 0.0520
0.7000 57.7455 0.0632
0.8000 58.5950 0.0786
0.9000 57.7708 0.1071
1.0000 -46.2343 0.0000
#TI average gradients and standard deviation in kcal/mol
0.0000 5282.8829 201.6182
0.1000 101.1831 25.0154
0.2000 58.8520 15.0105
0.3000 43.2698 13.6747
0.4000 33.0402 12.8303
0.5000 27.9608 13.4023
0.6000 21.0559 12.9729
0.7000 13.1237 12.9311
0.8000 2.9768 14.1647
0.9000 -25.4395 21.0074
1.0000 -5467.4747 157.7842
#PMF from TI in kcal/mol
0.0000 0.0000
0.1000 269.2033
0.2000 277.2050
0.3000 282.3111
0.4000 286.1266
0.5000 289.1767
0.6000 291.6275
0.7000 293.3365
0.8000 294.1415
0.9000 293.0184
1.0000 18.3727
#MBAR free energy difference in kcal/mol: 
-46.234346, 0.000000  #WARNING SUBSAMPLING DISABLED, CONSIDER RERUN WITH SUBSAMPLING OPTION
#TI free energy difference in kcal/mol: 
18.372692  #WARNING SUBSAMPLING DISABLED, CONSIDER RERUN WITH SUBSAMPLING OPTION 
Starting /export/users/common/BioSimSpace/sire.app/bin/analyse_freenrg: number of threads equals 32
