# Analysing data contained in file(s) ['lambda_0.0000/simfile_snipped.dat', 'lambda_0.1000/simfile_snipped.dat', 'lambda_0.2000/simfile_snipped.dat', 'lambda_0.3000/simfile_snipped.dat', 'lambda_0.4000/simfile_snipped.dat', 'lambda_0.5000/simfile_snipped.dat', 'lambda_0.6000/simfile_snipped.dat', 'lambda_0.7000/simfile_snipped.dat', 'lambda_0.8000/simfile_snipped.dat', 'lambda_0.9000/simfile_snipped.dat', 'lambda_1.0000/simfile_snipped.dat']
#Overlap matrix
0.9985 0.0015 0.0000 0.0000 0.0000 0.0000 0.0000 0.0000 0.0000 0.0000 0.0000
0.0015 0.9458 0.0526 0.0000 0.0000 0.0000 0.0000 0.0000 0.0000 0.0000 0.0000
0.0000 0.0526 0.8625 0.0847 0.0001 0.0000 0.0000 0.0000 0.0000 0.0000 0.0000
0.0000 0.0000 0.0847 0.8059 0.1092 0.0002 0.0000 0.0000 0.0000 0.0000 0.0000
0.0000 0.0000 0.0001 0.1092 0.7674 0.1227 0.0006 0.0000 0.0000 0.0000 0.0000
0.0000 0.0000 0.0000 0.0002 0.1227 0.7395 0.1367 0.0009 0.0000 0.0000 0.0000
0.0000 0.0000 0.0000 0.0000 0.0006 0.1367 0.7115 0.1496 0.0017 0.0000 0.0000
0.0000 0.0000 0.0000 0.0000 0.0000 0.0009 0.1496 0.6797 0.1670 0.0028 0.0000
0.0000 0.0000 0.0000 0.0000 0.0000 0.0000 0.0017 0.1670 0.6609 0.1675 0.0030
0.0000 0.0000 0.0000 0.0000 0.0000 0.0000 0.0000 0.0028 0.1675 0.6446 0.1851
0.0000 0.0000 0.0000 0.0000 0.0000 0.0000 0.0000 0.0000 0.0030 0.1851 0.8120
#DG from neighbouring lambda in kcal/mol
0.0000 0.1000 17.2991 0.7313
0.1000 0.2000 9.7215 0.1188
0.2000 0.3000 6.5787 0.0902
0.3000 0.4000 4.6146 0.0770
0.4000 0.5000 2.9522 0.0712
0.5000 0.6000 1.9199 0.0659
0.6000 0.7000 1.0520 0.0616
0.7000 0.8000 0.5559 0.0564
0.8000 0.9000 0.7389 0.0560
0.9000 1.0000 3.1290 0.0525
#PMF from MBAR in kcal/mol
0.0000 0.0000 0.0000
0.1000 17.2991 0.7313
0.2000 27.0206 0.7421
0.3000 33.5992 0.7486
0.4000 38.2138 0.7537
0.5000 41.1661 0.7581
0.6000 43.0860 0.7620
0.7000 44.1380 0.7655
0.8000 44.6940 0.7686
0.9000 45.4328 0.7716
1.0000 48.5618 0.7744
#TI average gradients and standard deviation in kcal/mol
0.0000 491.6097 310.1889
0.1000 119.3040 22.3754
0.2000 78.8000 19.7826
0.3000 54.5231 18.4530
0.4000 37.2461 18.3149
0.5000 24.4359 15.3681
0.6000 13.9628 14.9912
0.7000 7.3420 15.1861
0.8000 5.2263 14.1054
0.9000 12.2392 13.9068
1.0000 64.2007 13.9645
#PMF from TI in kcal/mol
0.0000 0.0000
0.1000 30.5457
0.2000 40.4509
0.3000 47.1170
0.4000 51.7055
0.5000 54.7896
0.6000 56.7095
0.7000 57.7748
0.8000 58.4032
0.9000 59.2765
1.0000 63.0985
#MBAR free energy difference in kcal/mol: 
48.561803, 0.774387  #WARNING SUBSAMPLING DISABLED, CONSIDER RERUN WITH SUBSAMPLING OPTION
#TI free energy difference in kcal/mol: 
63.098461  #WARNING SUBSAMPLING DISABLED, CONSIDER RERUN WITH SUBSAMPLING OPTION 
Starting /export/users/common/BioSimSpace/sire.app/bin/analyse_freenrg: number of threads equals 32
