# Analysing data contained in file(s) ['lambda_0.0000/simfile_snipped.dat', 'lambda_0.1000/simfile_snipped.dat', 'lambda_0.2000/simfile_snipped.dat', 'lambda_0.3000/simfile_snipped.dat', 'lambda_0.4000/simfile_snipped.dat', 'lambda_0.5000/simfile_snipped.dat', 'lambda_0.6000/simfile_snipped.dat', 'lambda_0.7000/simfile_snipped.dat', 'lambda_0.8000/simfile_snipped.dat', 'lambda_0.9000/simfile_snipped.dat', 'lambda_1.0000/simfile_snipped.dat']
#Overlap matrix
0.8614 0.1379 0.0007 0.0000 0.0000 0.0000 0.0000 0.0000 0.0000 0.0000 0.0000
0.1379 0.7280 0.1334 0.0007 0.0000 0.0000 0.0000 0.0000 0.0000 0.0000 0.0000
0.0007 0.1334 0.7290 0.1357 0.0012 0.0000 0.0000 0.0000 0.0000 0.0000 0.0000
0.0000 0.0007 0.1357 0.7017 0.1596 0.0022 0.0000 0.0000 0.0000 0.0000 0.0000
0.0000 0.0000 0.0012 0.1596 0.6678 0.1688 0.0026 0.0000 0.0000 0.0000 0.0000
0.0000 0.0000 0.0000 0.0022 0.1688 0.6481 0.1760 0.0048 0.0000 0.0000 0.0000
0.0000 0.0000 0.0000 0.0000 0.0026 0.1760 0.6286 0.1867 0.0061 0.0000 0.0000
0.0000 0.0000 0.0000 0.0000 0.0000 0.0048 0.1867 0.6022 0.1966 0.0096 0.0001
0.0000 0.0000 0.0000 0.0000 0.0000 0.0000 0.0061 0.1966 0.5775 0.2068 0.0131
0.0000 0.0000 0.0000 0.0000 0.0000 0.0000 0.0000 0.0096 0.2068 0.5509 0.2327
0.0000 0.0000 0.0000 0.0000 0.0000 0.0000 0.0000 0.0001 0.0131 0.2327 0.7541
#DG from neighbouring lambda in kcal/mol
0.0000 0.1000 0.0776 0.0658
0.1000 0.2000 0.2645 0.0671
0.2000 0.3000 0.1308 0.0661
0.3000 0.4000 0.0558 0.0586
0.4000 0.5000 0.1273 0.0559
0.5000 0.6000 0.0339 0.0536
0.6000 0.7000 0.0975 0.0505
0.7000 0.8000 0.0657 0.0475
0.8000 0.9000 0.0687 0.0444
0.9000 1.0000 0.0470 0.0416
#PMF from MBAR in kcal/mol
0.0000 0.0000 0.0000
0.1000 0.0776 0.0658
0.2000 0.3421 0.1021
0.3000 0.4729 0.1280
0.4000 0.5287 0.1463
0.5000 0.6560 0.1614
0.6000 0.6899 0.1745
0.7000 0.7873 0.1856
0.8000 0.8530 0.1953
0.9000 0.9217 0.2036
1.0000 0.9687 0.2108
#TI average gradients and standard deviation in kcal/mol
0.0000 -1.3017 16.3382
0.1000 2.8233 15.6927
0.2000 2.0165 15.6047
0.3000 0.0813 15.3144
0.4000 1.1999 14.1787
0.5000 1.2021 13.6114
0.6000 0.4633 12.1200
0.7000 0.7179 13.1259
0.8000 0.6640 11.8998
0.9000 0.8699 11.4913
1.0000 0.6370 10.2347
#PMF from TI in kcal/mol
0.0000 0.0000
0.1000 0.0761
0.2000 0.3181
0.3000 0.4230
0.4000 0.4870
0.5000 0.6071
0.6000 0.6904
0.7000 0.7494
0.8000 0.8185
0.9000 0.8952
1.0000 0.9706
#MBAR free energy difference in kcal/mol: 
0.968736, 0.210828  #WARNING SUBSAMPLING DISABLED, CONSIDER RERUN WITH SUBSAMPLING OPTION
#TI free energy difference in kcal/mol: 
0.970582  #WARNING SUBSAMPLING DISABLED, CONSIDER RERUN WITH SUBSAMPLING OPTION 
Starting /export/users/common/BioSimSpace/sire.app/bin/analyse_freenrg: number of threads equals 32
