# Analysing data contained in file(s) ['lambda_0.0000/simfile_snipped.dat', 'lambda_0.1000/simfile_snipped.dat', 'lambda_0.2000/simfile_snipped.dat', 'lambda_0.3000/simfile_snipped.dat', 'lambda_0.4000/simfile_snipped.dat', 'lambda_0.5000/simfile_snipped.dat', 'lambda_0.6000/simfile_snipped.dat', 'lambda_0.7000/simfile_snipped.dat', 'lambda_0.8000/simfile_snipped.dat', 'lambda_0.9000/simfile_snipped.dat', 'lambda_1.0000/simfile_snipped.dat']
#Overlap matrix
0.8255 0.1664 0.0080 0.0002 0.0000 0.0000 0.0000 0.0000 0.0000 0.0000 0.0000
0.1664 0.5889 0.2239 0.0204 0.0005 0.0000 0.0000 0.0000 0.0000 0.0000 0.0000
0.0080 0.2239 0.5169 0.2265 0.0240 0.0007 0.0000 0.0000 0.0000 0.0000 0.0000
0.0002 0.0204 0.2265 0.4892 0.2348 0.0280 0.0008 0.0000 0.0000 0.0000 0.0000
0.0000 0.0005 0.0240 0.2348 0.4822 0.2299 0.0277 0.0009 0.0000 0.0000 0.0000
0.0000 0.0000 0.0007 0.0280 0.2299 0.4746 0.2361 0.0298 0.0010 0.0000 0.0000
0.0000 0.0000 0.0000 0.0008 0.0277 0.2361 0.4741 0.2303 0.0299 0.0010 0.0000
0.0000 0.0000 0.0000 0.0000 0.0009 0.0298 0.2303 0.4696 0.2374 0.0309 0.0011
0.0000 0.0000 0.0000 0.0000 0.0000 0.0010 0.0299 0.2374 0.4640 0.2361 0.0315
0.0000 0.0000 0.0000 0.0000 0.0000 0.0000 0.0010 0.0309 0.2361 0.4752 0.2568
0.0000 0.0000 0.0000 0.0000 0.0000 0.0000 0.0000 0.0011 0.0315 0.2568 0.7105
#DG from neighbouring lambda in kcal/mol
0.0000 0.1000 -4.2155 0.0557
0.1000 0.2000 -2.6216 0.0406
0.2000 0.3000 -1.5267 0.0379
0.3000 0.4000 -0.8742 0.0356
0.4000 0.5000 -0.3560 0.0358
0.5000 0.6000 0.1287 0.0347
0.6000 0.7000 0.5973 0.0352
0.7000 0.8000 1.0607 0.0341
0.8000 0.9000 1.5322 0.0342
0.9000 1.0000 2.0221 0.0353
#PMF from MBAR in kcal/mol
0.0000 0.0000 0.0000
0.1000 -4.2155 0.0557
0.2000 -6.8371 0.0781
0.3000 -8.3638 0.0933
0.4000 -9.2380 0.1055
0.5000 -9.5941 0.1162
0.6000 -9.4654 0.1258
0.7000 -8.8681 0.1347
0.8000 -7.8074 0.1428
0.9000 -6.2753 0.1505
1.0000 -4.2532 0.1580
#TI average gradients and standard deviation in kcal/mol
0.0000 -52.5032 15.4501
0.1000 -33.3492 12.2673
0.2000 -20.0589 10.7770
0.3000 -11.7784 11.0981
0.4000 -5.6387 10.0363
0.5000 -1.3090 10.8945
0.6000 4.2400 9.3431
0.7000 7.6991 10.0312
0.8000 13.3170 10.1654
0.9000 17.3790 9.7763
1.0000 24.7891 11.9335
#PMF from TI in kcal/mol
0.0000 0.0000
0.1000 -4.2926
0.2000 -6.9630
0.3000 -8.5549
0.4000 -9.4258
0.5000 -9.7731
0.6000 -9.6266
0.7000 -9.0296
0.8000 -7.9788
0.9000 -6.4440
1.0000 -4.3356
#MBAR free energy difference in kcal/mol: 
-4.253172, 0.157954  #WARNING SUBSAMPLING DISABLED, CONSIDER RERUN WITH SUBSAMPLING OPTION
#TI free energy difference in kcal/mol: 
-4.335631  #WARNING SUBSAMPLING DISABLED, CONSIDER RERUN WITH SUBSAMPLING OPTION 
Starting /export/users/common/BioSimSpace/sire.app/bin/analyse_freenrg: number of threads equals 32
