# Analysing data contained in file(s) ['lambda_0.0000/simfile_snipped.dat', 'lambda_0.1000/simfile_snipped.dat', 'lambda_0.2000/simfile_snipped.dat', 'lambda_0.3000/simfile_snipped.dat', 'lambda_0.4000/simfile_snipped.dat', 'lambda_0.5000/simfile_snipped.dat', 'lambda_0.6000/simfile_snipped.dat', 'lambda_0.7000/simfile_snipped.dat', 'lambda_0.8000/simfile_snipped.dat', 'lambda_0.9000/simfile_snipped.dat', 'lambda_1.0000/simfile_snipped.dat']
#Overlap matrix
0.6530 0.2814 0.0607 0.0048 0.0001 0.0000 0.0000 0.0000 0.0000 0.0000 0.0000
0.2814 0.4193 0.2435 0.0516 0.0041 0.0001 0.0000 0.0000 0.0000 0.0000 0.0000
0.0607 0.2435 0.3973 0.2418 0.0526 0.0040 0.0001 0.0000 0.0000 0.0000 0.0000
0.0048 0.0516 0.2418 0.4068 0.2403 0.0512 0.0035 0.0001 0.0000 0.0000 0.0000
0.0001 0.0041 0.0526 0.2403 0.4078 0.2464 0.0459 0.0027 0.0000 0.0000 0.0000
0.0000 0.0001 0.0040 0.0512 0.2464 0.4157 0.2373 0.0433 0.0021 0.0000 0.0000
0.0000 0.0000 0.0001 0.0035 0.0459 0.2373 0.4314 0.2427 0.0379 0.0013 0.0000
0.0000 0.0000 0.0000 0.0001 0.0027 0.0433 0.2427 0.4432 0.2381 0.0296 0.0004
0.0000 0.0000 0.0000 0.0000 0.0000 0.0021 0.0379 0.2381 0.4694 0.2394 0.0130
0.0000 0.0000 0.0000 0.0000 0.0000 0.0000 0.0013 0.0296 0.2394 0.5463 0.1834
0.0000 0.0000 0.0000 0.0000 0.0000 0.0000 0.0000 0.0004 0.0130 0.1834 0.8033
#DG from neighbouring lambda in kcal/mol
0.0000 0.1000 2.0056 0.0286
0.1000 0.2000 3.9343 0.0276
0.2000 0.3000 4.5626 0.0281
0.3000 0.4000 4.8686 0.0285
0.4000 0.5000 5.0965 0.0285
0.5000 0.6000 5.2316 0.0305
0.6000 0.7000 5.3657 0.0309
0.7000 0.8000 5.4408 0.0332
0.8000 0.9000 5.3830 0.0362
0.9000 1.0000 4.8423 0.0507
#PMF from MBAR in kcal/mol
0.0000 0.0000 0.0000
0.1000 2.0056 0.0286
0.2000 5.9399 0.0483
0.3000 10.5024 0.0637
0.4000 15.3710 0.0759
0.5000 20.4675 0.0865
0.6000 25.6992 0.0968
0.7000 31.0648 0.1063
0.8000 36.5056 0.1158
0.9000 41.8886 0.1258
1.0000 46.7309 0.1403
#TI average gradients and standard deviation in kcal/mol
0.0000 0.8568 9.5521
0.1000 32.9437 8.3740
0.2000 43.7022 8.6186
0.3000 47.3988 8.4533
0.4000 49.3698 8.9699
0.5000 52.0833 8.9649
0.6000 53.1953 8.8235
0.7000 54.3499 8.8739
0.8000 54.0057 9.8375
0.9000 52.5374 11.4992
1.0000 42.8226 15.3269
#PMF from TI in kcal/mol
0.0000 0.0000
0.1000 1.6900
0.2000 5.5223
0.3000 10.0774
0.4000 14.9158
0.5000 19.9885
0.6000 25.2524
0.7000 30.6297
0.8000 36.0474
0.9000 41.3746
1.0000 46.1426
#MBAR free energy difference in kcal/mol: 
46.730935, 0.140331  #WARNING SUBSAMPLING DISABLED, CONSIDER RERUN WITH SUBSAMPLING OPTION
#TI free energy difference in kcal/mol: 
46.142593  #WARNING SUBSAMPLING DISABLED, CONSIDER RERUN WITH SUBSAMPLING OPTION 
Starting /export/users/common/BioSimSpace/sire.app/bin/analyse_freenrg: number of threads equals 32
