# Analysing data contained in file(s) ['lambda_0.0000/simfile_snipped.dat', 'lambda_0.1000/simfile_snipped.dat', 'lambda_0.2000/simfile_snipped.dat', 'lambda_0.3000/simfile_snipped.dat', 'lambda_0.4000/simfile_snipped.dat', 'lambda_0.5000/simfile_snipped.dat', 'lambda_0.6000/simfile_snipped.dat', 'lambda_0.7000/simfile_snipped.dat', 'lambda_0.8000/simfile_snipped.dat', 'lambda_0.9000/simfile_snipped.dat', 'lambda_1.0000/simfile_snipped.dat']
#Overlap matrix
1.0000 0.0000 0.0000 0.0000 0.0000 0.0000 0.0000 0.0000 0.0000 0.0000 0.0000
0.0000 0.9983 0.0017 0.0000 0.0000 0.0000 0.0000 0.0000 0.0000 0.0000 0.0000
0.0000 0.0017 0.9702 0.0282 0.0000 0.0000 0.0000 0.0000 0.0000 0.0000 0.0000
0.0000 0.0000 0.0282 0.8903 0.0813 0.0002 0.0000 0.0000 0.0000 0.0000 0.0000
0.0000 0.0000 0.0000 0.0813 0.7877 0.1300 0.0010 0.0000 0.0000 0.0000 0.0000
0.0000 0.0000 0.0000 0.0002 0.1300 0.7213 0.1462 0.0022 0.0000 0.0000 0.0000
0.0000 0.0000 0.0000 0.0000 0.0010 0.1462 0.6830 0.1684 0.0014 0.0000 0.0000
0.0000 0.0000 0.0000 0.0000 0.0000 0.0022 0.1684 0.6931 0.1361 0.0001 0.0000
0.0000 0.0000 0.0000 0.0000 0.0000 0.0000 0.0014 0.1361 0.7916 0.0709 0.0000
0.0000 0.0000 0.0000 0.0000 0.0000 0.0000 0.0000 0.0001 0.0709 0.9290 0.0000
0.0000 0.0000 0.0000 0.0000 0.0000 0.0000 0.0000 0.0000 0.0000 0.0000 1.0000
#DG from neighbouring lambda in kcal/mol
0.0000 0.1000 42.0201 0.6493
0.1000 0.2000 8.4882 0.7068
0.2000 0.3000 3.7451 0.1667
0.3000 0.4000 3.0094 0.0924
0.4000 0.5000 1.5762 0.0683
0.5000 0.6000 -0.3200 0.0624
0.6000 0.7000 -2.5589 0.0563
0.7000 0.8000 -5.2588 0.0661
0.8000 0.9000 -9.2673 0.1001
0.9000 1.0000 -98.5139 0.1609
#PMF from MBAR in kcal/mol
0.0000 0.0000 0.0000
0.1000 42.0201 0.6493
0.2000 50.5083 0.1782
0.3000 54.2535 0.1241
0.4000 57.2629 0.1097
0.5000 58.8391 0.1065
0.6000 58.5191 0.1094
0.7000 55.9602 0.1163
0.8000 50.7013 0.1297
0.9000 41.4340 0.1609
1.0000 -57.0798 0.0000
#TI average gradients and standard deviation in kcal/mol
0.0000 5568.4588 220.3406
0.1000 167.2817 47.0186
0.2000 47.4942 33.4526
0.3000 35.0052 21.5181
0.4000 22.5148 18.9598
0.5000 8.1573 15.1787
0.6000 -14.7028 13.7556
0.7000 -37.9406 15.1347
0.8000 -69.2838 17.5441
0.9000 -122.7580 24.5906
1.0000 -5217.6321 258.1848
#PMF from TI in kcal/mol
0.0000 0.0000
0.1000 286.7870
0.2000 297.5258
0.3000 301.6508
0.4000 304.5268
0.5000 306.0604
0.6000 305.7331
0.7000 303.1010
0.8000 297.7397
0.9000 288.1377
1.0000 21.1181
#MBAR free energy difference in kcal/mol: 
-57.079836, 0.000000  #WARNING SUBSAMPLING DISABLED, CONSIDER RERUN WITH SUBSAMPLING OPTION
#TI free energy difference in kcal/mol: 
21.118146  #WARNING SUBSAMPLING DISABLED, CONSIDER RERUN WITH SUBSAMPLING OPTION 
Starting /export/users/common/BioSimSpace/sire.app/bin/analyse_freenrg: number of threads equals 32
