# Analysing data contained in file(s) ['lambda_0.0000/simfile_snipped.dat', 'lambda_0.1000/simfile_snipped.dat', 'lambda_0.2000/simfile_snipped.dat', 'lambda_0.3000/simfile_snipped.dat', 'lambda_0.4000/simfile_snipped.dat', 'lambda_0.5000/simfile_snipped.dat', 'lambda_0.6000/simfile_snipped.dat', 'lambda_0.7000/simfile_snipped.dat', 'lambda_0.8000/simfile_snipped.dat', 'lambda_0.9000/simfile_snipped.dat', 'lambda_1.0000/simfile_snipped.dat']
#Overlap matrix
0.7850 0.2023 0.0125 0.0002 0.0000 0.0000 0.0000 0.0000 0.0000 0.0000 0.0000
0.2023 0.5493 0.2239 0.0237 0.0007 0.0000 0.0000 0.0000 0.0000 0.0000 0.0000
0.0125 0.2239 0.4949 0.2368 0.0307 0.0011 0.0000 0.0000 0.0000 0.0000 0.0000
0.0002 0.0237 0.2368 0.4658 0.2388 0.0334 0.0012 0.0000 0.0000 0.0000 0.0000
0.0000 0.0007 0.0307 0.2388 0.4582 0.2373 0.0329 0.0013 0.0000 0.0000 0.0000
0.0000 0.0000 0.0011 0.0334 0.2373 0.4578 0.2341 0.0349 0.0013 0.0000 0.0000
0.0000 0.0000 0.0000 0.0012 0.0329 0.2341 0.4529 0.2451 0.0327 0.0011 0.0000
0.0000 0.0000 0.0000 0.0000 0.0013 0.0349 0.2451 0.4535 0.2339 0.0306 0.0006
0.0000 0.0000 0.0000 0.0000 0.0000 0.0013 0.0327 0.2339 0.4724 0.2365 0.0231
0.0000 0.0000 0.0000 0.0000 0.0000 0.0000 0.0011 0.0306 0.2365 0.4980 0.2339
0.0000 0.0000 0.0000 0.0000 0.0000 0.0000 0.0000 0.0006 0.0231 0.2339 0.7424
#DG from neighbouring lambda in kcal/mol
0.0000 0.1000 1.2149 0.0470
0.1000 0.2000 -0.2231 0.0394
0.2000 0.3000 -1.2412 0.0350
0.3000 0.4000 -2.0918 0.0335
0.4000 0.5000 -2.9060 0.0334
0.5000 0.6000 -3.7467 0.0337
0.6000 0.7000 -4.5407 0.0322
0.7000 0.8000 -5.2852 0.0343
0.8000 0.9000 -5.6923 0.0352
0.9000 1.0000 -4.6908 0.0398
#PMF from MBAR in kcal/mol
0.0000 0.0000 0.0000
0.1000 1.2149 0.0470
0.2000 0.9918 0.0711
0.3000 -0.2494 0.0861
0.4000 -2.3412 0.0981
0.5000 -5.2472 0.1086
0.6000 -8.9939 0.1183
0.7000 -13.5346 0.1268
0.8000 -18.8198 0.1354
0.9000 -24.5120 0.1437
1.0000 -29.2029 0.1530
#TI average gradients and standard deviation in kcal/mol
0.0000 22.6647 16.3547
0.1000 3.8219 10.9965
0.2000 -8.0346 10.5241
0.3000 -16.7021 10.1929
0.4000 -24.8342 9.9155
0.5000 -33.4021 9.6825
0.6000 -41.3995 9.4436
0.7000 -49.4089 9.8435
0.8000 -56.0896 10.2447
0.9000 -55.3598 10.2019
1.0000 -31.1601 12.1573
#PMF from TI in kcal/mol
0.0000 0.0000
0.1000 1.3243
0.2000 1.1137
0.3000 -0.1231
0.4000 -2.2000
0.5000 -5.1118
0.6000 -8.8519
0.7000 -13.3923
0.8000 -18.6672
0.9000 -24.2397
1.0000 -28.5656
#MBAR free energy difference in kcal/mol: 
-29.202856, 0.152958  #WARNING SUBSAMPLING DISABLED, CONSIDER RERUN WITH SUBSAMPLING OPTION
#TI free energy difference in kcal/mol: 
-28.565649  #WARNING SUBSAMPLING DISABLED, CONSIDER RERUN WITH SUBSAMPLING OPTION 
Starting /export/users/common/BioSimSpace/sire.app/bin/analyse_freenrg: number of threads equals 32
