# Analysing data contained in file(s) ['lambda_0.0000/simfile_snipped.dat', 'lambda_0.1000/simfile_snipped.dat', 'lambda_0.2000/simfile_snipped.dat', 'lambda_0.3000/simfile_snipped.dat', 'lambda_0.4000/simfile_snipped.dat', 'lambda_0.5000/simfile_snipped.dat', 'lambda_0.6000/simfile_snipped.dat', 'lambda_0.7000/simfile_snipped.dat', 'lambda_0.8000/simfile_snipped.dat', 'lambda_0.9000/simfile_snipped.dat', 'lambda_1.0000/simfile_snipped.dat']
#Overlap matrix
0.8922 0.1059 0.0020 0.0000 0.0000 0.0000 0.0000 0.0000 0.0000 0.0000 0.0000
0.1059 0.7076 0.1812 0.0053 0.0000 0.0000 0.0000 0.0000 0.0000 0.0000 0.0000
0.0020 0.1812 0.6401 0.1710 0.0057 0.0000 0.0000 0.0000 0.0000 0.0000 0.0000
0.0000 0.0053 0.1710 0.6304 0.1872 0.0059 0.0000 0.0000 0.0000 0.0000 0.0000
0.0000 0.0000 0.0057 0.1872 0.6047 0.1959 0.0064 0.0000 0.0000 0.0000 0.0000
0.0000 0.0000 0.0000 0.0059 0.1959 0.6138 0.1808 0.0036 0.0000 0.0000 0.0000
0.0000 0.0000 0.0000 0.0000 0.0064 0.1808 0.6386 0.1713 0.0029 0.0000 0.0000
0.0000 0.0000 0.0000 0.0000 0.0000 0.0036 0.1713 0.6590 0.1642 0.0019 0.0000
0.0000 0.0000 0.0000 0.0000 0.0000 0.0000 0.0029 0.1642 0.6781 0.1532 0.0015
0.0000 0.0000 0.0000 0.0000 0.0000 0.0000 0.0000 0.0019 0.1532 0.6950 0.1498
0.0000 0.0000 0.0000 0.0000 0.0000 0.0000 0.0000 0.0000 0.0015 0.1498 0.8487
#DG from neighbouring lambda in kcal/mol
0.0000 0.1000 2.6104 0.0777
0.1000 0.2000 5.0407 0.0524
0.2000 0.3000 5.3593 0.0539
0.3000 0.4000 5.1121 0.0502
0.4000 0.5000 4.8047 0.0483
0.5000 0.6000 4.5521 0.0519
0.6000 0.7000 4.0197 0.0549
0.7000 0.8000 3.5656 0.0570
0.8000 0.9000 3.0260 0.0604
0.9000 1.0000 2.5444 0.0619
#PMF from MBAR in kcal/mol
0.0000 0.0000 0.0000
0.1000 2.6104 0.0777
0.2000 7.6511 0.1014
0.3000 13.0104 0.1208
0.4000 18.1225 0.1361
0.5000 22.9272 0.1493
0.6000 27.4792 0.1624
0.7000 31.4989 0.1757
0.8000 35.0645 0.1888
0.9000 38.0906 0.2020
1.0000 40.6350 0.2149
#TI average gradients and standard deviation in kcal/mol
0.0000 1.8109 19.3035
0.1000 43.1980 14.6225
0.2000 53.9261 14.5864
0.3000 53.3560 12.4207
0.4000 49.0174 12.7832
0.5000 47.0448 12.9342
0.6000 43.0856 13.7785
0.7000 37.6484 14.1812
0.8000 33.0018 15.1861
0.9000 27.9246 14.8795
1.0000 25.0692 15.7544
#PMF from TI in kcal/mol
0.0000 0.0000
0.1000 2.2504
0.2000 7.1067
0.3000 12.4708
0.4000 17.5894
0.5000 22.3925
0.6000 26.8991
0.7000 30.9358
0.8000 34.4683
0.9000 37.5146
1.0000 40.1643
#MBAR free energy difference in kcal/mol: 
40.634978, 0.214940  #WARNING SUBSAMPLING DISABLED, CONSIDER RERUN WITH SUBSAMPLING OPTION
#TI free energy difference in kcal/mol: 
40.164270  #WARNING SUBSAMPLING DISABLED, CONSIDER RERUN WITH SUBSAMPLING OPTION 
Starting /export/users/common/BioSimSpace/sire.app/bin/analyse_freenrg: number of threads equals 32
