# Analysing data contained in file(s) ['lambda_0.0000/simfile_snipped.dat', 'lambda_0.1000/simfile_snipped.dat', 'lambda_0.2000/simfile_snipped.dat', 'lambda_0.3000/simfile_snipped.dat', 'lambda_0.4000/simfile_snipped.dat', 'lambda_0.5000/simfile_snipped.dat', 'lambda_0.6000/simfile_snipped.dat', 'lambda_0.7000/simfile_snipped.dat', 'lambda_0.8000/simfile_snipped.dat', 'lambda_0.9000/simfile_snipped.dat', 'lambda_1.0000/simfile_snipped.dat']
#Overlap matrix
0.9096 0.0903 0.0000 0.0000 0.0000 0.0000 0.0000 0.0000 0.0000 0.0000 0.0000
0.0903 0.8203 0.0893 0.0001 0.0000 0.0000 0.0000 0.0000 0.0000 0.0000 0.0000
0.0000 0.0893 0.8245 0.0861 0.0000 0.0000 0.0000 0.0000 0.0000 0.0000 0.0000
0.0000 0.0001 0.0861 0.9067 0.0071 0.0000 0.0000 0.0000 0.0000 0.0000 0.0000
0.0000 0.0000 0.0000 0.0071 0.9152 0.0775 0.0001 0.0000 0.0000 0.0000 0.0000
0.0000 0.0000 0.0000 0.0000 0.0775 0.7937 0.1278 0.0009 0.0000 0.0000 0.0000
0.0000 0.0000 0.0000 0.0000 0.0001 0.1278 0.7188 0.1527 0.0005 0.0000 0.0000
0.0000 0.0000 0.0000 0.0000 0.0000 0.0009 0.1527 0.7485 0.0979 0.0000 0.0000
0.0000 0.0000 0.0000 0.0000 0.0000 0.0000 0.0005 0.0979 0.8699 0.0317 0.0000
0.0000 0.0000 0.0000 0.0000 0.0000 0.0000 0.0000 0.0000 0.0317 0.9677 0.0006
0.0000 0.0000 0.0000 0.0000 0.0000 0.0000 0.0000 0.0000 0.0000 0.0006 0.9994
#DG from neighbouring lambda in kcal/mol
0.0000 0.1000 23.1958 0.0868
0.1000 0.2000 18.8078 0.0873
0.2000 0.3000 14.6262 0.0893
0.3000 0.4000 7.5030 0.3387
0.4000 0.5000 -1.2026 0.0950
0.5000 0.6000 -5.0178 0.0691
0.6000 0.7000 -7.6964 0.0611
0.7000 0.8000 -10.7386 0.0823
0.8000 0.9000 -16.1739 0.1566
0.9000 1.0000 -33.0066 1.1831
#PMF from MBAR in kcal/mol
0.0000 0.0000 0.0000
0.1000 23.1958 0.0868
0.2000 42.0036 0.1296
0.3000 56.6298 0.1625
0.4000 64.1328 0.3778
0.5000 62.9301 0.3917
0.6000 57.9123 0.3998
0.7000 50.2159 0.4064
0.8000 39.4773 0.4166
0.9000 23.3034 0.4469
1.0000 -9.7032 1.2653
#TI average gradients and standard deviation in kcal/mol
0.0000 253.4053 20.0681
0.1000 211.0281 18.3611
0.2000 167.3248 16.9510
0.3000 123.6978 18.6220
0.4000 16.0584 21.9688
0.5000 -34.6179 17.4328
0.6000 -63.9521 15.2209
0.7000 -89.4772 15.1005
0.8000 -127.9848 18.3238
0.9000 -212.9920 31.2961
1.0000 -481.1048 54.4943
#PMF from TI in kcal/mol
0.0000 0.0000
0.1000 23.2217
0.2000 42.1393
0.3000 56.6904
0.4000 63.6783
0.5000 62.7503
0.6000 57.8218
0.7000 50.1503
0.8000 39.2772
0.9000 22.2284
1.0000 -12.4765
#MBAR free energy difference in kcal/mol: 
-9.703184, 1.265345  #WARNING SUBSAMPLING DISABLED, CONSIDER RERUN WITH SUBSAMPLING OPTION
#TI free energy difference in kcal/mol: 
-12.476457  #WARNING SUBSAMPLING DISABLED, CONSIDER RERUN WITH SUBSAMPLING OPTION 
Starting /export/users/common/BioSimSpace/sire.app/bin/analyse_freenrg: number of threads equals 32
