# Analysing data contained in file(s) ['lambda_0.0000/simfile_snipped.dat', 'lambda_0.1000/simfile_snipped.dat', 'lambda_0.2000/simfile_snipped.dat', 'lambda_0.3000/simfile_snipped.dat', 'lambda_0.4000/simfile_snipped.dat', 'lambda_0.5000/simfile_snipped.dat', 'lambda_0.6000/simfile_snipped.dat', 'lambda_0.7000/simfile_snipped.dat', 'lambda_0.8000/simfile_snipped.dat', 'lambda_0.9000/simfile_snipped.dat', 'lambda_1.0000/simfile_snipped.dat']
#Overlap matrix
0.9887 0.0113 0.0000 0.0000 0.0000 0.0000 0.0000 0.0000 0.0000 0.0000 0.0000
0.0113 0.9709 0.0177 0.0000 0.0000 0.0000 0.0000 0.0000 0.0000 0.0000 0.0000
0.0000 0.0177 0.9577 0.0246 0.0000 0.0000 0.0000 0.0000 0.0000 0.0000 0.0000
0.0000 0.0000 0.0246 0.9468 0.0286 0.0000 0.0000 0.0000 0.0000 0.0000 0.0000
0.0000 0.0000 0.0000 0.0286 0.9446 0.0268 0.0000 0.0000 0.0000 0.0000 0.0000
0.0000 0.0000 0.0000 0.0000 0.0268 0.9333 0.0399 0.0000 0.0000 0.0000 0.0000
0.0000 0.0000 0.0000 0.0000 0.0000 0.0399 0.9133 0.0468 0.0000 0.0000 0.0000
0.0000 0.0000 0.0000 0.0000 0.0000 0.0000 0.0468 0.8999 0.0533 0.0000 0.0000
0.0000 0.0000 0.0000 0.0000 0.0000 0.0000 0.0000 0.0533 0.8846 0.0621 0.0000
0.0000 0.0000 0.0000 0.0000 0.0000 0.0000 0.0000 0.0000 0.0621 0.8674 0.0705
0.0000 0.0000 0.0000 0.0000 0.0000 0.0000 0.0000 0.0000 0.0000 0.0705 0.9295
#DG from neighbouring lambda in kcal/mol
0.0000 0.1000 -6.4538 0.2674
0.1000 0.2000 -4.2971 0.2125
0.2000 0.3000 -3.1684 0.1792
0.3000 0.4000 -2.4707 0.1654
0.4000 0.5000 -1.5980 0.1713
0.5000 0.6000 -1.2821 0.1384
0.6000 0.7000 -0.7424 0.1268
0.7000 0.8000 -0.0237 0.1180
0.8000 0.9000 0.6713 0.1082
0.9000 1.0000 1.1923 0.1006
#PMF from MBAR in kcal/mol
0.0000 0.0000 0.0000
0.1000 -6.4538 0.2674
0.2000 -10.7508 0.3440
0.3000 -13.9193 0.3900
0.4000 -16.3900 0.4256
0.5000 -17.9880 0.4606
0.6000 -19.2701 0.4827
0.7000 -20.0126 0.5007
0.8000 -20.0362 0.5160
0.9000 -19.3649 0.5288
1.0000 -18.1726 0.5398
#TI average gradients and standard deviation in kcal/mol
0.0000 -84.6991 27.8918
0.1000 -51.1587 27.0348
0.2000 -36.7051 25.5150
0.3000 -27.8128 25.0500
0.4000 -20.3550 22.3008
0.5000 -15.7384 23.0414
0.6000 -10.3289 23.6898
0.7000 -3.0238 22.0835
0.8000 3.4166 20.2491
0.9000 10.3700 19.2562
1.0000 19.6233 18.4280
#PMF from TI in kcal/mol
0.0000 0.0000
0.1000 -6.7929
0.2000 -11.1861
0.3000 -14.4120
0.4000 -16.8204
0.5000 -18.6250
0.6000 -19.9284
0.7000 -20.5960
0.8000 -20.5764
0.9000 -19.8871
1.0000 -18.3874
#MBAR free energy difference in kcal/mol: 
-18.172582, 0.539842  #WARNING SUBSAMPLING DISABLED, CONSIDER RERUN WITH SUBSAMPLING OPTION
#TI free energy difference in kcal/mol: 
-18.387397  #WARNING SUBSAMPLING DISABLED, CONSIDER RERUN WITH SUBSAMPLING OPTION 
Starting /export/users/common/BioSimSpace/sire.app/bin/analyse_freenrg: number of threads equals 32
