# Analysing data contained in file(s) ['lambda_0.0000/simfile_snipped.dat', 'lambda_0.1000/simfile_snipped.dat', 'lambda_0.2000/simfile_snipped.dat', 'lambda_0.3000/simfile_snipped.dat', 'lambda_0.4000/simfile_snipped.dat', 'lambda_0.5000/simfile_snipped.dat', 'lambda_0.6000/simfile_snipped.dat', 'lambda_0.7000/simfile_snipped.dat', 'lambda_0.8000/simfile_snipped.dat', 'lambda_0.9000/simfile_snipped.dat', 'lambda_1.0000/simfile_snipped.dat']
#Overlap matrix
0.9197 0.0803 0.0001 0.0000 0.0000 0.0000 0.0000 0.0000 0.0000 0.0000 0.0000
0.0803 0.8164 0.1032 0.0001 0.0000 0.0000 0.0000 0.0000 0.0000 0.0000 0.0000
0.0001 0.1032 0.7985 0.0982 0.0001 0.0000 0.0000 0.0000 0.0000 0.0000 0.0000
0.0000 0.0001 0.0982 0.7984 0.1032 0.0001 0.0000 0.0000 0.0000 0.0000 0.0000
0.0000 0.0000 0.0001 0.1032 0.7901 0.1064 0.0003 0.0000 0.0000 0.0000 0.0000
0.0000 0.0000 0.0000 0.0001 0.1064 0.7786 0.1147 0.0001 0.0000 0.0000 0.0000
0.0000 0.0000 0.0000 0.0000 0.0003 0.1147 0.7840 0.1010 0.0001 0.0000 0.0000
0.0000 0.0000 0.0000 0.0000 0.0000 0.0001 0.1010 0.7993 0.0995 0.0001 0.0000
0.0000 0.0000 0.0000 0.0000 0.0000 0.0000 0.0001 0.0995 0.8252 0.0752 0.0000
0.0000 0.0000 0.0000 0.0000 0.0000 0.0000 0.0000 0.0001 0.0752 0.8801 0.0447
0.0000 0.0000 0.0000 0.0000 0.0000 0.0000 0.0000 0.0000 0.0000 0.0447 0.9553
#DG from neighbouring lambda in kcal/mol
0.0000 0.1000 -0.5561 0.0932
0.1000 0.2000 0.0381 0.0798
0.2000 0.3000 0.3396 0.0823
0.3000 0.4000 0.2883 0.0798
0.4000 0.5000 0.3385 0.0782
0.5000 0.6000 0.7934 0.0745
0.6000 0.7000 0.7683 0.0809
0.7000 0.8000 1.1233 0.0816
0.8000 0.9000 2.2872 0.0968
0.9000 1.0000 4.7010 0.1301
#PMF from MBAR in kcal/mol
0.0000 0.0000 0.0000
0.1000 -0.5561 0.0932
0.2000 -0.5180 0.1292
0.3000 -0.1784 0.1585
0.4000 0.1099 0.1820
0.5000 0.4484 0.2022
0.6000 1.2418 0.2192
0.7000 2.0102 0.2372
0.8000 3.1334 0.2541
0.9000 5.4206 0.2749
1.0000 10.1216 0.3068
#TI average gradients and standard deviation in kcal/mol
0.0000 -11.2890 19.3368
0.1000 -3.1378 18.8988
0.2000 2.5973 17.9526
0.3000 3.2878 18.5384
0.4000 3.7080 17.3894
0.5000 5.2809 16.5506
0.6000 8.3188 17.7849
0.7000 7.7333 17.7838
0.8000 15.2663 18.8105
0.9000 31.8452 20.5384
1.0000 -268.9813 2478.8193
#PMF from TI in kcal/mol
0.0000 0.0000
0.1000 -0.7213
0.2000 -0.7484
0.3000 -0.4541
0.4000 -0.1043
0.5000 0.3451
0.6000 1.0251
0.7000 1.8277
0.8000 2.9777
0.9000 5.3333
1.0000 -6.5235
#MBAR free energy difference in kcal/mol: 
10.121601, 0.306826  #WARNING SUBSAMPLING DISABLED, CONSIDER RERUN WITH SUBSAMPLING OPTION
#TI free energy difference in kcal/mol: 
-6.523524  #WARNING SUBSAMPLING DISABLED, CONSIDER RERUN WITH SUBSAMPLING OPTION 
Starting /export/users/common/BioSimSpace/sire.app/bin/analyse_freenrg: number of threads equals 32
