# Analysing data contained in file(s) ['lambda_0.0000/simfile_snipped.dat', 'lambda_0.1000/simfile_snipped.dat', 'lambda_0.2000/simfile_snipped.dat', 'lambda_0.3000/simfile_snipped.dat', 'lambda_0.4000/simfile_snipped.dat', 'lambda_0.5000/simfile_snipped.dat', 'lambda_0.6000/simfile_snipped.dat', 'lambda_0.7000/simfile_snipped.dat', 'lambda_0.8000/simfile_snipped.dat', 'lambda_0.9000/simfile_snipped.dat', 'lambda_1.0000/simfile_snipped.dat']
#Overlap matrix
0.7910 0.1991 0.0098 0.0001 0.0000 0.0000 0.0000 0.0000 0.0000 0.0000 0.0000
0.1991 0.5693 0.2188 0.0126 0.0001 0.0000 0.0000 0.0000 0.0000 0.0000 0.0000
0.0098 0.2188 0.5456 0.2132 0.0124 0.0001 0.0000 0.0000 0.0000 0.0000 0.0000
0.0001 0.0126 0.2132 0.5517 0.2109 0.0114 0.0001 0.0000 0.0000 0.0000 0.0000
0.0000 0.0001 0.0124 0.2109 0.5539 0.2093 0.0132 0.0001 0.0000 0.0000 0.0000
0.0000 0.0000 0.0001 0.0114 0.2093 0.5499 0.2181 0.0113 0.0000 0.0000 0.0000
0.0000 0.0000 0.0000 0.0001 0.0132 0.2181 0.5649 0.2000 0.0037 0.0000 0.0000
0.0000 0.0000 0.0000 0.0000 0.0001 0.0113 0.2000 0.6292 0.1552 0.0042 0.0000
0.0000 0.0000 0.0000 0.0000 0.0000 0.0000 0.0037 0.1552 0.6362 0.2008 0.0042
0.0000 0.0000 0.0000 0.0000 0.0000 0.0000 0.0000 0.0042 0.2008 0.6388 0.1562
0.0000 0.0000 0.0000 0.0000 0.0000 0.0000 0.0000 0.0000 0.0042 0.1562 0.8396
#DG from neighbouring lambda in kcal/mol
0.0000 0.1000 0.0600 0.0482
0.1000 0.2000 2.0004 0.0424
0.2000 0.3000 1.7223 0.0429
0.3000 0.4000 0.8869 0.0435
0.4000 0.5000 -0.1777 0.0436
0.5000 0.6000 -1.1902 0.0422
0.6000 0.7000 -2.3148 0.0470
0.7000 0.8000 -4.1136 0.0586
0.8000 0.9000 -5.5656 0.0481
0.9000 1.0000 -5.9937 0.0593
#PMF from MBAR in kcal/mol
0.0000 0.0000 0.0000
0.1000 0.0600 0.0482
0.2000 2.0605 0.0738
0.3000 3.7827 0.0927
0.4000 4.6696 0.1085
0.5000 4.4919 0.1225
0.6000 3.3017 0.1344
0.7000 0.9869 0.1469
0.8000 -3.1267 0.1628
0.9000 -8.6923 0.1740
1.0000 -14.6861 0.1878
#TI average gradients and standard deviation in kcal/mol
0.0000 -28.9240 14.3043
0.1000 16.3177 12.3626
0.2000 20.7286 11.7460
0.3000 13.2286 12.1903
0.4000 4.2049 12.3508
0.5000 -7.2420 11.3154
0.6000 -16.5151 11.4025
0.7000 -30.0401 12.0576
0.8000 -51.6741 11.8713
0.9000 -58.8804 13.4362
1.0000 -57.4263 17.3549
#PMF from TI in kcal/mol
0.0000 0.0000
0.1000 -0.6303
0.2000 1.2220
0.3000 2.9199
0.4000 3.7915
0.5000 3.6397
0.6000 2.4518
0.7000 0.1241
0.8000 -3.9616
0.9000 -9.4894
1.0000 -15.3047
#MBAR free energy difference in kcal/mol: 
-14.686078, 0.187790  #WARNING SUBSAMPLING DISABLED, CONSIDER RERUN WITH SUBSAMPLING OPTION
#TI free energy difference in kcal/mol: 
-15.304708  #WARNING SUBSAMPLING DISABLED, CONSIDER RERUN WITH SUBSAMPLING OPTION 
Starting /export/users/common/BioSimSpace/sire.app/bin/analyse_freenrg: number of threads equals 32
