# Analysing data contained in file(s) ['lambda_0.0000/simfile_snipped.dat', 'lambda_0.1000/simfile_snipped.dat', 'lambda_0.2000/simfile_snipped.dat', 'lambda_0.3000/simfile_snipped.dat', 'lambda_0.4000/simfile_snipped.dat', 'lambda_0.5000/simfile_snipped.dat', 'lambda_0.6000/simfile_snipped.dat', 'lambda_0.7000/simfile_snipped.dat', 'lambda_0.8000/simfile_snipped.dat', 'lambda_0.9000/simfile_snipped.dat', 'lambda_1.0000/simfile_snipped.dat']
#Overlap matrix
0.8772 0.1197 0.0030 0.0000 0.0000 0.0000 0.0000 0.0000 0.0000 0.0000 0.0000
0.1197 0.6977 0.1748 0.0077 0.0001 0.0000 0.0000 0.0000 0.0000 0.0000 0.0000
0.0030 0.1748 0.6263 0.1853 0.0105 0.0001 0.0000 0.0000 0.0000 0.0000 0.0000
0.0000 0.0077 0.1853 0.5974 0.1964 0.0129 0.0002 0.0000 0.0000 0.0000 0.0000
0.0000 0.0001 0.0105 0.1964 0.5735 0.2063 0.0131 0.0001 0.0000 0.0000 0.0000
0.0000 0.0000 0.0001 0.0129 0.2063 0.5594 0.2121 0.0090 0.0001 0.0000 0.0000
0.0000 0.0000 0.0000 0.0002 0.0131 0.2121 0.6078 0.1553 0.0112 0.0002 0.0000
0.0000 0.0000 0.0000 0.0000 0.0001 0.0090 0.1553 0.6058 0.2152 0.0145 0.0002
0.0000 0.0000 0.0000 0.0000 0.0000 0.0001 0.0112 0.2152 0.5480 0.2105 0.0150
0.0000 0.0000 0.0000 0.0000 0.0000 0.0000 0.0002 0.0145 0.2105 0.5529 0.2219
0.0000 0.0000 0.0000 0.0000 0.0000 0.0000 0.0000 0.0002 0.0150 0.2219 0.7630
#DG from neighbouring lambda in kcal/mol
0.0000 0.1000 -2.2517 0.0715
0.1000 0.2000 1.6553 0.0531
0.2000 0.3000 1.9313 0.0493
0.3000 0.4000 1.5470 0.0462
0.4000 0.5000 1.1621 0.0439
0.5000 0.6000 0.8172 0.0435
0.6000 0.7000 0.3388 0.0555
0.7000 0.8000 0.3506 0.0425
0.8000 0.9000 0.1762 0.0427
0.9000 1.0000 -0.0529 0.0431
#PMF from MBAR in kcal/mol
0.0000 0.0000 0.0000
0.1000 -2.2517 0.0715
0.2000 -0.5964 0.0968
0.3000 1.3349 0.1145
0.4000 2.8819 0.1286
0.5000 4.0440 0.1404
0.6000 4.8611 0.1512
0.7000 5.2000 0.1651
0.8000 5.5506 0.1740
0.9000 5.7268 0.1826
1.0000 5.6738 0.1909
#TI average gradients and standard deviation in kcal/mol
0.0000 -76.6547 20.3028
0.1000 9.1116 13.9902
0.2000 20.9215 13.1823
0.3000 18.1031 12.1319
0.4000 13.0280 12.8456
0.5000 10.8242 11.6451
0.6000 6.9215 12.6409
0.7000 -3.1525 17.2065
0.8000 2.6891 11.3042
0.9000 0.4234 11.5136
1.0000 2.9338 15.2440
#PMF from TI in kcal/mol
0.0000 0.0000
0.1000 -3.3772
0.2000 -1.8755
0.3000 0.0757
0.4000 1.6323
0.5000 2.8249
0.6000 3.7122
0.7000 3.9006
0.8000 3.8775
0.9000 4.0331
1.0000 4.2010
#MBAR free energy difference in kcal/mol: 
5.673841, 0.190892  #WARNING SUBSAMPLING DISABLED, CONSIDER RERUN WITH SUBSAMPLING OPTION
#TI free energy difference in kcal/mol: 
4.200950  #WARNING SUBSAMPLING DISABLED, CONSIDER RERUN WITH SUBSAMPLING OPTION 
Starting /export/users/common/BioSimSpace/sire.app/bin/analyse_freenrg: number of threads equals 32
