# Analysing data contained in file(s) ['lambda_0.0000/simfile_snipped.dat', 'lambda_0.1000/simfile_snipped.dat', 'lambda_0.2000/simfile_snipped.dat', 'lambda_0.3000/simfile_snipped.dat', 'lambda_0.4000/simfile_snipped.dat', 'lambda_0.5000/simfile_snipped.dat', 'lambda_0.6000/simfile_snipped.dat', 'lambda_0.7000/simfile_snipped.dat', 'lambda_0.8000/simfile_snipped.dat', 'lambda_0.9000/simfile_snipped.dat', 'lambda_1.0000/simfile_snipped.dat']
#Overlap matrix
0.6788 0.2672 0.0500 0.0039 0.0001 0.0000 0.0000 0.0000 0.0000 0.0000 0.0000
0.2672 0.4351 0.2448 0.0499 0.0030 0.0000 0.0000 0.0000 0.0000 0.0000 0.0000
0.0500 0.2448 0.4180 0.2447 0.0410 0.0015 0.0000 0.0000 0.0000 0.0000 0.0000
0.0039 0.0499 0.2447 0.4371 0.2346 0.0289 0.0009 0.0000 0.0000 0.0000 0.0000
0.0001 0.0030 0.0410 0.2346 0.4613 0.2316 0.0277 0.0007 0.0000 0.0000 0.0000
0.0000 0.0000 0.0015 0.0289 0.2316 0.4820 0.2318 0.0237 0.0004 0.0000 0.0000
0.0000 0.0000 0.0000 0.0009 0.0277 0.2318 0.4895 0.2319 0.0180 0.0002 0.0000
0.0000 0.0000 0.0000 0.0000 0.0007 0.0237 0.2319 0.5169 0.2117 0.0149 0.0002
0.0000 0.0000 0.0000 0.0000 0.0000 0.0004 0.0180 0.2117 0.5330 0.2213 0.0156
0.0000 0.0000 0.0000 0.0000 0.0000 0.0000 0.0002 0.0149 0.2213 0.5358 0.2278
0.0000 0.0000 0.0000 0.0000 0.0000 0.0000 0.0000 0.0002 0.0156 0.2278 0.7565
#DG from neighbouring lambda in kcal/mol
0.0000 0.1000 -0.2871 0.0315
0.1000 0.2000 -1.0061 0.0288
0.2000 0.3000 -1.5640 0.0295
0.3000 0.4000 -2.1075 0.0332
0.4000 0.5000 -2.7634 0.0354
0.5000 0.6000 -3.3497 0.0361
0.6000 0.7000 -3.9056 0.0374
0.7000 0.8000 -4.4676 0.0419
0.8000 0.9000 -4.6152 0.0407
0.9000 1.0000 -1.8504 0.0420
#PMF from MBAR in kcal/mol
0.0000 0.0000 0.0000
0.1000 -0.2871 0.0315
0.2000 -1.2932 0.0515
0.3000 -2.8572 0.0666
0.4000 -4.9647 0.0808
0.5000 -7.7281 0.0943
0.6000 -11.0777 0.1063
0.7000 -14.9833 0.1177
0.8000 -19.4509 0.1298
0.9000 -24.0661 0.1406
1.0000 -25.9164 0.1509
#TI average gradients and standard deviation in kcal/mol
0.0000 1.3453 10.5430
0.1000 -6.4586 8.5431
0.2000 -13.7497 8.8566
0.3000 -17.3400 9.3639
0.4000 -24.9586 9.7036
0.5000 -30.2625 10.3233
0.6000 -36.2856 9.9138
0.7000 -41.7953 10.5793
0.8000 -47.5210 11.1334
0.9000 -41.0437 11.1142
1.0000 24.3767 10.4489
#PMF from TI in kcal/mol
0.0000 0.0000
0.1000 -0.2557
0.2000 -1.2661
0.3000 -2.8206
0.4000 -4.9355
0.5000 -7.6965
0.6000 -11.0239
0.7000 -14.9280
0.8000 -19.3938
0.9000 -23.8220
1.0000 -24.6554
#MBAR free energy difference in kcal/mol: 
-25.916415, 0.150914  #WARNING SUBSAMPLING DISABLED, CONSIDER RERUN WITH SUBSAMPLING OPTION
#TI free energy difference in kcal/mol: 
-24.655395  #WARNING SUBSAMPLING DISABLED, CONSIDER RERUN WITH SUBSAMPLING OPTION 
Starting /export/users/common/BioSimSpace/sire.app/bin/analyse_freenrg: number of threads equals 32
