# Analysing data contained in file(s) ['lambda_0.0000/simfile_snipped.dat', 'lambda_0.1000/simfile_snipped.dat', 'lambda_0.2000/simfile_snipped.dat', 'lambda_0.3000/simfile_snipped.dat', 'lambda_0.4000/simfile_snipped.dat', 'lambda_0.5000/simfile_snipped.dat', 'lambda_0.6000/simfile_snipped.dat', 'lambda_0.7000/simfile_snipped.dat', 'lambda_0.8000/simfile_snipped.dat', 'lambda_0.9000/simfile_snipped.dat', 'lambda_1.0000/simfile_snipped.dat']
#Overlap matrix
0.9700 0.0300 0.0000 0.0000 0.0000 0.0000 0.0000 0.0000 0.0000 0.0000 0.0000
0.0300 0.9192 0.0508 0.0000 0.0000 0.0000 0.0000 0.0000 0.0000 0.0000 0.0000
0.0000 0.0508 0.8878 0.0614 0.0000 0.0000 0.0000 0.0000 0.0000 0.0000 0.0000
0.0000 0.0000 0.0614 0.8685 0.0701 0.0000 0.0000 0.0000 0.0000 0.0000 0.0000
0.0000 0.0000 0.0000 0.0701 0.8541 0.0758 0.0000 0.0000 0.0000 0.0000 0.0000
0.0000 0.0000 0.0000 0.0000 0.0758 0.8318 0.0923 0.0001 0.0000 0.0000 0.0000
0.0000 0.0000 0.0000 0.0000 0.0000 0.0923 0.8030 0.1044 0.0003 0.0000 0.0000
0.0000 0.0000 0.0000 0.0000 0.0000 0.0001 0.1044 0.7744 0.1204 0.0007 0.0000
0.0000 0.0000 0.0000 0.0000 0.0000 0.0000 0.0003 0.1204 0.7379 0.1403 0.0010
0.0000 0.0000 0.0000 0.0000 0.0000 0.0000 0.0000 0.0007 0.1403 0.7129 0.1461
0.0000 0.0000 0.0000 0.0000 0.0000 0.0000 0.0000 0.0000 0.0010 0.1461 0.8529
#DG from neighbouring lambda in kcal/mol
0.0000 0.1000 -5.3254 0.1613
0.1000 0.2000 0.5031 0.1211
0.2000 0.3000 1.0381 0.1089
0.3000 0.4000 0.7476 0.1009
0.4000 0.5000 0.3455 0.0964
0.5000 0.6000 -0.2142 0.0855
0.6000 0.7000 -0.5016 0.0792
0.7000 0.8000 -0.7157 0.0720
0.8000 0.9000 -0.8526 0.0647
0.9000 1.0000 -1.1942 0.0631
#PMF from MBAR in kcal/mol
0.0000 0.0000 0.0000
0.1000 -5.3254 0.1613
0.2000 -4.8223 0.2058
0.3000 -3.7842 0.2364
0.4000 -3.0366 0.2602
0.5000 -2.6910 0.2805
0.6000 -2.9052 0.2960
0.7000 -3.4068 0.3091
0.8000 -4.1225 0.3199
0.9000 -4.9751 0.3288
1.0000 -6.1693 0.3372
#TI average gradients and standard deviation in kcal/mol
0.0000 -128.1546 28.8508
0.1000 -9.9410 23.2944
0.2000 11.3247 20.7783
0.3000 9.4350 20.2864
0.4000 6.4101 18.2845
0.5000 0.0689 18.3342
0.6000 -3.5081 17.6217
0.7000 -6.1460 16.1796
0.8000 -8.2344 15.4923
0.9000 -9.7027 15.7433
1.0000 -10.1483 14.6004
#PMF from TI in kcal/mol
0.0000 0.0000
0.1000 -6.9048
0.2000 -6.8356
0.3000 -5.7976
0.4000 -5.0053
0.5000 -4.6814
0.6000 -4.8534
0.7000 -5.3361
0.8000 -6.0551
0.9000 -6.9519
1.0000 -7.9445
#MBAR free energy difference in kcal/mol: 
-6.169339, 0.337168  #WARNING SUBSAMPLING DISABLED, CONSIDER RERUN WITH SUBSAMPLING OPTION
#TI free energy difference in kcal/mol: 
-7.944489  #WARNING SUBSAMPLING DISABLED, CONSIDER RERUN WITH SUBSAMPLING OPTION 
Starting /export/users/common/BioSimSpace/sire.app/bin/analyse_freenrg: number of threads equals 32
