# Analysing data contained in file(s) ['lambda_0.0000/simfile_snipped.dat', 'lambda_0.1000/simfile_snipped.dat', 'lambda_0.2000/simfile_snipped.dat', 'lambda_0.3000/simfile_snipped.dat', 'lambda_0.4000/simfile_snipped.dat', 'lambda_0.5000/simfile_snipped.dat', 'lambda_0.6000/simfile_snipped.dat', 'lambda_0.7000/simfile_snipped.dat', 'lambda_0.8000/simfile_snipped.dat', 'lambda_0.9000/simfile_snipped.dat', 'lambda_1.0000/simfile_snipped.dat']
#Overlap matrix
0.9979 0.0021 0.0000 0.0000 0.0000 0.0000 0.0000 0.0000 0.0000 0.0000 0.0000
0.0021 0.9966 0.0013 0.0000 0.0000 0.0000 0.0000 0.0000 0.0000 0.0000 0.0000
0.0000 0.0013 0.9947 0.0040 0.0000 0.0000 0.0000 0.0000 0.0000 0.0000 0.0000
0.0000 0.0000 0.0040 0.9908 0.0052 0.0000 0.0000 0.0000 0.0000 0.0000 0.0000
0.0000 0.0000 0.0000 0.0052 0.9892 0.0056 0.0000 0.0000 0.0000 0.0000 0.0000
0.0000 0.0000 0.0000 0.0000 0.0056 0.9872 0.0072 0.0000 0.0000 0.0000 0.0000
0.0000 0.0000 0.0000 0.0000 0.0000 0.0072 0.9886 0.0042 0.0000 0.0000 0.0000
0.0000 0.0000 0.0000 0.0000 0.0000 0.0000 0.0042 0.9888 0.0069 0.0000 0.0000
0.0000 0.0000 0.0000 0.0000 0.0000 0.0000 0.0000 0.0069 0.9904 0.0027 0.0000
0.0000 0.0000 0.0000 0.0000 0.0000 0.0000 0.0000 0.0000 0.0027 0.9940 0.0033
0.0000 0.0000 0.0000 0.0000 0.0000 0.0000 0.0000 0.0000 0.0000 0.0033 0.9967
#DG from neighbouring lambda in kcal/mol
0.0000 0.1000 1.1724 0.6205
0.1000 0.2000 -2.2637 0.7980
0.2000 0.3000 -6.1485 0.4533
0.3000 0.4000 -10.4116 0.3985
0.4000 0.5000 -14.1157 0.3816
0.5000 0.6000 -16.9955 0.3377
0.6000 0.7000 -20.5058 0.4404
0.7000 0.8000 -22.7168 0.3442
0.8000 0.9000 -24.2159 0.5570
0.9000 1.0000 -21.6299 0.4969
#PMF from MBAR in kcal/mol
0.0000 0.0000 0.0000
0.1000 1.1724 0.6205
0.2000 -1.0914 1.0117
0.3000 -7.2399 1.1094
0.4000 -17.6515 1.1795
0.5000 -31.7672 1.2403
0.6000 -48.7627 1.2861
0.7000 -69.2685 1.3600
0.8000 -91.9853 1.4035
0.9000 -116.2012 1.5105
1.0000 -137.8310 1.5907
#TI average gradients and standard deviation in kcal/mol
0.0000 1205050826.9629 21791928337.0762
0.1000 -9.9065 35.4967
0.2000 -40.8574 33.8218
0.3000 -84.6751 33.1117
0.4000 -122.3404 32.3112
0.5000 -156.7085 31.3869
0.6000 -189.2453 32.3864
0.7000 -220.2178 32.2432
0.8000 -240.8243 32.6638
0.9000 -249.8390 33.6104
1.0000 -184.7145 43.7739
#PMF from TI in kcal/mol
0.0000 0.0000
0.1000 60252540.8528
0.2000 60252538.3146
0.3000 60252532.0380
0.4000 60252521.6872
0.5000 60252507.7348
0.6000 60252490.4371
0.7000 60252469.9639
0.8000 60252446.9118
0.9000 60252422.3787
1.0000 60252400.6510
#MBAR free energy difference in kcal/mol: 
-137.831013, 1.590681  #WARNING SUBSAMPLING DISABLED, CONSIDER RERUN WITH SUBSAMPLING OPTION
#TI free energy difference in kcal/mol: 
60252400.651003  #WARNING SUBSAMPLING DISABLED, CONSIDER RERUN WITH SUBSAMPLING OPTION 
Starting /export/users/common/BioSimSpace/sire.app/bin/analyse_freenrg: number of threads equals 32
