# Analysing data contained in file(s) ['lambda_0.0000/simfile_snipped.dat', 'lambda_0.1000/simfile_snipped.dat', 'lambda_0.2000/simfile_snipped.dat', 'lambda_0.3000/simfile_snipped.dat', 'lambda_0.4000/simfile_snipped.dat', 'lambda_0.5000/simfile_snipped.dat', 'lambda_0.6000/simfile_snipped.dat', 'lambda_0.7000/simfile_snipped.dat', 'lambda_0.8000/simfile_snipped.dat', 'lambda_0.9000/simfile_snipped.dat', 'lambda_1.0000/simfile_snipped.dat']
#Overlap matrix
0.9093 0.0906 0.0001 0.0000 0.0000 0.0000 0.0000 0.0000 0.0000 0.0000 0.0000
0.0906 0.8298 0.0795 0.0000 0.0000 0.0000 0.0000 0.0000 0.0000 0.0000 0.0000
0.0001 0.0795 0.8453 0.0751 0.0000 0.0000 0.0000 0.0000 0.0000 0.0000 0.0000
0.0000 0.0000 0.0751 0.8732 0.0517 0.0000 0.0000 0.0000 0.0000 0.0000 0.0000
0.0000 0.0000 0.0000 0.0517 0.8929 0.0554 0.0000 0.0000 0.0000 0.0000 0.0000
0.0000 0.0000 0.0000 0.0000 0.0554 0.9056 0.0390 0.0000 0.0000 0.0000 0.0000
0.0000 0.0000 0.0000 0.0000 0.0000 0.0390 0.9202 0.0408 0.0000 0.0000 0.0000
0.0000 0.0000 0.0000 0.0000 0.0000 0.0000 0.0408 0.9312 0.0280 0.0000 0.0000
0.0000 0.0000 0.0000 0.0000 0.0000 0.0000 0.0000 0.0280 0.9438 0.0283 0.0000
0.0000 0.0000 0.0000 0.0000 0.0000 0.0000 0.0000 0.0000 0.0283 0.9487 0.0231
0.0000 0.0000 0.0000 0.0000 0.0000 0.0000 0.0000 0.0000 0.0000 0.0231 0.9769
#DG from neighbouring lambda in kcal/mol
0.0000 0.1000 4.1662 0.0866
0.1000 0.2000 3.3145 0.0936
0.2000 0.3000 2.4945 0.0969
0.3000 0.4000 1.7107 0.1200
0.4000 0.5000 0.8764 0.1155
0.5000 0.6000 0.1681 0.1401
0.6000 0.7000 -0.5537 0.1366
0.7000 0.8000 -1.1973 0.1673
0.8000 0.9000 -2.1060 0.1665
0.9000 1.0000 -1.1443 0.1853
#PMF from MBAR in kcal/mol
0.0000 0.0000 0.0000
0.1000 4.1662 0.0866
0.2000 7.4807 0.1338
0.3000 9.9753 0.1702
0.4000 11.6859 0.2122
0.5000 12.5624 0.2450
0.6000 12.7305 0.2851
0.7000 12.1767 0.3188
0.8000 10.9795 0.3624
0.9000 8.8735 0.4009
1.0000 7.7293 0.4435
#TI average gradients and standard deviation in kcal/mol
0.0000 44.5001 17.9444
0.1000 36.5107 18.5165
0.2000 28.0913 20.0794
0.3000 21.7637 20.0305
0.4000 12.8824 21.4352
0.5000 7.3864 22.1120
0.6000 -2.8579 22.6083
0.7000 -6.2562 23.3763
0.8000 -17.2298 24.8179
0.9000 -19.2667 25.2417
1.0000 -1.5300 28.8866
#PMF from TI in kcal/mol
0.0000 0.0000
0.1000 4.0505
0.2000 7.2806
0.3000 9.7734
0.4000 11.5057
0.5000 12.5191
0.6000 12.7456
0.7000 12.2899
0.8000 11.1156
0.9000 9.2907
1.0000 8.2509
#MBAR free energy difference in kcal/mol: 
7.729259, 0.443500  #WARNING SUBSAMPLING DISABLED, CONSIDER RERUN WITH SUBSAMPLING OPTION
#TI free energy difference in kcal/mol: 
8.250898  #WARNING SUBSAMPLING DISABLED, CONSIDER RERUN WITH SUBSAMPLING OPTION 
Starting /export/users/common/BioSimSpace/sire.app/bin/analyse_freenrg: number of threads equals 32
