# Analysing data contained in file(s) ['lambda_0.0000/simfile_snipped.dat', 'lambda_0.1000/simfile_snipped.dat', 'lambda_0.2000/simfile_snipped.dat', 'lambda_0.3000/simfile_snipped.dat', 'lambda_0.4000/simfile_snipped.dat', 'lambda_0.5000/simfile_snipped.dat', 'lambda_0.6000/simfile_snipped.dat', 'lambda_0.7000/simfile_snipped.dat', 'lambda_0.8000/simfile_snipped.dat', 'lambda_0.9000/simfile_snipped.dat', 'lambda_1.0000/simfile_snipped.dat']
#Overlap matrix
0.7392 0.2432 0.0175 0.0002 0.0000 0.0000 0.0000 0.0000 0.0000 0.0000 0.0000
0.2432 0.5215 0.2184 0.0167 0.0002 0.0000 0.0000 0.0000 0.0000 0.0000 0.0000
0.0175 0.2184 0.5247 0.2225 0.0167 0.0002 0.0000 0.0000 0.0000 0.0000 0.0000
0.0002 0.0167 0.2225 0.5206 0.2259 0.0139 0.0001 0.0000 0.0000 0.0000 0.0000
0.0000 0.0002 0.0167 0.2259 0.5418 0.2017 0.0136 0.0001 0.0000 0.0000 0.0000
0.0000 0.0000 0.0002 0.0139 0.2017 0.5441 0.2278 0.0123 0.0001 0.0000 0.0000
0.0000 0.0000 0.0000 0.0001 0.0136 0.2278 0.5420 0.2068 0.0097 0.0000 0.0000
0.0000 0.0000 0.0000 0.0000 0.0001 0.0123 0.2068 0.5746 0.1999 0.0063 0.0000
0.0000 0.0000 0.0000 0.0000 0.0000 0.0001 0.0097 0.1999 0.6080 0.1824 0.0000
0.0000 0.0000 0.0000 0.0000 0.0000 0.0000 0.0000 0.0063 0.1824 0.8069 0.0044
0.0000 0.0000 0.0000 0.0000 0.0000 0.0000 0.0000 0.0000 0.0000 0.0044 0.9956
#DG from neighbouring lambda in kcal/mol
0.0000 0.1000 -0.6062 0.0392
0.1000 0.2000 -0.3760 0.0406
0.2000 0.3000 -0.3756 0.0401
0.3000 0.4000 -0.4343 0.0399
0.4000 0.5000 -0.6451 0.0445
0.5000 0.6000 -0.8939 0.0404
0.6000 0.7000 -1.2097 0.0445
0.7000 0.8000 -1.7101 0.0469
0.8000 0.9000 -2.4778 0.0524
0.9000 1.0000 -7.6276 0.4315
#PMF from MBAR in kcal/mol
0.0000 0.0000 0.0000
0.1000 -0.6062 0.0392
0.2000 -0.9822 0.0663
0.3000 -1.3578 0.0851
0.4000 -1.7921 0.1004
0.5000 -2.4372 0.1155
0.6000 -3.3312 0.1275
0.7000 -4.5408 0.1398
0.8000 -6.2509 0.1520
0.9000 -8.7287 0.1651
1.0000 -16.3563 0.4638
#TI average gradients and standard deviation in kcal/mol
0.0000 -9.3139 11.8016
0.1000 -3.9965 10.9530
0.2000 -3.7170 11.3258
0.3000 -3.8311 11.1240
0.4000 -4.3761 11.0649
0.5000 -8.9190 10.9097
0.6000 -9.8349 12.6102
0.7000 -14.6149 12.5739
0.8000 -19.8524 13.5794
0.9000 -31.4383 15.7903
1.0000 -1741.7082 1515.1085
#PMF from TI in kcal/mol
0.0000 0.0000
0.1000 -0.6655
0.2000 -1.0512
0.3000 -1.4286
0.4000 -1.8390
0.5000 -2.5037
0.6000 -3.4414
0.7000 -4.6639
0.8000 -6.3873
0.9000 -8.9518
1.0000 -97.6091
#MBAR free energy difference in kcal/mol: 
-16.356284, 0.463768  #WARNING SUBSAMPLING DISABLED, CONSIDER RERUN WITH SUBSAMPLING OPTION
#TI free energy difference in kcal/mol: 
-97.609127  #WARNING SUBSAMPLING DISABLED, CONSIDER RERUN WITH SUBSAMPLING OPTION 
Starting /export/users/common/BioSimSpace/sire.app/bin/analyse_freenrg: number of threads equals 32
