# Analysing data contained in file(s) ['lambda_0.0000/simfile_snipped.dat', 'lambda_0.1000/simfile_snipped.dat', 'lambda_0.2000/simfile_snipped.dat', 'lambda_0.3000/simfile_snipped.dat', 'lambda_0.4000/simfile_snipped.dat', 'lambda_0.5000/simfile_snipped.dat', 'lambda_0.6000/simfile_snipped.dat', 'lambda_0.7000/simfile_snipped.dat', 'lambda_0.8000/simfile_snipped.dat', 'lambda_0.9000/simfile_snipped.dat', 'lambda_1.0000/simfile_snipped.dat']
#Overlap matrix
0.8708 0.1274 0.0018 0.0000 0.0000 0.0000 0.0000 0.0000 0.0000 0.0000 0.0000
0.1274 0.6585 0.2019 0.0121 0.0001 0.0000 0.0000 0.0000 0.0000 0.0000 0.0000
0.0018 0.2019 0.5591 0.2204 0.0167 0.0002 0.0000 0.0000 0.0000 0.0000 0.0000
0.0000 0.0121 0.2204 0.5232 0.2273 0.0168 0.0002 0.0000 0.0000 0.0000 0.0000
0.0000 0.0001 0.0167 0.2273 0.5207 0.2169 0.0181 0.0002 0.0000 0.0000 0.0000
0.0000 0.0000 0.0002 0.0168 0.2169 0.5271 0.2228 0.0159 0.0002 0.0000 0.0000
0.0000 0.0000 0.0000 0.0002 0.0181 0.2228 0.5192 0.2225 0.0170 0.0002 0.0000
0.0000 0.0000 0.0000 0.0000 0.0002 0.0159 0.2225 0.5275 0.2217 0.0122 0.0000
0.0000 0.0000 0.0000 0.0000 0.0000 0.0002 0.0170 0.2217 0.5532 0.2060 0.0019
0.0000 0.0000 0.0000 0.0000 0.0000 0.0000 0.0002 0.0122 0.2060 0.6793 0.1024
0.0000 0.0000 0.0000 0.0000 0.0000 0.0000 0.0000 0.0000 0.0019 0.1024 0.8957
#DG from neighbouring lambda in kcal/mol
0.0000 0.1000 2.2978 0.0690
0.1000 0.2000 3.8213 0.0469
0.2000 0.3000 4.1643 0.0411
0.3000 0.4000 4.0403 0.0393
0.4000 0.5000 3.7523 0.0407
0.5000 0.6000 3.4809 0.0399
0.6000 0.7000 3.1705 0.0401
0.7000 0.8000 2.9163 0.0408
0.8000 0.9000 2.4712 0.0461
0.9000 1.0000 0.8159 0.0794
#PMF from MBAR in kcal/mol
0.0000 0.0000 0.0000
0.1000 2.2978 0.0690
0.2000 6.1191 0.0923
0.3000 10.2834 0.1072
0.4000 14.3236 0.1195
0.5000 18.0760 0.1311
0.6000 21.5569 0.1414
0.7000 24.7274 0.1512
0.8000 27.6437 0.1605
0.9000 30.1149 0.1708
1.0000 30.9308 0.1924
#TI average gradients and standard deviation in kcal/mol
0.0000 1.0611 17.6122
0.1000 34.3983 15.1850
0.2000 41.0521 10.8212
0.3000 41.3655 10.7812
0.4000 38.9453 11.0461
0.5000 36.2600 10.7216
0.6000 33.1425 11.4766
0.7000 30.3664 10.6785
0.8000 27.6377 11.7360
0.9000 20.6221 13.6481
1.0000 -11.2810 20.9963
#PMF from TI in kcal/mol
0.0000 0.0000
0.1000 1.7730
0.2000 5.5455
0.3000 9.6664
0.4000 13.6819
0.5000 17.4422
0.6000 20.9123
0.7000 24.0877
0.8000 26.9879
0.9000 29.4009
1.0000 29.8680
#MBAR free energy difference in kcal/mol: 
30.930818, 0.192408  #WARNING SUBSAMPLING DISABLED, CONSIDER RERUN WITH SUBSAMPLING OPTION
#TI free energy difference in kcal/mol: 
29.867978  #WARNING SUBSAMPLING DISABLED, CONSIDER RERUN WITH SUBSAMPLING OPTION 
Starting /export/users/common/BioSimSpace/sire.app/bin/analyse_freenrg: number of threads equals 32
