# Analysing data contained in file(s) ['lambda_0.0000/simfile_snipped.dat', 'lambda_0.1000/simfile_snipped.dat', 'lambda_0.2000/simfile_snipped.dat', 'lambda_0.3000/simfile_snipped.dat', 'lambda_0.4000/simfile_snipped.dat', 'lambda_0.5000/simfile_snipped.dat', 'lambda_0.6000/simfile_snipped.dat', 'lambda_0.7000/simfile_snipped.dat', 'lambda_0.8000/simfile_snipped.dat', 'lambda_0.9000/simfile_snipped.dat', 'lambda_1.0000/simfile_snipped.dat']
#Overlap matrix
0.8733 0.1257 0.0010 0.0000 0.0000 0.0000 0.0000 0.0000 0.0000 0.0000 0.0000
0.1257 0.7076 0.1654 0.0013 0.0000 0.0000 0.0000 0.0000 0.0000 0.0000 0.0000
0.0010 0.1654 0.6968 0.1359 0.0009 0.0000 0.0000 0.0000 0.0000 0.0000 0.0000
0.0000 0.0013 0.1359 0.7126 0.1488 0.0013 0.0000 0.0000 0.0000 0.0000 0.0000
0.0000 0.0000 0.0009 0.1488 0.6962 0.1526 0.0014 0.0000 0.0000 0.0000 0.0000
0.0000 0.0000 0.0000 0.0013 0.1526 0.6964 0.1488 0.0007 0.0000 0.0000 0.0000
0.0000 0.0000 0.0000 0.0000 0.0014 0.1488 0.7107 0.1384 0.0007 0.0000 0.0000
0.0000 0.0000 0.0000 0.0000 0.0000 0.0007 0.1384 0.7286 0.1316 0.0007 0.0000
0.0000 0.0000 0.0000 0.0000 0.0000 0.0000 0.0007 0.1316 0.7229 0.1445 0.0004
0.0000 0.0000 0.0000 0.0000 0.0000 0.0000 0.0000 0.0007 0.1445 0.7472 0.1076
0.0000 0.0000 0.0000 0.0000 0.0000 0.0000 0.0000 0.0000 0.0004 0.1076 0.8920
#DG from neighbouring lambda in kcal/mol
0.0000 0.1000 1.2076 0.0700
0.1000 0.2000 2.2275 0.0574
0.2000 0.3000 3.0416 0.0659
0.3000 0.4000 3.3487 0.0619
0.4000 0.5000 3.7299 0.0607
0.5000 0.6000 4.0064 0.0620
0.6000 0.7000 3.7867 0.0654
0.7000 0.8000 3.4644 0.0677
0.8000 0.9000 3.3073 0.0636
0.9000 1.0000 3.2530 0.0777
#PMF from MBAR in kcal/mol
0.0000 0.0000 0.0000
0.1000 1.2076 0.0700
0.2000 3.4351 0.0989
0.3000 6.4767 0.1252
0.4000 9.8254 0.1453
0.5000 13.5554 0.1624
0.6000 17.5618 0.1782
0.7000 21.3485 0.1940
0.8000 24.8129 0.2093
0.9000 28.1202 0.2224
1.0000 31.3732 0.2390
#TI average gradients and standard deviation in kcal/mol
0.0000 7.1276 17.5537
0.1000 16.3084 16.3715
0.2000 28.7627 15.5138
0.3000 31.7574 14.9688
0.4000 34.9616 14.9955
0.5000 39.1781 15.0652
0.6000 39.8243 16.0510
0.7000 36.3571 15.6500
0.8000 33.0439 16.4540
0.9000 33.0121 16.8528
1.0000 33.3021 19.1757
#PMF from TI in kcal/mol
0.0000 0.0000
0.1000 1.1718
0.2000 3.4254
0.3000 6.4514
0.4000 9.7873
0.5000 13.4943
0.6000 17.4444
0.7000 21.2535
0.8000 24.7235
0.9000 28.0263
1.0000 31.3420
#MBAR free energy difference in kcal/mol: 
31.373175, 0.238996  #WARNING SUBSAMPLING DISABLED, CONSIDER RERUN WITH SUBSAMPLING OPTION
#TI free energy difference in kcal/mol: 
31.342039  #WARNING SUBSAMPLING DISABLED, CONSIDER RERUN WITH SUBSAMPLING OPTION 
Starting /export/users/common/BioSimSpace/sire.app/bin/analyse_freenrg: number of threads equals 32
