# Analysing data contained in file(s) ['lambda_0.0000/simfile_snipped.dat', 'lambda_0.1000/simfile_snipped.dat', 'lambda_0.2000/simfile_snipped.dat', 'lambda_0.3000/simfile_snipped.dat', 'lambda_0.4000/simfile_snipped.dat', 'lambda_0.5000/simfile_snipped.dat', 'lambda_0.6000/simfile_snipped.dat', 'lambda_0.7000/simfile_snipped.dat', 'lambda_0.8000/simfile_snipped.dat', 'lambda_0.9000/simfile_snipped.dat', 'lambda_1.0000/simfile_snipped.dat']
#Overlap matrix
0.8570 0.1423 0.0008 0.0000 0.0000 0.0000 0.0000 0.0000 0.0000 0.0000 0.0000
0.1423 0.7278 0.1289 0.0011 0.0000 0.0000 0.0000 0.0000 0.0000 0.0000 0.0000
0.0008 0.1289 0.7165 0.1521 0.0018 0.0000 0.0000 0.0000 0.0000 0.0000 0.0000
0.0000 0.0011 0.1521 0.6873 0.1569 0.0026 0.0000 0.0000 0.0000 0.0000 0.0000
0.0000 0.0000 0.0018 0.1569 0.6611 0.1766 0.0037 0.0000 0.0000 0.0000 0.0000
0.0000 0.0000 0.0000 0.0026 0.1766 0.6240 0.1890 0.0077 0.0001 0.0000 0.0000
0.0000 0.0000 0.0000 0.0000 0.0037 0.1890 0.6078 0.1901 0.0093 0.0002 0.0000
0.0000 0.0000 0.0000 0.0000 0.0000 0.0077 0.1901 0.5633 0.2208 0.0175 0.0005
0.0000 0.0000 0.0000 0.0000 0.0000 0.0001 0.0093 0.2208 0.5335 0.2161 0.0203
0.0000 0.0000 0.0000 0.0000 0.0000 0.0000 0.0002 0.0175 0.2161 0.5284 0.2378
0.0000 0.0000 0.0000 0.0000 0.0000 0.0000 0.0000 0.0005 0.0203 0.2378 0.7415
#DG from neighbouring lambda in kcal/mol
0.0000 0.1000 12.2767 0.0644
0.1000 0.2000 11.5737 0.0685
0.2000 0.3000 10.8157 0.0608
0.3000 0.4000 10.0783 0.0591
0.4000 0.5000 9.3225 0.0537
0.5000 0.6000 8.4993 0.0499
0.6000 0.7000 7.8333 0.0486
0.7000 0.8000 7.0761 0.0413
0.8000 0.9000 6.5941 0.0405
0.9000 1.0000 6.4586 0.0397
#PMF from MBAR in kcal/mol
0.0000 0.0000 0.0000
0.1000 12.2767 0.0644
0.2000 23.8503 0.1021
0.3000 34.6660 0.1253
0.4000 44.7444 0.1440
0.5000 54.0668 0.1585
0.6000 62.5661 0.1706
0.7000 70.3994 0.1812
0.8000 77.4755 0.1895
0.9000 84.0696 0.1968
1.0000 90.5282 0.2036
#TI average gradients and standard deviation in kcal/mol
0.0000 125.4752 16.6905
0.1000 120.5464 15.5988
0.2000 111.7254 14.1038
0.3000 104.6442 13.6872
0.4000 96.0902 13.8238
0.5000 89.4933 13.7946
0.6000 82.1346 11.6963
0.7000 74.0724 12.1132
0.8000 68.4013 10.4679
0.9000 64.2691 10.4566
1.0000 66.6661 11.3653
#PMF from TI in kcal/mol
0.0000 0.0000
0.1000 12.3011
0.2000 23.9147
0.3000 34.7331
0.4000 44.7699
0.5000 54.0490
0.6000 62.6304
0.7000 70.4408
0.8000 77.5645
0.9000 84.1980
1.0000 90.7447
#MBAR free energy difference in kcal/mol: 
90.528238, 0.203630  #WARNING SUBSAMPLING DISABLED, CONSIDER RERUN WITH SUBSAMPLING OPTION
#TI free energy difference in kcal/mol: 
90.744750  #WARNING SUBSAMPLING DISABLED, CONSIDER RERUN WITH SUBSAMPLING OPTION 
Starting /export/users/common/BioSimSpace/sire.app/bin/analyse_freenrg: number of threads equals 32
