# Analysing data contained in file(s) ['lambda_0.0000/simfile_snipped.dat', 'lambda_0.1000/simfile_snipped.dat', 'lambda_0.2000/simfile_snipped.dat', 'lambda_0.3000/simfile_snipped.dat', 'lambda_0.4000/simfile_snipped.dat', 'lambda_0.5000/simfile_snipped.dat', 'lambda_0.6000/simfile_snipped.dat', 'lambda_0.7000/simfile_snipped.dat', 'lambda_0.8000/simfile_snipped.dat', 'lambda_0.9000/simfile_snipped.dat', 'lambda_1.0000/simfile_snipped.dat']
#Overlap matrix
0.9058 0.0940 0.0002 0.0000 0.0000 0.0000 0.0000 0.0000 0.0000 0.0000 0.0000
0.0940 0.7788 0.1266 0.0006 0.0000 0.0000 0.0000 0.0000 0.0000 0.0000 0.0000
0.0002 0.1266 0.7578 0.1149 0.0005 0.0000 0.0000 0.0000 0.0000 0.0000 0.0000
0.0000 0.0006 0.1149 0.7608 0.1231 0.0007 0.0000 0.0000 0.0000 0.0000 0.0000
0.0000 0.0000 0.0005 0.1231 0.7361 0.1398 0.0005 0.0000 0.0000 0.0000 0.0000
0.0000 0.0000 0.0000 0.0007 0.1398 0.7304 0.1288 0.0004 0.0000 0.0000 0.0000
0.0000 0.0000 0.0000 0.0000 0.0005 0.1288 0.7537 0.1165 0.0004 0.0000 0.0000
0.0000 0.0000 0.0000 0.0000 0.0000 0.0004 0.1165 0.7552 0.1275 0.0003 0.0000
0.0000 0.0000 0.0000 0.0000 0.0000 0.0000 0.0004 0.1275 0.7711 0.1009 0.0001
0.0000 0.0000 0.0000 0.0000 0.0000 0.0000 0.0000 0.0003 0.1009 0.8234 0.0755
0.0000 0.0000 0.0000 0.0000 0.0000 0.0000 0.0000 0.0000 0.0001 0.0755 0.9245
#DG from neighbouring lambda in kcal/mol
0.0000 0.1000 3.8028 0.0846
0.1000 0.2000 4.5298 0.0697
0.2000 0.3000 4.7069 0.0742
0.3000 0.4000 4.2968 0.0709
0.4000 0.5000 4.0167 0.0650
0.5000 0.6000 3.6007 0.0689
0.6000 0.7000 3.0061 0.0736
0.7000 0.8000 2.7308 0.0694
0.8000 0.9000 2.9714 0.0809
0.9000 1.0000 3.8407 0.0966
#PMF from MBAR in kcal/mol
0.0000 0.0000 0.0000
0.1000 3.8028 0.0846
0.2000 8.3326 0.1168
0.3000 13.0395 0.1440
0.4000 17.3363 0.1655
0.5000 21.3530 0.1822
0.6000 24.9537 0.1989
0.7000 27.9598 0.2159
0.8000 30.6906 0.2303
0.9000 33.6620 0.2473
1.0000 37.5027 0.2686
#TI average gradients and standard deviation in kcal/mol
0.0000 29.0261 18.4154
0.1000 42.3820 17.8123
0.2000 48.3969 15.9183
0.3000 44.5136 15.8095
0.4000 41.2139 15.7030
0.5000 38.0512 16.3338
0.6000 33.7638 16.7758
0.7000 27.8309 15.6817
0.8000 27.9260 16.0499
0.9000 31.6434 17.7066
1.0000 45.7714 21.5233
#PMF from TI in kcal/mol
0.0000 0.0000
0.1000 3.5704
0.2000 8.1094
0.3000 12.7549
0.4000 17.0413
0.5000 21.0045
0.6000 24.5953
0.7000 27.6750
0.8000 30.4628
0.9000 33.4413
1.0000 37.3121
#MBAR free energy difference in kcal/mol: 
37.502690, 0.268623  #WARNING SUBSAMPLING DISABLED, CONSIDER RERUN WITH SUBSAMPLING OPTION
#TI free energy difference in kcal/mol: 
37.312050  #WARNING SUBSAMPLING DISABLED, CONSIDER RERUN WITH SUBSAMPLING OPTION 
Starting /export/users/common/BioSimSpace/sire.app/bin/analyse_freenrg: number of threads equals 32
