# Analysing data contained in file(s) ['lambda_0.0000/simfile_snipped.dat', 'lambda_0.1000/simfile_snipped.dat', 'lambda_0.2000/simfile_snipped.dat', 'lambda_0.3000/simfile_snipped.dat', 'lambda_0.4000/simfile_snipped.dat', 'lambda_0.5000/simfile_snipped.dat', 'lambda_0.6000/simfile_snipped.dat', 'lambda_0.7000/simfile_snipped.dat', 'lambda_0.8000/simfile_snipped.dat', 'lambda_0.9000/simfile_snipped.dat', 'lambda_1.0000/simfile_snipped.dat']
#Overlap matrix
0.7902 0.2005 0.0091 0.0001 0.0000 0.0000 0.0000 0.0000 0.0000 0.0000 0.0000
0.2005 0.5717 0.2162 0.0115 0.0001 0.0000 0.0000 0.0000 0.0000 0.0000 0.0000
0.0091 0.2162 0.5623 0.2021 0.0103 0.0001 0.0000 0.0000 0.0000 0.0000 0.0000
0.0001 0.0115 0.2021 0.5786 0.1979 0.0096 0.0002 0.0000 0.0000 0.0000 0.0000
0.0000 0.0001 0.0103 0.1979 0.5769 0.1973 0.0174 0.0002 0.0000 0.0000 0.0000
0.0000 0.0000 0.0001 0.0096 0.1973 0.5736 0.2082 0.0112 0.0001 0.0000 0.0000
0.0000 0.0000 0.0000 0.0002 0.0174 0.2082 0.5592 0.2042 0.0108 0.0001 0.0000
0.0000 0.0000 0.0000 0.0000 0.0002 0.0112 0.2042 0.5723 0.2025 0.0096 0.0001
0.0000 0.0000 0.0000 0.0000 0.0000 0.0001 0.0108 0.2025 0.5779 0.2032 0.0055
0.0000 0.0000 0.0000 0.0000 0.0000 0.0000 0.0001 0.0096 0.2032 0.6486 0.1385
0.0000 0.0000 0.0000 0.0000 0.0000 0.0000 0.0000 0.0001 0.0055 0.1385 0.8560
#DG from neighbouring lambda in kcal/mol
0.0000 0.1000 5.5583 0.0480
0.1000 0.2000 3.6333 0.0431
0.2000 0.3000 1.8105 0.0454
0.3000 0.4000 -0.0244 0.0465
0.4000 0.5000 -1.8229 0.0454
0.5000 0.6000 -3.0232 0.0432
0.6000 0.7000 -4.6989 0.0450
0.7000 0.8000 -6.3588 0.0456
0.8000 0.9000 -7.4992 0.0464
0.9000 1.0000 -7.0471 0.0641
#PMF from MBAR in kcal/mol
0.0000 0.0000 0.0000
0.1000 5.5583 0.0480
0.2000 9.1916 0.0743
0.3000 11.0021 0.0942
0.4000 10.9777 0.1112
0.5000 9.1548 0.1255
0.6000 6.1316 0.1369
0.7000 1.4327 0.1486
0.8000 -4.9261 0.1596
0.9000 -12.4253 0.1702
1.0000 -19.4725 0.1856
#TI average gradients and standard deviation in kcal/mol
0.0000 282648618.8689 4154929876.9936
0.1000 45.4390 12.0060
0.2000 27.3444 11.5819
0.3000 8.8943 11.8885
0.4000 -9.5755 12.5124
0.5000 -24.0113 11.2722
0.6000 -38.5063 11.7969
0.7000 -55.7982 11.9658
0.8000 -71.1371 12.6336
0.9000 -76.3289 13.3246
1.0000 -59.7877 19.2426
#PMF from TI in kcal/mol
0.0000 0.0000
0.1000 14132433.2154
0.2000 14132436.8546
0.3000 14132438.6665
0.4000 14132438.6324
0.5000 14132436.9531
0.6000 14132433.8272
0.7000 14132429.1120
0.8000 14132422.7652
0.9000 14132415.3919
1.0000 14132408.5861
#MBAR free energy difference in kcal/mol: 
-19.472476, 0.185648  #WARNING SUBSAMPLING DISABLED, CONSIDER RERUN WITH SUBSAMPLING OPTION
#TI free energy difference in kcal/mol: 
14132408.586101  #WARNING SUBSAMPLING DISABLED, CONSIDER RERUN WITH SUBSAMPLING OPTION 
Starting /export/users/common/BioSimSpace/sire.app/bin/analyse_freenrg: number of threads equals 32
