# Analysing data contained in file(s) ['lambda_0.0000/simfile_snipped.dat', 'lambda_0.1000/simfile_snipped.dat', 'lambda_0.2000/simfile_snipped.dat', 'lambda_0.3000/simfile_snipped.dat', 'lambda_0.4000/simfile_snipped.dat', 'lambda_0.5000/simfile_snipped.dat', 'lambda_0.6000/simfile_snipped.dat', 'lambda_0.7000/simfile_snipped.dat', 'lambda_0.8000/simfile_snipped.dat', 'lambda_0.9000/simfile_snipped.dat', 'lambda_1.0000/simfile_snipped.dat']
#Overlap matrix
1.0000 0.0000 0.0000 0.0000 0.0000 0.0000 0.0000 0.0000 0.0000 0.0000 0.0000
0.0000 0.9510 0.0489 0.0000 0.0000 0.0000 0.0000 0.0000 0.0000 0.0000 0.0000
0.0000 0.0489 0.8670 0.0840 0.0001 0.0000 0.0000 0.0000 0.0000 0.0000 0.0000
0.0000 0.0000 0.0840 0.8067 0.1092 0.0001 0.0000 0.0000 0.0000 0.0000 0.0000
0.0000 0.0000 0.0001 0.1092 0.7833 0.1072 0.0002 0.0000 0.0000 0.0000 0.0000
0.0000 0.0000 0.0000 0.0001 0.1072 0.7759 0.1165 0.0003 0.0000 0.0000 0.0000
0.0000 0.0000 0.0000 0.0000 0.0002 0.1165 0.7580 0.1249 0.0004 0.0000 0.0000
0.0000 0.0000 0.0000 0.0000 0.0000 0.0003 0.1249 0.7466 0.1278 0.0005 0.0000
0.0000 0.0000 0.0000 0.0000 0.0000 0.0000 0.0004 0.1278 0.7443 0.1269 0.0006
0.0000 0.0000 0.0000 0.0000 0.0000 0.0000 0.0000 0.0005 0.1269 0.7421 0.1306
0.0000 0.0000 0.0000 0.0000 0.0000 0.0000 0.0000 0.0000 0.0006 0.1306 0.8688
#DG from neighbouring lambda in kcal/mol
0.0000 0.1000 20.8140 0.1718
0.1000 0.2000 6.4988 0.1237
0.2000 0.3000 7.4433 0.0906
0.3000 0.4000 7.0470 0.0770
0.4000 0.5000 6.0903 0.0778
0.5000 0.6000 5.2475 0.0737
0.6000 0.7000 4.5260 0.0704
0.7000 0.8000 4.1097 0.0692
0.8000 0.9000 4.2392 0.0695
0.9000 1.0000 6.4608 0.0683
#PMF from MBAR in kcal/mol
0.0000 0.0000 0.0000
0.1000 20.8140 0.1718
0.2000 27.3129 0.1262
0.3000 34.7562 0.1001
0.4000 41.8032 0.0836
0.5000 47.8934 0.0739
0.6000 53.1409 0.0739
0.7000 57.6669 0.0823
0.8000 61.7767 0.0967
0.9000 66.0159 0.1149
1.0000 72.4767 0.1350
#TI average gradients and standard deviation in kcal/mol
0.0000 3324.3772 12353.9397
0.1000 56.8465 28.5704
0.2000 73.1204 20.3720
0.3000 73.7882 18.3623
0.4000 66.4752 17.5769
0.5000 56.1070 17.0732
0.6000 48.7277 17.0614
0.7000 42.1238 16.8596
0.8000 40.5050 16.9689
0.9000 47.4540 16.3753
1.0000 94.8109 17.4652
#PMF from TI in kcal/mol
0.0000 0.0000
0.1000 169.0612
0.2000 175.5595
0.3000 182.9050
0.4000 189.9181
0.5000 196.0472
0.6000 201.2890
0.7000 205.8315
0.8000 209.9630
0.9000 214.3609
1.0000 221.4742
#MBAR free energy difference in kcal/mol: 
72.476688, 0.135014  #WARNING SUBSAMPLING DISABLED, CONSIDER RERUN WITH SUBSAMPLING OPTION
#TI free energy difference in kcal/mol: 
221.474175  #WARNING SUBSAMPLING DISABLED, CONSIDER RERUN WITH SUBSAMPLING OPTION 
Starting /export/users/common/BioSimSpace/sire.app/bin/analyse_freenrg: number of threads equals 32
