# Analysing data contained in file(s) ['lambda_0.0000/simfile_snipped.dat', 'lambda_0.1000/simfile_snipped.dat', 'lambda_0.2000/simfile_snipped.dat', 'lambda_0.3000/simfile_snipped.dat', 'lambda_0.4000/simfile_snipped.dat', 'lambda_0.5000/simfile_snipped.dat', 'lambda_0.6000/simfile_snipped.dat', 'lambda_0.7000/simfile_snipped.dat', 'lambda_0.8000/simfile_snipped.dat', 'lambda_0.9000/simfile_snipped.dat', 'lambda_1.0000/simfile_snipped.dat']
#Overlap matrix
0.8509 0.1479 0.0012 0.0000 0.0000 0.0000 0.0000 0.0000 0.0000 0.0000 0.0000
0.1479 0.6994 0.1510 0.0017 0.0000 0.0000 0.0000 0.0000 0.0000 0.0000 0.0000
0.0012 0.1510 0.6879 0.1583 0.0016 0.0000 0.0000 0.0000 0.0000 0.0000 0.0000
0.0000 0.0017 0.1583 0.6886 0.1495 0.0019 0.0000 0.0000 0.0000 0.0000 0.0000
0.0000 0.0000 0.0016 0.1495 0.6879 0.1588 0.0023 0.0000 0.0000 0.0000 0.0000
0.0000 0.0000 0.0000 0.0019 0.1588 0.6933 0.1446 0.0014 0.0000 0.0000 0.0000
0.0000 0.0000 0.0000 0.0000 0.0023 0.1446 0.7116 0.1406 0.0009 0.0000 0.0000
0.0000 0.0000 0.0000 0.0000 0.0000 0.0014 0.1406 0.7439 0.1138 0.0004 0.0000
0.0000 0.0000 0.0000 0.0000 0.0000 0.0000 0.0009 0.1138 0.8047 0.0806 0.0000
0.0000 0.0000 0.0000 0.0000 0.0000 0.0000 0.0000 0.0004 0.0806 0.8799 0.0392
0.0000 0.0000 0.0000 0.0000 0.0000 0.0000 0.0000 0.0000 0.0000 0.0392 0.9608
#DG from neighbouring lambda in kcal/mol
0.0000 0.1000 1.7620 0.0625
0.1000 0.2000 1.1390 0.0611
0.2000 0.3000 0.6333 0.0590
0.3000 0.4000 -0.0141 0.0614
0.4000 0.5000 -0.5926 0.0586
0.5000 0.6000 -0.9657 0.0628
0.6000 0.7000 -1.4573 0.0644
0.7000 0.8000 -1.6627 0.0745
0.8000 0.9000 -0.6845 0.0927
0.9000 1.0000 5.2142 0.1397
#PMF from MBAR in kcal/mol
0.0000 0.0000 0.0000
0.1000 1.7620 0.0625
0.2000 2.9010 0.0960
0.3000 3.5343 0.1194
0.4000 3.5202 0.1399
0.5000 2.9276 0.1567
0.6000 1.9619 0.1732
0.7000 0.5046 0.1889
0.8000 -1.1581 0.2069
0.9000 -1.8427 0.2302
1.0000 3.3715 0.2723
#TI average gradients and standard deviation in kcal/mol
0.0000 15.2439 15.9567
0.1000 14.9910 15.4142
0.2000 8.5717 14.2104
0.3000 3.2415 14.8607
0.4000 -3.4086 14.9256
0.5000 -7.9627 14.4438
0.6000 -12.3476 16.5221
0.7000 -15.7149 17.5627
0.8000 -14.7719 17.6214
0.9000 8.0014 21.1765
1.0000 120.9399 30.6743
#PMF from TI in kcal/mol
0.0000 0.0000
0.1000 1.5117
0.2000 2.6899
0.3000 3.2805
0.4000 3.2722
0.5000 2.7036
0.6000 1.6881
0.7000 0.2850
0.8000 -1.2394
0.9000 -1.5779
1.0000 4.8692
#MBAR free energy difference in kcal/mol: 
3.371538, 0.272328  #WARNING SUBSAMPLING DISABLED, CONSIDER RERUN WITH SUBSAMPLING OPTION
#TI free energy difference in kcal/mol: 
4.869182  #WARNING SUBSAMPLING DISABLED, CONSIDER RERUN WITH SUBSAMPLING OPTION 
Starting /export/users/common/BioSimSpace/sire.app/bin/analyse_freenrg: number of threads equals 32
