# Analysing data contained in file(s) ['lambda_0.0000/simfile_snipped.dat', 'lambda_0.1000/simfile_snipped.dat', 'lambda_0.2000/simfile_snipped.dat', 'lambda_0.3000/simfile_snipped.dat', 'lambda_0.4000/simfile_snipped.dat', 'lambda_0.5000/simfile_snipped.dat', 'lambda_0.6000/simfile_snipped.dat', 'lambda_0.7000/simfile_snipped.dat', 'lambda_0.8000/simfile_snipped.dat', 'lambda_0.9000/simfile_snipped.dat', 'lambda_1.0000/simfile_snipped.dat']
#Overlap matrix
0.9423 0.0550 0.0024 0.0002 0.0000 0.0000 0.0000 0.0000 0.0000 0.0000 0.0000
0.0550 0.7492 0.1825 0.0132 0.0001 0.0000 0.0000 0.0000 0.0000 0.0000 0.0000
0.0024 0.1825 0.6375 0.1749 0.0027 0.0001 0.0000 0.0000 0.0000 0.0000 0.0000
0.0002 0.0132 0.1749 0.7561 0.0532 0.0022 0.0001 0.0000 0.0000 0.0000 0.0000
0.0000 0.0001 0.0027 0.0532 0.8680 0.0740 0.0017 0.0003 0.0001 0.0000 0.0000
0.0000 0.0000 0.0001 0.0022 0.0740 0.7890 0.1188 0.0108 0.0030 0.0021 0.0000
0.0000 0.0000 0.0000 0.0001 0.0017 0.1188 0.6658 0.1881 0.0184 0.0069 0.0001
0.0000 0.0000 0.0000 0.0000 0.0003 0.0108 0.1881 0.5773 0.1761 0.0469 0.0004
0.0000 0.0000 0.0000 0.0000 0.0001 0.0030 0.0184 0.1761 0.5698 0.2293 0.0033
0.0000 0.0000 0.0000 0.0000 0.0000 0.0021 0.0069 0.0469 0.2293 0.5893 0.1255
0.0000 0.0000 0.0000 0.0000 0.0000 0.0000 0.0001 0.0004 0.0033 0.1255 0.8707
#DG from neighbouring lambda in kcal/mol
0.0000 0.1000 -21.0092 0.1129
0.1000 0.2000 -14.4581 0.0505
0.2000 0.3000 -15.7728 0.0520
0.3000 0.4000 -19.5565 0.1122
0.4000 0.5000 -22.0386 0.0946
0.5000 0.6000 -24.7487 0.0668
0.6000 0.7000 -26.1925 0.0452
0.7000 0.8000 -28.0134 0.0425
0.8000 0.9000 -29.7961 0.0367
0.9000 1.0000 -34.2704 0.0690
#PMF from MBAR in kcal/mol
0.0000 0.0000 0.0000
0.1000 -21.0092 0.1129
0.2000 -35.4672 0.1287
0.3000 -51.2401 0.1426
0.4000 -70.7965 0.1848
0.5000 -92.8351 0.2096
0.6000 -117.5838 0.2229
0.7000 -143.7763 0.2292
0.8000 -171.7897 0.2345
0.9000 -201.5858 0.2379
1.0000 -235.8562 0.2507
#TI average gradients and standard deviation in kcal/mol
0.0000 -305.4516 24.6932
0.1000 -159.4133 19.8533
0.2000 -144.5083 13.7111
0.3000 -168.8603 15.0407
0.4000 -214.9647 27.8059
0.5000 -244.0298 24.0219
0.6000 -260.5536 19.9857
0.7000 -266.0500 11.2053
0.8000 -296.5428 14.0312
0.9000 -295.3076 13.2033
1.0000 -359.2861 16.8213
#PMF from TI in kcal/mol
0.0000 0.0000
0.1000 -23.2432
0.2000 -38.4393
0.3000 -54.1078
0.4000 -73.2990
0.5000 -96.2487
0.6000 -121.4779
0.7000 -147.8081
0.8000 -175.9377
0.9000 -205.5302
1.0000 -238.2599
#MBAR free energy difference in kcal/mol: 
-235.856151, 0.250715  #WARNING SUBSAMPLING DISABLED, CONSIDER RERUN WITH SUBSAMPLING OPTION
#TI free energy difference in kcal/mol: 
-238.259938  #WARNING SUBSAMPLING DISABLED, CONSIDER RERUN WITH SUBSAMPLING OPTION 
Starting /export/users/common/BioSimSpace/sire.app/bin/analyse_freenrg: number of threads equals 32
