# Analysing data contained in file(s) ['lambda_0.0000/simfile_snipped.dat', 'lambda_0.1000/simfile_snipped.dat', 'lambda_0.2000/simfile_snipped.dat', 'lambda_0.3000/simfile_snipped.dat', 'lambda_0.4000/simfile_snipped.dat', 'lambda_0.5000/simfile_snipped.dat', 'lambda_0.6000/simfile_snipped.dat', 'lambda_0.7000/simfile_snipped.dat', 'lambda_0.8000/simfile_snipped.dat', 'lambda_0.9000/simfile_snipped.dat', 'lambda_1.0000/simfile_snipped.dat']
#Overlap matrix
0.7780 0.2078 0.0139 0.0003 0.0000 0.0000 0.0000 0.0000 0.0000 0.0000 0.0000
0.2078 0.5514 0.2177 0.0224 0.0006 0.0000 0.0000 0.0000 0.0000 0.0000 0.0000
0.0139 0.2177 0.5133 0.2276 0.0267 0.0008 0.0000 0.0000 0.0000 0.0000 0.0000
0.0003 0.0224 0.2276 0.4863 0.2365 0.0263 0.0006 0.0000 0.0000 0.0000 0.0000
0.0000 0.0006 0.0267 0.2365 0.4806 0.2322 0.0229 0.0004 0.0000 0.0000 0.0000
0.0000 0.0000 0.0008 0.0263 0.2322 0.4908 0.2289 0.0207 0.0003 0.0000 0.0000
0.0000 0.0000 0.0000 0.0006 0.0229 0.2289 0.5073 0.2207 0.0193 0.0003 0.0000
0.0000 0.0000 0.0000 0.0000 0.0004 0.0207 0.2207 0.5083 0.2306 0.0190 0.0003
0.0000 0.0000 0.0000 0.0000 0.0000 0.0003 0.0193 0.2306 0.5192 0.2133 0.0172
0.0000 0.0000 0.0000 0.0000 0.0000 0.0000 0.0003 0.0190 0.2133 0.5265 0.2409
0.0000 0.0000 0.0000 0.0000 0.0000 0.0000 0.0000 0.0003 0.0172 0.2409 0.7416
#DG from neighbouring lambda in kcal/mol
0.0000 0.1000 -2.2041 0.0457
0.1000 0.2000 -1.2198 0.0404
0.2000 0.3000 -0.7803 0.0371
0.3000 0.4000 -0.6124 0.0353
0.4000 0.5000 -0.5497 0.0364
0.5000 0.6000 -0.5364 0.0376
0.6000 0.7000 -0.5227 0.0394
0.7000 0.8000 -0.4664 0.0381
0.8000 0.9000 -0.3340 0.0412
0.9000 1.0000 -0.1703 0.0396
#PMF from MBAR in kcal/mol
0.0000 0.0000 0.0000
0.1000 -2.2041 0.0457
0.2000 -3.4239 0.0705
0.3000 -4.2042 0.0864
0.4000 -4.8166 0.0991
0.5000 -5.3663 0.1108
0.6000 -5.9026 0.1219
0.7000 -6.4254 0.1327
0.8000 -6.8917 0.1424
0.9000 -7.2257 0.1522
1.0000 -7.3960 0.1611
#TI average gradients and standard deviation in kcal/mol
0.0000 -32.2883 14.1075
0.1000 -14.2869 10.6550
0.2000 -9.5854 10.0535
0.3000 -6.7058 10.5791
0.4000 -5.4660 9.8318
0.5000 -5.3882 9.9832
0.6000 -6.0074 10.7115
0.7000 -4.7130 11.2281
0.8000 -4.0029 10.5142
0.9000 -2.8096 11.4520
1.0000 1.0352 11.0433
#PMF from TI in kcal/mol
0.0000 0.0000
0.1000 -2.3288
0.2000 -3.5224
0.3000 -4.3369
0.4000 -4.9455
0.5000 -5.4882
0.6000 -6.0580
0.7000 -6.5940
0.8000 -7.0298
0.9000 -7.3704
1.0000 -7.4592
#MBAR free energy difference in kcal/mol: 
-7.395959, 0.161116  #WARNING SUBSAMPLING DISABLED, CONSIDER RERUN WITH SUBSAMPLING OPTION
#TI free energy difference in kcal/mol: 
-7.459159  #WARNING SUBSAMPLING DISABLED, CONSIDER RERUN WITH SUBSAMPLING OPTION 
Starting /export/users/common/BioSimSpace/sire.app/bin/analyse_freenrg: number of threads equals 32
