# Analysing data contained in file(s) ['lambda_0.0000/simfile_snipped.dat', 'lambda_0.1000/simfile_snipped.dat', 'lambda_0.2000/simfile_snipped.dat', 'lambda_0.3000/simfile_snipped.dat', 'lambda_0.4000/simfile_snipped.dat', 'lambda_0.5000/simfile_snipped.dat', 'lambda_0.6000/simfile_snipped.dat', 'lambda_0.7000/simfile_snipped.dat', 'lambda_0.8000/simfile_snipped.dat', 'lambda_0.9000/simfile_snipped.dat', 'lambda_1.0000/simfile_snipped.dat']
#Overlap matrix
0.9985 0.0015 0.0000 0.0000 0.0000 0.0000 0.0000 0.0000 0.0000 0.0000 0.0000
0.0015 0.9904 0.0081 0.0000 0.0000 0.0000 0.0000 0.0000 0.0000 0.0000 0.0000
0.0000 0.0081 0.9661 0.0258 0.0000 0.0000 0.0000 0.0000 0.0000 0.0000 0.0000
0.0000 0.0000 0.0258 0.9199 0.0543 0.0000 0.0000 0.0000 0.0000 0.0000 0.0000
0.0000 0.0000 0.0000 0.0543 0.8859 0.0598 0.0000 0.0000 0.0000 0.0000 0.0000
0.0000 0.0000 0.0000 0.0000 0.0598 0.8727 0.0675 0.0000 0.0000 0.0000 0.0000
0.0000 0.0000 0.0000 0.0000 0.0000 0.0675 0.8785 0.0540 0.0000 0.0000 0.0000
0.0000 0.0000 0.0000 0.0000 0.0000 0.0000 0.0540 0.9415 0.0045 0.0000 0.0000
0.0000 0.0000 0.0000 0.0000 0.0000 0.0000 0.0000 0.0045 0.9154 0.0800 0.0001
0.0000 0.0000 0.0000 0.0000 0.0000 0.0000 0.0000 0.0000 0.0800 0.8228 0.0971
0.0000 0.0000 0.0000 0.0000 0.0000 0.0000 0.0000 0.0000 0.0001 0.0971 0.9028
#DG from neighbouring lambda in kcal/mol
0.0000 0.1000 45.4743 0.7346
0.1000 0.2000 28.3130 0.3175
0.2000 0.3000 17.9305 0.1746
0.3000 0.4000 10.4415 0.1168
0.4000 0.5000 5.0894 0.1105
0.5000 0.6000 0.0947 0.1031
0.6000 0.7000 -5.1934 0.1171
0.7000 0.8000 -13.9806 0.4298
0.8000 0.9000 -26.6699 0.0933
0.9000 1.0000 -30.5645 0.0830
#PMF from MBAR in kcal/mol
0.0000 0.0000 0.0000
0.1000 45.4743 0.7346
0.2000 73.7874 0.8013
0.3000 91.7179 0.8211
0.4000 102.1594 0.8304
0.5000 107.2488 0.8387
0.6000 107.3435 0.8460
0.7000 102.1501 0.8550
0.8000 88.1695 0.9578
0.9000 61.4996 0.9632
1.0000 30.9351 0.9677
#TI average gradients and standard deviation in kcal/mol
0.0000 578.0805 38.6244
0.1000 360.6612 34.6124
0.2000 222.7557 25.8553
0.3000 136.9361 24.1808
0.4000 76.2318 20.0060
0.5000 25.2384 18.9367
0.6000 -24.9667 19.6209
0.7000 -81.8564 21.7456
0.8000 -237.5781 27.5506
0.9000 -286.9194 16.7809
1.0000 -326.7485 18.6583
#PMF from TI in kcal/mol
0.0000 0.0000
0.1000 46.9371
0.2000 76.1079
0.3000 94.0925
0.4000 104.7509
0.5000 109.8244
0.6000 109.8380
0.7000 104.4969
0.8000 88.5251
0.9000 62.3003
1.0000 31.6169
#MBAR free energy difference in kcal/mol: 
30.935118, 0.967659  #WARNING SUBSAMPLING DISABLED, CONSIDER RERUN WITH SUBSAMPLING OPTION
#TI free energy difference in kcal/mol: 
31.616872  #WARNING SUBSAMPLING DISABLED, CONSIDER RERUN WITH SUBSAMPLING OPTION 
Starting /export/users/common/BioSimSpace/sire.app/bin/analyse_freenrg: number of threads equals 32
