# Analysing data contained in file(s) ['lambda_0.0000/simfile_snipped.dat', 'lambda_0.1000/simfile_snipped.dat', 'lambda_0.2000/simfile_snipped.dat', 'lambda_0.3000/simfile_snipped.dat', 'lambda_0.4000/simfile_snipped.dat', 'lambda_0.5000/simfile_snipped.dat', 'lambda_0.6000/simfile_snipped.dat', 'lambda_0.7000/simfile_snipped.dat', 'lambda_0.8000/simfile_snipped.dat', 'lambda_0.9000/simfile_snipped.dat', 'lambda_1.0000/simfile_snipped.dat']
#Overlap matrix
0.9332 0.0660 0.0008 0.0000 0.0000 0.0000 0.0000 0.0000 0.0000 0.0000 0.0000
0.0660 0.7983 0.1292 0.0064 0.0001 0.0000 0.0000 0.0000 0.0000 0.0000 0.0000
0.0008 0.1292 0.6494 0.2050 0.0153 0.0002 0.0000 0.0000 0.0000 0.0000 0.0000
0.0000 0.0064 0.2050 0.5593 0.2141 0.0147 0.0004 0.0000 0.0000 0.0000 0.0000
0.0000 0.0001 0.0153 0.2141 0.5328 0.2097 0.0267 0.0012 0.0000 0.0000 0.0000
0.0000 0.0000 0.0002 0.0147 0.2097 0.5004 0.2409 0.0325 0.0014 0.0000 0.0000
0.0000 0.0000 0.0000 0.0004 0.0267 0.2409 0.4724 0.2259 0.0318 0.0018 0.0001
0.0000 0.0000 0.0000 0.0000 0.0012 0.0325 0.2259 0.4653 0.2316 0.0400 0.0034
0.0000 0.0000 0.0000 0.0000 0.0000 0.0014 0.0318 0.2316 0.4387 0.2412 0.0553
0.0000 0.0000 0.0000 0.0000 0.0000 0.0000 0.0018 0.0400 0.2412 0.4236 0.2934
0.0000 0.0000 0.0000 0.0000 0.0000 0.0000 0.0001 0.0034 0.0553 0.2934 0.6478
#DG from neighbouring lambda in kcal/mol
0.0000 0.1000 10.1922 0.1038
0.1000 0.2000 15.4242 0.0665
0.2000 0.3000 14.8682 0.0449
0.3000 0.4000 13.0186 0.0419
0.4000 0.5000 10.6531 0.0408
0.5000 0.6000 8.7095 0.0339
0.6000 0.7000 6.7900 0.0352
0.7000 0.8000 4.7783 0.0333
0.8000 0.9000 2.7914 0.0298
0.9000 1.0000 0.9246 0.0277
#PMF from MBAR in kcal/mol
0.0000 0.0000 0.0000
0.1000 10.1922 0.1038
0.2000 25.6164 0.1292
0.3000 40.4846 0.1415
0.4000 53.5031 0.1516
0.5000 64.1563 0.1610
0.6000 72.8658 0.1677
0.7000 79.6558 0.1744
0.8000 84.4341 0.1804
0.9000 87.2255 0.1855
1.0000 88.1501 0.1899
#TI average gradients and standard deviation in kcal/mol
0.0000 19.7741 27.8336
0.1000 147.5255 18.3889
0.2000 154.9041 14.5368
0.3000 141.0831 11.5834
0.4000 119.2189 10.9514
0.5000 95.3426 11.0559
0.6000 78.0673 9.1341
0.7000 57.8594 9.5370
0.8000 37.2120 9.0179
0.9000 18.8691 8.3052
1.0000 3.5471 7.9072
#PMF from TI in kcal/mol
0.0000 0.0000
0.1000 8.3650
0.2000 23.4865
0.3000 38.2858
0.4000 51.3009
0.5000 62.0290
0.6000 70.6995
0.7000 77.4958
0.8000 82.2494
0.9000 85.0534
1.0000 86.1743
#MBAR free energy difference in kcal/mol: 
88.150085, 0.189906  #WARNING SUBSAMPLING DISABLED, CONSIDER RERUN WITH SUBSAMPLING OPTION
#TI free energy difference in kcal/mol: 
86.174254  #WARNING SUBSAMPLING DISABLED, CONSIDER RERUN WITH SUBSAMPLING OPTION 
Starting /export/users/common/BioSimSpace/sire.app/bin/analyse_freenrg: number of threads equals 32
