# Analysing data contained in file(s) ['lambda_0.0000/simfile_snipped.dat', 'lambda_0.1000/simfile_snipped.dat', 'lambda_0.2000/simfile_snipped.dat', 'lambda_0.3000/simfile_snipped.dat', 'lambda_0.4000/simfile_snipped.dat', 'lambda_0.5000/simfile_snipped.dat', 'lambda_0.6000/simfile_snipped.dat', 'lambda_0.7000/simfile_snipped.dat', 'lambda_0.8000/simfile_snipped.dat', 'lambda_0.9000/simfile_snipped.dat', 'lambda_1.0000/simfile_snipped.dat']
#Overlap matrix
0.7868 0.1951 0.0174 0.0006 0.0000 0.0000 0.0000 0.0000 0.0000 0.0000 0.0000
0.1951 0.5214 0.2503 0.0321 0.0011 0.0000 0.0000 0.0000 0.0000 0.0000 0.0000
0.0174 0.2503 0.4678 0.2315 0.0320 0.0011 0.0000 0.0000 0.0000 0.0000 0.0000
0.0006 0.0321 0.2315 0.4648 0.2396 0.0306 0.0009 0.0000 0.0000 0.0000 0.0000
0.0000 0.0011 0.0320 0.2396 0.4654 0.2345 0.0266 0.0008 0.0000 0.0000 0.0000
0.0000 0.0000 0.0011 0.0306 0.2345 0.4739 0.2307 0.0283 0.0009 0.0000 0.0000
0.0000 0.0000 0.0000 0.0009 0.0266 0.2307 0.4791 0.2322 0.0294 0.0010 0.0000
0.0000 0.0000 0.0000 0.0000 0.0008 0.0283 0.2322 0.4678 0.2389 0.0309 0.0011
0.0000 0.0000 0.0000 0.0000 0.0000 0.0009 0.0294 0.2389 0.4616 0.2361 0.0331
0.0000 0.0000 0.0000 0.0000 0.0000 0.0000 0.0010 0.0309 0.2361 0.4689 0.2631
0.0000 0.0000 0.0000 0.0000 0.0000 0.0000 0.0000 0.0011 0.0331 0.2631 0.7027
#DG from neighbouring lambda in kcal/mol
0.0000 0.1000 -1.8529 0.0475
0.1000 0.2000 -1.2530 0.0338
0.2000 0.3000 -0.6849 0.0346
0.3000 0.4000 -0.2004 0.0336
0.4000 0.5000 0.2897 0.0349
0.5000 0.6000 0.7442 0.0358
0.6000 0.7000 1.2782 0.0352
0.7000 0.8000 1.8966 0.0339
0.8000 0.9000 2.6062 0.0340
0.9000 1.0000 3.3881 0.0342
#PMF from MBAR in kcal/mol
0.0000 0.0000 0.0000
0.1000 -1.8529 0.0475
0.2000 -3.1059 0.0677
0.3000 -3.7908 0.0827
0.4000 -3.9912 0.0950
0.5000 -3.7015 0.1065
0.6000 -2.9574 0.1173
0.7000 -1.6792 0.1268
0.8000 0.2174 0.1354
0.9000 2.8237 0.1435
1.0000 6.2118 0.1510
#TI average gradients and standard deviation in kcal/mol
0.0000 -21.4364 10.4288
0.1000 -17.1075 9.6767
0.2000 -9.0805 9.0904
0.3000 -5.0773 9.8484
0.4000 1.1233 9.6605
0.5000 4.8159 9.3848
0.6000 10.1662 10.0568
0.7000 15.2811 9.9057
0.8000 22.4892 9.9596
0.9000 30.0997 9.5454
1.0000 37.7732 9.4444
#PMF from TI in kcal/mol
0.0000 0.0000
0.1000 -1.9272
0.2000 -3.2366
0.3000 -3.9445
0.4000 -4.1422
0.5000 -3.8452
0.6000 -3.0961
0.7000 -1.8238
0.8000 0.0648
0.9000 2.6942
1.0000 6.0878
#MBAR free energy difference in kcal/mol: 
6.211775, 0.151035  #WARNING SUBSAMPLING DISABLED, CONSIDER RERUN WITH SUBSAMPLING OPTION
#TI free energy difference in kcal/mol: 
6.087842  #WARNING SUBSAMPLING DISABLED, CONSIDER RERUN WITH SUBSAMPLING OPTION 
Starting /export/users/common/BioSimSpace/sire.app/bin/analyse_freenrg: number of threads equals 32
