# Analysing data contained in file(s) ['lambda_0.0000/simfile_snipped.dat', 'lambda_0.1000/simfile_snipped.dat', 'lambda_0.2000/simfile_snipped.dat', 'lambda_0.3000/simfile_snipped.dat', 'lambda_0.4000/simfile_snipped.dat', 'lambda_0.5000/simfile_snipped.dat', 'lambda_0.6000/simfile_snipped.dat', 'lambda_0.7000/simfile_snipped.dat', 'lambda_0.8000/simfile_snipped.dat', 'lambda_0.9000/simfile_snipped.dat', 'lambda_1.0000/simfile_snipped.dat']
#Overlap matrix
0.9818 0.0182 0.0000 0.0000 0.0000 0.0000 0.0000 0.0000 0.0000 0.0000 0.0000
0.0182 0.9673 0.0145 0.0000 0.0000 0.0000 0.0000 0.0000 0.0000 0.0000 0.0000
0.0000 0.0145 0.9602 0.0253 0.0000 0.0000 0.0000 0.0000 0.0000 0.0000 0.0000
0.0000 0.0000 0.0253 0.9547 0.0200 0.0000 0.0000 0.0000 0.0000 0.0000 0.0000
0.0000 0.0000 0.0000 0.0200 0.9512 0.0288 0.0000 0.0000 0.0000 0.0000 0.0000
0.0000 0.0000 0.0000 0.0000 0.0288 0.9452 0.0260 0.0000 0.0000 0.0000 0.0000
0.0000 0.0000 0.0000 0.0000 0.0000 0.0260 0.9448 0.0292 0.0000 0.0000 0.0000
0.0000 0.0000 0.0000 0.0000 0.0000 0.0000 0.0292 0.9318 0.0390 0.0000 0.0000
0.0000 0.0000 0.0000 0.0000 0.0000 0.0000 0.0000 0.0390 0.9229 0.0381 0.0000
0.0000 0.0000 0.0000 0.0000 0.0000 0.0000 0.0000 0.0000 0.0381 0.9241 0.0378
0.0000 0.0000 0.0000 0.0000 0.0000 0.0000 0.0000 0.0000 0.0000 0.0378 0.9622
#DG from neighbouring lambda in kcal/mol
0.0000 0.1000 37.7835 0.2096
0.1000 0.2000 33.4379 0.2357
0.2000 0.3000 28.7126 0.1765
0.3000 0.4000 24.6340 0.1996
0.4000 0.5000 20.4665 0.1648
0.5000 0.6000 16.2923 0.1740
0.6000 0.7000 12.0268 0.1636
0.7000 0.8000 8.1068 0.1402
0.8000 0.9000 4.2063 0.1419
0.9000 1.0000 0.7146 0.1424
#PMF from MBAR in kcal/mol
0.0000 0.0000 0.0000
0.1000 37.7835 0.2096
0.2000 71.2214 0.3181
0.3000 99.9340 0.3660
0.4000 124.5680 0.4189
0.5000 145.0345 0.4520
0.6000 161.3269 0.4860
0.7000 173.3536 0.5145
0.8000 181.4604 0.5348
0.9000 185.6667 0.5548
1.0000 186.3813 0.5742
#TI average gradients and standard deviation in kcal/mol
0.0000 400.3581 26.8395
0.1000 356.5053 25.2088
0.2000 308.0135 26.4623
0.3000 268.0006 24.7052
0.4000 223.5653 25.0356
0.5000 185.6102 24.9848
0.6000 142.2457 24.1625
0.7000 100.7308 23.9478
0.8000 62.6344 23.8816
0.9000 24.8023 21.7316
1.0000 -16.4027 23.2612
#PMF from TI in kcal/mol
0.0000 0.0000
0.1000 37.8432
0.2000 71.0691
0.3000 99.8698
0.4000 124.4481
0.5000 144.9069
0.6000 161.2997
0.7000 173.4485
0.8000 181.6168
0.9000 185.9886
1.0000 186.4086
#MBAR free energy difference in kcal/mol: 
186.381275, 0.574216  #WARNING SUBSAMPLING DISABLED, CONSIDER RERUN WITH SUBSAMPLING OPTION
#TI free energy difference in kcal/mol: 
186.408569  #WARNING SUBSAMPLING DISABLED, CONSIDER RERUN WITH SUBSAMPLING OPTION 
Starting /export/users/common/BioSimSpace/sire.app/bin/analyse_freenrg: number of threads equals 32
