# Analysing data contained in file(s) ['lambda_0.0000/simfile_snipped.dat', 'lambda_0.1000/simfile_snipped.dat', 'lambda_0.2000/simfile_snipped.dat', 'lambda_0.3000/simfile_snipped.dat', 'lambda_0.4000/simfile_snipped.dat', 'lambda_0.5000/simfile_snipped.dat', 'lambda_0.6000/simfile_snipped.dat', 'lambda_0.7000/simfile_snipped.dat', 'lambda_0.8000/simfile_snipped.dat', 'lambda_0.9000/simfile_snipped.dat', 'lambda_1.0000/simfile_snipped.dat']
#Overlap matrix
0.9489 0.0511 0.0000 0.0000 0.0000 0.0000 0.0000 0.0000 0.0000 0.0000 0.0000
0.0511 0.8800 0.0688 0.0000 0.0000 0.0000 0.0000 0.0000 0.0000 0.0000 0.0000
0.0000 0.0688 0.8422 0.0889 0.0001 0.0000 0.0000 0.0000 0.0000 0.0000 0.0000
0.0000 0.0000 0.0889 0.8179 0.0931 0.0001 0.0000 0.0000 0.0000 0.0000 0.0000
0.0000 0.0000 0.0001 0.0931 0.8210 0.0857 0.0001 0.0000 0.0000 0.0000 0.0000
0.0000 0.0000 0.0000 0.0001 0.0857 0.8222 0.0919 0.0001 0.0000 0.0000 0.0000
0.0000 0.0000 0.0000 0.0000 0.0001 0.0919 0.7985 0.1093 0.0001 0.0000 0.0000
0.0000 0.0000 0.0000 0.0000 0.0000 0.0001 0.1093 0.8050 0.0854 0.0000 0.0000
0.0000 0.0000 0.0000 0.0000 0.0000 0.0000 0.0001 0.0854 0.8543 0.0602 0.0000
0.0000 0.0000 0.0000 0.0000 0.0000 0.0000 0.0000 0.0000 0.0602 0.9177 0.0221
0.0000 0.0000 0.0000 0.0000 0.0000 0.0000 0.0000 0.0000 0.0000 0.0221 0.9779
#DG from neighbouring lambda in kcal/mol
0.0000 0.1000 -1.5360 0.1208
0.1000 0.2000 0.2198 0.1020
0.2000 0.3000 0.3218 0.0876
0.3000 0.4000 -0.0084 0.0851
0.4000 0.5000 -0.7037 0.0895
0.5000 0.6000 -1.1768 0.0857
0.6000 0.7000 -1.3810 0.0769
0.7000 0.8000 -1.5901 0.0897
0.8000 0.9000 -0.8850 0.1101
0.9000 1.0000 -0.0741 0.1895
#PMF from MBAR in kcal/mol
0.0000 0.0000 0.0000
0.1000 -1.5360 0.1208
0.2000 -1.3162 0.1632
0.3000 -0.9944 0.1896
0.4000 -1.0027 0.2118
0.5000 -1.7064 0.2335
0.6000 -2.8832 0.2520
0.7000 -4.2642 0.2666
0.8000 -5.8542 0.2841
0.9000 -6.7392 0.3074
1.0000 -6.8133 0.3634
#TI average gradients and standard deviation in kcal/mol
0.0000 -44.3495 27.6825
0.1000 -0.6399 22.1471
0.2000 3.2612 21.4531
0.3000 2.4028 19.7962
0.4000 -2.6769 18.8442
0.5000 -9.6242 17.1179
0.6000 -14.2970 18.0108
0.7000 -14.5075 18.9232
0.8000 -13.8900 19.6890
0.9000 -5.5206 22.9138
1.0000 -10164928335.3840 158363076578.8830
#PMF from TI in kcal/mol
0.0000 0.0000
0.1000 -2.2495
0.2000 -2.1184
0.3000 -1.8352
0.4000 -1.8489
0.5000 -2.4639
0.6000 -3.6600
0.7000 -5.1002
0.8000 -6.5201
0.9000 -7.4906
1.0000 -508246424.5359
#MBAR free energy difference in kcal/mol: 
-6.813321, 0.363430  #WARNING SUBSAMPLING DISABLED, CONSIDER RERUN WITH SUBSAMPLING OPTION
#TI free energy difference in kcal/mol: 
-508246424.535878  #WARNING SUBSAMPLING DISABLED, CONSIDER RERUN WITH SUBSAMPLING OPTION 
Starting /export/users/common/BioSimSpace/sire.app/bin/analyse_freenrg: number of threads equals 32
