# Analysing data contained in file(s) ['lambda_0.0000/simfile_snipped.dat', 'lambda_0.1000/simfile_snipped.dat', 'lambda_0.2000/simfile_snipped.dat', 'lambda_0.3000/simfile_snipped.dat', 'lambda_0.4000/simfile_snipped.dat', 'lambda_0.5000/simfile_snipped.dat', 'lambda_0.6000/simfile_snipped.dat', 'lambda_0.7000/simfile_snipped.dat', 'lambda_0.8000/simfile_snipped.dat', 'lambda_0.9000/simfile_snipped.dat', 'lambda_1.0000/simfile_snipped.dat']
#Overlap matrix
1.0000 0.0000 0.0000 0.0000 0.0000 0.0000 0.0000 0.0000 0.0000 0.0000 0.0000
0.0000 0.9811 0.0189 0.0000 0.0000 0.0000 0.0000 0.0000 0.0000 0.0000 0.0000
0.0000 0.0189 0.8648 0.1154 0.0009 0.0000 0.0000 0.0000 0.0000 0.0000 0.0000
0.0000 0.0000 0.1154 0.7283 0.1552 0.0011 0.0000 0.0000 0.0000 0.0000 0.0000
0.0000 0.0000 0.0009 0.1552 0.7017 0.1407 0.0015 0.0000 0.0000 0.0000 0.0000
0.0000 0.0000 0.0000 0.0011 0.1407 0.6710 0.1786 0.0085 0.0001 0.0000 0.0000
0.0000 0.0000 0.0000 0.0000 0.0015 0.1786 0.5863 0.2174 0.0160 0.0002 0.0000
0.0000 0.0000 0.0000 0.0000 0.0000 0.0085 0.2174 0.5339 0.2265 0.0137 0.0000
0.0000 0.0000 0.0000 0.0000 0.0000 0.0001 0.0160 0.2265 0.5469 0.2077 0.0028
0.0000 0.0000 0.0000 0.0000 0.0000 0.0000 0.0002 0.0137 0.2077 0.6583 0.1201
0.0000 0.0000 0.0000 0.0000 0.0000 0.0000 0.0000 0.0000 0.0028 0.1201 0.8771
#DG from neighbouring lambda in kcal/mol
0.0000 0.1000 35.7461 0.2143
0.1000 0.2000 4.3388 0.2054
0.2000 0.3000 0.8105 0.0740
0.3000 0.4000 -0.8829 0.0602
0.4000 0.5000 -3.1140 0.0643
0.5000 0.6000 -5.3716 0.0524
0.6000 0.7000 -6.5784 0.0423
0.7000 0.8000 -7.3463 0.0400
0.8000 0.9000 -8.1726 0.0453
0.9000 1.0000 -9.9427 0.0714
#PMF from MBAR in kcal/mol
0.0000 0.0000 0.0000
0.1000 35.7461 0.2143
0.2000 40.0849 0.1042
0.3000 40.8954 0.0814
0.4000 40.0125 0.0674
0.5000 36.8985 0.0584
0.6000 31.5269 0.0591
0.7000 24.9485 0.0644
0.8000 17.6022 0.0727
0.9000 9.4296 0.0852
1.0000 -0.5131 0.1119
#TI average gradients and standard deviation in kcal/mol
0.0000 8203.6717 558.1028
0.1000 90.4831 36.3930
0.2000 18.4102 18.7888
0.3000 -0.0509 14.2441
0.4000 -19.0970 14.9478
0.5000 -43.9202 15.0336
0.6000 -60.8991 12.4452
0.7000 -69.9381 10.8818
0.8000 -77.3442 11.8695
0.9000 -87.3189 13.5446
1.0000 -114.5812 18.7854
#PMF from TI in kcal/mol
0.0000 0.0000
0.1000 414.7077
0.2000 420.1524
0.3000 421.0704
0.4000 420.1130
0.5000 416.9621
0.6000 411.7211
0.7000 405.1793
0.8000 397.8152
0.9000 389.5820
1.0000 379.4870
#MBAR free energy difference in kcal/mol: 
-0.513116, 0.111946  #WARNING SUBSAMPLING DISABLED, CONSIDER RERUN WITH SUBSAMPLING OPTION
#TI free energy difference in kcal/mol: 
379.487009  #WARNING SUBSAMPLING DISABLED, CONSIDER RERUN WITH SUBSAMPLING OPTION 
Starting /export/users/common/BioSimSpace/sire.app/bin/analyse_freenrg: number of threads equals 32
