# Analysing data contained in file(s) ['lambda_0.0000/simfile_snipped.dat', 'lambda_0.1000/simfile_snipped.dat', 'lambda_0.2000/simfile_snipped.dat', 'lambda_0.3000/simfile_snipped.dat', 'lambda_0.4000/simfile_snipped.dat', 'lambda_0.5000/simfile_snipped.dat', 'lambda_0.6000/simfile_snipped.dat', 'lambda_0.7000/simfile_snipped.dat', 'lambda_0.8000/simfile_snipped.dat', 'lambda_0.9000/simfile_snipped.dat', 'lambda_1.0000/simfile_snipped.dat']
#Overlap matrix
0.8505 0.1442 0.0052 0.0001 0.0000 0.0000 0.0000 0.0000 0.0000 0.0000 0.0000
0.1442 0.6335 0.2087 0.0134 0.0002 0.0000 0.0000 0.0000 0.0000 0.0000 0.0000
0.0052 0.2087 0.5437 0.2246 0.0175 0.0003 0.0000 0.0000 0.0000 0.0000 0.0000
0.0001 0.0134 0.2246 0.5263 0.2154 0.0199 0.0004 0.0000 0.0000 0.0000 0.0000
0.0000 0.0002 0.0175 0.2154 0.5178 0.2292 0.0195 0.0003 0.0000 0.0000 0.0000
0.0000 0.0000 0.0003 0.0199 0.2292 0.5034 0.2276 0.0193 0.0003 0.0000 0.0000
0.0000 0.0000 0.0000 0.0004 0.0195 0.2276 0.5141 0.2199 0.0182 0.0003 0.0000
0.0000 0.0000 0.0000 0.0000 0.0003 0.0193 0.2199 0.5147 0.2261 0.0192 0.0003
0.0000 0.0000 0.0000 0.0000 0.0000 0.0003 0.0182 0.2261 0.5159 0.2223 0.0172
0.0000 0.0000 0.0000 0.0000 0.0000 0.0000 0.0003 0.0192 0.2223 0.5407 0.2175
0.0000 0.0000 0.0000 0.0000 0.0000 0.0000 0.0000 0.0003 0.0172 0.2175 0.7650
#DG from neighbouring lambda in kcal/mol
0.0000 0.1000 3.2629 0.0624
0.1000 0.2000 3.9159 0.0448
0.2000 0.3000 4.1205 0.0401
0.3000 0.4000 3.9278 0.0406
0.4000 0.5000 3.6529 0.0382
0.5000 0.6000 3.3131 0.0385
0.6000 0.7000 2.9768 0.0399
0.7000 0.8000 2.6949 0.0389
0.8000 0.9000 2.6788 0.0397
0.9000 1.0000 2.9338 0.0435
#PMF from MBAR in kcal/mol
0.0000 0.0000 0.0000
0.1000 3.2629 0.0624
0.2000 7.1788 0.0855
0.3000 11.2993 0.1009
0.4000 15.2271 0.1143
0.5000 18.8800 0.1253
0.6000 22.1931 0.1356
0.7000 25.1699 0.1455
0.8000 27.8649 0.1546
0.9000 30.5436 0.1634
1.0000 33.4774 0.1726
#TI average gradients and standard deviation in kcal/mol
0.0000 26.4740 16.4929
0.1000 36.0408 12.6064
0.2000 40.6035 12.1489
0.3000 40.2449 10.9547
0.4000 37.8891 11.3721
0.5000 35.3638 10.5826
0.6000 31.0272 10.6591
0.7000 28.2636 11.4415
0.8000 26.5850 10.6916
0.9000 27.5257 11.3853
1.0000 33.6733 11.7887
#PMF from TI in kcal/mol
0.0000 0.0000
0.1000 3.1257
0.2000 6.9580
0.3000 11.0004
0.4000 14.9071
0.5000 18.5697
0.6000 21.8893
0.7000 24.8538
0.8000 27.5962
0.9000 30.3018
1.0000 33.3617
#MBAR free energy difference in kcal/mol: 
33.477394, 0.172584  #WARNING SUBSAMPLING DISABLED, CONSIDER RERUN WITH SUBSAMPLING OPTION
#TI free energy difference in kcal/mol: 
33.361719  #WARNING SUBSAMPLING DISABLED, CONSIDER RERUN WITH SUBSAMPLING OPTION 
Starting /export/users/common/BioSimSpace/sire.app/bin/analyse_freenrg: number of threads equals 32
