# Analysing data contained in file(s) ['lambda_0.0000/simfile_snipped.dat', 'lambda_0.1000/simfile_snipped.dat', 'lambda_0.2000/simfile_snipped.dat', 'lambda_0.3000/simfile_snipped.dat', 'lambda_0.4000/simfile_snipped.dat', 'lambda_0.5000/simfile_snipped.dat', 'lambda_0.6000/simfile_snipped.dat', 'lambda_0.7000/simfile_snipped.dat', 'lambda_0.8000/simfile_snipped.dat', 'lambda_0.9000/simfile_snipped.dat', 'lambda_1.0000/simfile_snipped.dat']
#Overlap matrix
1.0000 0.0000 0.0000 0.0000 0.0000 0.0000 0.0000 0.0000 0.0000 0.0000 0.0000
0.0000 0.8587 0.1398 0.0015 0.0000 0.0000 0.0000 0.0000 0.0000 0.0000 0.0000
0.0000 0.1398 0.6954 0.1626 0.0022 0.0000 0.0000 0.0000 0.0000 0.0000 0.0000
0.0000 0.0015 0.1626 0.6632 0.1706 0.0021 0.0000 0.0000 0.0000 0.0000 0.0000
0.0000 0.0000 0.0022 0.1706 0.6795 0.1465 0.0012 0.0000 0.0000 0.0000 0.0000
0.0000 0.0000 0.0000 0.0021 0.1465 0.6975 0.1528 0.0010 0.0000 0.0000 0.0000
0.0000 0.0000 0.0000 0.0000 0.0012 0.1528 0.7039 0.1416 0.0005 0.0000 0.0000
0.0000 0.0000 0.0000 0.0000 0.0000 0.0010 0.1416 0.7230 0.1343 0.0000 0.0000
0.0000 0.0000 0.0000 0.0000 0.0000 0.0000 0.0005 0.1343 0.8160 0.0492 0.0000
0.0000 0.0000 0.0000 0.0000 0.0000 0.0000 0.0000 0.0000 0.0492 0.9508 0.0000
0.0000 0.0000 0.0000 0.0000 0.0000 0.0000 0.0000 0.0000 0.0000 0.0000 1.0000
#DG from neighbouring lambda in kcal/mol
0.0000 0.1000 19.3963 36.1807
0.1000 0.2000 9.2923 0.0649
0.2000 0.3000 9.3638 0.0577
0.3000 0.4000 9.4029 0.0556
0.4000 0.5000 9.3923 0.0623
0.5000 0.6000 9.0738 0.0608
0.6000 0.7000 8.7653 0.0643
0.7000 0.8000 8.1620 0.0671
0.8000 0.9000 6.0703 0.1233
0.9000 1.0000 -85.7089 3.6214
#PMF from MBAR in kcal/mol
0.0000 0.0000 0.0000
0.1000 19.3963 36.1807
0.2000 28.6886 36.1808
0.3000 38.0524 36.1809
0.4000 47.4553 36.1809
0.5000 56.8476 36.1810
0.6000 65.9213 36.1811
0.7000 74.6866 36.1812
0.8000 82.8486 36.1812
0.9000 88.9189 36.1815
1.0000 3.2100 32.5628
#TI average gradients and standard deviation in kcal/mol
0.0000 3679.5542 2700.4177
0.1000 93.5754 17.7861
0.2000 92.8443 14.3388
0.3000 93.4076 15.0173
0.4000 95.2165 14.5575
0.5000 91.7599 15.1995
0.6000 89.2887 15.8509
0.7000 85.0681 16.8303
0.8000 77.4792 18.7311
0.9000 33.4216 28.7261
1.0000 -4556.7549 948.1269
#PMF from TI in kcal/mol
0.0000 0.0000
0.1000 188.6565
0.2000 197.9775
0.3000 207.2901
0.4000 216.7213
0.5000 226.0701
0.6000 235.1225
0.7000 243.8403
0.8000 251.9677
0.9000 257.5127
1.0000 31.3461
#MBAR free energy difference in kcal/mol: 
3.210005, 32.562824  #WARNING SUBSAMPLING DISABLED, CONSIDER RERUN WITH SUBSAMPLING OPTION
#TI free energy difference in kcal/mol: 
31.346079  #WARNING SUBSAMPLING DISABLED, CONSIDER RERUN WITH SUBSAMPLING OPTION 
Starting /export/users/common/BioSimSpace/sire.app/bin/analyse_freenrg: number of threads equals 32
