# Analysing data contained in file(s) ['lambda_0.0000/simfile_snipped.dat', 'lambda_0.1000/simfile_snipped.dat', 'lambda_0.2000/simfile_snipped.dat', 'lambda_0.3000/simfile_snipped.dat', 'lambda_0.4000/simfile_snipped.dat', 'lambda_0.5000/simfile_snipped.dat', 'lambda_0.6000/simfile_snipped.dat', 'lambda_0.7000/simfile_snipped.dat', 'lambda_0.8000/simfile_snipped.dat', 'lambda_0.9000/simfile_snipped.dat', 'lambda_1.0000/simfile_snipped.dat']
#Overlap matrix
0.9148 0.0851 0.0000 0.0000 0.0000 0.0000 0.0000 0.0000 0.0000 0.0000 0.0000
0.0851 0.8352 0.0796 0.0000 0.0000 0.0000 0.0000 0.0000 0.0000 0.0000 0.0000
0.0000 0.0796 0.8508 0.0695 0.0000 0.0000 0.0000 0.0000 0.0000 0.0000 0.0000
0.0000 0.0000 0.0695 0.8804 0.0501 0.0000 0.0000 0.0000 0.0000 0.0000 0.0000
0.0000 0.0000 0.0000 0.0501 0.8979 0.0520 0.0000 0.0000 0.0000 0.0000 0.0000
0.0000 0.0000 0.0000 0.0000 0.0520 0.9121 0.0358 0.0000 0.0000 0.0000 0.0000
0.0000 0.0000 0.0000 0.0000 0.0000 0.0358 0.9312 0.0330 0.0000 0.0000 0.0000
0.0000 0.0000 0.0000 0.0000 0.0000 0.0000 0.0330 0.9385 0.0284 0.0000 0.0000
0.0000 0.0000 0.0000 0.0000 0.0000 0.0000 0.0000 0.0284 0.9495 0.0220 0.0000
0.0000 0.0000 0.0000 0.0000 0.0000 0.0000 0.0000 0.0000 0.0220 0.9597 0.0183
0.0000 0.0000 0.0000 0.0000 0.0000 0.0000 0.0000 0.0000 0.0000 0.0183 0.9817
#DG from neighbouring lambda in kcal/mol
0.0000 0.1000 -0.8367 0.0899
0.1000 0.2000 -1.2891 0.0936
0.2000 0.3000 -1.9598 0.1014
0.3000 0.4000 -2.5421 0.1222
0.4000 0.5000 -3.5658 0.1196
0.5000 0.6000 -4.7306 0.1467
0.6000 0.7000 -6.4644 0.1532
0.7000 0.8000 -7.2329 0.1659
0.8000 0.9000 -7.7829 0.1899
0.9000 1.0000 -5.1751 0.2094
#PMF from MBAR in kcal/mol
0.0000 0.0000 0.0000
0.1000 -0.8367 0.0899
0.2000 -2.1258 0.1360
0.3000 -4.0856 0.1745
0.4000 -6.6276 0.2169
0.5000 -10.1935 0.2510
0.6000 -14.9240 0.2935
0.7000 -21.3884 0.3336
0.8000 -28.6214 0.3748
0.9000 -36.4043 0.4222
1.0000 -41.5794 0.4730
#TI average gradients and standard deviation in kcal/mol
0.0000 -11.2694 16.8956
0.1000 -10.6468 19.5333
0.2000 -15.9589 21.3896
0.3000 -21.8007 20.4298
0.4000 -31.6967 22.0662
0.5000 -39.7680 22.7419
0.6000 -55.6533 23.5813
0.7000 -68.1022 23.4376
0.8000 -79.3360 26.2400
0.9000 -71.3615 27.3591
1.0000 -15.4015 31.7448
#PMF from TI in kcal/mol
0.0000 0.0000
0.1000 -1.0958
0.2000 -2.4261
0.3000 -4.3141
0.4000 -6.9889
0.5000 -10.5622
0.6000 -15.3332
0.7000 -21.5210
0.8000 -28.8929
0.9000 -36.4278
1.0000 -40.7660
#MBAR free energy difference in kcal/mol: 
-41.579388, 0.472980  #WARNING SUBSAMPLING DISABLED, CONSIDER RERUN WITH SUBSAMPLING OPTION
#TI free energy difference in kcal/mol: 
-40.765952  #WARNING SUBSAMPLING DISABLED, CONSIDER RERUN WITH SUBSAMPLING OPTION 
Starting /export/users/common/BioSimSpace/sire.app/bin/analyse_freenrg: number of threads equals 32
