# Analysing data contained in file(s) ['lambda_0.0000/simfile_snipped.dat', 'lambda_0.1000/simfile_snipped.dat', 'lambda_0.2000/simfile_snipped.dat', 'lambda_0.3000/simfile_snipped.dat', 'lambda_0.4000/simfile_snipped.dat', 'lambda_0.5000/simfile_snipped.dat', 'lambda_0.6000/simfile_snipped.dat', 'lambda_0.7000/simfile_snipped.dat', 'lambda_0.8000/simfile_snipped.dat', 'lambda_0.9000/simfile_snipped.dat', 'lambda_1.0000/simfile_snipped.dat']
#Overlap matrix
0.7255 0.2454 0.0279 0.0012 0.0000 0.0000 0.0000 0.0000 0.0000 0.0000 0.0000
0.2454 0.4781 0.2376 0.0371 0.0018 0.0000 0.0000 0.0000 0.0000 0.0000 0.0000
0.0279 0.2376 0.4498 0.2436 0.0389 0.0021 0.0000 0.0000 0.0000 0.0000 0.0000
0.0012 0.0371 0.2436 0.4388 0.2332 0.0431 0.0030 0.0001 0.0000 0.0000 0.0000
0.0000 0.0018 0.0389 0.2332 0.4277 0.2462 0.0487 0.0033 0.0001 0.0000 0.0000
0.0000 0.0000 0.0021 0.0431 0.2462 0.4155 0.2423 0.0470 0.0037 0.0001 0.0000
0.0000 0.0000 0.0000 0.0030 0.0487 0.2423 0.4071 0.2398 0.0549 0.0042 0.0001
0.0000 0.0000 0.0000 0.0001 0.0033 0.0470 0.2398 0.4114 0.2458 0.0494 0.0033
0.0000 0.0000 0.0000 0.0000 0.0001 0.0037 0.0549 0.2458 0.4095 0.2394 0.0466
0.0000 0.0000 0.0000 0.0000 0.0000 0.0001 0.0042 0.0494 0.2394 0.4360 0.2709
0.0000 0.0000 0.0000 0.0000 0.0000 0.0000 0.0001 0.0033 0.0466 0.2709 0.6791
#DG from neighbouring lambda in kcal/mol
0.0000 0.1000 6.1043 0.0374
0.1000 0.2000 5.4717 0.0336
0.2000 0.3000 4.9865 0.0314
0.3000 0.4000 4.4845 0.0319
0.4000 0.5000 4.0080 0.0292
0.5000 0.6000 3.5663 0.0291
0.6000 0.7000 3.0768 0.0288
0.7000 0.8000 2.6767 0.0278
0.8000 0.9000 2.3228 0.0297
0.9000 1.0000 2.1929 0.0314
#PMF from MBAR in kcal/mol
0.0000 0.0000 0.0000
0.1000 6.1043 0.0374
0.2000 11.5760 0.0600
0.3000 16.5626 0.0748
0.4000 21.0471 0.0873
0.5000 25.0551 0.0972
0.6000 28.6213 0.1059
0.7000 31.6981 0.1140
0.8000 34.3748 0.1210
0.9000 36.6975 0.1283
1.0000 38.8905 0.1356
#TI average gradients and standard deviation in kcal/mol
0.0000 64.1097 10.3692
0.1000 57.5689 9.4781
0.2000 52.3512 9.1065
0.3000 47.4794 8.9464
0.4000 41.9913 8.7144
0.5000 37.9366 8.9079
0.6000 33.1217 8.5629
0.7000 28.7198 8.5969
0.8000 24.7916 8.3793
0.9000 22.1066 8.9465
1.0000 22.8088 9.6627
#PMF from TI in kcal/mol
0.0000 0.0000
0.1000 6.0839
0.2000 11.5799
0.3000 16.5715
0.4000 21.0450
0.5000 25.0414
0.6000 28.5943
0.7000 31.6864
0.8000 34.3620
0.9000 36.7069
1.0000 38.9526
#MBAR free energy difference in kcal/mol: 
38.890464, 0.135597  #WARNING SUBSAMPLING DISABLED, CONSIDER RERUN WITH SUBSAMPLING OPTION
#TI free energy difference in kcal/mol: 
38.952633  #WARNING SUBSAMPLING DISABLED, CONSIDER RERUN WITH SUBSAMPLING OPTION 
Starting /export/users/common/BioSimSpace/sire.app/bin/analyse_freenrg: number of threads equals 32
