# Analysing data contained in file(s) ['lambda_0.0000/simfile_snipped.dat', 'lambda_0.1000/simfile_snipped.dat', 'lambda_0.2000/simfile_snipped.dat', 'lambda_0.3000/simfile_snipped.dat', 'lambda_0.4000/simfile_snipped.dat', 'lambda_0.5000/simfile_snipped.dat', 'lambda_0.6000/simfile_snipped.dat', 'lambda_0.7000/simfile_snipped.dat', 'lambda_0.8000/simfile_snipped.dat', 'lambda_0.9000/simfile_snipped.dat', 'lambda_1.0000/simfile_snipped.dat']
#Overlap matrix
0.7839 0.2046 0.0114 0.0001 0.0000 0.0000 0.0000 0.0000 0.0000 0.0000 0.0000
0.2046 0.5686 0.2182 0.0086 0.0000 0.0000 0.0000 0.0000 0.0000 0.0000 0.0000
0.0114 0.2182 0.5772 0.1842 0.0090 0.0002 0.0000 0.0000 0.0000 0.0000 0.0000
0.0001 0.0086 0.1842 0.5633 0.2198 0.0233 0.0008 0.0000 0.0000 0.0000 0.0000
0.0000 0.0000 0.0090 0.2198 0.4970 0.2393 0.0330 0.0019 0.0000 0.0000 0.0000
0.0000 0.0000 0.0002 0.0233 0.2393 0.4494 0.2379 0.0465 0.0034 0.0001 0.0000
0.0000 0.0000 0.0000 0.0008 0.0330 0.2379 0.4269 0.2467 0.0508 0.0037 0.0001
0.0000 0.0000 0.0000 0.0000 0.0019 0.0465 0.2467 0.4096 0.2428 0.0494 0.0031
0.0000 0.0000 0.0000 0.0000 0.0000 0.0034 0.0508 0.2428 0.4197 0.2396 0.0436
0.0000 0.0000 0.0000 0.0000 0.0000 0.0001 0.0037 0.0494 0.2396 0.4425 0.2647
0.0000 0.0000 0.0000 0.0000 0.0000 0.0000 0.0001 0.0031 0.0436 0.2647 0.6885
#DG from neighbouring lambda in kcal/mol
0.0000 0.1000 7.7341 0.0468
0.1000 0.2000 6.6878 0.0429
0.2000 0.3000 5.1676 0.0496
0.3000 0.4000 3.6155 0.0406
0.4000 0.5000 2.6941 0.0344
0.5000 0.6000 2.0464 0.0317
0.6000 0.7000 1.6659 0.0285
0.7000 0.8000 1.4874 0.0287
0.8000 0.9000 1.6429 0.0301
0.9000 1.0000 2.8050 0.0326
#PMF from MBAR in kcal/mol
0.0000 0.0000 0.0000
0.1000 7.7341 0.0468
0.2000 14.4219 0.0730
0.3000 19.5895 0.0957
0.4000 23.2050 0.1104
0.5000 25.8990 0.1204
0.6000 27.9454 0.1287
0.7000 29.6113 0.1353
0.8000 31.0987 0.1416
0.9000 32.7416 0.1479
1.0000 35.5466 0.1546
#TI average gradients and standard deviation in kcal/mol
0.0000 81.3008 15.1721
0.1000 73.3346 11.6011
0.2000 60.3027 11.7066
0.3000 42.4355 12.2943
0.4000 30.9530 10.4888
0.5000 23.4435 9.4552
0.6000 17.9536 8.9909
0.7000 15.2952 8.8573
0.8000 15.3011 8.3738
0.9000 18.7602 9.6265
1.0000 42.1452 9.9604
#PMF from TI in kcal/mol
0.0000 0.0000
0.1000 7.7318
0.2000 14.4136
0.3000 19.5505
0.4000 23.2200
0.5000 25.9398
0.6000 28.0096
0.7000 29.6721
0.8000 31.2019
0.9000 32.9050
1.0000 35.9502
#MBAR free energy difference in kcal/mol: 
35.546606, 0.154567  #WARNING SUBSAMPLING DISABLED, CONSIDER RERUN WITH SUBSAMPLING OPTION
#TI free energy difference in kcal/mol: 
35.950230  #WARNING SUBSAMPLING DISABLED, CONSIDER RERUN WITH SUBSAMPLING OPTION 
Starting /export/users/common/BioSimSpace/sire.app/bin/analyse_freenrg: number of threads equals 32
