# Analysing data contained in file(s) ['lambda_0.0000/simfile_snipped.dat', 'lambda_0.1000/simfile_snipped.dat', 'lambda_0.2000/simfile_snipped.dat', 'lambda_0.3000/simfile_snipped.dat', 'lambda_0.4000/simfile_snipped.dat', 'lambda_0.5000/simfile_snipped.dat', 'lambda_0.6000/simfile_snipped.dat', 'lambda_0.7000/simfile_snipped.dat', 'lambda_0.8000/simfile_snipped.dat', 'lambda_0.9000/simfile_snipped.dat', 'lambda_1.0000/simfile_snipped.dat']
#Overlap matrix
0.9340 0.0660 0.0000 0.0000 0.0000 0.0000 0.0000 0.0000 0.0000 0.0000 0.0000
0.0660 0.8412 0.0927 0.0001 0.0000 0.0000 0.0000 0.0000 0.0000 0.0000 0.0000
0.0000 0.0927 0.7956 0.1114 0.0002 0.0000 0.0000 0.0000 0.0000 0.0000 0.0000
0.0000 0.0001 0.1114 0.7760 0.1123 0.0002 0.0000 0.0000 0.0000 0.0000 0.0000
0.0000 0.0000 0.0002 0.1123 0.7840 0.1034 0.0001 0.0000 0.0000 0.0000 0.0000
0.0000 0.0000 0.0000 0.0002 0.1034 0.8007 0.0956 0.0001 0.0000 0.0000 0.0000
0.0000 0.0000 0.0000 0.0000 0.0001 0.0956 0.8087 0.0955 0.0001 0.0000 0.0000
0.0000 0.0000 0.0000 0.0000 0.0000 0.0001 0.0955 0.8122 0.0922 0.0000 0.0000
0.0000 0.0000 0.0000 0.0000 0.0000 0.0000 0.0001 0.0922 0.8721 0.0357 0.0000
0.0000 0.0000 0.0000 0.0000 0.0000 0.0000 0.0000 0.0000 0.0357 0.9643 0.0000
0.0000 0.0000 0.0000 0.0000 0.0000 0.0000 0.0000 0.0000 0.0000 0.0000 1.0000
#DG from neighbouring lambda in kcal/mol
0.0000 0.1000 1.3349 0.1045
0.1000 0.2000 2.0508 0.0854
0.2000 0.3000 2.9777 0.0760
0.3000 0.4000 4.1716 0.0756
0.4000 0.5000 5.0429 0.0797
0.5000 0.6000 5.5115 0.0837
0.6000 0.7000 5.9418 0.0838
0.7000 0.8000 6.0525 0.0857
0.8000 0.9000 5.4961 0.1470
0.9000 1.0000 -34.7388 0.1885
#PMF from MBAR in kcal/mol
0.0000 0.0000 0.0000
0.1000 1.3349 0.1045
0.2000 3.3857 0.1409
0.3000 6.3634 0.1651
0.4000 10.5350 0.1860
0.5000 15.5779 0.2064
0.6000 21.0894 0.2264
0.7000 27.0312 0.2447
0.8000 33.0837 0.2625
0.9000 38.5798 0.3036
1.0000 3.8410 0.1618
#TI average gradients and standard deviation in kcal/mol
0.0000 13.0604 21.7167
0.1000 15.0102 17.8370
0.2000 24.2092 18.2765
0.3000 35.8030 16.7854
0.4000 46.8415 17.7620
0.5000 53.4202 18.5466
0.6000 57.6099 17.6851
0.7000 59.6313 18.9142
0.8000 62.9327 18.8152
0.9000 38.0729 27.8784
1.0000 -3082.6870 492.4199
#PMF from TI in kcal/mol
0.0000 0.0000
0.1000 1.4035
0.2000 3.3645
0.3000 6.3651
0.4000 10.4973
0.5000 15.5104
0.6000 21.0619
0.7000 26.9240
0.8000 33.0522
0.9000 38.1025
1.0000 -114.1282
#MBAR free energy difference in kcal/mol: 
3.840984, 0.161806  #WARNING SUBSAMPLING DISABLED, CONSIDER RERUN WITH SUBSAMPLING OPTION
#TI free energy difference in kcal/mol: 
-114.128247  #WARNING SUBSAMPLING DISABLED, CONSIDER RERUN WITH SUBSAMPLING OPTION 
Starting /export/users/common/BioSimSpace/sire.app/bin/analyse_freenrg: number of threads equals 32
