# Analysing data contained in file(s) ['lambda_0.0000/simfile_snipped.dat', 'lambda_0.1000/simfile_snipped.dat', 'lambda_0.2000/simfile_snipped.dat', 'lambda_0.3000/simfile_snipped.dat', 'lambda_0.4000/simfile_snipped.dat', 'lambda_0.5000/simfile_snipped.dat', 'lambda_0.6000/simfile_snipped.dat', 'lambda_0.7000/simfile_snipped.dat', 'lambda_0.8000/simfile_snipped.dat', 'lambda_0.9000/simfile_snipped.dat', 'lambda_1.0000/simfile_snipped.dat']
#Overlap matrix
0.8228 0.1733 0.0039 0.0000 0.0000 0.0000 0.0000 0.0000 0.0000 0.0000 0.0000
0.1733 0.6378 0.1835 0.0054 0.0000 0.0000 0.0000 0.0000 0.0000 0.0000 0.0000
0.0039 0.1835 0.6175 0.1889 0.0061 0.0000 0.0000 0.0000 0.0000 0.0000 0.0000
0.0000 0.0054 0.1889 0.6002 0.1977 0.0078 0.0000 0.0000 0.0000 0.0000 0.0000
0.0000 0.0000 0.0061 0.1977 0.5961 0.1921 0.0079 0.0001 0.0000 0.0000 0.0000
0.0000 0.0000 0.0000 0.0078 0.1921 0.5776 0.2114 0.0110 0.0001 0.0000 0.0000
0.0000 0.0000 0.0000 0.0000 0.0079 0.2114 0.5637 0.2071 0.0098 0.0001 0.0000
0.0000 0.0000 0.0000 0.0000 0.0001 0.0110 0.2071 0.5695 0.2033 0.0090 0.0000
0.0000 0.0000 0.0000 0.0000 0.0000 0.0001 0.0098 0.2033 0.5765 0.2046 0.0058
0.0000 0.0000 0.0000 0.0000 0.0000 0.0000 0.0001 0.0090 0.2046 0.6133 0.1731
0.0000 0.0000 0.0000 0.0000 0.0000 0.0000 0.0000 0.0000 0.0058 0.1731 0.8211
#DG from neighbouring lambda in kcal/mol
0.0000 0.1000 -0.2347 0.0550
0.1000 0.2000 -0.2708 0.0515
0.2000 0.3000 -0.2293 0.0499
0.3000 0.4000 -0.2122 0.0477
0.4000 0.5000 -0.1720 0.0484
0.5000 0.6000 -0.2055 0.0442
0.6000 0.7000 -0.0939 0.0447
0.7000 0.8000 0.0099 0.0457
0.8000 0.9000 0.5747 0.0462
0.9000 1.0000 2.7883 0.0546
#PMF from MBAR in kcal/mol
0.0000 0.0000 0.0000
0.1000 -0.2347 0.0550
0.2000 -0.5055 0.0846
0.3000 -0.7349 0.1052
0.4000 -0.9471 0.1215
0.5000 -1.1190 0.1360
0.6000 -1.3245 0.1478
0.7000 -1.4184 0.1586
0.8000 -1.4085 0.1691
0.9000 -0.8338 0.1791
1.0000 1.9545 0.1910
#TI average gradients and standard deviation in kcal/mol
0.0000 -3.4522 13.6059
0.1000 -2.5553 13.0685
0.2000 -3.0314 13.0301
0.3000 -1.8818 12.5293
0.4000 -1.8405 12.1976
0.5000 -2.3623 12.4008
0.6000 -1.3512 12.1732
0.7000 -0.4730 11.6017
0.8000 1.4213 11.8574
0.9000 12.3952 12.4111
1.0000 51.3422 17.6099
#PMF from TI in kcal/mol
0.0000 0.0000
0.1000 -0.3004
0.2000 -0.5797
0.3000 -0.8254
0.4000 -1.0115
0.5000 -1.2216
0.6000 -1.4073
0.7000 -1.4985
0.8000 -1.4511
0.9000 -0.7603
1.0000 2.4266
#MBAR free energy difference in kcal/mol: 
1.954503, 0.191025  #WARNING SUBSAMPLING DISABLED, CONSIDER RERUN WITH SUBSAMPLING OPTION
#TI free energy difference in kcal/mol: 
2.426585  #WARNING SUBSAMPLING DISABLED, CONSIDER RERUN WITH SUBSAMPLING OPTION 
Starting /export/users/common/BioSimSpace/sire.app/bin/analyse_freenrg: number of threads equals 32
