# Analysing data contained in file(s) ['lambda_0.0000/simfile_snipped.dat', 'lambda_0.1000/simfile_snipped.dat', 'lambda_0.2000/simfile_snipped.dat', 'lambda_0.3000/simfile_snipped.dat', 'lambda_0.4000/simfile_snipped.dat', 'lambda_0.5000/simfile_snipped.dat', 'lambda_0.6000/simfile_snipped.dat', 'lambda_0.7000/simfile_snipped.dat', 'lambda_0.8000/simfile_snipped.dat', 'lambda_0.9000/simfile_snipped.dat', 'lambda_1.0000/simfile_snipped.dat']
#Overlap matrix
0.8537 0.1435 0.0028 0.0000 0.0000 0.0000 0.0000 0.0000 0.0000 0.0000 0.0000
0.1435 0.6675 0.1804 0.0085 0.0001 0.0000 0.0000 0.0000 0.0000 0.0000 0.0000
0.0028 0.1804 0.6012 0.2064 0.0091 0.0001 0.0000 0.0000 0.0000 0.0000 0.0000
0.0000 0.0085 0.2064 0.5640 0.2103 0.0107 0.0001 0.0000 0.0000 0.0000 0.0000
0.0000 0.0001 0.0091 0.2103 0.5656 0.2061 0.0087 0.0000 0.0000 0.0000 0.0000
0.0000 0.0000 0.0001 0.0107 0.2061 0.5744 0.2014 0.0073 0.0000 0.0000 0.0000
0.0000 0.0000 0.0000 0.0001 0.0087 0.2014 0.5899 0.1926 0.0073 0.0000 0.0000
0.0000 0.0000 0.0000 0.0000 0.0000 0.0073 0.1926 0.5935 0.2000 0.0066 0.0000
0.0000 0.0000 0.0000 0.0000 0.0000 0.0000 0.0073 0.2000 0.5991 0.1889 0.0047
0.0000 0.0000 0.0000 0.0000 0.0000 0.0000 0.0000 0.0066 0.1889 0.6225 0.1820
0.0000 0.0000 0.0000 0.0000 0.0000 0.0000 0.0000 0.0000 0.0047 0.1820 0.8133
#DG from neighbouring lambda in kcal/mol
0.0000 0.1000 -1.2866 0.0634
0.1000 0.2000 0.1447 0.0517
0.2000 0.3000 0.8703 0.0453
0.3000 0.4000 1.0839 0.0443
0.4000 0.5000 1.2483 0.0451
0.5000 0.6000 1.3295 0.0466
0.6000 0.7000 1.3802 0.0485
0.7000 0.8000 1.5326 0.0472
0.8000 0.9000 1.7324 0.0499
0.9000 1.0000 1.8244 0.0528
#PMF from MBAR in kcal/mol
0.0000 0.0000 0.0000
0.1000 -1.2866 0.0634
0.2000 -1.1420 0.0905
0.3000 -0.2717 0.1076
0.4000 0.8122 0.1221
0.5000 2.0605 0.1352
0.6000 3.3900 0.1477
0.7000 4.7702 0.1599
0.8000 6.3028 0.1708
0.9000 8.0352 0.1819
1.0000 9.8596 0.1932
#TI average gradients and standard deviation in kcal/mol
0.0000 -23.5216 19.0845
0.1000 -3.3013 14.1689
0.2000 5.7349 11.9089
0.3000 9.9108 12.2632
0.4000 12.1042 11.9471
0.5000 12.9540 11.9851
0.6000 13.4026 12.5753
0.7000 14.2051 12.9356
0.8000 16.9107 12.5568
0.9000 17.5882 13.1062
1.0000 19.7502 13.3826
#PMF from TI in kcal/mol
0.0000 0.0000
0.1000 -1.3411
0.2000 -1.2195
0.3000 -0.4372
0.4000 0.6636
0.5000 1.9165
0.6000 3.2343
0.7000 4.6147
0.8000 6.1705
0.9000 7.8954
1.0000 9.7624
#MBAR free energy difference in kcal/mol: 
9.859620, 0.193220  #WARNING SUBSAMPLING DISABLED, CONSIDER RERUN WITH SUBSAMPLING OPTION
#TI free energy difference in kcal/mol: 
9.762366  #WARNING SUBSAMPLING DISABLED, CONSIDER RERUN WITH SUBSAMPLING OPTION 
Starting /export/users/common/BioSimSpace/sire.app/bin/analyse_freenrg: number of threads equals 32
