# Analysing data contained in file(s) ['lambda_0.0000/simfile_snipped.dat', 'lambda_0.1000/simfile_snipped.dat', 'lambda_0.2000/simfile_snipped.dat', 'lambda_0.3000/simfile_snipped.dat', 'lambda_0.4000/simfile_snipped.dat', 'lambda_0.5000/simfile_snipped.dat', 'lambda_0.6000/simfile_snipped.dat', 'lambda_0.7000/simfile_snipped.dat', 'lambda_0.8000/simfile_snipped.dat', 'lambda_0.9000/simfile_snipped.dat', 'lambda_1.0000/simfile_snipped.dat']
#Overlap matrix
0.7772 0.1999 0.0215 0.0015 0.0001 0.0000 0.0000 0.0000 0.0000 0.0000 0.0000
0.1999 0.4937 0.2458 0.0541 0.0061 0.0004 0.0000 0.0000 0.0000 0.0000 0.0000
0.0215 0.2458 0.4085 0.2462 0.0677 0.0096 0.0008 0.0000 0.0000 0.0000 0.0000
0.0015 0.0541 0.2462 0.3700 0.2387 0.0752 0.0131 0.0012 0.0001 0.0000 0.0000
0.0001 0.0061 0.0677 0.2387 0.3481 0.2381 0.0840 0.0154 0.0016 0.0002 0.0000
0.0000 0.0004 0.0096 0.0752 0.2381 0.3371 0.2348 0.0834 0.0170 0.0040 0.0006
0.0000 0.0000 0.0008 0.0131 0.0840 0.2348 0.3206 0.2249 0.0883 0.0306 0.0028
0.0000 0.0000 0.0000 0.0012 0.0154 0.0834 0.2249 0.3158 0.2429 0.1111 0.0052
0.0000 0.0000 0.0000 0.0001 0.0016 0.0170 0.0883 0.2429 0.3991 0.2456 0.0054
0.0000 0.0000 0.0000 0.0000 0.0002 0.0040 0.0306 0.1111 0.2456 0.5793 0.0291
0.0000 0.0000 0.0000 0.0000 0.0000 0.0006 0.0028 0.0052 0.0054 0.0291 0.9569
#DG from neighbouring lambda in kcal/mol
0.0000 0.1000 3.9215 0.0457
0.1000 0.2000 1.6445 0.0310
0.2000 0.3000 -0.1175 0.0257
0.3000 0.4000 -1.7912 0.0239
0.4000 0.5000 -3.4924 0.0220
0.5000 0.6000 -5.2768 0.0211
0.6000 0.7000 -7.2436 0.0206
0.7000 0.8000 -9.0908 0.0193
0.8000 0.9000 -7.6599 0.0260
0.9000 1.0000 8.4588 0.1335
#PMF from MBAR in kcal/mol
0.0000 0.0000 0.0000
0.1000 3.9215 0.0457
0.2000 5.5660 0.0646
0.3000 5.4485 0.0755
0.4000 3.6573 0.0840
0.5000 0.1649 0.0910
0.6000 -5.1119 0.0969
0.7000 -12.3555 0.1025
0.8000 -21.4463 0.1072
0.9000 -29.1062 0.1117
1.0000 -20.6474 0.1743
#TI average gradients and standard deviation in kcal/mol
0.0000 53.8577 14.5060
0.1000 26.3437 9.7774
0.2000 6.3805 8.4577
0.3000 -8.3677 8.1383
0.4000 -26.8946 6.9779
0.5000 -43.9475 7.3727
0.6000 -62.3538 7.4066
0.7000 -82.0263 7.2320
0.8000 -95.4262 6.4241
0.9000 -36.8771 14.7880
1.0000 263.3432 38.1835
#PMF from TI in kcal/mol
0.0000 0.0000
0.1000 4.0101
0.2000 5.6463
0.3000 5.5469
0.4000 3.7838
0.5000 0.2417
0.6000 -5.0734
0.7000 -12.2924
0.8000 -21.1650
0.9000 -27.7802
1.0000 -16.4568
#MBAR free energy difference in kcal/mol: 
-20.647441, 0.174273  #WARNING SUBSAMPLING DISABLED, CONSIDER RERUN WITH SUBSAMPLING OPTION
#TI free energy difference in kcal/mol: 
-16.456850  #WARNING SUBSAMPLING DISABLED, CONSIDER RERUN WITH SUBSAMPLING OPTION 
Starting /export/users/common/BioSimSpace/sire.app/bin/analyse_freenrg: number of threads equals 32
