# Analysing data contained in file(s) ['lambda_0.0000/simfile_snipped.dat', 'lambda_0.1000/simfile_snipped.dat', 'lambda_0.2000/simfile_snipped.dat', 'lambda_0.3000/simfile_snipped.dat', 'lambda_0.4000/simfile_snipped.dat', 'lambda_0.5000/simfile_snipped.dat', 'lambda_0.6000/simfile_snipped.dat', 'lambda_0.7000/simfile_snipped.dat', 'lambda_0.8000/simfile_snipped.dat', 'lambda_0.9000/simfile_snipped.dat', 'lambda_1.0000/simfile_snipped.dat']
#Overlap matrix
0.9502 0.0498 0.0000 0.0000 0.0000 0.0000 0.0000 0.0000 0.0000 0.0000 0.0000
0.0498 0.8742 0.0760 0.0000 0.0000 0.0000 0.0000 0.0000 0.0000 0.0000 0.0000
0.0000 0.0760 0.8303 0.0936 0.0001 0.0000 0.0000 0.0000 0.0000 0.0000 0.0000
0.0000 0.0000 0.0936 0.8037 0.1025 0.0001 0.0000 0.0000 0.0000 0.0000 0.0000
0.0000 0.0000 0.0001 0.1025 0.7914 0.1058 0.0002 0.0000 0.0000 0.0000 0.0000
0.0000 0.0000 0.0000 0.0001 0.1058 0.7776 0.1162 0.0002 0.0000 0.0000 0.0000
0.0000 0.0000 0.0000 0.0000 0.0002 0.1162 0.7690 0.1141 0.0005 0.0000 0.0000
0.0000 0.0000 0.0000 0.0000 0.0000 0.0002 0.1141 0.7451 0.1400 0.0005 0.0000
0.0000 0.0000 0.0000 0.0000 0.0000 0.0000 0.0005 0.1400 0.7476 0.1116 0.0003
0.0000 0.0000 0.0000 0.0000 0.0000 0.0000 0.0000 0.0005 0.1116 0.7736 0.1143
0.0000 0.0000 0.0000 0.0000 0.0000 0.0000 0.0000 0.0000 0.0003 0.1143 0.8854
#DG from neighbouring lambda in kcal/mol
0.0000 0.1000 -6.2752 0.1225
0.1000 0.2000 -3.3946 0.0962
0.2000 0.3000 -2.5096 0.0848
0.3000 0.4000 -2.0382 0.0801
0.4000 0.5000 -1.8050 0.0785
0.5000 0.6000 -1.8707 0.0739
0.6000 0.7000 -2.1353 0.0746
0.7000 0.8000 -2.2425 0.0650
0.8000 0.9000 -2.5154 0.0757
0.9000 1.0000 -2.6533 0.0747
#PMF from MBAR in kcal/mol
0.0000 0.0000 0.0000
0.1000 -6.2752 0.1225
0.2000 -9.6697 0.1610
0.3000 -12.1793 0.1865
0.4000 -14.2175 0.2070
0.5000 -16.0225 0.2251
0.6000 -17.8932 0.2403
0.7000 -20.0285 0.2549
0.8000 -22.2710 0.2661
0.9000 -24.7864 0.2795
1.0000 -27.4397 0.2921
#TI average gradients and standard deviation in kcal/mol
0.0000 -90.5371 22.8250
0.1000 -43.7210 20.2995
0.2000 -28.3645 19.8087
0.3000 -21.6750 18.2165
0.4000 -19.4803 17.7818
0.5000 -17.8764 17.6967
0.6000 -19.5249 17.3317
0.7000 -22.7105 16.9035
0.8000 -21.8309 16.3615
0.9000 -27.7219 16.4056
1.0000 -24.9143 19.5962
#PMF from TI in kcal/mol
0.0000 0.0000
0.1000 -6.7129
0.2000 -10.3172
0.3000 -12.8192
0.4000 -14.8769
0.5000 -16.7448
0.6000 -18.6148
0.7000 -20.7266
0.8000 -22.9536
0.9000 -25.4313
1.0000 -28.0631
#MBAR free energy difference in kcal/mol: 
-27.439748, 0.292112  #WARNING SUBSAMPLING DISABLED, CONSIDER RERUN WITH SUBSAMPLING OPTION
#TI free energy difference in kcal/mol: 
-28.063097  #WARNING SUBSAMPLING DISABLED, CONSIDER RERUN WITH SUBSAMPLING OPTION 
Starting /export/users/common/BioSimSpace/sire.app/bin/analyse_freenrg: number of threads equals 32
