# Analysing data contained in file(s) ['lambda_0.0000/simfile_snipped.dat', 'lambda_0.1000/simfile_snipped.dat', 'lambda_0.2000/simfile_snipped.dat', 'lambda_0.3000/simfile_snipped.dat', 'lambda_0.4000/simfile_snipped.dat', 'lambda_0.5000/simfile_snipped.dat', 'lambda_0.6000/simfile_snipped.dat', 'lambda_0.7000/simfile_snipped.dat', 'lambda_0.8000/simfile_snipped.dat', 'lambda_0.9000/simfile_snipped.dat', 'lambda_1.0000/simfile_snipped.dat']
#Overlap matrix
0.9611 0.0388 0.0001 0.0000 0.0000 0.0000 0.0000 0.0000 0.0000 0.0000 0.0000
0.0388 0.8428 0.1168 0.0016 0.0000 0.0000 0.0000 0.0000 0.0000 0.0000 0.0000
0.0001 0.1168 0.7162 0.1581 0.0087 0.0001 0.0000 0.0000 0.0000 0.0000 0.0000
0.0000 0.0016 0.1581 0.6130 0.2131 0.0141 0.0002 0.0000 0.0000 0.0000 0.0000
0.0000 0.0000 0.0087 0.2131 0.5471 0.2170 0.0139 0.0001 0.0000 0.0000 0.0000
0.0000 0.0000 0.0001 0.0141 0.2170 0.5323 0.2232 0.0131 0.0001 0.0000 0.0000
0.0000 0.0000 0.0000 0.0002 0.0139 0.2232 0.5473 0.2065 0.0089 0.0000 0.0000
0.0000 0.0000 0.0000 0.0000 0.0001 0.0131 0.2065 0.5690 0.2043 0.0071 0.0000
0.0000 0.0000 0.0000 0.0000 0.0000 0.0001 0.0089 0.2043 0.6048 0.1812 0.0007
0.0000 0.0000 0.0000 0.0000 0.0000 0.0000 0.0000 0.0071 0.1812 0.7245 0.0872
0.0000 0.0000 0.0000 0.0000 0.0000 0.0000 0.0000 0.0000 0.0007 0.0872 0.9120
#DG from neighbouring lambda in kcal/mol
0.0000 0.1000 -18.1317 0.1403
0.1000 0.2000 -6.0002 0.0731
0.2000 0.3000 -3.2354 0.0573
0.3000 0.4000 -2.0086 0.0433
0.4000 0.5000 -1.5006 0.0418
0.5000 0.6000 -1.3103 0.0409
0.6000 0.7000 -1.1619 0.0446
0.7000 0.8000 -1.1945 0.0460
0.8000 0.9000 -1.3233 0.0523
0.9000 1.0000 -2.7971 0.0882
#PMF from MBAR in kcal/mol
0.0000 0.0000 0.0000
0.1000 -18.1317 0.1403
0.2000 -24.1319 0.1633
0.3000 -27.3673 0.1774
0.4000 -29.3759 0.1862
0.5000 -30.8765 0.1941
0.6000 -32.1868 0.2016
0.7000 -33.3487 0.2095
0.8000 -34.5432 0.2177
0.9000 -35.8665 0.2270
1.0000 -38.6636 0.2468
#TI average gradients and standard deviation in kcal/mol
0.0000 -327.9468 27.7551
0.1000 -92.6217 19.3193
0.2000 -40.1573 16.4983
0.3000 -24.7952 11.9637
0.4000 -16.9043 11.2421
0.5000 -14.0710 12.1265
0.6000 -11.9627 11.5088
0.7000 -11.4272 12.2912
0.8000 -12.1116 12.2148
0.9000 -16.1325 14.7240
1.0000 -42.7877 19.8265
#PMF from TI in kcal/mol
0.0000 0.0000
0.1000 -21.0284
0.2000 -27.6674
0.3000 -30.9150
0.4000 -33.0000
0.5000 -34.5487
0.6000 -35.8504
0.7000 -37.0199
0.8000 -38.1969
0.9000 -39.6091
1.0000 -42.5551
#MBAR free energy difference in kcal/mol: 
-38.663563, 0.246754  #WARNING SUBSAMPLING DISABLED, CONSIDER RERUN WITH SUBSAMPLING OPTION
#TI free energy difference in kcal/mol: 
-42.555070  #WARNING SUBSAMPLING DISABLED, CONSIDER RERUN WITH SUBSAMPLING OPTION 
Starting /export/users/common/BioSimSpace/sire.app/bin/analyse_freenrg: number of threads equals 32
