# Analysing data contained in file(s) ['lambda_0.0000/simfile_snipped.dat', 'lambda_0.1000/simfile_snipped.dat', 'lambda_0.2000/simfile_snipped.dat', 'lambda_0.3000/simfile_snipped.dat', 'lambda_0.4000/simfile_snipped.dat', 'lambda_0.5000/simfile_snipped.dat', 'lambda_0.6000/simfile_snipped.dat', 'lambda_0.7000/simfile_snipped.dat', 'lambda_0.8000/simfile_snipped.dat', 'lambda_0.9000/simfile_snipped.dat', 'lambda_1.0000/simfile_snipped.dat']
#Overlap matrix
0.9621 0.0379 0.0000 0.0000 0.0000 0.0000 0.0000 0.0000 0.0000 0.0000 0.0000
0.0379 0.9060 0.0560 0.0000 0.0000 0.0000 0.0000 0.0000 0.0000 0.0000 0.0000
0.0000 0.0560 0.8818 0.0622 0.0000 0.0000 0.0000 0.0000 0.0000 0.0000 0.0000
0.0000 0.0000 0.0622 0.8744 0.0634 0.0000 0.0000 0.0000 0.0000 0.0000 0.0000
0.0000 0.0000 0.0000 0.0634 0.8686 0.0680 0.0000 0.0000 0.0000 0.0000 0.0000
0.0000 0.0000 0.0000 0.0000 0.0680 0.8375 0.0944 0.0001 0.0000 0.0000 0.0000
0.0000 0.0000 0.0000 0.0000 0.0000 0.0944 0.8119 0.0934 0.0002 0.0000 0.0000
0.0000 0.0000 0.0000 0.0000 0.0000 0.0001 0.0934 0.7932 0.1128 0.0005 0.0000
0.0000 0.0000 0.0000 0.0000 0.0000 0.0000 0.0002 0.1128 0.7621 0.1244 0.0005
0.0000 0.0000 0.0000 0.0000 0.0000 0.0000 0.0000 0.0005 0.1244 0.7361 0.1391
0.0000 0.0000 0.0000 0.0000 0.0000 0.0000 0.0000 0.0000 0.0005 0.1391 0.8604
#DG from neighbouring lambda in kcal/mol
0.0000 0.1000 -6.2718 0.1423
0.1000 0.2000 -2.1655 0.1147
0.2000 0.3000 -0.9968 0.1081
0.3000 0.4000 -0.9400 0.1069
0.4000 0.5000 -0.7988 0.1027
0.5000 0.6000 -0.8120 0.0844
0.6000 0.7000 -0.9550 0.0849
0.7000 0.8000 -0.9682 0.0752
0.8000 0.9000 -0.8306 0.0705
0.9000 1.0000 -1.0454 0.0655
#PMF from MBAR in kcal/mol
0.0000 0.0000 0.0000
0.1000 -6.2718 0.1423
0.2000 -8.4373 0.1872
0.3000 -9.4341 0.2200
0.4000 -10.3741 0.2480
0.5000 -11.1728 0.2715
0.6000 -11.9848 0.2872
0.7000 -12.9398 0.3022
0.8000 -13.9079 0.3140
0.9000 -14.7386 0.3243
1.0000 -15.7839 0.3333
#TI average gradients and standard deviation in kcal/mol
0.0000 -118.8017 21.5772
0.1000 -32.2150 22.5581
0.2000 -12.9683 21.5560
0.3000 -8.2456 20.3550
0.4000 -8.1933 17.4825
0.5000 -9.7219 17.8903
0.6000 -8.8304 18.4081
0.7000 -10.0465 17.3855
0.8000 -8.5653 15.6936
0.9000 -9.2655 15.8605
1.0000 -9.1340 14.5076
#PMF from TI in kcal/mol
0.0000 0.0000
0.1000 -7.5508
0.2000 -9.8100
0.3000 -10.8707
0.4000 -11.6926
0.5000 -12.5884
0.6000 -13.5160
0.7000 -14.4599
0.8000 -15.3904
0.9000 -16.2820
1.0000 -17.2020
#MBAR free energy difference in kcal/mol: 
-15.783947, 0.333310  #WARNING SUBSAMPLING DISABLED, CONSIDER RERUN WITH SUBSAMPLING OPTION
#TI free energy difference in kcal/mol: 
-17.201954  #WARNING SUBSAMPLING DISABLED, CONSIDER RERUN WITH SUBSAMPLING OPTION 
Starting /export/users/common/BioSimSpace/sire.app/bin/analyse_freenrg: number of threads equals 32
