# Analysing data contained in file(s) ['lambda_0.0000/simfile_snipped.dat', 'lambda_0.1000/simfile_snipped.dat', 'lambda_0.2000/simfile_snipped.dat', 'lambda_0.3000/simfile_snipped.dat', 'lambda_0.4000/simfile_snipped.dat', 'lambda_0.5000/simfile_snipped.dat', 'lambda_0.6000/simfile_snipped.dat', 'lambda_0.7000/simfile_snipped.dat', 'lambda_0.8000/simfile_snipped.dat', 'lambda_0.9000/simfile_snipped.dat', 'lambda_1.0000/simfile_snipped.dat']
#Overlap matrix
0.9001 0.0997 0.0001 0.0000 0.0000 0.0000 0.0000 0.0000 0.0000 0.0000 0.0000
0.0997 0.7864 0.1137 0.0003 0.0000 0.0000 0.0000 0.0000 0.0000 0.0000 0.0000
0.0001 0.1137 0.7714 0.1144 0.0003 0.0000 0.0000 0.0000 0.0000 0.0000 0.0000
0.0000 0.0003 0.1144 0.7708 0.1141 0.0003 0.0000 0.0000 0.0000 0.0000 0.0000
0.0000 0.0000 0.0003 0.1141 0.7585 0.1266 0.0004 0.0000 0.0000 0.0000 0.0000
0.0000 0.0000 0.0000 0.0003 0.1266 0.7430 0.1294 0.0006 0.0000 0.0000 0.0000
0.0000 0.0000 0.0000 0.0000 0.0004 0.1294 0.7415 0.1281 0.0006 0.0000 0.0000
0.0000 0.0000 0.0000 0.0000 0.0000 0.0006 0.1281 0.7279 0.1422 0.0012 0.0000
0.0000 0.0000 0.0000 0.0000 0.0000 0.0000 0.0006 0.1422 0.7150 0.1411 0.0011
0.0000 0.0000 0.0000 0.0000 0.0000 0.0000 0.0000 0.0012 0.1411 0.7104 0.1474
0.0000 0.0000 0.0000 0.0000 0.0000 0.0000 0.0000 0.0000 0.0011 0.1474 0.8515
#DG from neighbouring lambda in kcal/mol
0.0000 0.1000 -0.2208 0.0816
0.1000 0.2000 -0.3904 0.0750
0.2000 0.3000 -0.5605 0.0746
0.3000 0.4000 -0.8570 0.0747
0.4000 0.5000 -1.2409 0.0697
0.5000 0.6000 -1.5804 0.0686
0.6000 0.7000 -1.9009 0.0690
0.7000 0.8000 -2.3887 0.0641
0.8000 0.9000 -2.5820 0.0643
0.9000 1.0000 -2.9293 0.0627
#PMF from MBAR in kcal/mol
0.0000 0.0000 0.0000
0.1000 -0.2208 0.0816
0.2000 -0.6112 0.1180
0.3000 -1.1716 0.1453
0.4000 -2.0286 0.1682
0.5000 -3.2695 0.1865
0.6000 -4.8499 0.2027
0.7000 -6.7508 0.2179
0.8000 -9.1395 0.2306
0.9000 -11.7215 0.2427
1.0000 -14.6508 0.2537
#TI average gradients and standard deviation in kcal/mol
0.0000 -3.1324 18.2085
0.1000 -3.0672 18.4118
0.2000 -3.8848 16.9349
0.3000 -7.0385 16.1761
0.4000 -11.3509 16.8868
0.5000 -13.7698 16.8386
0.6000 -16.7118 15.4953
0.7000 -22.1331 16.0156
0.8000 -24.8938 15.1586
0.9000 -27.6264 15.5812
1.0000 -30.9280 15.6489
#PMF from TI in kcal/mol
0.0000 0.0000
0.1000 -0.3100
0.2000 -0.6576
0.3000 -1.2037
0.4000 -2.1232
0.5000 -3.3793
0.6000 -4.9033
0.7000 -6.8456
0.8000 -9.1969
0.9000 -11.8229
1.0000 -14.7506
#MBAR free energy difference in kcal/mol: 
-14.650819, 0.253748  #WARNING SUBSAMPLING DISABLED, CONSIDER RERUN WITH SUBSAMPLING OPTION
#TI free energy difference in kcal/mol: 
-14.750649  #WARNING SUBSAMPLING DISABLED, CONSIDER RERUN WITH SUBSAMPLING OPTION 
Starting /export/users/common/BioSimSpace/sire.app/bin/analyse_freenrg: number of threads equals 32
