# Analysing data contained in file(s) ['lambda_0.0000/simfile_snipped.dat', 'lambda_0.1000/simfile_snipped.dat', 'lambda_0.2000/simfile_snipped.dat', 'lambda_0.3000/simfile_snipped.dat', 'lambda_0.4000/simfile_snipped.dat', 'lambda_0.5000/simfile_snipped.dat', 'lambda_0.6000/simfile_snipped.dat', 'lambda_0.7000/simfile_snipped.dat', 'lambda_0.8000/simfile_snipped.dat', 'lambda_0.9000/simfile_snipped.dat', 'lambda_1.0000/simfile_snipped.dat']
#Overlap matrix
0.8663 0.1318 0.0019 0.0000 0.0000 0.0000 0.0000 0.0000 0.0000 0.0000 0.0000
0.1318 0.6758 0.1880 0.0044 0.0000 0.0000 0.0000 0.0000 0.0000 0.0000 0.0000
0.0019 0.1880 0.6337 0.1714 0.0050 0.0000 0.0000 0.0000 0.0000 0.0000 0.0000
0.0000 0.0044 0.1714 0.6158 0.2018 0.0066 0.0000 0.0000 0.0000 0.0000 0.0000
0.0000 0.0000 0.0050 0.2018 0.6009 0.1869 0.0053 0.0000 0.0000 0.0000 0.0000
0.0000 0.0000 0.0000 0.0066 0.1869 0.6070 0.1925 0.0069 0.0000 0.0000 0.0000
0.0000 0.0000 0.0000 0.0000 0.0053 0.1925 0.6094 0.1879 0.0049 0.0000 0.0000
0.0000 0.0000 0.0000 0.0000 0.0000 0.0069 0.1879 0.6209 0.1815 0.0028 0.0000
0.0000 0.0000 0.0000 0.0000 0.0000 0.0000 0.0049 0.1815 0.6542 0.1586 0.0008
0.0000 0.0000 0.0000 0.0000 0.0000 0.0000 0.0000 0.0028 0.1586 0.7296 0.1090
0.0000 0.0000 0.0000 0.0000 0.0000 0.0000 0.0000 0.0000 0.0008 0.1090 0.8902
#DG from neighbouring lambda in kcal/mol
0.0000 0.1000 1.7427 0.0675
0.1000 0.2000 2.3952 0.0512
0.2000 0.3000 2.0634 0.0542
0.3000 0.4000 1.2735 0.0473
0.4000 0.5000 0.3923 0.0502
0.5000 0.6000 -0.7403 0.0490
0.6000 0.7000 -1.7799 0.0500
0.7000 0.8000 -3.0104 0.0523
0.8000 0.9000 -4.4083 0.0588
0.9000 1.0000 -6.0660 0.0768
#PMF from MBAR in kcal/mol
0.0000 0.0000 0.0000
0.1000 1.7427 0.0675
0.2000 4.1379 0.0933
0.3000 6.2013 0.1145
0.4000 7.4748 0.1296
0.5000 7.8671 0.1439
0.6000 7.1269 0.1567
0.7000 5.3469 0.1687
0.8000 2.3365 0.1806
0.9000 -2.0718 0.1939
1.0000 -8.1378 0.2123
#TI average gradients and standard deviation in kcal/mol
0.0000 8.7820 17.8590
0.1000 21.9805 14.9177
0.2000 24.5986 13.2050
0.3000 16.3031 13.5711
0.4000 9.0385 12.9626
0.5000 -1.7065 13.4309
0.6000 -12.5740 12.3454
0.7000 -23.7488 13.6404
0.8000 -36.8410 14.3360
0.9000 -51.1650 15.3200
1.0000 -74.1921 34.4195
#PMF from TI in kcal/mol
0.0000 0.0000
0.1000 1.5381
0.2000 3.8671
0.3000 5.9122
0.4000 7.1792
0.5000 7.5458
0.6000 6.8318
0.7000 5.0157
0.8000 1.9862
0.9000 -2.4141
1.0000 -8.6820
#MBAR free energy difference in kcal/mol: 
-8.137785, 0.212346  #WARNING SUBSAMPLING DISABLED, CONSIDER RERUN WITH SUBSAMPLING OPTION
#TI free energy difference in kcal/mol: 
-8.681967  #WARNING SUBSAMPLING DISABLED, CONSIDER RERUN WITH SUBSAMPLING OPTION 
Starting /export/users/common/BioSimSpace/sire.app/bin/analyse_freenrg: number of threads equals 32
