# Analysing data contained in file(s) ['lambda_0.0000/simfile_snipped.dat', 'lambda_0.1000/simfile_snipped.dat', 'lambda_0.2000/simfile_snipped.dat', 'lambda_0.3000/simfile_snipped.dat', 'lambda_0.4000/simfile_snipped.dat', 'lambda_0.5000/simfile_snipped.dat', 'lambda_0.6000/simfile_snipped.dat', 'lambda_0.7000/simfile_snipped.dat', 'lambda_0.8000/simfile_snipped.dat', 'lambda_0.9000/simfile_snipped.dat', 'lambda_1.0000/simfile_snipped.dat']
#Overlap matrix
0.6547 0.2591 0.0717 0.0129 0.0015 0.0001 0.0000 0.0000 0.0000 0.0000 0.0000
0.2591 0.3746 0.2452 0.0955 0.0224 0.0030 0.0002 0.0000 0.0000 0.0000 0.0000
0.0717 0.2452 0.3211 0.2349 0.1003 0.0239 0.0029 0.0002 0.0000 0.0000 0.0000
0.0129 0.0955 0.2349 0.3063 0.2301 0.0970 0.0209 0.0022 0.0001 0.0000 0.0000
0.0015 0.0224 0.1003 0.2301 0.3069 0.2299 0.0892 0.0179 0.0017 0.0001 0.0000
0.0001 0.0030 0.0239 0.0970 0.2299 0.3119 0.2295 0.0881 0.0156 0.0010 0.0000
0.0000 0.0002 0.0029 0.0209 0.0892 0.2295 0.3259 0.2390 0.0815 0.0106 0.0002
0.0000 0.0000 0.0002 0.0022 0.0179 0.0881 0.2390 0.3408 0.2394 0.0692 0.0030
0.0000 0.0000 0.0000 0.0001 0.0017 0.0156 0.0815 0.2394 0.3768 0.2557 0.0291
0.0000 0.0000 0.0000 0.0000 0.0001 0.0010 0.0106 0.0692 0.2557 0.4616 0.2018
0.0000 0.0000 0.0000 0.0000 0.0000 0.0000 0.0002 0.0030 0.0291 0.2018 0.7659
#DG from neighbouring lambda in kcal/mol
0.0000 0.1000 0.7532 0.0294
0.1000 0.2000 3.9415 0.0210
0.2000 0.3000 4.6914 0.0186
0.3000 0.4000 4.8666 0.0184
0.4000 0.5000 4.8958 0.0192
0.5000 0.6000 4.8604 0.0204
0.6000 0.7000 4.8079 0.0208
0.7000 0.8000 4.7031 0.0232
0.8000 0.9000 4.4570 0.0270
0.9000 1.0000 3.5874 0.0439
#PMF from MBAR in kcal/mol
0.0000 0.0000 0.0000
0.1000 0.7532 0.0294
0.2000 4.6947 0.0443
0.3000 9.3861 0.0543
0.4000 14.2527 0.0622
0.5000 19.1484 0.0696
0.6000 24.0088 0.0768
0.7000 28.8167 0.0836
0.8000 33.5198 0.0908
0.9000 37.9768 0.0988
1.0000 41.5642 0.1130
#TI average gradients and standard deviation in kcal/mol
0.0000 -28.4418 11.3871
0.1000 30.4930 7.4200
0.2000 44.7016 6.5878
0.3000 48.3566 6.4882
0.4000 49.2081 6.2351
0.5000 48.6780 6.5436
0.6000 48.1541 7.1049
0.7000 48.0380 7.4850
0.8000 46.0744 7.4458
0.9000 42.2452 9.4734
1.0000 26.3675 15.0890
#PMF from TI in kcal/mol
0.0000 0.0000
0.1000 0.1026
0.2000 3.8623
0.3000 8.5152
0.4000 13.3934
0.5000 18.2877
0.6000 23.1294
0.7000 27.9390
0.8000 32.6446
0.9000 37.0606
1.0000 40.4912
#MBAR free energy difference in kcal/mol: 
41.564202, 0.113050  #WARNING SUBSAMPLING DISABLED, CONSIDER RERUN WITH SUBSAMPLING OPTION
#TI free energy difference in kcal/mol: 
40.491195  #WARNING SUBSAMPLING DISABLED, CONSIDER RERUN WITH SUBSAMPLING OPTION 
Starting /export/users/common/BioSimSpace/sire.app/bin/analyse_freenrg: number of threads equals 32
