# Analysing data contained in file(s) ['lambda_0.0000/simfile_snipped.dat', 'lambda_0.1000/simfile_snipped.dat', 'lambda_0.2000/simfile_snipped.dat', 'lambda_0.3000/simfile_snipped.dat', 'lambda_0.4000/simfile_snipped.dat', 'lambda_0.5000/simfile_snipped.dat', 'lambda_0.6000/simfile_snipped.dat', 'lambda_0.7000/simfile_snipped.dat', 'lambda_0.8000/simfile_snipped.dat', 'lambda_0.9000/simfile_snipped.dat', 'lambda_1.0000/simfile_snipped.dat']
#Overlap matrix
0.8450 0.1500 0.0050 0.0001 0.0000 0.0000 0.0000 0.0000 0.0000 0.0000 0.0000
0.1500 0.6165 0.2156 0.0175 0.0004 0.0000 0.0000 0.0000 0.0000 0.0000 0.0000
0.0050 0.2156 0.5289 0.2271 0.0228 0.0006 0.0000 0.0000 0.0000 0.0000 0.0000
0.0001 0.0175 0.2271 0.4931 0.2337 0.0275 0.0010 0.0000 0.0000 0.0000 0.0000
0.0000 0.0004 0.0228 0.2337 0.4744 0.2337 0.0335 0.0015 0.0000 0.0000 0.0000
0.0000 0.0000 0.0006 0.0275 0.2337 0.4583 0.2391 0.0388 0.0019 0.0000 0.0000
0.0000 0.0000 0.0000 0.0010 0.0335 0.2391 0.4431 0.2429 0.0389 0.0015 0.0000
0.0000 0.0000 0.0000 0.0000 0.0015 0.0388 0.2429 0.4446 0.2372 0.0342 0.0007
0.0000 0.0000 0.0000 0.0000 0.0000 0.0019 0.0389 0.2372 0.4547 0.2485 0.0188
0.0000 0.0000 0.0000 0.0000 0.0000 0.0000 0.0015 0.0342 0.2485 0.5262 0.1896
0.0000 0.0000 0.0000 0.0000 0.0000 0.0000 0.0000 0.0007 0.0188 0.1896 0.7909
#DG from neighbouring lambda in kcal/mol
0.0000 0.1000 10.3028 0.0608
0.1000 0.2000 8.9098 0.0429
0.2000 0.3000 8.3134 0.0384
0.3000 0.4000 7.8940 0.0360
0.4000 0.5000 7.5900 0.0346
0.5000 0.6000 7.3842 0.0324
0.6000 0.7000 7.3198 0.0313
0.7000 0.8000 7.4034 0.0326
0.8000 0.9000 8.1339 0.0336
0.9000 1.0000 11.6174 0.0483
#PMF from MBAR in kcal/mol
0.0000 0.0000 0.0000
0.1000 10.3028 0.0608
0.2000 19.2126 0.0835
0.3000 27.5259 0.0982
0.4000 35.4199 0.1100
0.5000 43.0099 0.1201
0.6000 50.3940 0.1285
0.7000 57.7138 0.1360
0.8000 65.1173 0.1434
0.9000 73.2512 0.1509
1.0000 84.8686 0.1621
#TI average gradients and standard deviation in kcal/mol
0.0000 115.5090 17.7073
0.1000 93.6088 13.0921
0.2000 85.6404 10.7169
0.3000 81.1320 10.6593
0.4000 77.5106 9.4524
0.5000 74.1419 9.3461
0.6000 73.1840 10.0838
0.7000 73.7311 9.0533
0.8000 75.2986 9.0976
0.9000 90.9073 10.7849
1.0000 154.1063 17.2903
#PMF from TI in kcal/mol
0.0000 0.0000
0.1000 10.4559
0.2000 19.4184
0.3000 27.7570
0.4000 35.6891
0.5000 43.2717
0.6000 50.6380
0.7000 57.9838
0.8000 65.4353
0.9000 73.7456
1.0000 85.9962
#MBAR free energy difference in kcal/mol: 
84.868607, 0.162118  #WARNING SUBSAMPLING DISABLED, CONSIDER RERUN WITH SUBSAMPLING OPTION
#TI free energy difference in kcal/mol: 
85.996248  #WARNING SUBSAMPLING DISABLED, CONSIDER RERUN WITH SUBSAMPLING OPTION 
Starting /export/users/common/BioSimSpace/sire.app/bin/analyse_freenrg: number of threads equals 32
