# Analysing data contained in file(s) ['lambda_0.0000/simfile_snipped.dat', 'lambda_0.1000/simfile_snipped.dat', 'lambda_0.2000/simfile_snipped.dat', 'lambda_0.3000/simfile_snipped.dat', 'lambda_0.4000/simfile_snipped.dat', 'lambda_0.5000/simfile_snipped.dat', 'lambda_0.6000/simfile_snipped.dat', 'lambda_0.7000/simfile_snipped.dat', 'lambda_0.8000/simfile_snipped.dat', 'lambda_0.9000/simfile_snipped.dat', 'lambda_1.0000/simfile_snipped.dat']
#Overlap matrix
0.9350 0.0650 0.0000 0.0000 0.0000 0.0000 0.0000 0.0000 0.0000 0.0000 0.0000
0.0650 0.8793 0.0557 0.0000 0.0000 0.0000 0.0000 0.0000 0.0000 0.0000 0.0000
0.0000 0.0557 0.8951 0.0492 0.0000 0.0000 0.0000 0.0000 0.0000 0.0000 0.0000
0.0000 0.0000 0.0492 0.9089 0.0419 0.0000 0.0000 0.0000 0.0000 0.0000 0.0000
0.0000 0.0000 0.0000 0.0419 0.9205 0.0376 0.0000 0.0000 0.0000 0.0000 0.0000
0.0000 0.0000 0.0000 0.0000 0.0376 0.9316 0.0308 0.0000 0.0000 0.0000 0.0000
0.0000 0.0000 0.0000 0.0000 0.0000 0.0308 0.9426 0.0266 0.0000 0.0000 0.0000
0.0000 0.0000 0.0000 0.0000 0.0000 0.0000 0.0266 0.9541 0.0194 0.0000 0.0000
0.0000 0.0000 0.0000 0.0000 0.0000 0.0000 0.0000 0.0194 0.9720 0.0086 0.0000
0.0000 0.0000 0.0000 0.0000 0.0000 0.0000 0.0000 0.0000 0.0086 0.9881 0.0033
0.0000 0.0000 0.0000 0.0000 0.0000 0.0000 0.0000 0.0000 0.0000 0.0033 0.9967
#DG from neighbouring lambda in kcal/mol
0.0000 0.1000 1.5226 0.1054
0.1000 0.2000 1.6190 0.1151
0.2000 0.3000 1.3594 0.1234
0.3000 0.4000 1.0148 0.1347
0.4000 0.5000 0.9809 0.1430
0.5000 0.6000 0.5779 0.1590
0.6000 0.7000 0.5125 0.1721
0.7000 0.8000 0.3919 0.2030
0.8000 0.9000 2.0033 0.3079
0.9000 1.0000 4.0664 0.4967
#PMF from MBAR in kcal/mol
0.0000 0.0000 0.0000
0.1000 1.5226 0.1054
0.2000 3.1416 0.1613
0.3000 4.5011 0.2071
0.4000 5.5159 0.2504
0.5000 6.4968 0.2912
0.6000 7.0746 0.3343
0.7000 7.5871 0.3782
0.8000 7.9790 0.4312
0.9000 9.9823 0.5314
1.0000 14.0487 0.7286
#TI average gradients and standard deviation in kcal/mol
0.0000 14.7749 20.8107
0.1000 15.5415 19.0174
0.2000 15.1776 21.5875
0.3000 12.2472 23.2353
0.4000 9.3931 22.7005
0.5000 7.6160 24.6663
0.6000 4.2046 24.7559
0.7000 2.9420 26.8498
0.8000 9.1679 26.2300
0.9000 28.6000 32.1346
1.0000 60.9340 36.1096
#PMF from TI in kcal/mol
0.0000 0.0000
0.1000 1.5158
0.2000 3.0518
0.3000 4.4230
0.4000 5.5050
0.5000 6.3555
0.6000 6.9465
0.7000 7.3038
0.8000 7.9093
0.9000 9.7977
1.0000 14.2744
#MBAR free energy difference in kcal/mol: 
14.048672, 0.728553  #WARNING SUBSAMPLING DISABLED, CONSIDER RERUN WITH SUBSAMPLING OPTION
#TI free energy difference in kcal/mol: 
14.274422  #WARNING SUBSAMPLING DISABLED, CONSIDER RERUN WITH SUBSAMPLING OPTION 
Starting /export/users/common/BioSimSpace/sire.app/bin/analyse_freenrg: number of threads equals 32
