# Analysing data contained in file(s) ['lambda_0.0000/simfile_snipped.dat', 'lambda_0.1000/simfile_snipped.dat', 'lambda_0.2000/simfile_snipped.dat', 'lambda_0.3000/simfile_snipped.dat', 'lambda_0.4000/simfile_snipped.dat', 'lambda_0.5000/simfile_snipped.dat', 'lambda_0.6000/simfile_snipped.dat', 'lambda_0.7000/simfile_snipped.dat', 'lambda_0.8000/simfile_snipped.dat', 'lambda_0.9000/simfile_snipped.dat', 'lambda_1.0000/simfile_snipped.dat']
#Overlap matrix
0.8637 0.1357 0.0006 0.0000 0.0000 0.0000 0.0000 0.0000 0.0000 0.0000 0.0000
0.1357 0.7454 0.1188 0.0002 0.0000 0.0000 0.0000 0.0000 0.0000 0.0000 0.0000
0.0006 0.1188 0.7835 0.0969 0.0001 0.0000 0.0000 0.0000 0.0000 0.0000 0.0000
0.0000 0.0002 0.0969 0.8130 0.0898 0.0000 0.0000 0.0000 0.0000 0.0000 0.0000
0.0000 0.0000 0.0001 0.0898 0.8384 0.0716 0.0000 0.0000 0.0000 0.0000 0.0000
0.0000 0.0000 0.0000 0.0000 0.0716 0.8674 0.0609 0.0000 0.0000 0.0000 0.0000
0.0000 0.0000 0.0000 0.0000 0.0000 0.0609 0.8845 0.0546 0.0000 0.0000 0.0000
0.0000 0.0000 0.0000 0.0000 0.0000 0.0000 0.0546 0.8986 0.0469 0.0000 0.0000
0.0000 0.0000 0.0000 0.0000 0.0000 0.0000 0.0000 0.0469 0.9108 0.0423 0.0000
0.0000 0.0000 0.0000 0.0000 0.0000 0.0000 0.0000 0.0000 0.0423 0.9284 0.0293
0.0000 0.0000 0.0000 0.0000 0.0000 0.0000 0.0000 0.0000 0.0000 0.0293 0.9707
#DG from neighbouring lambda in kcal/mol
0.0000 0.1000 -0.5484 0.0666
0.1000 0.2000 -0.4693 0.0727
0.2000 0.3000 -0.5040 0.0829
0.3000 0.4000 -0.2866 0.0870
0.4000 0.5000 -0.2444 0.0996
0.5000 0.6000 -0.4317 0.1094
0.6000 0.7000 -0.2618 0.1164
0.7000 0.8000 -0.2961 0.1267
0.8000 0.9000 -0.1996 0.1340
0.9000 1.0000 0.2443 0.1633
#PMF from MBAR in kcal/mol
0.0000 0.0000 0.0000
0.1000 -0.5484 0.0666
0.2000 -1.0177 0.1063
0.3000 -1.5217 0.1408
0.4000 -1.8083 0.1704
0.5000 -2.0528 0.2015
0.6000 -2.4844 0.2329
0.7000 -2.7463 0.2635
0.8000 -3.0424 0.2952
0.9000 -3.2420 0.3268
1.0000 -2.9978 0.3676
#TI average gradients and standard deviation in kcal/mol
0.0000 -5.0620 15.9658
0.1000 -5.3606 15.9340
0.2000 -4.4779 16.9969
0.3000 -4.4958 16.8453
0.4000 -2.9296 18.7066
0.5000 -2.9856 20.4107
0.6000 -2.7507 20.3004
0.7000 -1.9631 22.0193
0.8000 -2.9380 21.9032
0.9000 0.7733 21.5479
1.0000 5.1034 23.0938
#PMF from TI in kcal/mol
0.0000 0.0000
0.1000 -0.5211
0.2000 -1.0131
0.3000 -1.4617
0.4000 -1.8330
0.5000 -2.1288
0.6000 -2.4156
0.7000 -2.6513
0.8000 -2.8963
0.9000 -3.0046
1.0000 -2.7107
#MBAR free energy difference in kcal/mol: 
-2.997764, 0.367566  #WARNING SUBSAMPLING DISABLED, CONSIDER RERUN WITH SUBSAMPLING OPTION
#TI free energy difference in kcal/mol: 
-2.710734  #WARNING SUBSAMPLING DISABLED, CONSIDER RERUN WITH SUBSAMPLING OPTION 
Starting /export/users/common/BioSimSpace/sire.app/bin/analyse_freenrg: number of threads equals 32
