# Analysing data contained in file(s) ['lambda_0.0000/simfile_snipped.dat', 'lambda_0.1000/simfile_snipped.dat', 'lambda_0.2000/simfile_snipped.dat', 'lambda_0.3000/simfile_snipped.dat', 'lambda_0.4000/simfile_snipped.dat', 'lambda_0.5000/simfile_snipped.dat', 'lambda_0.6000/simfile_snipped.dat', 'lambda_0.7000/simfile_snipped.dat', 'lambda_0.8000/simfile_snipped.dat', 'lambda_0.9000/simfile_snipped.dat', 'lambda_1.0000/simfile_snipped.dat']
#Overlap matrix
0.7309 0.2450 0.0236 0.0006 0.0000 0.0000 0.0000 0.0000 0.0000 0.0000 0.0000
0.2450 0.4980 0.2297 0.0265 0.0009 0.0000 0.0000 0.0000 0.0000 0.0000 0.0000
0.0236 0.2297 0.4830 0.2319 0.0305 0.0013 0.0000 0.0000 0.0000 0.0000 0.0000
0.0006 0.0265 0.2319 0.4647 0.2387 0.0356 0.0019 0.0000 0.0000 0.0000 0.0000
0.0000 0.0009 0.0305 0.2387 0.4472 0.2373 0.0423 0.0031 0.0001 0.0000 0.0000
0.0000 0.0000 0.0013 0.0356 0.2373 0.4293 0.2423 0.0503 0.0039 0.0001 0.0000
0.0000 0.0000 0.0000 0.0019 0.0423 0.2423 0.4207 0.2425 0.0475 0.0028 0.0000
0.0000 0.0000 0.0000 0.0000 0.0031 0.0503 0.2425 0.4244 0.2466 0.0325 0.0006
0.0000 0.0000 0.0000 0.0000 0.0001 0.0039 0.0475 0.2466 0.4890 0.2055 0.0075
0.0000 0.0000 0.0000 0.0000 0.0000 0.0001 0.0028 0.0325 0.2055 0.6395 0.1196
0.0000 0.0000 0.0000 0.0000 0.0000 0.0000 0.0000 0.0006 0.0075 0.1196 0.8723
#DG from neighbouring lambda in kcal/mol
0.0000 0.1000 8.5611 0.0381
0.1000 0.2000 7.4323 0.0367
0.2000 0.3000 6.2885 0.0353
0.3000 0.4000 5.1515 0.0332
0.4000 0.5000 4.0162 0.0319
0.5000 0.6000 2.9006 0.0296
0.6000 0.7000 1.8710 0.0290
0.7000 0.8000 1.0685 0.0305
0.8000 0.9000 1.0674 0.0416
0.9000 1.0000 3.6123 0.0697
#PMF from MBAR in kcal/mol
0.0000 0.0000 0.0000
0.1000 8.5611 0.0381
0.2000 15.9934 0.0626
0.3000 22.2819 0.0793
0.4000 27.4334 0.0920
0.5000 31.4496 0.1026
0.6000 34.3502 0.1112
0.7000 36.2212 0.1187
0.8000 37.2897 0.1263
0.9000 38.3572 0.1366
1.0000 41.9694 0.1574
#TI average gradients and standard deviation in kcal/mol
0.0000 89.8758 10.4934
0.1000 79.9299 10.7505
0.2000 68.8751 10.1454
0.3000 56.6754 9.8397
0.4000 45.7973 10.6371
0.5000 34.5137 9.3389
0.6000 23.3858 9.0817
0.7000 14.3418 9.2969
0.8000 9.2419 10.5403
0.9000 15.3318 13.0139
1.0000 64.2307 21.8246
#PMF from TI in kcal/mol
0.0000 0.0000
0.1000 8.4903
0.2000 15.9305
0.3000 22.2081
0.4000 27.3317
0.5000 31.3472
0.6000 34.2422
0.7000 36.1286
0.8000 37.3078
0.9000 38.5365
1.0000 42.5146
#MBAR free energy difference in kcal/mol: 
41.969431, 0.157382  #WARNING SUBSAMPLING DISABLED, CONSIDER RERUN WITH SUBSAMPLING OPTION
#TI free energy difference in kcal/mol: 
42.514598  #WARNING SUBSAMPLING DISABLED, CONSIDER RERUN WITH SUBSAMPLING OPTION 
Starting /export/users/common/BioSimSpace/sire.app/bin/analyse_freenrg: number of threads equals 32
