# Analysing data contained in file(s) ['lambda_0.0000/simfile_snipped.dat', 'lambda_0.1000/simfile_snipped.dat', 'lambda_0.2000/simfile_snipped.dat', 'lambda_0.3000/simfile_snipped.dat', 'lambda_0.4000/simfile_snipped.dat', 'lambda_0.5000/simfile_snipped.dat', 'lambda_0.6000/simfile_snipped.dat', 'lambda_0.7000/simfile_snipped.dat', 'lambda_0.8000/simfile_snipped.dat', 'lambda_0.9000/simfile_snipped.dat', 'lambda_1.0000/simfile_snipped.dat']
#Overlap matrix
0.9820 0.0180 0.0000 0.0000 0.0000 0.0000 0.0000 0.0000 0.0000 0.0000 0.0000
0.0180 0.9691 0.0128 0.0000 0.0000 0.0000 0.0000 0.0000 0.0000 0.0000 0.0000
0.0000 0.0128 0.9657 0.0215 0.0000 0.0000 0.0000 0.0000 0.0000 0.0000 0.0000
0.0000 0.0000 0.0215 0.9477 0.0308 0.0000 0.0000 0.0000 0.0000 0.0000 0.0000
0.0000 0.0000 0.0000 0.0308 0.9257 0.0435 0.0000 0.0000 0.0000 0.0000 0.0000
0.0000 0.0000 0.0000 0.0000 0.0435 0.9059 0.0505 0.0000 0.0000 0.0000 0.0000
0.0000 0.0000 0.0000 0.0000 0.0000 0.0505 0.8750 0.0744 0.0000 0.0000 0.0000
0.0000 0.0000 0.0000 0.0000 0.0000 0.0000 0.0744 0.8421 0.0833 0.0002 0.0000
0.0000 0.0000 0.0000 0.0000 0.0000 0.0000 0.0000 0.0833 0.7997 0.1163 0.0006
0.0000 0.0000 0.0000 0.0000 0.0000 0.0000 0.0000 0.0002 0.1163 0.7419 0.1416
0.0000 0.0000 0.0000 0.0000 0.0000 0.0000 0.0000 0.0000 0.0006 0.1416 0.8578
#DG from neighbouring lambda in kcal/mol
0.0000 0.1000 3.9342 0.2106
0.1000 0.2000 7.6716 0.2513
0.2000 0.3000 6.7975 0.1923
0.3000 0.4000 6.0509 0.1591
0.4000 0.5000 5.3664 0.1320
0.5000 0.6000 4.2011 0.1216
0.6000 0.7000 3.2483 0.0974
0.7000 0.8000 2.3950 0.0910
0.8000 0.9000 1.5518 0.0737
0.9000 1.0000 0.4726 0.0647
#PMF from MBAR in kcal/mol
0.0000 0.0000 0.0000
0.1000 3.9342 0.2106
0.2000 11.6058 0.3304
0.3000 18.4032 0.3845
0.4000 24.4542 0.4181
0.5000 29.8206 0.4403
0.6000 34.0217 0.4586
0.7000 37.2700 0.4706
0.8000 39.6650 0.4810
0.9000 41.2168 0.4883
1.0000 41.6894 0.4942
#TI average gradients and standard deviation in kcal/mol
0.0000 -12.5847 30.6152
0.1000 70.5622 25.9765
0.2000 72.1655 25.1410
0.3000 65.6058 23.0273
0.4000 56.5749 21.5778
0.5000 48.0212 22.0936
0.6000 36.8528 20.3450
0.7000 29.8533 18.6021
0.8000 19.3106 16.1435
0.9000 10.3104 16.0690
1.0000 1.2340 13.8698
#PMF from TI in kcal/mol
0.0000 0.0000
0.1000 2.8989
0.2000 10.0353
0.3000 16.9238
0.4000 23.0329
0.5000 28.2627
0.6000 32.5064
0.7000 35.8417
0.8000 38.2998
0.9000 39.7809
1.0000 40.3581
#MBAR free energy difference in kcal/mol: 
41.689406, 0.494208  #WARNING SUBSAMPLING DISABLED, CONSIDER RERUN WITH SUBSAMPLING OPTION
#TI free energy difference in kcal/mol: 
40.358115  #WARNING SUBSAMPLING DISABLED, CONSIDER RERUN WITH SUBSAMPLING OPTION 
Starting /export/users/common/BioSimSpace/sire.app/bin/analyse_freenrg: number of threads equals 32
