# Analysing data contained in file(s) ['lambda_0.0000/simfile_snipped.dat', 'lambda_0.1000/simfile_snipped.dat', 'lambda_0.2000/simfile_snipped.dat', 'lambda_0.3000/simfile_snipped.dat', 'lambda_0.4000/simfile_snipped.dat', 'lambda_0.5000/simfile_snipped.dat', 'lambda_0.6000/simfile_snipped.dat', 'lambda_0.7000/simfile_snipped.dat', 'lambda_0.8000/simfile_snipped.dat', 'lambda_0.9000/simfile_snipped.dat', 'lambda_1.0000/simfile_snipped.dat']
#Overlap matrix
0.9649 0.0351 0.0000 0.0000 0.0000 0.0000 0.0000 0.0000 0.0000 0.0000 0.0000
0.0351 0.9214 0.0435 0.0000 0.0000 0.0000 0.0000 0.0000 0.0000 0.0000 0.0000
0.0000 0.0435 0.9068 0.0497 0.0000 0.0000 0.0000 0.0000 0.0000 0.0000 0.0000
0.0000 0.0000 0.0497 0.8898 0.0605 0.0000 0.0000 0.0000 0.0000 0.0000 0.0000
0.0000 0.0000 0.0000 0.0605 0.8696 0.0698 0.0000 0.0000 0.0000 0.0000 0.0000
0.0000 0.0000 0.0000 0.0000 0.0698 0.8611 0.0691 0.0000 0.0000 0.0000 0.0000
0.0000 0.0000 0.0000 0.0000 0.0000 0.0691 0.8520 0.0787 0.0001 0.0000 0.0000
0.0000 0.0000 0.0000 0.0000 0.0000 0.0000 0.0787 0.8197 0.1015 0.0001 0.0000
0.0000 0.0000 0.0000 0.0000 0.0000 0.0000 0.0001 0.1015 0.8070 0.0913 0.0001
0.0000 0.0000 0.0000 0.0000 0.0000 0.0000 0.0000 0.0001 0.0913 0.8235 0.0851
0.0000 0.0000 0.0000 0.0000 0.0000 0.0000 0.0000 0.0000 0.0001 0.0851 0.9148
#DG from neighbouring lambda in kcal/mol
0.0000 0.1000 4.1317 0.1484
0.1000 0.2000 2.8765 0.1320
0.2000 0.3000 1.6724 0.1227
0.3000 0.4000 0.6603 0.1098
0.4000 0.5000 -0.1798 0.1011
0.5000 0.6000 -1.1439 0.1018
0.6000 0.7000 -2.4626 0.0942
0.7000 0.8000 -3.0346 0.0807
0.8000 0.9000 -3.7857 0.0861
0.9000 1.0000 -3.6096 0.0899
#PMF from MBAR in kcal/mol
0.0000 0.0000 0.0000
0.1000 4.1317 0.1484
0.2000 7.0082 0.2027
0.3000 8.6806 0.2404
0.4000 9.3409 0.2674
0.5000 9.1611 0.2888
0.6000 8.0172 0.3089
0.7000 5.5546 0.3255
0.8000 2.5200 0.3378
0.9000 -1.2657 0.3509
1.0000 -4.8752 0.3645
#TI average gradients and standard deviation in kcal/mol
0.0000 48.6820 23.8585
0.1000 34.8612 22.6521
0.2000 22.2298 21.7992
0.3000 12.6754 21.5366
0.4000 2.7239 20.1658
0.5000 -6.0643 18.9769
0.6000 -17.8067 18.8510
0.7000 -27.8980 16.8535
0.8000 -34.3127 17.8237
0.9000 -39.8141 17.6848
1.0000 -29.7929 19.6172
#PMF from TI in kcal/mol
0.0000 0.0000
0.1000 4.1772
0.2000 7.0317
0.3000 8.7770
0.4000 9.5469
0.5000 9.3799
0.6000 8.1864
0.7000 5.9011
0.8000 2.7906
0.9000 -0.9157
1.0000 -4.3961
#MBAR free energy difference in kcal/mol: 
-4.875235, 0.364542  #WARNING SUBSAMPLING DISABLED, CONSIDER RERUN WITH SUBSAMPLING OPTION
#TI free energy difference in kcal/mol: 
-4.396085  #WARNING SUBSAMPLING DISABLED, CONSIDER RERUN WITH SUBSAMPLING OPTION 
Starting /export/users/common/BioSimSpace/sire.app/bin/analyse_freenrg: number of threads equals 32
