# Analysing data contained in file(s) ['lambda_0.0000/simfile_snipped.dat', 'lambda_0.1000/simfile_snipped.dat', 'lambda_0.2000/simfile_snipped.dat', 'lambda_0.3000/simfile_snipped.dat', 'lambda_0.4000/simfile_snipped.dat', 'lambda_0.5000/simfile_snipped.dat', 'lambda_0.6000/simfile_snipped.dat', 'lambda_0.7000/simfile_snipped.dat', 'lambda_0.8000/simfile_snipped.dat', 'lambda_0.9000/simfile_snipped.dat', 'lambda_1.0000/simfile_snipped.dat']
#Overlap matrix
0.7174 0.2481 0.0327 0.0018 0.0000 0.0000 0.0000 0.0000 0.0000 0.0000 0.0000
0.2481 0.4615 0.2436 0.0442 0.0027 0.0001 0.0000 0.0000 0.0000 0.0000 0.0000
0.0327 0.2436 0.4349 0.2406 0.0450 0.0031 0.0001 0.0000 0.0000 0.0000 0.0000
0.0018 0.0442 0.2406 0.4173 0.2435 0.0491 0.0035 0.0001 0.0000 0.0000 0.0000
0.0000 0.0027 0.0450 0.2435 0.4152 0.2420 0.0475 0.0039 0.0001 0.0000 0.0000
0.0000 0.0001 0.0031 0.0491 0.2420 0.4089 0.2383 0.0538 0.0046 0.0002 0.0000
0.0000 0.0000 0.0001 0.0035 0.0475 0.2383 0.4088 0.2430 0.0544 0.0043 0.0001
0.0000 0.0000 0.0000 0.0001 0.0039 0.0538 0.2430 0.4064 0.2435 0.0470 0.0023
0.0000 0.0000 0.0000 0.0000 0.0001 0.0046 0.0544 0.2435 0.4261 0.2369 0.0344
0.0000 0.0000 0.0000 0.0000 0.0000 0.0002 0.0043 0.0470 0.2369 0.4784 0.2332
0.0000 0.0000 0.0000 0.0000 0.0000 0.0000 0.0001 0.0023 0.0344 0.2332 0.7300
#DG from neighbouring lambda in kcal/mol
0.0000 0.1000 0.3959 0.0363
0.1000 0.2000 0.2020 0.0314
0.2000 0.3000 0.1558 0.0302
0.3000 0.4000 0.0852 0.0292
0.4000 0.5000 0.0106 0.0290
0.5000 0.6000 -0.1183 0.0289
0.6000 0.7000 -0.1730 0.0277
0.7000 0.8000 -0.1636 0.0284
0.8000 0.9000 0.0433 0.0316
0.9000 1.0000 1.2435 0.0382
#PMF from MBAR in kcal/mol
0.0000 0.0000 0.0000
0.1000 0.3959 0.0363
0.2000 0.5979 0.0576
0.3000 0.7537 0.0720
0.4000 0.8389 0.0837
0.5000 0.8495 0.0936
0.6000 0.7312 0.1027
0.7000 0.5581 0.1104
0.8000 0.3946 0.1177
0.9000 0.4379 0.1256
1.0000 1.6814 0.1351
#TI average gradients and standard deviation in kcal/mol
0.0000 4.9398 10.7051
0.1000 2.3833 9.4639
0.2000 1.9110 9.0131
0.3000 1.1636 8.7411
0.4000 0.4273 8.5435
0.5000 -0.1660 8.8007
0.6000 -2.1971 8.2241
0.7000 -2.0660 9.0307
0.8000 -1.1393 8.3601
0.9000 3.4897 9.8670
1.0000 26.4214 12.9319
#PMF from TI in kcal/mol
0.0000 0.0000
0.1000 0.3662
0.2000 0.5809
0.3000 0.7346
0.4000 0.8142
0.5000 0.8272
0.6000 0.7091
0.7000 0.4959
0.8000 0.3356
0.9000 0.4532
1.0000 1.9487
#MBAR free energy difference in kcal/mol: 
1.681383, 0.135096  #WARNING SUBSAMPLING DISABLED, CONSIDER RERUN WITH SUBSAMPLING OPTION
#TI free energy difference in kcal/mol: 
1.948720  #WARNING SUBSAMPLING DISABLED, CONSIDER RERUN WITH SUBSAMPLING OPTION 
Starting /export/users/common/BioSimSpace/sire.app/bin/analyse_freenrg: number of threads equals 32
