# Analysing data contained in file(s) ['lambda_0.0000/simfile_snipped.dat', 'lambda_0.1000/simfile_snipped.dat', 'lambda_0.2000/simfile_snipped.dat', 'lambda_0.3000/simfile_snipped.dat', 'lambda_0.4000/simfile_snipped.dat', 'lambda_0.5000/simfile_snipped.dat', 'lambda_0.6000/simfile_snipped.dat', 'lambda_0.7000/simfile_snipped.dat', 'lambda_0.8000/simfile_snipped.dat', 'lambda_0.9000/simfile_snipped.dat', 'lambda_1.0000/simfile_snipped.dat']
#Overlap matrix
0.8029 0.1919 0.0053 0.0000 0.0000 0.0000 0.0000 0.0000 0.0000 0.0000 0.0000
0.1919 0.6127 0.1890 0.0064 0.0000 0.0000 0.0000 0.0000 0.0000 0.0000 0.0000
0.0053 0.1890 0.6042 0.1930 0.0085 0.0001 0.0000 0.0000 0.0000 0.0000 0.0000
0.0000 0.0064 0.1930 0.5757 0.2160 0.0089 0.0001 0.0000 0.0000 0.0000 0.0000
0.0000 0.0000 0.0085 0.2160 0.5688 0.1954 0.0112 0.0001 0.0000 0.0000 0.0000
0.0000 0.0000 0.0001 0.0089 0.1954 0.5654 0.2168 0.0133 0.0002 0.0000 0.0000
0.0000 0.0000 0.0000 0.0001 0.0112 0.2168 0.5408 0.2162 0.0147 0.0002 0.0000
0.0000 0.0000 0.0000 0.0000 0.0001 0.0133 0.2162 0.5264 0.2283 0.0155 0.0001
0.0000 0.0000 0.0000 0.0000 0.0000 0.0002 0.0147 0.2283 0.5310 0.2142 0.0116
0.0000 0.0000 0.0000 0.0000 0.0000 0.0000 0.0002 0.0155 0.2142 0.5640 0.2062
0.0000 0.0000 0.0000 0.0000 0.0000 0.0000 0.0000 0.0001 0.0116 0.2062 0.7821
#DG from neighbouring lambda in kcal/mol
0.0000 0.1000 0.0302 0.0505
0.1000 0.2000 -0.0362 0.0498
0.2000 0.3000 -0.0980 0.0484
0.3000 0.4000 -0.0743 0.0436
0.4000 0.5000 -0.1543 0.0470
0.5000 0.6000 -0.2111 0.0424
0.6000 0.7000 -0.2571 0.0419
0.7000 0.8000 -0.2863 0.0396
0.8000 0.9000 -0.1146 0.0424
0.9000 1.0000 1.1196 0.0465
#PMF from MBAR in kcal/mol
0.0000 0.0000 0.0000
0.1000 0.0302 0.0505
0.2000 -0.0060 0.0805
0.3000 -0.1040 0.1011
0.4000 -0.1783 0.1162
0.5000 -0.3326 0.1307
0.6000 -0.5437 0.1421
0.7000 -0.8007 0.1524
0.8000 -1.0871 0.1615
0.9000 -1.2017 0.1707
1.0000 -0.0821 0.1806
#TI average gradients and standard deviation in kcal/mol
0.0000 -0.5388 12.4350
0.1000 0.2650 13.0078
0.2000 -0.6494 12.6779
0.3000 -1.3623 11.9508
0.4000 -0.6504 12.1013
0.5000 -2.5503 12.1875
0.6000 -2.0758 12.0928
0.7000 -2.7101 11.6148
0.8000 -2.4883 11.1719
0.9000 1.8988 11.2406
1.0000 25.9212 13.4463
#PMF from TI in kcal/mol
0.0000 0.0000
0.1000 -0.0137
0.2000 -0.0329
0.3000 -0.1335
0.4000 -0.2341
0.5000 -0.3942
0.6000 -0.6255
0.7000 -0.8648
0.8000 -1.1247
0.9000 -1.1542
1.0000 0.2368
#MBAR free energy difference in kcal/mol: 
-0.082107, 0.180583  #WARNING SUBSAMPLING DISABLED, CONSIDER RERUN WITH SUBSAMPLING OPTION
#TI free energy difference in kcal/mol: 
0.236846  #WARNING SUBSAMPLING DISABLED, CONSIDER RERUN WITH SUBSAMPLING OPTION 
Starting /export/users/common/BioSimSpace/sire.app/bin/analyse_freenrg: number of threads equals 32
