# Analysing data contained in file(s) ['lambda_0.0000/simfile_snipped.dat', 'lambda_0.1000/simfile_snipped.dat', 'lambda_0.2000/simfile_snipped.dat', 'lambda_0.3000/simfile_snipped.dat', 'lambda_0.4000/simfile_snipped.dat', 'lambda_0.5000/simfile_snipped.dat', 'lambda_0.6000/simfile_snipped.dat', 'lambda_0.7000/simfile_snipped.dat', 'lambda_0.8000/simfile_snipped.dat', 'lambda_0.9000/simfile_snipped.dat', 'lambda_1.0000/simfile_snipped.dat']
#Overlap matrix
0.6826 0.2480 0.0571 0.0105 0.0015 0.0002 0.0000 0.0000 0.0000 0.0000 0.0000
0.2480 0.3892 0.2382 0.0938 0.0254 0.0047 0.0006 0.0001 0.0000 0.0000 0.0000
0.0571 0.2382 0.3235 0.2349 0.1065 0.0319 0.0067 0.0010 0.0001 0.0000 0.0000
0.0105 0.0938 0.2349 0.2905 0.2189 0.1078 0.0353 0.0074 0.0009 0.0000 0.0000
0.0015 0.0254 0.1065 0.2189 0.2752 0.2188 0.1113 0.0355 0.0064 0.0005 0.0000
0.0002 0.0047 0.0319 0.1078 0.2188 0.2733 0.2185 0.1099 0.0310 0.0038 0.0001
0.0000 0.0006 0.0067 0.0353 0.1113 0.2185 0.2785 0.2240 0.1030 0.0211 0.0011
0.0000 0.0001 0.0010 0.0074 0.0355 0.1099 0.2240 0.2960 0.2329 0.0852 0.0081
0.0000 0.0000 0.0001 0.0009 0.0064 0.0310 0.1030 0.2329 0.3322 0.2422 0.0514
0.0000 0.0000 0.0000 0.0000 0.0005 0.0038 0.0211 0.0852 0.2422 0.4090 0.2383
0.0000 0.0000 0.0000 0.0000 0.0000 0.0001 0.0011 0.0081 0.0514 0.2383 0.7011
#DG from neighbouring lambda in kcal/mol
0.0000 0.1000 -4.6485 0.0324
0.1000 0.2000 -1.4674 0.0227
0.2000 0.3000 0.0553 0.0175
0.3000 0.4000 1.1602 0.0167
0.4000 0.5000 2.1544 0.0157
0.5000 0.6000 3.1380 0.0157
0.6000 0.7000 4.0945 0.0166
0.7000 0.8000 4.9650 0.0189
0.8000 0.9000 5.6242 0.0238
0.9000 1.0000 5.8205 0.0347
#PMF from MBAR in kcal/mol
0.0000 0.0000 0.0000
0.1000 -4.6485 0.0324
0.2000 -6.1159 0.0482
0.3000 -6.0606 0.0568
0.4000 -4.9004 0.0635
0.5000 -2.7460 0.0692
0.6000 0.3920 0.0743
0.7000 4.4865 0.0794
0.8000 9.4515 0.0850
0.9000 15.0756 0.0920
1.0000 20.8962 0.1028
#TI average gradients and standard deviation in kcal/mol
0.0000 -76.8632 12.0379
0.1000 -24.7973 8.8502
0.2000 -6.2176 6.0765
0.3000 6.4735 6.1560
0.4000 16.9643 5.5084
0.5000 25.8853 5.3878
0.6000 36.1920 5.9521
0.7000 46.0248 6.0499
0.8000 53.0505 6.8146
0.9000 57.9890 8.6480
1.0000 56.7648 13.7295
#PMF from TI in kcal/mol
0.0000 0.0000
0.1000 -5.0830
0.2000 -6.6338
0.3000 -6.6210
0.4000 -5.4491
0.5000 -3.3066
0.6000 -0.2027
0.7000 3.9081
0.8000 8.8619
0.9000 14.4138
1.0000 20.1515
#MBAR free energy difference in kcal/mol: 
20.896171, 0.102803  #WARNING SUBSAMPLING DISABLED, CONSIDER RERUN WITH SUBSAMPLING OPTION
#TI free energy difference in kcal/mol: 
20.151534  #WARNING SUBSAMPLING DISABLED, CONSIDER RERUN WITH SUBSAMPLING OPTION 
Starting /export/users/common/BioSimSpace/sire.app/bin/analyse_freenrg: number of threads equals 32
