# Analysing data contained in file(s) ['lambda_0.0000/simfile_snipped.dat', 'lambda_0.1000/simfile_snipped.dat', 'lambda_0.2000/simfile_snipped.dat', 'lambda_0.3000/simfile_snipped.dat', 'lambda_0.4000/simfile_snipped.dat', 'lambda_0.5000/simfile_snipped.dat', 'lambda_0.6000/simfile_snipped.dat', 'lambda_0.7000/simfile_snipped.dat', 'lambda_0.8000/simfile_snipped.dat', 'lambda_0.9000/simfile_snipped.dat', 'lambda_1.0000/simfile_snipped.dat']
#Overlap matrix
0.9870 0.0130 0.0000 0.0000 0.0000 0.0000 0.0000 0.0000 0.0000 0.0000 0.0000
0.0130 0.9750 0.0120 0.0000 0.0000 0.0000 0.0000 0.0000 0.0000 0.0000 0.0000
0.0000 0.0120 0.9731 0.0149 0.0000 0.0000 0.0000 0.0000 0.0000 0.0000 0.0000
0.0000 0.0000 0.0149 0.9718 0.0134 0.0000 0.0000 0.0000 0.0000 0.0000 0.0000
0.0000 0.0000 0.0000 0.0134 0.9674 0.0193 0.0000 0.0000 0.0000 0.0000 0.0000
0.0000 0.0000 0.0000 0.0000 0.0193 0.9603 0.0204 0.0000 0.0000 0.0000 0.0000
0.0000 0.0000 0.0000 0.0000 0.0000 0.0204 0.9611 0.0185 0.0000 0.0000 0.0000
0.0000 0.0000 0.0000 0.0000 0.0000 0.0000 0.0185 0.9576 0.0239 0.0000 0.0000
0.0000 0.0000 0.0000 0.0000 0.0000 0.0000 0.0000 0.0239 0.9502 0.0259 0.0000
0.0000 0.0000 0.0000 0.0000 0.0000 0.0000 0.0000 0.0000 0.0259 0.9604 0.0137
0.0000 0.0000 0.0000 0.0000 0.0000 0.0000 0.0000 0.0000 0.0000 0.0137 0.9863
#DG from neighbouring lambda in kcal/mol
0.0000 0.1000 -0.9828 0.2498
0.1000 0.2000 -1.2777 0.2598
0.2000 0.3000 -1.3750 0.2326
0.3000 0.4000 -1.5874 0.2460
0.4000 0.5000 -1.0938 0.2035
0.5000 0.6000 -1.5257 0.1977
0.6000 0.7000 -1.2088 0.2079
0.7000 0.8000 -0.8816 0.1818
0.8000 0.9000 -0.1397 0.1745
0.9000 1.0000 1.6898 0.2425
#PMF from MBAR in kcal/mol
0.0000 0.0000 0.0000
0.1000 -0.9828 0.2498
0.2000 -2.2605 0.3627
0.3000 -3.6356 0.4328
0.4000 -5.2230 0.4995
0.5000 -6.3167 0.5409
0.6000 -7.8424 0.5773
0.7000 -9.0512 0.6150
0.8000 -9.9329 0.6426
0.9000 -10.0726 0.6671
1.0000 -8.3828 0.7110
#TI average gradients and standard deviation in kcal/mol
0.0000 15937.3333 256930.5048
0.1000 -5.7181 28.8218
0.2000 -12.2651 27.1543
0.3000 -15.3229 26.9967
0.4000 -15.2195 25.8675
0.5000 -16.0228 27.8800
0.6000 -12.6924 26.6961
0.7000 -11.3639 26.1411
0.8000 -6.9182 26.7032
0.9000 6.3205 26.8530
1.0000 33.1206 25.6870
#PMF from TI in kcal/mol
0.0000 0.0000
0.1000 796.5808
0.2000 795.6816
0.3000 794.3022
0.4000 792.7751
0.5000 791.2130
0.6000 789.7772
0.7000 788.5744
0.8000 787.6603
0.9000 787.6304
1.0000 789.6025
#MBAR free energy difference in kcal/mol: 
-8.382796, 0.710992  #WARNING SUBSAMPLING DISABLED, CONSIDER RERUN WITH SUBSAMPLING OPTION
#TI free energy difference in kcal/mol: 
789.602464  #WARNING SUBSAMPLING DISABLED, CONSIDER RERUN WITH SUBSAMPLING OPTION 
Starting /export/users/common/BioSimSpace/sire.app/bin/analyse_freenrg: number of threads equals 32
