# Analysing data contained in file(s) ['lambda_0.0000/simfile_snipped.dat', 'lambda_0.1000/simfile_snipped.dat', 'lambda_0.2000/simfile_snipped.dat', 'lambda_0.3000/simfile_snipped.dat', 'lambda_0.4000/simfile_snipped.dat', 'lambda_0.5000/simfile_snipped.dat', 'lambda_0.6000/simfile_snipped.dat', 'lambda_0.7000/simfile_snipped.dat', 'lambda_0.8000/simfile_snipped.dat', 'lambda_0.9000/simfile_snipped.dat', 'lambda_1.0000/simfile_snipped.dat']
#Overlap matrix
0.9097 0.0901 0.0002 0.0000 0.0000 0.0000 0.0000 0.0000 0.0000 0.0000 0.0000
0.0901 0.8090 0.1007 0.0001 0.0000 0.0000 0.0000 0.0000 0.0000 0.0000 0.0000
0.0002 0.1007 0.7835 0.1155 0.0001 0.0000 0.0000 0.0000 0.0000 0.0000 0.0000
0.0000 0.0001 0.1155 0.7861 0.0982 0.0001 0.0000 0.0000 0.0000 0.0000 0.0000
0.0000 0.0000 0.0001 0.0982 0.8122 0.0893 0.0001 0.0000 0.0000 0.0000 0.0000
0.0000 0.0000 0.0000 0.0001 0.0893 0.8267 0.0838 0.0000 0.0000 0.0000 0.0000
0.0000 0.0000 0.0000 0.0000 0.0001 0.0838 0.8377 0.0784 0.0000 0.0000 0.0000
0.0000 0.0000 0.0000 0.0000 0.0000 0.0000 0.0784 0.8486 0.0729 0.0000 0.0000
0.0000 0.0000 0.0000 0.0000 0.0000 0.0000 0.0000 0.0729 0.8666 0.0605 0.0000
0.0000 0.0000 0.0000 0.0000 0.0000 0.0000 0.0000 0.0000 0.0605 0.9035 0.0360
0.0000 0.0000 0.0000 0.0000 0.0000 0.0000 0.0000 0.0000 0.0000 0.0360 0.9640
#DG from neighbouring lambda in kcal/mol
0.0000 0.1000 39.3975 0.0868
0.1000 0.2000 35.4745 0.0810
0.2000 0.3000 30.5615 0.0742
0.3000 0.4000 25.4675 0.0823
0.4000 0.5000 20.1821 0.0873
0.5000 0.6000 14.7481 0.0907
0.6000 0.7000 9.5966 0.0945
0.7000 0.8000 4.1003 0.0986
0.8000 0.9000 -0.7763 0.1098
0.9000 1.0000 -5.5727 0.1464
#PMF from MBAR in kcal/mol
0.0000 0.0000 0.0000
0.1000 39.3975 0.0868
0.2000 74.8721 0.1254
0.3000 105.4336 0.1513
0.4000 130.9011 0.1769
0.5000 151.0832 0.2014
0.6000 165.8313 0.2246
0.7000 175.4279 0.2470
0.8000 179.5282 0.2691
0.9000 178.7519 0.2935
1.0000 173.1792 0.3304
#TI average gradients and standard deviation in kcal/mol
0.0000 408.9017 20.1808
0.1000 376.3773 16.8478
0.2000 330.3920 17.3940
0.3000 280.2772 17.1213
0.4000 228.6624 17.3316
0.5000 174.8841 18.1101
0.6000 122.3144 17.8063
0.7000 68.5961 18.9503
0.8000 16.1052 18.3222
0.9000 -31.8283 20.3612
1.0000 -77.7387 23.5789
#PMF from TI in kcal/mol
0.0000 0.0000
0.1000 39.2639
0.2000 74.6024
0.3000 105.1359
0.4000 130.5829
0.5000 150.7602
0.6000 165.6201
0.7000 175.1656
0.8000 179.4007
0.9000 178.6145
1.0000 173.1362
#MBAR free energy difference in kcal/mol: 
173.179217, 0.330449  #WARNING SUBSAMPLING DISABLED, CONSIDER RERUN WITH SUBSAMPLING OPTION
#TI free energy difference in kcal/mol: 
173.136194  #WARNING SUBSAMPLING DISABLED, CONSIDER RERUN WITH SUBSAMPLING OPTION 
Starting /export/users/common/BioSimSpace/sire.app/bin/analyse_freenrg: number of threads equals 32
