# Analysing data contained in file(s) ['lambda_0.0000/simfile_snipped.dat', 'lambda_0.1000/simfile_snipped.dat', 'lambda_0.2000/simfile_snipped.dat', 'lambda_0.3000/simfile_snipped.dat', 'lambda_0.4000/simfile_snipped.dat', 'lambda_0.5000/simfile_snipped.dat', 'lambda_0.6000/simfile_snipped.dat', 'lambda_0.7000/simfile_snipped.dat', 'lambda_0.8000/simfile_snipped.dat', 'lambda_0.9000/simfile_snipped.dat', 'lambda_1.0000/simfile_snipped.dat']
#Overlap matrix
0.7224 0.2515 0.0254 0.0007 0.0000 0.0000 0.0000 0.0000 0.0000 0.0000 0.0000
0.2515 0.5114 0.2181 0.0187 0.0003 0.0000 0.0000 0.0000 0.0000 0.0000 0.0000
0.0254 0.2181 0.5256 0.2169 0.0137 0.0001 0.0000 0.0000 0.0000 0.0000 0.0000
0.0007 0.0187 0.2169 0.5448 0.2098 0.0090 0.0001 0.0000 0.0000 0.0000 0.0000
0.0000 0.0003 0.0137 0.2098 0.5669 0.2005 0.0087 0.0001 0.0000 0.0000 0.0000
0.0000 0.0000 0.0001 0.0090 0.2005 0.5845 0.2000 0.0059 0.0000 0.0000 0.0000
0.0000 0.0000 0.0000 0.0001 0.0087 0.2000 0.6045 0.1820 0.0046 0.0000 0.0000
0.0000 0.0000 0.0000 0.0000 0.0001 0.0059 0.1820 0.6148 0.1921 0.0051 0.0000
0.0000 0.0000 0.0000 0.0000 0.0000 0.0000 0.0046 0.1921 0.6219 0.1766 0.0047
0.0000 0.0000 0.0000 0.0000 0.0000 0.0000 0.0000 0.0051 0.1766 0.6189 0.1994
0.0000 0.0000 0.0000 0.0000 0.0000 0.0000 0.0000 0.0000 0.0047 0.1994 0.7958
#DG from neighbouring lambda in kcal/mol
0.0000 0.1000 -3.8202 0.0369
0.1000 0.2000 -2.0278 0.0393
0.2000 0.3000 -1.0942 0.0411
0.3000 0.4000 -0.4786 0.0438
0.4000 0.5000 -0.1105 0.0464
0.5000 0.6000 0.3267 0.0471
0.6000 0.7000 0.6377 0.0515
0.7000 0.8000 0.8954 0.0496
0.8000 0.9000 1.3247 0.0529
0.9000 1.0000 1.8326 0.0491
#PMF from MBAR in kcal/mol
0.0000 0.0000 0.0000
0.1000 -3.8202 0.0369
0.2000 -5.8480 0.0629
0.3000 -6.9423 0.0827
0.4000 -7.4209 0.1002
0.5000 -7.5314 0.1164
0.6000 -7.2047 0.1309
0.7000 -6.5670 0.1456
0.8000 -5.6716 0.1585
0.9000 -4.3469 0.1714
1.0000 -2.5142 0.1823
#TI average gradients and standard deviation in kcal/mol
0.0000 -54.1383 11.1872
0.1000 -26.8093 10.8004
0.2000 -14.8524 11.1129
0.3000 -7.9714 11.0597
0.4000 -2.2821 12.5309
0.5000 0.4679 12.2331
0.6000 5.7995 12.6457
0.7000 6.9371 12.8218
0.8000 11.0763 12.8875
0.9000 14.7153 14.4036
1.0000 23.1239 13.7733
#PMF from TI in kcal/mol
0.0000 0.0000
0.1000 -4.0474
0.2000 -6.1305
0.3000 -7.2717
0.4000 -7.7843
0.5000 -7.8750
0.6000 -7.5617
0.7000 -6.9248
0.8000 -6.0242
0.9000 -4.7346
1.0000 -2.8426
#MBAR free energy difference in kcal/mol: 
-2.514213, 0.182321  #WARNING SUBSAMPLING DISABLED, CONSIDER RERUN WITH SUBSAMPLING OPTION
#TI free energy difference in kcal/mol: 
-2.842623  #WARNING SUBSAMPLING DISABLED, CONSIDER RERUN WITH SUBSAMPLING OPTION 
Starting /export/users/common/BioSimSpace/sire.app/bin/analyse_freenrg: number of threads equals 32
