# Analysing data contained in file(s) ['lambda_0.0000/simfile_snipped.dat', 'lambda_0.1000/simfile_snipped.dat', 'lambda_0.2000/simfile_snipped.dat', 'lambda_0.3000/simfile_snipped.dat', 'lambda_0.4000/simfile_snipped.dat', 'lambda_0.5000/simfile_snipped.dat', 'lambda_0.6000/simfile_snipped.dat', 'lambda_0.7000/simfile_snipped.dat', 'lambda_0.8000/simfile_snipped.dat', 'lambda_0.9000/simfile_snipped.dat', 'lambda_1.0000/simfile_snipped.dat']
#Overlap matrix
0.9504 0.0496 0.0000 0.0000 0.0000 0.0000 0.0000 0.0000 0.0000 0.0000 0.0000
0.0496 0.8979 0.0525 0.0000 0.0000 0.0000 0.0000 0.0000 0.0000 0.0000 0.0000
0.0000 0.0525 0.8863 0.0612 0.0000 0.0000 0.0000 0.0000 0.0000 0.0000 0.0000
0.0000 0.0000 0.0612 0.8811 0.0577 0.0000 0.0000 0.0000 0.0000 0.0000 0.0000
0.0000 0.0000 0.0000 0.0577 0.8764 0.0658 0.0000 0.0000 0.0000 0.0000 0.0000
0.0000 0.0000 0.0000 0.0000 0.0658 0.8520 0.0820 0.0001 0.0000 0.0000 0.0000
0.0000 0.0000 0.0000 0.0000 0.0000 0.0820 0.8345 0.0833 0.0001 0.0000 0.0000
0.0000 0.0000 0.0000 0.0000 0.0000 0.0001 0.0833 0.8153 0.1010 0.0002 0.0000
0.0000 0.0000 0.0000 0.0000 0.0000 0.0000 0.0001 0.1010 0.7849 0.1135 0.0005
0.0000 0.0000 0.0000 0.0000 0.0000 0.0000 0.0000 0.0002 0.1135 0.7560 0.1303
0.0000 0.0000 0.0000 0.0000 0.0000 0.0000 0.0000 0.0000 0.0005 0.1303 0.8692
#DG from neighbouring lambda in kcal/mol
0.0000 0.1000 -13.1203 0.1228
0.1000 0.2000 -9.8128 0.1190
0.2000 0.3000 -8.4223 0.1091
0.3000 0.4000 -7.3511 0.1128
0.4000 0.5000 -6.4699 0.1046
0.5000 0.6000 -5.7646 0.0919
0.6000 0.7000 -4.8460 0.0910
0.7000 0.8000 -4.1703 0.0808
0.8000 0.9000 -3.3739 0.0749
0.9000 1.0000 -2.5986 0.0685
#PMF from MBAR in kcal/mol
0.0000 0.0000 0.0000
0.1000 -13.1203 0.1228
0.2000 -22.9331 0.1758
0.3000 -31.3554 0.2109
0.4000 -38.7065 0.2426
0.5000 -45.1764 0.2673
0.6000 -50.9410 0.2856
0.7000 -55.7870 0.3025
0.8000 -59.9573 0.3157
0.9000 -63.3312 0.3270
1.0000 -65.9298 0.3365
#TI average gradients and standard deviation in kcal/mol
0.0000 -167.6359 21.6331
0.1000 -108.9604 22.4392
0.2000 -89.7233 21.9066
0.3000 -77.1748 20.5494
0.4000 -68.9110 19.1951
0.5000 -61.9801 19.3416
0.6000 -52.8060 18.0075
0.7000 -45.3976 17.8994
0.8000 -37.5429 16.5169
0.9000 -29.8633 15.8011
1.0000 -20.6269 14.7809
#PMF from TI in kcal/mol
0.0000 0.0000
0.1000 -13.8298
0.2000 -23.7640
0.3000 -32.1089
0.4000 -39.4132
0.5000 -45.9578
0.6000 -51.6971
0.7000 -56.6073
0.8000 -60.7543
0.9000 -64.1246
1.0000 -66.6491
#MBAR free energy difference in kcal/mol: 
-65.929751, 0.336451  #WARNING SUBSAMPLING DISABLED, CONSIDER RERUN WITH SUBSAMPLING OPTION
#TI free energy difference in kcal/mol: 
-66.649093  #WARNING SUBSAMPLING DISABLED, CONSIDER RERUN WITH SUBSAMPLING OPTION 
Starting /export/users/common/BioSimSpace/sire.app/bin/analyse_freenrg: number of threads equals 32
