# Analysing data contained in file(s) ['lambda_0.0000/simfile_snipped.dat', 'lambda_0.1000/simfile_snipped.dat', 'lambda_0.2000/simfile_snipped.dat', 'lambda_0.3000/simfile_snipped.dat', 'lambda_0.4000/simfile_snipped.dat', 'lambda_0.5000/simfile_snipped.dat', 'lambda_0.6000/simfile_snipped.dat', 'lambda_0.7000/simfile_snipped.dat', 'lambda_0.8000/simfile_snipped.dat', 'lambda_0.9000/simfile_snipped.dat', 'lambda_1.0000/simfile_snipped.dat']
#Overlap matrix
0.9376 0.0624 0.0000 0.0000 0.0000 0.0000 0.0000 0.0000 0.0000 0.0000 0.0000
0.0624 0.8765 0.0611 0.0000 0.0000 0.0000 0.0000 0.0000 0.0000 0.0000 0.0000
0.0000 0.0611 0.8491 0.0898 0.0001 0.0000 0.0000 0.0000 0.0000 0.0000 0.0000
0.0000 0.0000 0.0898 0.8119 0.0981 0.0001 0.0000 0.0000 0.0000 0.0000 0.0000
0.0000 0.0000 0.0001 0.0981 0.7992 0.1024 0.0002 0.0000 0.0000 0.0000 0.0000
0.0000 0.0000 0.0000 0.0001 0.1024 0.7812 0.1158 0.0005 0.0000 0.0000 0.0000
0.0000 0.0000 0.0000 0.0000 0.0002 0.1158 0.7552 0.1280 0.0009 0.0000 0.0000
0.0000 0.0000 0.0000 0.0000 0.0000 0.0005 0.1280 0.7325 0.1369 0.0022 0.0000
0.0000 0.0000 0.0000 0.0000 0.0000 0.0000 0.0009 0.1369 0.6853 0.1734 0.0034
0.0000 0.0000 0.0000 0.0000 0.0000 0.0000 0.0000 0.0022 0.1734 0.6506 0.1738
0.0000 0.0000 0.0000 0.0000 0.0000 0.0000 0.0000 0.0000 0.0034 0.1738 0.8227
#DG from neighbouring lambda in kcal/mol
0.0000 0.1000 -2.3689 0.1079
0.1000 0.2000 -1.1272 0.1092
0.2000 0.3000 -0.6454 0.0871
0.3000 0.4000 -0.3243 0.0824
0.4000 0.5000 -0.1879 0.0801
0.5000 0.6000 -0.2814 0.0740
0.6000 0.7000 -0.2484 0.0690
0.7000 0.8000 -0.2534 0.0654
0.8000 0.9000 -0.1759 0.0546
0.9000 1.0000 -0.2420 0.0550
#PMF from MBAR in kcal/mol
0.0000 0.0000 0.0000
0.1000 -2.3689 0.1079
0.2000 -3.4961 0.1588
0.3000 -4.1415 0.1856
0.4000 -4.4659 0.2071
0.5000 -4.6538 0.2257
0.6000 -4.9352 0.2409
0.7000 -5.1837 0.2538
0.8000 -5.4371 0.2651
0.9000 -5.6129 0.2734
1.0000 -5.8550 0.2816
#TI average gradients and standard deviation in kcal/mol
0.0000 -36.3670 20.6700
0.1000 -13.8303 19.7563
0.2000 -9.4522 19.0227
0.3000 -4.9279 18.5959
0.4000 -2.2248 18.3716
0.5000 -2.2757 17.6264
0.6000 -2.1323 16.3128
0.7000 -2.0495 14.5410
0.8000 -3.1544 13.9412
0.9000 -1.0219 13.9608
1.0000 -3.5046 12.9148
#PMF from TI in kcal/mol
0.0000 0.0000
0.1000 -2.5099
0.2000 -3.6740
0.3000 -4.3930
0.4000 -4.7506
0.5000 -4.9757
0.6000 -5.1961
0.7000 -5.4051
0.8000 -5.6653
0.9000 -5.8742
1.0000 -6.1005
#MBAR free energy difference in kcal/mol: 
-5.854973, 0.281561  #WARNING SUBSAMPLING DISABLED, CONSIDER RERUN WITH SUBSAMPLING OPTION
#TI free energy difference in kcal/mol: 
-6.100482  #WARNING SUBSAMPLING DISABLED, CONSIDER RERUN WITH SUBSAMPLING OPTION 
Starting /export/users/common/BioSimSpace/sire.app/bin/analyse_freenrg: number of threads equals 32
