# Analysing data contained in file(s) ['lambda_0.0000/simfile_snipped.dat', 'lambda_0.1000/simfile_snipped.dat', 'lambda_0.2000/simfile_snipped.dat', 'lambda_0.3000/simfile_snipped.dat', 'lambda_0.4000/simfile_snipped.dat', 'lambda_0.5000/simfile_snipped.dat', 'lambda_0.6000/simfile_snipped.dat', 'lambda_0.7000/simfile_snipped.dat', 'lambda_0.8000/simfile_snipped.dat', 'lambda_0.9000/simfile_snipped.dat', 'lambda_1.0000/simfile_snipped.dat']
#Overlap matrix
0.9413 0.0587 0.0000 0.0000 0.0000 0.0000 0.0000 0.0000 0.0000 0.0000 0.0000
0.0587 0.8652 0.0761 0.0000 0.0000 0.0000 0.0000 0.0000 0.0000 0.0000 0.0000
0.0000 0.0761 0.8470 0.0768 0.0000 0.0000 0.0000 0.0000 0.0000 0.0000 0.0000
0.0000 0.0000 0.0768 0.8378 0.0853 0.0001 0.0000 0.0000 0.0000 0.0000 0.0000
0.0000 0.0000 0.0000 0.0853 0.8175 0.0970 0.0002 0.0000 0.0000 0.0000 0.0000
0.0000 0.0000 0.0000 0.0001 0.0970 0.7962 0.1066 0.0002 0.0000 0.0000 0.0000
0.0000 0.0000 0.0000 0.0000 0.0002 0.1066 0.7835 0.1094 0.0003 0.0000 0.0000
0.0000 0.0000 0.0000 0.0000 0.0000 0.0002 0.1094 0.7763 0.1138 0.0003 0.0000
0.0000 0.0000 0.0000 0.0000 0.0000 0.0000 0.0003 0.1138 0.7494 0.1362 0.0003
0.0000 0.0000 0.0000 0.0000 0.0000 0.0000 0.0000 0.0003 0.1362 0.7632 0.1003
0.0000 0.0000 0.0000 0.0000 0.0000 0.0000 0.0000 0.0000 0.0003 0.1003 0.8994
#DG from neighbouring lambda in kcal/mol
0.0000 0.1000 3.8288 0.1117
0.1000 0.2000 4.6972 0.0962
0.2000 0.3000 4.1838 0.0956
0.3000 0.4000 3.3348 0.0898
0.4000 0.5000 2.5953 0.0829
0.5000 0.6000 1.9297 0.0781
0.6000 0.7000 0.9688 0.0768
0.7000 0.8000 0.2830 0.0748
0.8000 0.9000 -0.1888 0.0664
0.9000 1.0000 -0.3133 0.0812
#PMF from MBAR in kcal/mol
0.0000 0.0000 0.0000
0.1000 3.8288 0.1117
0.2000 8.5259 0.1529
0.3000 12.7098 0.1849
0.4000 16.0446 0.2095
0.5000 18.6400 0.2289
0.6000 20.5697 0.2452
0.7000 21.5385 0.2602
0.8000 21.8215 0.2737
0.9000 21.6328 0.2845
1.0000 21.3195 0.2986
#TI average gradients and standard deviation in kcal/mol
0.0000 22.1586 22.9106
0.1000 46.4326 20.7182
0.2000 46.5574 19.7287
0.3000 38.0200 18.6887
0.4000 30.2537 17.6011
0.5000 22.5140 16.5768
0.6000 13.8719 18.2355
0.7000 6.5571 16.4861
0.8000 -0.9257 16.7109
0.9000 -1.5209 16.3761
1.0000 1.0326 17.9905
#PMF from TI in kcal/mol
0.0000 0.0000
0.1000 3.4296
0.2000 8.0791
0.3000 12.3079
0.4000 15.7216
0.5000 18.3600
0.6000 20.1793
0.7000 21.2007
0.8000 21.4823
0.9000 21.3600
1.0000 21.3356
#MBAR free energy difference in kcal/mol: 
21.319499, 0.298583  #WARNING SUBSAMPLING DISABLED, CONSIDER RERUN WITH SUBSAMPLING OPTION
#TI free energy difference in kcal/mol: 
21.335568  #WARNING SUBSAMPLING DISABLED, CONSIDER RERUN WITH SUBSAMPLING OPTION 
Starting /export/users/common/BioSimSpace/sire.app/bin/analyse_freenrg: number of threads equals 32
