# Analysing data contained in file(s) ['lambda_0.0000/simfile_snipped.dat', 'lambda_0.1000/simfile_snipped.dat', 'lambda_0.2000/simfile_snipped.dat', 'lambda_0.3000/simfile_snipped.dat', 'lambda_0.4000/simfile_snipped.dat', 'lambda_0.5000/simfile_snipped.dat', 'lambda_0.6000/simfile_snipped.dat', 'lambda_0.7000/simfile_snipped.dat', 'lambda_0.8000/simfile_snipped.dat', 'lambda_0.9000/simfile_snipped.dat', 'lambda_1.0000/simfile_snipped.dat']
#Overlap matrix
0.8279 0.1656 0.0064 0.0001 0.0000 0.0000 0.0000 0.0000 0.0000 0.0000 0.0000
0.1656 0.6054 0.2092 0.0191 0.0007 0.0000 0.0000 0.0000 0.0000 0.0000 0.0000
0.0064 0.2092 0.5193 0.2333 0.0303 0.0014 0.0000 0.0000 0.0000 0.0000 0.0000
0.0001 0.0191 0.2333 0.4690 0.2412 0.0355 0.0017 0.0000 0.0000 0.0000 0.0000
0.0000 0.0007 0.0303 0.2412 0.4499 0.2370 0.0394 0.0014 0.0000 0.0000 0.0000
0.0000 0.0000 0.0014 0.0355 0.2370 0.4566 0.2362 0.0320 0.0012 0.0000 0.0000
0.0000 0.0000 0.0000 0.0017 0.0394 0.2362 0.4549 0.2378 0.0294 0.0006 0.0000
0.0000 0.0000 0.0000 0.0000 0.0014 0.0320 0.2378 0.4880 0.2287 0.0121 0.0000
0.0000 0.0000 0.0000 0.0000 0.0000 0.0012 0.0294 0.2287 0.5981 0.1421 0.0005
0.0000 0.0000 0.0000 0.0000 0.0000 0.0000 0.0006 0.0121 0.1421 0.8000 0.0452
0.0000 0.0000 0.0000 0.0000 0.0000 0.0000 0.0000 0.0000 0.0005 0.0452 0.9542
#DG from neighbouring lambda in kcal/mol
0.0000 0.1000 -2.0902 0.0563
0.1000 0.2000 -3.4534 0.0435
0.2000 0.3000 -4.0610 0.0361
0.3000 0.4000 -4.4586 0.0329
0.4000 0.5000 -4.8935 0.0325
0.5000 0.6000 -5.8822 0.0330
0.6000 0.7000 -6.3577 0.0340
0.7000 0.8000 -6.2928 0.0380
0.8000 0.9000 -4.5980 0.0609
0.9000 1.0000 1.3833 0.1284
#PMF from MBAR in kcal/mol
0.0000 0.0000 0.0000
0.1000 -2.0902 0.0563
0.2000 -5.5436 0.0803
0.3000 -9.6046 0.0945
0.4000 -14.0632 0.1053
0.5000 -18.9567 0.1148
0.6000 -24.8389 0.1234
0.7000 -31.1966 0.1322
0.8000 -37.4894 0.1413
0.9000 -42.0874 0.1577
1.0000 -40.7041 0.2071
#TI average gradients and standard deviation in kcal/mol
0.0000 -4.9722 140.5860
0.1000 -29.9978 14.0077
0.2000 -38.4549 10.6263
0.3000 -43.4817 9.2157
0.4000 -46.5258 10.0826
0.5000 -53.6243 9.4014
0.6000 -61.6643 10.0604
0.7000 -64.9595 10.1625
0.8000 -58.2668 11.9351
0.9000 -27.9640 18.2747
1.0000 78.1753 25.5985
#PMF from TI in kcal/mol
0.0000 0.0000
0.1000 -1.7485
0.2000 -5.1711
0.3000 -9.2680
0.4000 -13.7683
0.5000 -18.7758
0.6000 -24.5403
0.7000 -30.8715
0.8000 -37.0328
0.9000 -41.3443
1.0000 -38.8338
#MBAR free energy difference in kcal/mol: 
-40.704123, 0.207065  #WARNING SUBSAMPLING DISABLED, CONSIDER RERUN WITH SUBSAMPLING OPTION
#TI free energy difference in kcal/mol: 
-38.833763  #WARNING SUBSAMPLING DISABLED, CONSIDER RERUN WITH SUBSAMPLING OPTION 
Starting /export/users/common/BioSimSpace/sire.app/bin/analyse_freenrg: number of threads equals 32
