# Analysing data contained in file(s) ['lambda_0.0000/simfile_snipped.dat', 'lambda_0.1000/simfile_snipped.dat', 'lambda_0.2000/simfile_snipped.dat', 'lambda_0.3000/simfile_snipped.dat', 'lambda_0.4000/simfile_snipped.dat', 'lambda_0.5000/simfile_snipped.dat', 'lambda_0.6000/simfile_snipped.dat', 'lambda_0.7000/simfile_snipped.dat', 'lambda_0.8000/simfile_snipped.dat', 'lambda_0.9000/simfile_snipped.dat', 'lambda_1.0000/simfile_snipped.dat']
#Overlap matrix
0.7705 0.2177 0.0118 0.0001 0.0000 0.0000 0.0000 0.0000 0.0000 0.0000 0.0000
0.2177 0.5614 0.2086 0.0123 0.0001 0.0000 0.0000 0.0000 0.0000 0.0000 0.0000
0.0118 0.2086 0.5471 0.2196 0.0129 0.0001 0.0000 0.0000 0.0000 0.0000 0.0000
0.0001 0.0123 0.2196 0.5456 0.2108 0.0116 0.0001 0.0000 0.0000 0.0000 0.0000
0.0000 0.0001 0.0129 0.2108 0.5452 0.2208 0.0101 0.0000 0.0000 0.0000 0.0000
0.0000 0.0000 0.0001 0.0116 0.2208 0.5686 0.1924 0.0065 0.0000 0.0000 0.0000
0.0000 0.0000 0.0000 0.0001 0.0101 0.1924 0.6039 0.1893 0.0042 0.0000 0.0000
0.0000 0.0000 0.0000 0.0000 0.0000 0.0065 0.1893 0.6258 0.1750 0.0034 0.0000
0.0000 0.0000 0.0000 0.0000 0.0000 0.0000 0.0042 0.1750 0.6311 0.1836 0.0062
0.0000 0.0000 0.0000 0.0000 0.0000 0.0000 0.0000 0.0034 0.1836 0.6125 0.2005
0.0000 0.0000 0.0000 0.0000 0.0000 0.0000 0.0000 0.0000 0.0062 0.2005 0.7933
#DG from neighbouring lambda in kcal/mol
0.0000 0.1000 13.1996 0.0443
0.1000 0.2000 12.3438 0.0439
0.2000 0.3000 10.6845 0.0418
0.3000 0.4000 8.8549 0.0434
0.4000 0.5000 6.9285 0.0421
0.5000 0.6000 4.8992 0.0482
0.6000 0.7000 2.5844 0.0500
0.7000 0.8000 0.0083 0.0538
0.8000 0.9000 -2.6139 0.0514
0.9000 1.0000 -4.5370 0.0486
#PMF from MBAR in kcal/mol
0.0000 0.0000 0.0000
0.1000 13.1996 0.0443
0.2000 25.5433 0.0720
0.3000 36.2279 0.0908
0.4000 45.0828 0.1069
0.5000 52.0113 0.1205
0.6000 56.9104 0.1349
0.7000 59.4948 0.1486
0.8000 59.5031 0.1627
0.9000 56.8892 0.1749
1.0000 52.3522 0.1854
#TI average gradients and standard deviation in kcal/mol
0.0000 129.3301 12.5131
0.1000 129.9107 11.7890
0.2000 115.8200 11.9921
0.3000 98.2803 11.1529
0.4000 78.4096 11.9444
0.5000 60.2911 11.4101
0.6000 37.3049 12.2062
0.7000 13.4185 13.6886
0.8000 -13.5751 13.5766
0.9000 -37.8346 13.5913
1.0000 -48.0959 13.2877
#PMF from TI in kcal/mol
0.0000 0.0000
0.1000 12.9620
0.2000 25.2486
0.3000 35.9536
0.4000 44.7881
0.5000 51.7231
0.6000 56.6029
0.7000 59.1391
0.8000 59.1313
0.9000 56.5608
1.0000 52.2642
#MBAR free energy difference in kcal/mol: 
52.352171, 0.185388  #WARNING SUBSAMPLING DISABLED, CONSIDER RERUN WITH SUBSAMPLING OPTION
#TI free energy difference in kcal/mol: 
52.264247  #WARNING SUBSAMPLING DISABLED, CONSIDER RERUN WITH SUBSAMPLING OPTION 
Starting /export/users/common/BioSimSpace/sire.app/bin/analyse_freenrg: number of threads equals 32
