# Analysing data contained in file(s) ['lambda_0.0000/simfile_snipped.dat', 'lambda_0.1000/simfile_snipped.dat', 'lambda_0.2000/simfile_snipped.dat', 'lambda_0.3000/simfile_snipped.dat', 'lambda_0.4000/simfile_snipped.dat', 'lambda_0.5000/simfile_snipped.dat', 'lambda_0.6000/simfile_snipped.dat', 'lambda_0.7000/simfile_snipped.dat', 'lambda_0.8000/simfile_snipped.dat', 'lambda_0.9000/simfile_snipped.dat', 'lambda_1.0000/simfile_snipped.dat']
#Overlap matrix
0.6985 0.2584 0.0403 0.0027 0.0001 0.0000 0.0000 0.0000 0.0000 0.0000 0.0000
0.2584 0.4443 0.2434 0.0496 0.0041 0.0002 0.0000 0.0000 0.0000 0.0000 0.0000
0.0403 0.2434 0.4178 0.2388 0.0535 0.0058 0.0004 0.0000 0.0000 0.0000 0.0000
0.0027 0.0496 0.2388 0.3924 0.2439 0.0636 0.0084 0.0006 0.0000 0.0000 0.0000
0.0001 0.0041 0.0535 0.2439 0.3781 0.2400 0.0699 0.0097 0.0007 0.0000 0.0000
0.0000 0.0002 0.0058 0.0636 0.2400 0.3706 0.2431 0.0674 0.0088 0.0005 0.0000
0.0000 0.0000 0.0004 0.0084 0.0699 0.2431 0.3802 0.2327 0.0600 0.0052 0.0001
0.0000 0.0000 0.0000 0.0006 0.0097 0.0674 0.2327 0.4097 0.2454 0.0338 0.0007
0.0000 0.0000 0.0000 0.0000 0.0007 0.0088 0.0600 0.2454 0.4910 0.1891 0.0049
0.0000 0.0000 0.0000 0.0000 0.0000 0.0005 0.0052 0.0338 0.1891 0.6852 0.0862
0.0000 0.0000 0.0000 0.0000 0.0000 0.0000 0.0001 0.0007 0.0049 0.0862 0.9081
#DG from neighbouring lambda in kcal/mol
0.0000 0.1000 1.8205 0.0338
0.1000 0.2000 1.1792 0.0299
0.2000 0.3000 0.6003 0.0286
0.3000 0.4000 0.0008 0.0262
0.4000 0.5000 -0.5996 0.0249
0.5000 0.6000 -1.2452 0.0241
0.6000 0.7000 -2.0072 0.0265
0.7000 0.8000 -2.7315 0.0287
0.8000 0.9000 -1.9866 0.0443
0.9000 1.0000 7.0452 0.0860
#PMF from MBAR in kcal/mol
0.0000 0.0000 0.0000
0.1000 1.8205 0.0338
0.2000 2.9997 0.0545
0.3000 3.6000 0.0686
0.4000 3.6008 0.0793
0.5000 3.0012 0.0878
0.6000 1.7560 0.0951
0.7000 -0.2512 0.1025
0.8000 -2.9827 0.1100
0.9000 -4.9693 0.1222
1.0000 2.0759 0.1535
#TI average gradients and standard deviation in kcal/mol
0.0000 20.7772 10.0780
0.1000 14.4667 9.5813
0.2000 8.7608 9.3248
0.3000 3.0862 8.9587
0.4000 -3.0385 8.4139
0.5000 -9.0508 8.1806
0.6000 -16.4434 7.8287
0.7000 -25.4055 8.4042
0.8000 -28.0832 10.6390
0.9000 -2.4014 14.3236
1.0000 192.2956 28.7446
#PMF from TI in kcal/mol
0.0000 0.0000
0.1000 1.7622
0.2000 2.9236
0.3000 3.5159
0.4000 3.5183
0.5000 2.9138
0.6000 1.6391
0.7000 -0.4533
0.8000 -3.1277
0.9000 -4.6520
1.0000 4.8427
#MBAR free energy difference in kcal/mol: 
2.075880, 0.153468  #WARNING SUBSAMPLING DISABLED, CONSIDER RERUN WITH SUBSAMPLING OPTION
#TI free energy difference in kcal/mol: 
4.842738  #WARNING SUBSAMPLING DISABLED, CONSIDER RERUN WITH SUBSAMPLING OPTION 
Starting /export/users/common/BioSimSpace/sire.app/bin/analyse_freenrg: number of threads equals 32
