# Analysing data contained in file(s) ['lambda_0.0000/simfile_snipped.dat', 'lambda_0.1000/simfile_snipped.dat', 'lambda_0.2000/simfile_snipped.dat', 'lambda_0.3000/simfile_snipped.dat', 'lambda_0.4000/simfile_snipped.dat', 'lambda_0.5000/simfile_snipped.dat', 'lambda_0.6000/simfile_snipped.dat', 'lambda_0.7000/simfile_snipped.dat', 'lambda_0.8000/simfile_snipped.dat', 'lambda_0.9000/simfile_snipped.dat', 'lambda_1.0000/simfile_snipped.dat']
#Overlap matrix
0.9053 0.0946 0.0001 0.0000 0.0000 0.0000 0.0000 0.0000 0.0000 0.0000 0.0000
0.0946 0.8121 0.0931 0.0002 0.0000 0.0000 0.0000 0.0000 0.0000 0.0000 0.0000
0.0001 0.0931 0.7911 0.1156 0.0002 0.0000 0.0000 0.0000 0.0000 0.0000 0.0000
0.0000 0.0002 0.1156 0.7713 0.1128 0.0002 0.0000 0.0000 0.0000 0.0000 0.0000
0.0000 0.0000 0.0002 0.1128 0.7700 0.1167 0.0003 0.0000 0.0000 0.0000 0.0000
0.0000 0.0000 0.0000 0.0002 0.1167 0.7542 0.1284 0.0004 0.0000 0.0000 0.0000
0.0000 0.0000 0.0000 0.0000 0.0003 0.1284 0.7510 0.1199 0.0003 0.0000 0.0000
0.0000 0.0000 0.0000 0.0000 0.0000 0.0004 0.1199 0.7579 0.1214 0.0004 0.0000
0.0000 0.0000 0.0000 0.0000 0.0000 0.0000 0.0003 0.1214 0.7642 0.1139 0.0002
0.0000 0.0000 0.0000 0.0000 0.0000 0.0000 0.0000 0.0004 0.1139 0.7798 0.1060
0.0000 0.0000 0.0000 0.0000 0.0000 0.0000 0.0000 0.0000 0.0002 0.1060 0.8938
#DG from neighbouring lambda in kcal/mol
0.0000 0.1000 28.2963 0.0843
0.1000 0.2000 24.4077 0.0851
0.2000 0.3000 20.7632 0.0742
0.3000 0.4000 17.0210 0.0754
0.4000 0.5000 13.3235 0.0736
0.5000 0.6000 9.6512 0.0691
0.6000 0.7000 5.9974 0.0723
0.7000 0.8000 2.2407 0.0717
0.8000 0.9000 -1.2662 0.0748
0.9000 1.0000 -4.4919 0.0785
#PMF from MBAR in kcal/mol
0.0000 0.0000 0.0000
0.1000 28.2963 0.0843
0.2000 52.7040 0.1265
0.3000 73.4672 0.1521
0.4000 90.4882 0.1745
0.5000 103.8117 0.1937
0.6000 113.4629 0.2095
0.7000 119.4603 0.2253
0.8000 121.7010 0.2398
0.9000 120.4347 0.2544
1.0000 115.9428 0.2693
#TI average gradients and standard deviation in kcal/mol
0.0000 298.2840 18.0626
0.1000 264.0253 18.1928
0.2000 224.5011 16.8236
0.3000 189.5028 17.7130
0.4000 151.7262 16.7716
0.5000 114.1359 16.7861
0.6000 79.1286 16.2021
0.7000 40.8416 16.2127
0.8000 4.1576 16.2028
0.9000 -30.4865 18.0383
1.0000 -55.3969 19.2054
#PMF from TI in kcal/mol
0.0000 0.0000
0.1000 28.1155
0.2000 52.5418
0.3000 73.2420
0.4000 90.3034
0.5000 103.5965
0.6000 113.2597
0.7000 119.2583
0.8000 121.5082
0.9000 120.1918
1.0000 115.8976
#MBAR free energy difference in kcal/mol: 
115.942814, 0.269310  #WARNING SUBSAMPLING DISABLED, CONSIDER RERUN WITH SUBSAMPLING OPTION
#TI free energy difference in kcal/mol: 
115.897602  #WARNING SUBSAMPLING DISABLED, CONSIDER RERUN WITH SUBSAMPLING OPTION 
Starting /export/users/common/BioSimSpace/sire.app/bin/analyse_freenrg: number of threads equals 32
