# Analysing data contained in file(s) ['lambda_0.0000/simfile_snipped.dat', 'lambda_0.1000/simfile_snipped.dat', 'lambda_0.2000/simfile_snipped.dat', 'lambda_0.3000/simfile_snipped.dat', 'lambda_0.4000/simfile_snipped.dat', 'lambda_0.5000/simfile_snipped.dat', 'lambda_0.6000/simfile_snipped.dat', 'lambda_0.7000/simfile_snipped.dat', 'lambda_0.8000/simfile_snipped.dat', 'lambda_0.9000/simfile_snipped.dat', 'lambda_1.0000/simfile_snipped.dat']
#Overlap matrix
0.8842 0.1146 0.0013 0.0000 0.0000 0.0000 0.0000 0.0000 0.0000 0.0000 0.0000
0.1146 0.7138 0.1685 0.0031 0.0000 0.0000 0.0000 0.0000 0.0000 0.0000 0.0000
0.0013 0.1685 0.6573 0.1703 0.0025 0.0000 0.0000 0.0000 0.0000 0.0000 0.0000
0.0000 0.0031 0.1703 0.6818 0.1431 0.0016 0.0000 0.0000 0.0000 0.0000 0.0000
0.0000 0.0000 0.0025 0.1431 0.7055 0.1481 0.0008 0.0000 0.0000 0.0000 0.0000
0.0000 0.0000 0.0000 0.0016 0.1481 0.7566 0.0937 0.0000 0.0000 0.0000 0.0000
0.0000 0.0000 0.0000 0.0000 0.0008 0.0937 0.9054 0.0000 0.0000 0.0000 0.0000
0.0000 0.0000 0.0000 0.0000 0.0000 0.0000 0.0000 0.9980 0.0020 0.0000 0.0000
0.0000 0.0000 0.0000 0.0000 0.0000 0.0000 0.0000 0.0020 0.9977 0.0002 0.0000
0.0000 0.0000 0.0000 0.0000 0.0000 0.0000 0.0000 0.0000 0.0002 0.9998 0.0000
0.0000 0.0000 0.0000 0.0000 0.0000 0.0000 0.0000 0.0000 0.0000 0.0000 1.0000
#DG from neighbouring lambda in kcal/mol
0.0000 0.1000 12.3536 0.0742
0.1000 0.2000 10.6621 0.0561
0.2000 0.3000 9.6727 0.0553
0.3000 0.4000 8.6841 0.0631
0.4000 0.5000 7.8827 0.0621
0.5000 0.6000 9.4201 0.0844
0.6000 0.7000 15.4620 7.0381
0.7000 0.8000 7.7773 0.6382
0.8000 0.9000 -0.7656 1.8232
0.9000 1.0000 -94.0251 5.2186
#PMF from MBAR in kcal/mol
0.0000 0.0000 0.0000
0.1000 12.3536 0.0742
0.2000 23.0157 0.1010
0.3000 32.6884 0.1215
0.4000 41.3725 0.1423
0.5000 49.2552 0.1601
0.6000 58.6754 0.1853
0.7000 74.1373 7.0407
0.8000 81.9146 7.0697
0.9000 81.1490 7.3011
1.0000 -12.8761 2.1267
#TI average gradients and standard deviation in kcal/mol
0.0000 127.6517 19.0198
0.1000 112.4551 13.5328
0.2000 100.7218 13.6742
0.3000 92.3589 14.6122
0.4000 81.1813 15.1262
0.5000 79.4583 16.3024
0.6000 120.6831 22.2035
0.7000 104.9215 37.5176
0.8000 54.7187 40.5142
0.9000 -79.9210 45.8189
1.0000 -3318.1940 184.1560
#PMF from TI in kcal/mol
0.0000 0.0000
0.1000 12.0053
0.2000 22.6642
0.3000 32.3182
0.4000 40.9952
0.5000 49.0272
0.6000 59.0343
0.7000 70.3145
0.8000 78.2965
0.9000 77.0364
1.0000 -92.8693
#MBAR free energy difference in kcal/mol: 
-12.876050, 2.126713  #WARNING SUBSAMPLING DISABLED, CONSIDER RERUN WITH SUBSAMPLING OPTION
#TI free energy difference in kcal/mol: 
-92.869335  #WARNING SUBSAMPLING DISABLED, CONSIDER RERUN WITH SUBSAMPLING OPTION 
Starting /export/users/common/BioSimSpace/sire.app/bin/analyse_freenrg: number of threads equals 32
