# Analysing data contained in file(s) ['lambda_0.0000/simfile_snipped.dat', 'lambda_0.1000/simfile_snipped.dat', 'lambda_0.2000/simfile_snipped.dat', 'lambda_0.3000/simfile_snipped.dat', 'lambda_0.4000/simfile_snipped.dat', 'lambda_0.5000/simfile_snipped.dat', 'lambda_0.6000/simfile_snipped.dat', 'lambda_0.7000/simfile_snipped.dat', 'lambda_0.8000/simfile_snipped.dat', 'lambda_0.9000/simfile_snipped.dat', 'lambda_1.0000/simfile_snipped.dat']
#Overlap matrix
1.0000 0.0000 0.0000 0.0000 0.0000 0.0000 0.0000 0.0000 0.0000 0.0000 0.0000
0.0000 0.9941 0.0059 0.0000 0.0000 0.0000 0.0000 0.0000 0.0000 0.0000 0.0000
0.0000 0.0059 0.9567 0.0374 0.0000 0.0000 0.0000 0.0000 0.0000 0.0000 0.0000
0.0000 0.0000 0.0374 0.9135 0.0491 0.0000 0.0000 0.0000 0.0000 0.0000 0.0000
0.0000 0.0000 0.0000 0.0491 0.8791 0.0718 0.0000 0.0000 0.0000 0.0000 0.0000
0.0000 0.0000 0.0000 0.0000 0.0718 0.8512 0.0770 0.0000 0.0000 0.0000 0.0000
0.0000 0.0000 0.0000 0.0000 0.0000 0.0770 0.8574 0.0656 0.0000 0.0000 0.0000
0.0000 0.0000 0.0000 0.0000 0.0000 0.0000 0.0656 0.8596 0.0747 0.0000 0.0000
0.0000 0.0000 0.0000 0.0000 0.0000 0.0000 0.0000 0.0747 0.8690 0.0563 0.0000
0.0000 0.0000 0.0000 0.0000 0.0000 0.0000 0.0000 0.0000 0.0563 0.9419 0.0018
0.0000 0.0000 0.0000 0.0000 0.0000 0.0000 0.0000 0.0000 0.0000 0.0018 0.9982
#DG from neighbouring lambda in kcal/mol
0.0000 0.1000 153.5090 0.3876
0.1000 0.2000 -12.3469 0.3719
0.2000 0.3000 -33.0183 0.1433
0.3000 0.4000 -51.4748 0.1235
0.4000 0.5000 -69.1144 0.0995
0.5000 0.6000 -86.3423 0.0955
0.6000 0.7000 -104.1816 0.1048
0.7000 0.8000 -122.2474 0.0972
0.8000 0.9000 -138.4828 0.1144
0.9000 1.0000 -157.1341 0.6827
#PMF from MBAR in kcal/mol
0.0000 0.0000 0.0000
0.1000 153.5090 0.3876
0.2000 141.1621 0.1957
0.3000 108.1438 0.1580
0.4000 56.6690 0.1349
0.5000 -12.4454 0.1261
0.6000 -98.7877 0.1261
0.7000 -202.9693 0.1357
0.8000 -325.2167 0.1512
0.9000 -463.6995 0.1781
1.0000 -620.8336 0.6371
#TI average gradients and standard deviation in kcal/mol
0.0000 2055.0447 93.7837
0.1000 7.4520 36.8996
0.2000 -237.0801 24.4624
0.3000 -424.5560 22.8678
0.4000 -604.9334 20.7522
0.5000 -776.8896 20.1368
0.6000 -951.0474 19.4614
0.7000 -1135.0393 20.3316
0.8000 -1308.7224 20.7439
0.9000 -1455.0857 26.9858
1.0000 -1726.5640 58.2974
#PMF from TI in kcal/mol
0.0000 0.0000
0.1000 103.1248
0.2000 91.6434
0.3000 58.5616
0.4000 7.0872
0.5000 -62.0040
0.6000 -148.4008
0.7000 -252.7052
0.8000 -374.8933
0.9000 -513.0837
1.0000 -672.1662
#MBAR free energy difference in kcal/mol: 
-620.833621, 0.637104  #WARNING SUBSAMPLING DISABLED, CONSIDER RERUN WITH SUBSAMPLING OPTION
#TI free energy difference in kcal/mol: 
-672.166156  #WARNING SUBSAMPLING DISABLED, CONSIDER RERUN WITH SUBSAMPLING OPTION 
Starting /export/users/common/BioSimSpace/sire.app/bin/analyse_freenrg: number of threads equals 32
