# Analysing data contained in file(s) ['lambda_0.0000/simfile_snipped.dat', 'lambda_0.1000/simfile_snipped.dat', 'lambda_0.2000/simfile_snipped.dat', 'lambda_0.3000/simfile_snipped.dat', 'lambda_0.4000/simfile_snipped.dat', 'lambda_0.5000/simfile_snipped.dat', 'lambda_0.6000/simfile_snipped.dat', 'lambda_0.7000/simfile_snipped.dat', 'lambda_0.8000/simfile_snipped.dat', 'lambda_0.9000/simfile_snipped.dat', 'lambda_1.0000/simfile_snipped.dat']
#Overlap matrix
0.8958 0.1036 0.0005 0.0000 0.0000 0.0000 0.0000 0.0000 0.0000 0.0000 0.0000
0.1036 0.7644 0.1310 0.0010 0.0000 0.0000 0.0000 0.0000 0.0000 0.0000 0.0000
0.0005 0.1310 0.7131 0.1538 0.0016 0.0000 0.0000 0.0000 0.0000 0.0000 0.0000
0.0000 0.0010 0.1538 0.6924 0.1512 0.0016 0.0000 0.0000 0.0000 0.0000 0.0000
0.0000 0.0000 0.0016 0.1512 0.6952 0.1504 0.0015 0.0000 0.0000 0.0000 0.0000
0.0000 0.0000 0.0000 0.0016 0.1504 0.6965 0.1503 0.0012 0.0000 0.0000 0.0000
0.0000 0.0000 0.0000 0.0000 0.0015 0.1503 0.7070 0.1402 0.0009 0.0000 0.0000
0.0000 0.0000 0.0000 0.0000 0.0000 0.0012 0.1402 0.7189 0.1393 0.0005 0.0000
0.0000 0.0000 0.0000 0.0000 0.0000 0.0000 0.0009 0.1393 0.7372 0.1223 0.0003
0.0000 0.0000 0.0000 0.0000 0.0000 0.0000 0.0000 0.0005 0.1223 0.7676 0.1096
0.0000 0.0000 0.0000 0.0000 0.0000 0.0000 0.0000 0.0000 0.0003 0.1096 0.8901
#DG from neighbouring lambda in kcal/mol
0.0000 0.1000 -5.3779 0.0794
0.1000 0.2000 -1.5972 0.0679
0.2000 0.3000 -0.6388 0.0604
0.3000 0.4000 -0.3445 0.0610
0.4000 0.5000 -0.3088 0.0612
0.5000 0.6000 -0.3401 0.0614
0.6000 0.7000 -0.5418 0.0646
0.7000 0.8000 -0.8416 0.0651
0.8000 0.9000 -1.4867 0.0713
0.9000 1.0000 -2.4077 0.0768
#PMF from MBAR in kcal/mol
0.0000 0.0000 0.0000
0.1000 -5.3779 0.0794
0.2000 -6.9751 0.1119
0.3000 -7.6139 0.1332
0.4000 -7.9584 0.1517
0.5000 -8.2672 0.1683
0.6000 -8.6073 0.1834
0.7000 -9.1491 0.1985
0.8000 -9.9907 0.2126
0.9000 -11.4774 0.2278
1.0000 -13.8851 0.2438
#TI average gradients and standard deviation in kcal/mol
0.0000 -91.3627 20.7201
0.1000 -25.6915 15.7764
0.2000 -10.3932 15.4783
0.3000 -3.7985 14.9309
0.4000 -3.0340 14.7050
0.5000 -3.3681 15.2000
0.6000 -3.6013 15.5172
0.7000 -7.0570 14.9273
0.8000 -11.2128 16.8079
0.9000 -18.6160 17.1888
1.0000 -28.9374 18.4890
#PMF from TI in kcal/mol
0.0000 0.0000
0.1000 -5.8527
0.2000 -7.6569
0.3000 -8.3665
0.4000 -8.7082
0.5000 -9.0283
0.6000 -9.3767
0.7000 -9.9097
0.8000 -10.8231
0.9000 -12.3146
1.0000 -14.6923
#MBAR free energy difference in kcal/mol: 
-13.885073, 0.243792  #WARNING SUBSAMPLING DISABLED, CONSIDER RERUN WITH SUBSAMPLING OPTION
#TI free energy difference in kcal/mol: 
-14.692259  #WARNING SUBSAMPLING DISABLED, CONSIDER RERUN WITH SUBSAMPLING OPTION 
Starting /export/users/common/BioSimSpace/sire.app/bin/analyse_freenrg: number of threads equals 32
