# Analysing data contained in file(s) ['lambda_0.0000/simfile_snipped.dat', 'lambda_0.1000/simfile_snipped.dat', 'lambda_0.2000/simfile_snipped.dat', 'lambda_0.3000/simfile_snipped.dat', 'lambda_0.4000/simfile_snipped.dat', 'lambda_0.5000/simfile_snipped.dat', 'lambda_0.6000/simfile_snipped.dat', 'lambda_0.7000/simfile_snipped.dat', 'lambda_0.8000/simfile_snipped.dat', 'lambda_0.9000/simfile_snipped.dat', 'lambda_1.0000/simfile_snipped.dat']
#Overlap matrix
0.9898 0.0102 0.0000 0.0000 0.0000 0.0000 0.0000 0.0000 0.0000 0.0000 0.0000
0.0102 0.9603 0.0295 0.0000 0.0000 0.0000 0.0000 0.0000 0.0000 0.0000 0.0000
0.0000 0.0295 0.9319 0.0385 0.0000 0.0000 0.0000 0.0000 0.0000 0.0000 0.0000
0.0000 0.0000 0.0385 0.9102 0.0513 0.0000 0.0000 0.0000 0.0000 0.0000 0.0000
0.0000 0.0000 0.0000 0.0513 0.9032 0.0455 0.0000 0.0000 0.0000 0.0000 0.0000
0.0000 0.0000 0.0000 0.0000 0.0455 0.9148 0.0397 0.0000 0.0000 0.0000 0.0000
0.0000 0.0000 0.0000 0.0000 0.0000 0.0397 0.9205 0.0398 0.0000 0.0000 0.0000
0.0000 0.0000 0.0000 0.0000 0.0000 0.0000 0.0398 0.9366 0.0236 0.0000 0.0000
0.0000 0.0000 0.0000 0.0000 0.0000 0.0000 0.0000 0.0236 0.9568 0.0196 0.0000
0.0000 0.0000 0.0000 0.0000 0.0000 0.0000 0.0000 0.0000 0.0196 0.9769 0.0036
0.0000 0.0000 0.0000 0.0000 0.0000 0.0000 0.0000 0.0000 0.0000 0.0036 0.9964
#DG from neighbouring lambda in kcal/mol
0.0000 0.1000 16.3539 0.2827
0.1000 0.2000 8.1395 0.1626
0.2000 0.3000 3.3993 0.1410
0.3000 0.4000 -0.3772 0.1205
0.4000 0.5000 -3.9422 0.1287
0.5000 0.6000 -7.4122 0.1388
0.6000 0.7000 -11.9475 0.1386
0.7000 0.8000 -16.3909 0.1831
0.8000 0.9000 -22.4039 0.2019
0.9000 1.0000 -25.4142 0.4809
#PMF from MBAR in kcal/mol
0.0000 0.0000 0.0000
0.1000 16.3539 0.2827
0.2000 24.4933 0.3287
0.3000 27.8927 0.3599
0.4000 27.5155 0.3818
0.5000 23.5733 0.4050
0.6000 16.1611 0.4300
0.7000 4.2136 0.4536
0.8000 -12.1772 0.4909
0.9000 -34.5811 0.5323
1.0000 -59.9953 0.7186
#TI average gradients and standard deviation in kcal/mol
0.0000 206.9631 32.3440
0.1000 115.6404 27.4479
0.2000 56.6116 22.8484
0.3000 14.0424 22.0689
0.4000 -21.4528 22.0533
0.5000 -57.5271 22.0266
0.6000 -97.9191 24.7320
0.7000 -138.9159 23.7120
0.8000 -193.5896 28.0445
0.9000 -243.9914 28.4825
1.0000 -266.4745 39.2164
#PMF from TI in kcal/mol
0.0000 0.0000
0.1000 16.1302
0.2000 24.7428
0.3000 28.2755
0.4000 27.9050
0.5000 23.9560
0.6000 16.1836
0.7000 4.3419
0.8000 -12.2834
0.9000 -34.1624
1.0000 -59.6857
#MBAR free energy difference in kcal/mol: 
-59.995284, 0.718576  #WARNING SUBSAMPLING DISABLED, CONSIDER RERUN WITH SUBSAMPLING OPTION
#TI free energy difference in kcal/mol: 
-59.685727  #WARNING SUBSAMPLING DISABLED, CONSIDER RERUN WITH SUBSAMPLING OPTION 
Starting /export/users/common/BioSimSpace/sire.app/bin/analyse_freenrg: number of threads equals 32
