# Analysing data contained in file(s) ['lambda_0.0000/simfile_snipped.dat', 'lambda_0.1000/simfile_snipped.dat', 'lambda_0.2000/simfile_snipped.dat', 'lambda_0.3000/simfile_snipped.dat', 'lambda_0.4000/simfile_snipped.dat', 'lambda_0.5000/simfile_snipped.dat', 'lambda_0.6000/simfile_snipped.dat', 'lambda_0.7000/simfile_snipped.dat', 'lambda_0.8000/simfile_snipped.dat', 'lambda_0.9000/simfile_snipped.dat', 'lambda_1.0000/simfile_snipped.dat']
#Overlap matrix
0.9827 0.0173 0.0000 0.0000 0.0000 0.0000 0.0000 0.0000 0.0000 0.0000 0.0000
0.0173 0.9637 0.0189 0.0000 0.0000 0.0000 0.0000 0.0000 0.0000 0.0000 0.0000
0.0000 0.0189 0.9606 0.0205 0.0000 0.0000 0.0000 0.0000 0.0000 0.0000 0.0000
0.0000 0.0000 0.0205 0.9480 0.0315 0.0000 0.0000 0.0000 0.0000 0.0000 0.0000
0.0000 0.0000 0.0000 0.0315 0.9304 0.0381 0.0000 0.0000 0.0000 0.0000 0.0000
0.0000 0.0000 0.0000 0.0000 0.0381 0.9229 0.0390 0.0000 0.0000 0.0000 0.0000
0.0000 0.0000 0.0000 0.0000 0.0000 0.0390 0.9146 0.0464 0.0000 0.0000 0.0000
0.0000 0.0000 0.0000 0.0000 0.0000 0.0000 0.0464 0.8915 0.0621 0.0000 0.0000
0.0000 0.0000 0.0000 0.0000 0.0000 0.0000 0.0000 0.0621 0.8710 0.0668 0.0000
0.0000 0.0000 0.0000 0.0000 0.0000 0.0000 0.0000 0.0000 0.0668 0.8669 0.0662
0.0000 0.0000 0.0000 0.0000 0.0000 0.0000 0.0000 0.0000 0.0000 0.0662 0.9338
#DG from neighbouring lambda in kcal/mol
0.0000 0.1000 -10.2495 0.2151
0.1000 0.2000 -7.3173 0.2053
0.2000 0.3000 -6.0057 0.1972
0.3000 0.4000 -5.3523 0.1571
0.4000 0.5000 -5.0590 0.1419
0.5000 0.6000 -4.6164 0.1401
0.6000 0.7000 -4.1515 0.1274
0.7000 0.8000 -4.0523 0.1082
0.8000 0.9000 -3.7392 0.1037
0.9000 1.0000 -3.6004 0.1043
#PMF from MBAR in kcal/mol
0.0000 0.0000 0.0000
0.1000 -10.2495 0.2151
0.2000 -17.5668 0.3002
0.3000 -23.5725 0.3615
0.4000 -28.9249 0.3963
0.5000 -33.9838 0.4229
0.6000 -38.6002 0.4473
0.7000 -42.7517 0.4669
0.8000 -46.8040 0.4810
0.9000 -50.5432 0.4938
1.0000 -54.1437 0.5063
#TI average gradients and standard deviation in kcal/mol
0.0000 -128.6054 28.8597
0.1000 -81.7720 25.7107
0.2000 -66.5706 23.4537
0.3000 -58.2788 23.9169
0.4000 -52.3713 25.0574
0.5000 -46.5092 22.3231
0.6000 -44.4363 20.3832
0.7000 -43.1104 21.6681
0.8000 -38.6108 20.6092
0.9000 -35.4833 19.7524
1.0000 -32.8291 18.9527
#PMF from TI in kcal/mol
0.0000 0.0000
0.1000 -10.5189
0.2000 -17.9360
0.3000 -24.1785
0.4000 -29.7110
0.5000 -34.6550
0.6000 -39.2023
0.7000 -43.5796
0.8000 -47.6657
0.9000 -51.3704
1.0000 -54.7860
#MBAR free energy difference in kcal/mol: 
-54.143669, 0.506288  #WARNING SUBSAMPLING DISABLED, CONSIDER RERUN WITH SUBSAMPLING OPTION
#TI free energy difference in kcal/mol: 
-54.785994  #WARNING SUBSAMPLING DISABLED, CONSIDER RERUN WITH SUBSAMPLING OPTION 
Starting /export/users/common/BioSimSpace/sire.app/bin/analyse_freenrg: number of threads equals 32
