# Analysing data contained in file(s) ['lambda_0.0000/simfile_snipped.dat', 'lambda_0.1000/simfile_snipped.dat', 'lambda_0.2000/simfile_snipped.dat', 'lambda_0.3000/simfile_snipped.dat', 'lambda_0.4000/simfile_snipped.dat', 'lambda_0.5000/simfile_snipped.dat', 'lambda_0.6000/simfile_snipped.dat', 'lambda_0.7000/simfile_snipped.dat', 'lambda_0.8000/simfile_snipped.dat', 'lambda_0.9000/simfile_snipped.dat', 'lambda_1.0000/simfile_snipped.dat']
#Overlap matrix
0.9858 0.0142 0.0000 0.0000 0.0000 0.0000 0.0000 0.0000 0.0000 0.0000 0.0000
0.0142 0.9660 0.0198 0.0000 0.0000 0.0000 0.0000 0.0000 0.0000 0.0000 0.0000
0.0000 0.0198 0.9634 0.0169 0.0000 0.0000 0.0000 0.0000 0.0000 0.0000 0.0000
0.0000 0.0000 0.0169 0.9612 0.0219 0.0000 0.0000 0.0000 0.0000 0.0000 0.0000
0.0000 0.0000 0.0000 0.0219 0.9565 0.0216 0.0000 0.0000 0.0000 0.0000 0.0000
0.0000 0.0000 0.0000 0.0000 0.0216 0.9531 0.0254 0.0000 0.0000 0.0000 0.0000
0.0000 0.0000 0.0000 0.0000 0.0000 0.0254 0.9464 0.0283 0.0000 0.0000 0.0000
0.0000 0.0000 0.0000 0.0000 0.0000 0.0000 0.0283 0.9386 0.0332 0.0000 0.0000
0.0000 0.0000 0.0000 0.0000 0.0000 0.0000 0.0000 0.0332 0.9270 0.0398 0.0000
0.0000 0.0000 0.0000 0.0000 0.0000 0.0000 0.0000 0.0000 0.0398 0.9112 0.0490
0.0000 0.0000 0.0000 0.0000 0.0000 0.0000 0.0000 0.0000 0.0000 0.0490 0.9510
#DG from neighbouring lambda in kcal/mol
0.0000 0.1000 -4.7989 0.2381
0.1000 0.2000 -3.5570 0.2009
0.2000 0.3000 -3.0020 0.2180
0.3000 0.4000 -2.8918 0.1904
0.4000 0.5000 -2.6237 0.1919
0.5000 0.6000 -2.6745 0.1763
0.6000 0.7000 -2.5313 0.1665
0.7000 0.8000 -2.3277 0.1529
0.8000 0.9000 -1.5840 0.1385
0.9000 1.0000 -0.5172 0.1237
#PMF from MBAR in kcal/mol
0.0000 0.0000 0.0000
0.1000 -4.7989 0.2381
0.2000 -8.3559 0.3141
0.3000 -11.3579 0.3845
0.4000 -14.2498 0.4310
0.5000 -16.8735 0.4736
0.6000 -19.5480 0.5070
0.7000 -22.0794 0.5352
0.8000 -24.4070 0.5581
0.9000 -25.9910 0.5764
1.0000 -26.5083 0.5910
#TI average gradients and standard deviation in kcal/mol
0.0000 -65.3845 28.0298
0.1000 -40.2519 27.2991
0.2000 -30.8232 27.1530
0.3000 -29.4520 26.4598
0.4000 -27.0884 24.9666
0.5000 -27.4737 25.8749
0.6000 -25.5544 24.7259
0.7000 -24.1046 24.2966
0.8000 -19.4133 23.2910
0.9000 -10.2466 21.8401
1.0000 1.9361 21.9026
#PMF from TI in kcal/mol
0.0000 0.0000
0.1000 -5.2818
0.2000 -8.8356
0.3000 -11.8493
0.4000 -14.6764
0.5000 -17.4045
0.6000 -20.0559
0.7000 -22.5388
0.8000 -24.7147
0.9000 -26.1977
1.0000 -26.6132
#MBAR free energy difference in kcal/mol: 
-26.508276, 0.590953  #WARNING SUBSAMPLING DISABLED, CONSIDER RERUN WITH SUBSAMPLING OPTION
#TI free energy difference in kcal/mol: 
-26.613233  #WARNING SUBSAMPLING DISABLED, CONSIDER RERUN WITH SUBSAMPLING OPTION 
Starting /export/users/common/BioSimSpace/sire.app/bin/analyse_freenrg: number of threads equals 32
