# Analysing data contained in file(s) ['lambda_0.0000/simfile_snipped.dat', 'lambda_0.1000/simfile_snipped.dat', 'lambda_0.2000/simfile_snipped.dat', 'lambda_0.3000/simfile_snipped.dat', 'lambda_0.4000/simfile_snipped.dat', 'lambda_0.5000/simfile_snipped.dat', 'lambda_0.6000/simfile_snipped.dat', 'lambda_0.7000/simfile_snipped.dat', 'lambda_0.8000/simfile_snipped.dat', 'lambda_0.9000/simfile_snipped.dat', 'lambda_1.0000/simfile_snipped.dat']
#Overlap matrix
0.8209 0.1747 0.0044 0.0000 0.0000 0.0000 0.0000 0.0000 0.0000 0.0000 0.0000
0.1747 0.6297 0.1900 0.0055 0.0000 0.0000 0.0000 0.0000 0.0000 0.0000 0.0000
0.0044 0.1900 0.6167 0.1831 0.0057 0.0000 0.0000 0.0000 0.0000 0.0000 0.0000
0.0000 0.0055 0.1831 0.6076 0.1966 0.0072 0.0000 0.0000 0.0000 0.0000 0.0000
0.0000 0.0000 0.0057 0.1966 0.5898 0.1997 0.0082 0.0000 0.0000 0.0000 0.0000
0.0000 0.0000 0.0000 0.0072 0.1997 0.5850 0.2017 0.0063 0.0000 0.0000 0.0000
0.0000 0.0000 0.0000 0.0000 0.0082 0.2017 0.5906 0.1941 0.0054 0.0000 0.0000
0.0000 0.0000 0.0000 0.0000 0.0000 0.0063 0.1941 0.6163 0.1804 0.0029 0.0000
0.0000 0.0000 0.0000 0.0000 0.0000 0.0000 0.0054 0.1804 0.6420 0.1709 0.0014
0.0000 0.0000 0.0000 0.0000 0.0000 0.0000 0.0000 0.0029 0.1709 0.6993 0.1269
0.0000 0.0000 0.0000 0.0000 0.0000 0.0000 0.0000 0.0000 0.0014 0.1269 0.8718
#DG from neighbouring lambda in kcal/mol
0.0000 0.1000 -3.2130 0.0546
0.1000 0.2000 -1.0190 0.0500
0.2000 0.3000 0.0503 0.0512
0.3000 0.4000 0.7414 0.0481
0.4000 0.5000 1.4219 0.0470
0.5000 0.6000 2.1571 0.0468
0.6000 0.7000 2.6837 0.0488
0.7000 0.8000 3.1223 0.0524
0.8000 0.9000 3.3266 0.0555
0.9000 1.0000 3.5832 0.0694
#PMF from MBAR in kcal/mol
0.0000 0.0000 0.0000
0.1000 -3.2130 0.0546
0.2000 -4.2321 0.0832
0.3000 -4.1817 0.1048
0.4000 -3.4403 0.1213
0.5000 -2.0185 0.1354
0.6000 0.1386 0.1479
0.7000 2.8223 0.1603
0.8000 5.9446 0.1729
0.9000 9.2712 0.1857
1.0000 12.8544 0.2021
#TI average gradients and standard deviation in kcal/mol
0.0000 -52.3911 15.0389
0.1000 -18.3291 13.8416
0.2000 -3.4196 13.3844
0.3000 3.8506 13.7917
0.4000 11.2839 12.4769
0.5000 17.8093 12.1468
0.6000 24.3457 12.7556
0.7000 29.2203 12.9506
0.8000 32.1483 14.7176
0.9000 35.2957 14.7409
1.0000 35.8557 19.3350
#PMF from TI in kcal/mol
0.0000 0.0000
0.1000 -3.5360
0.2000 -4.6234
0.3000 -4.6019
0.4000 -3.8452
0.5000 -2.3905
0.6000 -0.2828
0.7000 2.3955
0.8000 5.4640
0.9000 8.8362
1.0000 12.3937
#MBAR free energy difference in kcal/mol: 
12.854365, 0.202130  #WARNING SUBSAMPLING DISABLED, CONSIDER RERUN WITH SUBSAMPLING OPTION
#TI free energy difference in kcal/mol: 
12.393735  #WARNING SUBSAMPLING DISABLED, CONSIDER RERUN WITH SUBSAMPLING OPTION 
Starting /export/users/common/BioSimSpace/sire.app/bin/analyse_freenrg: number of threads equals 32
