# Analysing data contained in file(s) ['lambda_0.0000/simfile_snipped.dat', 'lambda_0.1000/simfile_snipped.dat', 'lambda_0.2000/simfile_snipped.dat', 'lambda_0.3000/simfile_snipped.dat', 'lambda_0.4000/simfile_snipped.dat', 'lambda_0.5000/simfile_snipped.dat', 'lambda_0.6000/simfile_snipped.dat', 'lambda_0.7000/simfile_snipped.dat', 'lambda_0.8000/simfile_snipped.dat', 'lambda_0.9000/simfile_snipped.dat', 'lambda_1.0000/simfile_snipped.dat']
#Overlap matrix
0.7878 0.2046 0.0075 0.0000 0.0000 0.0000 0.0000 0.0000 0.0000 0.0000 0.0000
0.2046 0.5932 0.1954 0.0068 0.0000 0.0000 0.0000 0.0000 0.0000 0.0000 0.0000
0.0075 0.1954 0.5866 0.2011 0.0093 0.0000 0.0000 0.0000 0.0000 0.0000 0.0000
0.0000 0.0068 0.2011 0.5787 0.2068 0.0065 0.0000 0.0000 0.0000 0.0000 0.0000
0.0000 0.0000 0.0093 0.2068 0.5875 0.1879 0.0083 0.0000 0.0000 0.0000 0.0000
0.0000 0.0000 0.0000 0.0065 0.1879 0.5997 0.1981 0.0077 0.0000 0.0000 0.0000
0.0000 0.0000 0.0000 0.0000 0.0083 0.1981 0.5802 0.2062 0.0071 0.0000 0.0000
0.0000 0.0000 0.0000 0.0000 0.0000 0.0077 0.2062 0.5925 0.1884 0.0052 0.0000
0.0000 0.0000 0.0000 0.0000 0.0000 0.0000 0.0071 0.1884 0.6207 0.1833 0.0005
0.0000 0.0000 0.0000 0.0000 0.0000 0.0000 0.0000 0.0052 0.1833 0.7413 0.0702
0.0000 0.0000 0.0000 0.0000 0.0000 0.0000 0.0000 0.0000 0.0005 0.0702 0.9293
#DG from neighbouring lambda in kcal/mol
0.0000 0.1000 -5.0321 0.0475
0.1000 0.2000 -3.2829 0.0480
0.2000 0.3000 -2.7744 0.0466
0.3000 0.4000 -2.4194 0.0456
0.4000 0.5000 -2.4512 0.0494
0.5000 0.6000 -2.4641 0.0472
0.6000 0.7000 -2.6289 0.0459
0.7000 0.8000 -2.9646 0.0498
0.8000 0.9000 -3.5840 0.0523
0.9000 1.0000 -5.7261 0.1004
#PMF from MBAR in kcal/mol
0.0000 0.0000 0.0000
0.1000 -5.0321 0.0475
0.2000 -8.3150 0.0771
0.3000 -11.0894 0.0976
0.4000 -13.5088 0.1138
0.5000 -15.9600 0.1297
0.6000 -18.4241 0.1428
0.7000 -21.0530 0.1546
0.8000 -24.0176 0.1667
0.9000 -27.6017 0.1788
1.0000 -33.3277 0.2089
#TI average gradients and standard deviation in kcal/mol
0.0000 -70.1208 13.4071
0.1000 -37.6017 13.0672
0.2000 -29.5820 12.9384
0.3000 -25.4607 12.1762
0.4000 -23.6561 12.6218
0.5000 -24.8709 12.3917
0.6000 -25.3166 12.5325
0.7000 -27.2819 12.4384
0.8000 -32.3412 12.9327
0.9000 -40.9118 15.3071
1.0000 -80.8458 21.0665
#PMF from TI in kcal/mol
0.0000 0.0000
0.1000 -5.3861
0.2000 -8.7453
0.3000 -11.4974
0.4000 -13.9533
0.5000 -16.3796
0.6000 -18.8890
0.7000 -21.5189
0.8000 -24.5001
0.9000 -28.1627
1.0000 -34.2506
#MBAR free energy difference in kcal/mol: 
-33.327724, 0.208934  #WARNING SUBSAMPLING DISABLED, CONSIDER RERUN WITH SUBSAMPLING OPTION
#TI free energy difference in kcal/mol: 
-34.250624  #WARNING SUBSAMPLING DISABLED, CONSIDER RERUN WITH SUBSAMPLING OPTION 
Starting /export/users/common/BioSimSpace/sire.app/bin/analyse_freenrg: number of threads equals 32
