# Analysing data contained in file(s) ['lambda_0.0000/simfile_snipped.dat', 'lambda_0.1000/simfile_snipped.dat', 'lambda_0.2000/simfile_snipped.dat', 'lambda_0.3000/simfile_snipped.dat', 'lambda_0.4000/simfile_snipped.dat', 'lambda_0.5000/simfile_snipped.dat', 'lambda_0.6000/simfile_snipped.dat', 'lambda_0.7000/simfile_snipped.dat', 'lambda_0.8000/simfile_snipped.dat', 'lambda_0.9000/simfile_snipped.dat', 'lambda_1.0000/simfile_snipped.dat']
#Overlap matrix
0.8166 0.1698 0.0131 0.0006 0.0000 0.0000 0.0000 0.0000 0.0000 0.0000 0.0000
0.1698 0.5599 0.2348 0.0336 0.0018 0.0000 0.0000 0.0000 0.0000 0.0000 0.0000
0.0131 0.2348 0.4678 0.2417 0.0397 0.0028 0.0001 0.0000 0.0000 0.0000 0.0000
0.0006 0.0336 0.2417 0.4356 0.2344 0.0493 0.0047 0.0002 0.0000 0.0000 0.0000
0.0000 0.0018 0.0397 0.2344 0.4105 0.2478 0.0601 0.0055 0.0002 0.0000 0.0000
0.0000 0.0000 0.0028 0.0493 0.2478 0.3943 0.2452 0.0564 0.0041 0.0001 0.0000
0.0000 0.0000 0.0001 0.0047 0.0601 0.2452 0.3972 0.2423 0.0480 0.0024 0.0000
0.0000 0.0000 0.0000 0.0002 0.0055 0.0564 0.2423 0.4168 0.2401 0.0380 0.0008
0.0000 0.0000 0.0000 0.0000 0.0002 0.0041 0.0480 0.2401 0.4450 0.2426 0.0201
0.0000 0.0000 0.0000 0.0000 0.0000 0.0001 0.0024 0.0380 0.2426 0.5110 0.2060
0.0000 0.0000 0.0000 0.0000 0.0000 0.0000 0.0000 0.0008 0.0201 0.2060 0.7731
#DG from neighbouring lambda in kcal/mol
0.0000 0.1000 -5.5911 0.0537
0.1000 0.2000 1.9811 0.0363
0.2000 0.3000 7.3540 0.0319
0.3000 0.4000 11.8827 0.0308
0.4000 0.5000 16.2853 0.0270
0.5000 0.6000 20.7752 0.0266
0.6000 0.7000 25.2064 0.0282
0.7000 0.8000 29.5078 0.0306
0.8000 0.9000 33.6212 0.0337
0.9000 1.0000 37.2533 0.0450
#PMF from MBAR in kcal/mol
0.0000 0.0000 0.0000
0.1000 -5.5911 0.0537
0.2000 -3.6101 0.0736
0.3000 3.7439 0.0863
0.4000 15.6266 0.0969
0.5000 31.9119 0.1051
0.6000 52.6871 0.1122
0.7000 77.8935 0.1194
0.8000 107.4013 0.1270
0.9000 141.0225 0.1352
1.0000 178.2758 0.1466
#TI average gradients and standard deviation in kcal/mol
0.0000 -107.8067 16.3460
0.1000 -11.5555 11.4719
0.2000 48.1218 8.9856
0.3000 97.4323 9.3167
0.4000 140.0308 8.5561
0.5000 185.4170 7.8112
0.6000 230.0019 8.4555
0.7000 273.4474 9.0251
0.8000 316.1905 9.6559
0.9000 356.3114 10.5618
1.0000 387.2033 14.0030
#PMF from TI in kcal/mol
0.0000 0.0000
0.1000 -5.9681
0.2000 -4.1398
0.3000 3.1379
0.4000 15.0111
0.5000 31.2835
0.6000 52.0544
0.7000 77.2269
0.8000 106.7088
0.9000 140.3339
1.0000 177.5096
#MBAR free energy difference in kcal/mol: 
178.275811, 0.146600  #WARNING SUBSAMPLING DISABLED, CONSIDER RERUN WITH SUBSAMPLING OPTION
#TI free energy difference in kcal/mol: 
177.509594  #WARNING SUBSAMPLING DISABLED, CONSIDER RERUN WITH SUBSAMPLING OPTION 
Starting /export/users/common/BioSimSpace/sire.app/bin/analyse_freenrg: number of threads equals 32
