# Analysing data contained in file(s) ['lambda_0.0000/simfile_snipped.dat', 'lambda_0.1000/simfile_snipped.dat', 'lambda_0.2000/simfile_snipped.dat', 'lambda_0.3000/simfile_snipped.dat', 'lambda_0.4000/simfile_snipped.dat', 'lambda_0.5000/simfile_snipped.dat', 'lambda_0.6000/simfile_snipped.dat', 'lambda_0.7000/simfile_snipped.dat', 'lambda_0.8000/simfile_snipped.dat', 'lambda_0.9000/simfile_snipped.dat', 'lambda_1.0000/simfile_snipped.dat']
#Overlap matrix
0.9965 0.0035 0.0000 0.0000 0.0000 0.0000 0.0000 0.0000 0.0000 0.0000 0.0000
0.0035 0.9965 0.0000 0.0000 0.0000 0.0000 0.0000 0.0000 0.0000 0.0000 0.0000
0.0000 0.0000 1.0000 0.0000 0.0000 0.0000 0.0000 0.0000 0.0000 0.0000 0.0000
0.0000 0.0000 0.0000 0.8571 0.0762 0.0667 0.0000 0.0000 0.0000 0.0000 0.0000
0.0000 0.0000 0.0000 0.0762 0.8283 0.0955 0.0000 0.0000 0.0000 0.0000 0.0000
0.0000 0.0000 0.0000 0.0667 0.0955 0.8360 0.0017 0.0000 0.0000 0.0000 0.0000
0.0000 0.0000 0.0000 0.0000 0.0000 0.0017 0.9314 0.0669 0.0000 0.0000 0.0000
0.0000 0.0000 0.0000 0.0000 0.0000 0.0000 0.0669 0.8727 0.0604 0.0000 0.0000
0.0000 0.0000 0.0000 0.0000 0.0000 0.0000 0.0000 0.0604 0.9029 0.0368 0.0000
0.0000 0.0000 0.0000 0.0000 0.0000 0.0000 0.0000 0.0000 0.0368 0.9303 0.0329
0.0000 0.0000 0.0000 0.0000 0.0000 0.0000 0.0000 0.0000 0.0000 0.0329 0.9671
#DG from neighbouring lambda in kcal/mol
0.0000 0.1000 15.8252 0.4852
0.1000 0.2000 6.8525 911.2202
0.2000 0.3000 -7.9484 1015.1519
0.3000 0.4000 7.4378 0.0744
0.4000 0.5000 28.2672 0.0684
0.5000 0.6000 24.4333 0.6906
0.6000 0.7000 19.8533 0.1037
0.7000 0.8000 17.7932 0.1100
0.8000 0.9000 14.9075 0.1447
0.9000 1.0000 12.0547 0.1535
#PMF from MBAR in kcal/mol
0.0000 0.0000 0.0000
0.1000 15.8252 0.4852
0.2000 22.6777 911.2202
0.3000 14.7292 103.9328
0.4000 22.1670 103.9328
0.5000 50.4342 103.9328
0.6000 74.8676 103.9325
0.7000 94.7208 103.9325
0.8000 112.5140 103.9326
0.9000 127.4215 103.9326
1.0000 139.4762 103.9327
#TI average gradients and standard deviation in kcal/mol
0.0000 151.2178 32.9626
0.1000 179.9126 31.5655
0.2000 -9.1040 39.8506
0.3000 -38.0794 52.4848
0.4000 268.0544 18.0616
0.5000 328.1590 20.5294
0.6000 205.6794 18.2002
0.7000 189.0783 19.8526
0.8000 167.3426 20.0004
0.9000 135.3283 18.8326
1.0000 47.8612 48.0703
#PMF from TI in kcal/mol
0.0000 0.0000
0.1000 16.5565
0.2000 25.0970
0.3000 22.7378
0.4000 34.2365
0.5000 64.0472
0.6000 90.7391
0.7000 110.4770
0.8000 128.2980
0.9000 143.4316
1.0000 152.5911
#MBAR free energy difference in kcal/mol: 
139.476241, 103.932713  #WARNING SUBSAMPLING DISABLED, CONSIDER RERUN WITH SUBSAMPLING OPTION
#TI free energy difference in kcal/mol: 
152.591060  #WARNING SUBSAMPLING DISABLED, CONSIDER RERUN WITH SUBSAMPLING OPTION 
Starting /export/users/common/BioSimSpace/sire.app/bin/analyse_freenrg: number of threads equals 32
