# Analysing data contained in file(s) ['lambda_0.0000/simfile_snipped.dat', 'lambda_0.1000/simfile_snipped.dat', 'lambda_0.2000/simfile_snipped.dat', 'lambda_0.3000/simfile_snipped.dat', 'lambda_0.4000/simfile_snipped.dat', 'lambda_0.5000/simfile_snipped.dat', 'lambda_0.6000/simfile_snipped.dat', 'lambda_0.7000/simfile_snipped.dat', 'lambda_0.8000/simfile_snipped.dat', 'lambda_0.9000/simfile_snipped.dat', 'lambda_1.0000/simfile_snipped.dat']
#Overlap matrix
0.7328 0.2402 0.0263 0.0008 0.0000 0.0000 0.0000 0.0000 0.0000 0.0000 0.0000
0.2402 0.4908 0.2376 0.0303 0.0011 0.0000 0.0000 0.0000 0.0000 0.0000 0.0000
0.0263 0.2376 0.4672 0.2335 0.0340 0.0014 0.0000 0.0000 0.0000 0.0000 0.0000
0.0008 0.0303 0.2335 0.4586 0.2408 0.0346 0.0015 0.0000 0.0000 0.0000 0.0000
0.0000 0.0011 0.0340 0.2408 0.4485 0.2382 0.0360 0.0015 0.0000 0.0000 0.0000
0.0000 0.0000 0.0014 0.0346 0.2382 0.4500 0.2395 0.0352 0.0012 0.0000 0.0000
0.0000 0.0000 0.0000 0.0015 0.0360 0.2395 0.4553 0.2364 0.0305 0.0009 0.0000
0.0000 0.0000 0.0000 0.0000 0.0015 0.0352 0.2364 0.4634 0.2349 0.0282 0.0005
0.0000 0.0000 0.0000 0.0000 0.0000 0.0012 0.0305 0.2349 0.4755 0.2408 0.0170
0.0000 0.0000 0.0000 0.0000 0.0000 0.0000 0.0009 0.0282 0.2408 0.5314 0.1986
0.0000 0.0000 0.0000 0.0000 0.0000 0.0000 0.0000 0.0005 0.0170 0.1986 0.7839
#DG from neighbouring lambda in kcal/mol
0.0000 0.1000 2.5743 0.0384
0.1000 0.2000 3.4400 0.0347
0.2000 0.3000 3.6509 0.0342
0.3000 0.4000 3.7057 0.0327
0.4000 0.5000 3.7063 0.0328
0.5000 0.6000 3.6984 0.0325
0.6000 0.7000 3.6599 0.0336
0.7000 0.8000 3.5300 0.0347
0.8000 0.9000 3.3803 0.0357
0.9000 1.0000 3.0206 0.0469
#PMF from MBAR in kcal/mol
0.0000 0.0000 0.0000
0.1000 2.5743 0.0384
0.2000 6.0143 0.0613
0.3000 9.6653 0.0776
0.4000 13.3710 0.0902
0.5000 17.0774 0.1013
0.6000 20.7758 0.1111
0.7000 24.4357 0.1205
0.8000 27.9657 0.1297
0.9000 31.3460 0.1386
1.0000 34.3666 0.1504
#TI average gradients and standard deviation in kcal/mol
0.0000 17.3643 11.4133
0.1000 31.2815 10.0453
0.2000 36.7853 9.6561
0.3000 36.7273 9.1373
0.4000 36.8600 9.0072
0.5000 36.8807 9.3830
0.6000 36.6728 9.8922
0.7000 36.1874 10.2984
0.8000 34.8630 10.0241
0.9000 32.9627 10.3148
1.0000 24.6818 15.8085
#PMF from TI in kcal/mol
0.0000 0.0000
0.1000 2.4323
0.2000 5.8356
0.3000 9.5113
0.4000 13.1906
0.5000 16.8777
0.6000 20.5553
0.7000 24.1983
0.8000 27.7509
0.9000 31.1422
1.0000 34.0244
#MBAR free energy difference in kcal/mol: 
34.366630, 0.150426  #WARNING SUBSAMPLING DISABLED, CONSIDER RERUN WITH SUBSAMPLING OPTION
#TI free energy difference in kcal/mol: 
34.024378  #WARNING SUBSAMPLING DISABLED, CONSIDER RERUN WITH SUBSAMPLING OPTION 
Starting /export/users/common/BioSimSpace/sire.app/bin/analyse_freenrg: number of threads equals 32
