# Analysing data contained in file(s) ['lambda_0.0000/simfile_snipped.dat', 'lambda_0.1000/simfile_snipped.dat', 'lambda_0.2000/simfile_snipped.dat', 'lambda_0.3000/simfile_snipped.dat', 'lambda_0.4000/simfile_snipped.dat', 'lambda_0.5000/simfile_snipped.dat', 'lambda_0.6000/simfile_snipped.dat', 'lambda_0.7000/simfile_snipped.dat', 'lambda_0.8000/simfile_snipped.dat', 'lambda_0.9000/simfile_snipped.dat', 'lambda_1.0000/simfile_snipped.dat']
#Overlap matrix
0.7623 0.2222 0.0153 0.0002 0.0000 0.0000 0.0000 0.0000 0.0000 0.0000 0.0000
0.2222 0.5303 0.2251 0.0220 0.0004 0.0000 0.0000 0.0000 0.0000 0.0000 0.0000
0.0153 0.2251 0.5064 0.2304 0.0224 0.0004 0.0000 0.0000 0.0000 0.0000 0.0000
0.0002 0.0220 0.2304 0.4964 0.2312 0.0195 0.0003 0.0000 0.0000 0.0000 0.0000
0.0000 0.0004 0.0224 0.2312 0.5105 0.2191 0.0163 0.0002 0.0000 0.0000 0.0000
0.0000 0.0000 0.0004 0.0195 0.2191 0.5175 0.2258 0.0176 0.0002 0.0000 0.0000
0.0000 0.0000 0.0000 0.0003 0.0163 0.2258 0.5307 0.2141 0.0128 0.0001 0.0000
0.0000 0.0000 0.0000 0.0000 0.0002 0.0176 0.2141 0.5474 0.2118 0.0089 0.0000
0.0000 0.0000 0.0000 0.0000 0.0000 0.0002 0.0128 0.2118 0.5800 0.1929 0.0023
0.0000 0.0000 0.0000 0.0000 0.0000 0.0000 0.0001 0.0089 0.1929 0.6637 0.1344
0.0000 0.0000 0.0000 0.0000 0.0000 0.0000 0.0000 0.0000 0.0023 0.1344 0.8633
#DG from neighbouring lambda in kcal/mol
0.0000 0.1000 -4.7122 0.0430
0.1000 0.2000 -3.1100 0.0391
0.2000 0.3000 -2.5886 0.0373
0.3000 0.4000 -2.3381 0.0375
0.4000 0.5000 -2.2073 0.0402
0.5000 0.6000 -2.1465 0.0395
0.6000 0.7000 -1.9843 0.0419
0.7000 0.8000 -1.9600 0.0437
0.8000 0.9000 -2.1170 0.0491
0.9000 1.0000 -3.0877 0.0664
#PMF from MBAR in kcal/mol
0.0000 0.0000 0.0000
0.1000 -4.7122 0.0430
0.2000 -7.8221 0.0680
0.3000 -10.4107 0.0847
0.4000 -12.7488 0.0988
0.5000 -14.9561 0.1122
0.6000 -17.1026 0.1241
0.7000 -19.0869 0.1355
0.8000 -21.0469 0.1469
0.9000 -23.1639 0.1592
1.0000 -26.2516 0.1769
#TI average gradients and standard deviation in kcal/mol
0.0000 -64.2942 12.7695
0.1000 -35.5363 10.5701
0.2000 -27.7143 9.7645
0.3000 -24.8815 9.9793
0.4000 -22.7780 11.1690
0.5000 -21.4394 11.5238
0.6000 -20.0965 9.8734
0.7000 -20.1270 11.2908
0.8000 -19.9665 12.0648
0.9000 -23.7766 14.3900
1.0000 -42.0794 19.3504
#PMF from TI in kcal/mol
0.0000 0.0000
0.1000 -4.9915
0.2000 -8.1541
0.3000 -10.7838
0.4000 -13.1668
0.5000 -15.3777
0.6000 -17.4545
0.7000 -19.4657
0.8000 -21.4703
0.9000 -23.6575
1.0000 -26.9503
#MBAR free energy difference in kcal/mol: 
-26.251566, 0.176910  #WARNING SUBSAMPLING DISABLED, CONSIDER RERUN WITH SUBSAMPLING OPTION
#TI free energy difference in kcal/mol: 
-26.950288  #WARNING SUBSAMPLING DISABLED, CONSIDER RERUN WITH SUBSAMPLING OPTION 
Starting /export/users/common/BioSimSpace/sire.app/bin/analyse_freenrg: number of threads equals 32
