# Analysing data contained in file(s) ['lambda_0.0000/simfile_snipped.dat', 'lambda_0.1000/simfile_snipped.dat', 'lambda_0.2000/simfile_snipped.dat', 'lambda_0.3000/simfile_snipped.dat', 'lambda_0.4000/simfile_snipped.dat', 'lambda_0.5000/simfile_snipped.dat', 'lambda_0.6000/simfile_snipped.dat', 'lambda_0.7000/simfile_snipped.dat', 'lambda_0.8000/simfile_snipped.dat', 'lambda_0.9000/simfile_snipped.dat', 'lambda_1.0000/simfile_snipped.dat']
#Overlap matrix
0.7659 0.2179 0.0159 0.0003 0.0000 0.0000 0.0000 0.0000 0.0000 0.0000 0.0000
0.2179 0.5308 0.2283 0.0226 0.0005 0.0000 0.0000 0.0000 0.0000 0.0000 0.0000
0.0159 0.2283 0.4999 0.2345 0.0211 0.0004 0.0000 0.0000 0.0000 0.0000 0.0000
0.0003 0.0226 0.2345 0.4985 0.2203 0.0233 0.0005 0.0000 0.0000 0.0000 0.0000
0.0000 0.0005 0.0211 0.2203 0.4984 0.2382 0.0212 0.0004 0.0000 0.0000 0.0000
0.0000 0.0000 0.0004 0.0233 0.2382 0.4960 0.2230 0.0187 0.0002 0.0000 0.0000
0.0000 0.0000 0.0000 0.0005 0.0212 0.2230 0.5185 0.2206 0.0160 0.0002 0.0000
0.0000 0.0000 0.0000 0.0000 0.0004 0.0187 0.2206 0.5262 0.2178 0.0161 0.0002
0.0000 0.0000 0.0000 0.0000 0.0000 0.0002 0.0160 0.2178 0.5323 0.2190 0.0146
0.0000 0.0000 0.0000 0.0000 0.0000 0.0000 0.0002 0.0161 0.2190 0.5354 0.2292
0.0000 0.0000 0.0000 0.0000 0.0000 0.0000 0.0000 0.0002 0.0146 0.2292 0.7560
#DG from neighbouring lambda in kcal/mol
0.0000 0.1000 0.8659 0.0436
0.1000 0.2000 1.3603 0.0385
0.2000 0.3000 1.6002 0.0368
0.3000 0.4000 1.6351 0.0388
0.4000 0.5000 1.7232 0.0361
0.5000 0.6000 1.8056 0.0390
0.6000 0.7000 1.8479 0.0402
0.7000 0.8000 1.8478 0.0410
0.8000 0.9000 1.9086 0.0411
0.9000 1.0000 1.9841 0.0419
#PMF from MBAR in kcal/mol
0.0000 0.0000 0.0000
0.1000 0.8659 0.0436
0.2000 2.2262 0.0679
0.3000 3.8264 0.0844
0.4000 5.4615 0.0991
0.5000 7.1847 0.1108
0.6000 8.9904 0.1224
0.7000 10.8383 0.1335
0.8000 12.6862 0.1440
0.9000 14.5947 0.1539
1.0000 16.5788 0.1634
#TI average gradients and standard deviation in kcal/mol
0.0000 4.7683 12.0501
0.1000 11.7212 11.1089
0.2000 14.5381 10.7672
0.3000 17.1800 10.8977
0.4000 16.3562 9.9521
0.5000 17.6716 11.1067
0.6000 18.3594 10.5404
0.7000 18.8037 11.2381
0.8000 18.6532 10.5970
0.9000 18.8628 11.2085
1.0000 21.3784 11.7831
#PMF from TI in kcal/mol
0.0000 0.0000
0.1000 0.8245
0.2000 2.1374
0.3000 3.7234
0.4000 5.4002
0.5000 7.1015
0.6000 8.9031
0.7000 10.7612
0.8000 12.6341
0.9000 14.5099
1.0000 16.5219
#MBAR free energy difference in kcal/mol: 
16.578813, 0.163420  #WARNING SUBSAMPLING DISABLED, CONSIDER RERUN WITH SUBSAMPLING OPTION
#TI free energy difference in kcal/mol: 
16.521946  #WARNING SUBSAMPLING DISABLED, CONSIDER RERUN WITH SUBSAMPLING OPTION 
Starting /export/users/common/BioSimSpace/sire.app/bin/analyse_freenrg: number of threads equals 32
