# Analysing data contained in file(s) ['lambda_0.0000/simfile_snipped.dat', 'lambda_0.1000/simfile_snipped.dat', 'lambda_0.2000/simfile_snipped.dat', 'lambda_0.3000/simfile_snipped.dat', 'lambda_0.4000/simfile_snipped.dat', 'lambda_0.5000/simfile_snipped.dat', 'lambda_0.6000/simfile_snipped.dat', 'lambda_0.7000/simfile_snipped.dat', 'lambda_0.8000/simfile_snipped.dat', 'lambda_0.9000/simfile_snipped.dat', 'lambda_1.0000/simfile_snipped.dat']
#Overlap matrix
0.7663 0.2223 0.0113 0.0001 0.0000 0.0000 0.0000 0.0000 0.0000 0.0000 0.0000
0.2223 0.5680 0.2014 0.0081 0.0001 0.0000 0.0000 0.0000 0.0000 0.0000 0.0000
0.0113 0.2014 0.5640 0.2050 0.0179 0.0004 0.0000 0.0000 0.0000 0.0000 0.0000
0.0001 0.0081 0.2050 0.5442 0.2241 0.0182 0.0003 0.0000 0.0000 0.0000 0.0000
0.0000 0.0001 0.0179 0.2241 0.5479 0.2001 0.0097 0.0001 0.0000 0.0000 0.0000
0.0000 0.0000 0.0004 0.0182 0.2001 0.6085 0.1670 0.0057 0.0000 0.0000 0.0000
0.0000 0.0000 0.0000 0.0003 0.0097 0.1670 0.6567 0.1629 0.0033 0.0000 0.0000
0.0000 0.0000 0.0000 0.0000 0.0001 0.0057 0.1629 0.7253 0.1041 0.0019 0.0000
0.0000 0.0000 0.0000 0.0000 0.0000 0.0000 0.0033 0.1041 0.7202 0.1708 0.0015
0.0000 0.0000 0.0000 0.0000 0.0000 0.0000 0.0000 0.0019 0.1708 0.7299 0.0974
0.0000 0.0000 0.0000 0.0000 0.0000 0.0000 0.0000 0.0000 0.0015 0.0974 0.9011
#DG from neighbouring lambda in kcal/mol
0.0000 0.1000 -11.3359 0.0436
0.1000 0.2000 -7.5460 0.0459
0.2000 0.3000 -6.2539 0.0442
0.3000 0.4000 -4.8933 0.0395
0.4000 0.5000 -3.3758 0.0447
0.5000 0.6000 -1.9724 0.0538
0.6000 0.7000 -0.5038 0.0563
0.7000 0.8000 1.0165 0.0771
0.8000 0.9000 2.2004 0.0557
0.9000 1.0000 6.4651 0.0821
#PMF from MBAR in kcal/mol
0.0000 0.0000 0.0000
0.1000 -11.3359 0.0436
0.2000 -18.8819 0.0728
0.3000 -25.1358 0.0930
0.4000 -30.0290 0.1067
0.5000 -33.4049 0.1205
0.6000 -35.3772 0.1367
0.7000 -35.8810 0.1524
0.8000 -34.8645 0.1748
0.9000 -32.6641 0.1875
1.0000 -26.1990 0.2084
#TI average gradients and standard deviation in kcal/mol
0.0000 -155.7131 13.3596
0.1000 -87.1150 11.4868
0.2000 -67.6874 12.4657
0.3000 -56.7592 10.6583
0.4000 -40.6923 10.7899
0.5000 -27.0867 12.2378
0.6000 -13.5062 14.0768
0.7000 3.2565 15.1550
0.8000 9.7395 12.6171
0.9000 38.8854 14.9819
1.0000 96.3144 21.3365
#PMF from TI in kcal/mol
0.0000 0.0000
0.1000 -12.1414
0.2000 -19.8815
0.3000 -26.1039
0.4000 -30.9764
0.5000 -34.3654
0.6000 -36.3950
0.7000 -36.9075
0.8000 -36.2577
0.9000 -33.8265
1.0000 -27.0665
#MBAR free energy difference in kcal/mol: 
-26.198999, 0.208354  #WARNING SUBSAMPLING DISABLED, CONSIDER RERUN WITH SUBSAMPLING OPTION
#TI free energy difference in kcal/mol: 
-27.066475  #WARNING SUBSAMPLING DISABLED, CONSIDER RERUN WITH SUBSAMPLING OPTION 
Starting /export/users/common/BioSimSpace/sire.app/bin/analyse_freenrg: number of threads equals 32
