# Analysing data contained in file(s) ['lambda_0.0000/simfile_snipped.dat', 'lambda_0.1000/simfile_snipped.dat', 'lambda_0.2000/simfile_snipped.dat', 'lambda_0.3000/simfile_snipped.dat', 'lambda_0.4000/simfile_snipped.dat', 'lambda_0.5000/simfile_snipped.dat', 'lambda_0.6000/simfile_snipped.dat', 'lambda_0.7000/simfile_snipped.dat', 'lambda_0.8000/simfile_snipped.dat', 'lambda_0.9000/simfile_snipped.dat', 'lambda_1.0000/simfile_snipped.dat']
#Overlap matrix
0.8551 0.1433 0.0016 0.0000 0.0000 0.0000 0.0000 0.0000 0.0000 0.0000 0.0000
0.1433 0.6949 0.1597 0.0020 0.0000 0.0000 0.0000 0.0000 0.0000 0.0000 0.0000
0.0016 0.1597 0.6662 0.1704 0.0022 0.0000 0.0000 0.0000 0.0000 0.0000 0.0000
0.0000 0.0020 0.1704 0.6687 0.1569 0.0020 0.0000 0.0000 0.0000 0.0000 0.0000
0.0000 0.0000 0.0022 0.1569 0.6816 0.1579 0.0015 0.0000 0.0000 0.0000 0.0000
0.0000 0.0000 0.0000 0.0020 0.1579 0.6855 0.1532 0.0015 0.0000 0.0000 0.0000
0.0000 0.0000 0.0000 0.0000 0.0015 0.1532 0.6863 0.1579 0.0011 0.0000 0.0000
0.0000 0.0000 0.0000 0.0000 0.0000 0.0015 0.1579 0.6972 0.1427 0.0007 0.0000
0.0000 0.0000 0.0000 0.0000 0.0000 0.0000 0.0011 0.1427 0.7435 0.1127 0.0000
0.0000 0.0000 0.0000 0.0000 0.0000 0.0000 0.0000 0.0007 0.1127 0.8825 0.0041
0.0000 0.0000 0.0000 0.0000 0.0000 0.0000 0.0000 0.0000 0.0000 0.0041 0.9959
#DG from neighbouring lambda in kcal/mol
0.0000 0.1000 -2.9404 0.0638
0.1000 0.2000 -0.8233 0.0585
0.2000 0.3000 0.2840 0.0556
0.3000 0.4000 1.0834 0.0591
0.4000 0.5000 1.7424 0.0590
0.5000 0.6000 2.2155 0.0605
0.6000 0.7000 2.7163 0.0593
0.7000 0.8000 3.0836 0.0639
0.8000 0.9000 3.3598 0.0752
0.9000 1.0000 0.0774 0.4497
#PMF from MBAR in kcal/mol
0.0000 0.0000 0.0000
0.1000 -2.9404 0.0638
0.2000 -3.7636 0.0951
0.3000 -3.4796 0.1170
0.4000 -2.3962 0.1368
0.5000 -0.6538 0.1540
0.6000 1.5618 0.1702
0.7000 4.2780 0.1845
0.8000 7.3616 0.1993
0.9000 10.7214 0.2167
1.0000 10.7988 0.5008
#TI average gradients and standard deviation in kcal/mol
0.0000 -46.6414 17.4491
0.1000 -15.9721 15.4181
0.2000 -1.7850 14.4848
0.3000 7.7002 13.7547
0.4000 14.2217 13.5635
0.5000 19.6788 14.5049
0.6000 23.8002 15.2452
0.7000 29.4437 16.6702
0.8000 33.8121 16.2776
0.9000 33.4206 17.5975
1.0000 -723.3824 482.1480
#PMF from TI in kcal/mol
0.0000 0.0000
0.1000 -3.1307
0.2000 -4.0185
0.3000 -3.7228
0.4000 -2.6267
0.5000 -0.9317
0.6000 1.2423
0.7000 3.9045
0.8000 7.0673
0.9000 10.4289
1.0000 -24.0692
#MBAR free energy difference in kcal/mol: 
10.798796, 0.500807  #WARNING SUBSAMPLING DISABLED, CONSIDER RERUN WITH SUBSAMPLING OPTION
#TI free energy difference in kcal/mol: 
-24.069176  #WARNING SUBSAMPLING DISABLED, CONSIDER RERUN WITH SUBSAMPLING OPTION 
Starting /export/users/common/BioSimSpace/sire.app/bin/analyse_freenrg: number of threads equals 32
