# Analysing data contained in file(s) ['lambda_0.0000/simfile_snipped.dat', 'lambda_0.1000/simfile_snipped.dat', 'lambda_0.2000/simfile_snipped.dat', 'lambda_0.3000/simfile_snipped.dat', 'lambda_0.4000/simfile_snipped.dat', 'lambda_0.5000/simfile_snipped.dat', 'lambda_0.6000/simfile_snipped.dat', 'lambda_0.7000/simfile_snipped.dat', 'lambda_0.8000/simfile_snipped.dat', 'lambda_0.9000/simfile_snipped.dat', 'lambda_1.0000/simfile_snipped.dat']
#Overlap matrix
0.7957 0.1978 0.0065 0.0000 0.0000 0.0000 0.0000 0.0000 0.0000 0.0000 0.0000
0.1978 0.5979 0.1971 0.0072 0.0001 0.0000 0.0000 0.0000 0.0000 0.0000 0.0000
0.0065 0.1971 0.5798 0.2055 0.0109 0.0001 0.0000 0.0000 0.0000 0.0000 0.0000
0.0000 0.0072 0.2055 0.5661 0.2098 0.0113 0.0001 0.0000 0.0000 0.0000 0.0000
0.0000 0.0001 0.0109 0.2098 0.5559 0.2136 0.0097 0.0001 0.0000 0.0000 0.0000
0.0000 0.0000 0.0001 0.0113 0.2136 0.5646 0.2008 0.0096 0.0001 0.0000 0.0000
0.0000 0.0000 0.0000 0.0001 0.0097 0.2008 0.5662 0.2141 0.0091 0.0000 0.0000
0.0000 0.0000 0.0000 0.0000 0.0001 0.0096 0.2141 0.5850 0.1850 0.0062 0.0000
0.0000 0.0000 0.0000 0.0000 0.0000 0.0001 0.0091 0.1850 0.6007 0.2001 0.0050
0.0000 0.0000 0.0000 0.0000 0.0000 0.0000 0.0000 0.0062 0.2001 0.6185 0.1751
0.0000 0.0000 0.0000 0.0000 0.0000 0.0000 0.0000 0.0000 0.0050 0.1751 0.8199
#DG from neighbouring lambda in kcal/mol
0.0000 0.1000 0.2205 0.0491
0.1000 0.2000 0.5983 0.0478
0.2000 0.3000 0.6320 0.0454
0.3000 0.4000 0.7575 0.0439
0.4000 0.5000 0.8425 0.0435
0.5000 0.6000 0.8309 0.0461
0.6000 0.7000 0.8512 0.0438
0.7000 0.8000 0.9206 0.0499
0.8000 0.9000 0.9693 0.0477
0.9000 1.0000 1.2227 0.0543
#PMF from MBAR in kcal/mol
0.0000 0.0000 0.0000
0.1000 0.2205 0.0491
0.2000 0.8188 0.0781
0.3000 1.4508 0.0978
0.4000 2.2082 0.1132
0.5000 3.0507 0.1266
0.6000 3.8816 0.1397
0.7000 4.7328 0.1510
0.8000 5.6535 0.1632
0.9000 6.6228 0.1741
1.0000 7.8455 0.1863
#TI average gradients and standard deviation in kcal/mol
0.0000 -1.9035 14.2330
0.1000 4.4374 12.2608
0.2000 6.5605 13.0018
0.3000 7.2019 11.3819
0.4000 7.3567 11.7387
0.5000 8.9877 12.3768
0.6000 7.8786 12.4754
0.7000 9.5847 11.9338
0.8000 8.8592 12.8682
0.9000 11.3201 12.9677
1.0000 14.9288 13.9672
#PMF from TI in kcal/mol
0.0000 0.0000
0.1000 0.1267
0.2000 0.6766
0.3000 1.3647
0.4000 2.0927
0.5000 2.9099
0.6000 3.7532
0.7000 4.6263
0.8000 5.5485
0.9000 6.5575
1.0000 7.8699
#MBAR free energy difference in kcal/mol: 
7.845491, 0.186349  #WARNING SUBSAMPLING DISABLED, CONSIDER RERUN WITH SUBSAMPLING OPTION
#TI free energy difference in kcal/mol: 
7.869946  #WARNING SUBSAMPLING DISABLED, CONSIDER RERUN WITH SUBSAMPLING OPTION 
Starting /export/users/common/BioSimSpace/sire.app/bin/analyse_freenrg: number of threads equals 32
