# Analysing data contained in file(s) ['lambda_0.0000/simfile_snipped.dat', 'lambda_0.1000/simfile_snipped.dat', 'lambda_0.2000/simfile_snipped.dat', 'lambda_0.3000/simfile_snipped.dat', 'lambda_0.4000/simfile_snipped.dat', 'lambda_0.5000/simfile_snipped.dat', 'lambda_0.6000/simfile_snipped.dat', 'lambda_0.7000/simfile_snipped.dat', 'lambda_0.8000/simfile_snipped.dat', 'lambda_0.9000/simfile_snipped.dat', 'lambda_1.0000/simfile_snipped.dat']
#Overlap matrix
0.9391 0.0609 0.0000 0.0000 0.0000 0.0000 0.0000 0.0000 0.0000 0.0000 0.0000
0.0609 0.8675 0.0716 0.0000 0.0000 0.0000 0.0000 0.0000 0.0000 0.0000 0.0000
0.0000 0.0716 0.8479 0.0804 0.0000 0.0000 0.0000 0.0000 0.0000 0.0000 0.0000
0.0000 0.0000 0.0804 0.8332 0.0863 0.0001 0.0000 0.0000 0.0000 0.0000 0.0000
0.0000 0.0000 0.0000 0.0863 0.8162 0.0973 0.0002 0.0000 0.0000 0.0000 0.0000
0.0000 0.0000 0.0000 0.0001 0.0973 0.7917 0.1107 0.0003 0.0000 0.0000 0.0000
0.0000 0.0000 0.0000 0.0000 0.0002 0.1107 0.7663 0.1223 0.0006 0.0000 0.0000
0.0000 0.0000 0.0000 0.0000 0.0000 0.0003 0.1223 0.7420 0.1346 0.0009 0.0000
0.0000 0.0000 0.0000 0.0000 0.0000 0.0000 0.0006 0.1346 0.7225 0.1407 0.0017
0.0000 0.0000 0.0000 0.0000 0.0000 0.0000 0.0000 0.0009 0.1407 0.6955 0.1630
0.0000 0.0000 0.0000 0.0000 0.0000 0.0000 0.0000 0.0000 0.0017 0.1630 0.8353
#DG from neighbouring lambda in kcal/mol
0.0000 0.1000 -0.2796 0.1095
0.1000 0.2000 -0.1824 0.0996
0.2000 0.3000 -0.1171 0.0931
0.3000 0.4000 -0.1731 0.0892
0.4000 0.5000 -0.2298 0.0828
0.5000 0.6000 -0.2312 0.0763
0.6000 0.7000 -0.2828 0.0713
0.7000 0.8000 -0.2200 0.0667
0.8000 0.9000 -0.2619 0.0643
0.9000 1.0000 -0.2483 0.0582
#PMF from MBAR in kcal/mol
0.0000 0.0000 0.0000
0.1000 -0.2796 0.1095
0.2000 -0.4620 0.1535
0.3000 -0.5791 0.1841
0.4000 -0.7522 0.2085
0.5000 -0.9820 0.2280
0.6000 -1.2132 0.2438
0.7000 -1.4960 0.2572
0.8000 -1.7160 0.2687
0.9000 -1.9780 0.2791
1.0000 -2.2262 0.2878
#TI average gradients and standard deviation in kcal/mol
0.0000 -1.8446 20.4987
0.1000 -2.4533 19.3877
0.2000 -1.3970 18.8732
0.3000 -1.9479 18.2638
0.4000 -1.8516 17.8690
0.5000 -2.5435 16.8013
0.6000 -2.8970 16.8718
0.7000 -1.9443 14.7954
0.8000 -2.4403 14.7031
0.9000 -2.5686 13.8708
1.0000 -2.6836 13.5229
#PMF from TI in kcal/mol
0.0000 0.0000
0.1000 -0.2149
0.2000 -0.4074
0.3000 -0.5747
0.4000 -0.7646
0.5000 -0.9844
0.6000 -1.2564
0.7000 -1.4985
0.8000 -1.7177
0.9000 -1.9681
1.0000 -2.2308
#MBAR free energy difference in kcal/mol: 
-2.226241, 0.287812  #WARNING SUBSAMPLING DISABLED, CONSIDER RERUN WITH SUBSAMPLING OPTION
#TI free energy difference in kcal/mol: 
-2.230757  #WARNING SUBSAMPLING DISABLED, CONSIDER RERUN WITH SUBSAMPLING OPTION 
Starting /export/users/common/BioSimSpace/sire.app/bin/analyse_freenrg: number of threads equals 32
