# Analysing data contained in file(s) ['lambda_0.0000/simfile_snipped.dat', 'lambda_0.1000/simfile_snipped.dat', 'lambda_0.2000/simfile_snipped.dat', 'lambda_0.3000/simfile_snipped.dat', 'lambda_0.4000/simfile_snipped.dat', 'lambda_0.5000/simfile_snipped.dat', 'lambda_0.6000/simfile_snipped.dat', 'lambda_0.7000/simfile_snipped.dat', 'lambda_0.8000/simfile_snipped.dat', 'lambda_0.9000/simfile_snipped.dat', 'lambda_1.0000/simfile_snipped.dat']
#Overlap matrix
0.8591 0.1351 0.0058 0.0000 0.0000 0.0000 0.0000 0.0000 0.0000 0.0000 0.0000
0.1351 0.6279 0.2319 0.0050 0.0000 0.0000 0.0000 0.0000 0.0000 0.0000 0.0000
0.0058 0.2319 0.6313 0.1310 0.0000 0.0000 0.0000 0.0000 0.0000 0.0000 0.0000
0.0000 0.0050 0.1310 0.7441 0.1198 0.0001 0.0000 0.0000 0.0000 0.0000 0.0000
0.0000 0.0000 0.0000 0.1198 0.6992 0.1785 0.0025 0.0000 0.0000 0.0000 0.0000
0.0000 0.0000 0.0000 0.0001 0.1785 0.6798 0.1416 0.0000 0.0000 0.0000 0.0000
0.0000 0.0000 0.0000 0.0000 0.0025 0.1416 0.8360 0.0199 0.0000 0.0000 0.0000
0.0000 0.0000 0.0000 0.0000 0.0000 0.0000 0.0199 0.9714 0.0083 0.0003 0.0000
0.0000 0.0000 0.0000 0.0000 0.0000 0.0000 0.0000 0.0083 0.7554 0.2004 0.0358
0.0000 0.0000 0.0000 0.0000 0.0000 0.0000 0.0000 0.0003 0.2004 0.4571 0.3421
0.0000 0.0000 0.0000 0.0000 0.0000 0.0000 0.0000 0.0000 0.0358 0.3421 0.6220
#DG from neighbouring lambda in kcal/mol
0.0000 0.1000 9.8492 0.0651
0.1000 0.2000 9.1932 0.0420
0.2000 0.3000 8.4326 0.0667
0.3000 0.4000 4.4092 0.0726
0.4000 0.5000 1.5780 0.0541
0.5000 0.6000 6.7909 0.0640
0.6000 0.7000 6.6553 0.1998
0.7000 0.8000 4.9569 0.3078
0.8000 0.9000 2.5361 0.0436
0.9000 1.0000 3.3545 0.0238
#PMF from MBAR in kcal/mol
0.0000 0.0000 0.0000
0.1000 9.8492 0.0651
0.2000 19.0424 0.0859
0.3000 27.4750 0.1151
0.4000 31.8842 0.1420
0.5000 33.4621 0.1573
0.6000 40.2531 0.1742
0.7000 46.9083 0.2681
0.8000 51.8653 0.4102
0.9000 54.4014 0.4142
1.0000 57.7559 0.4161
#TI average gradients and standard deviation in kcal/mol
0.0000 69.5252 10.9487
0.1000 70.0642 11.3420
0.2000 34.7945 45.6799
0.3000 145.6725 42.0733
0.4000 1.0575 10.5333
0.5000 -40.7962 5.8782
0.6000 180.5819 29.5602
0.7000 269.0775 62.4053
0.8000 184.6453 43.0038
0.9000 24.3541 6.2420
1.0000 42.0475 6.3369
#PMF from TI in kcal/mol
0.0000 0.0000
0.1000 6.9795
0.2000 12.2224
0.3000 21.2458
0.4000 28.5823
0.5000 26.5953
0.6000 33.5846
0.7000 56.0676
0.8000 78.7537
0.9000 89.2037
1.0000 92.5238
#MBAR free energy difference in kcal/mol: 
57.755920, 0.416096  #WARNING SUBSAMPLING DISABLED, CONSIDER RERUN WITH SUBSAMPLING OPTION
#TI free energy difference in kcal/mol: 
92.523756  #WARNING SUBSAMPLING DISABLED, CONSIDER RERUN WITH SUBSAMPLING OPTION 
Starting /export/users/common/BioSimSpace/sire.app/bin/analyse_freenrg: number of threads equals 32
