# Analysing data contained in file(s) ['lambda_0.0000/simfile_snipped.dat', 'lambda_0.1000/simfile_snipped.dat', 'lambda_0.2000/simfile_snipped.dat', 'lambda_0.3000/simfile_snipped.dat', 'lambda_0.4000/simfile_snipped.dat', 'lambda_0.5000/simfile_snipped.dat', 'lambda_0.6000/simfile_snipped.dat', 'lambda_0.7000/simfile_snipped.dat', 'lambda_0.8000/simfile_snipped.dat', 'lambda_0.9000/simfile_snipped.dat', 'lambda_1.0000/simfile_snipped.dat']
#Overlap matrix
0.8888 0.1106 0.0006 0.0000 0.0000 0.0000 0.0000 0.0000 0.0000 0.0000 0.0000
0.1106 0.7447 0.1432 0.0016 0.0000 0.0000 0.0000 0.0000 0.0000 0.0000 0.0000
0.0006 0.1432 0.7011 0.1533 0.0018 0.0000 0.0000 0.0000 0.0000 0.0000 0.0000
0.0000 0.0016 0.1533 0.6841 0.1588 0.0023 0.0000 0.0000 0.0000 0.0000 0.0000
0.0000 0.0000 0.0018 0.1588 0.6734 0.1643 0.0017 0.0000 0.0000 0.0000 0.0000
0.0000 0.0000 0.0000 0.0023 0.1643 0.6782 0.1535 0.0018 0.0000 0.0000 0.0000
0.0000 0.0000 0.0000 0.0000 0.0017 0.1535 0.6849 0.1583 0.0016 0.0000 0.0000
0.0000 0.0000 0.0000 0.0000 0.0000 0.0018 0.1583 0.6860 0.1529 0.0010 0.0000
0.0000 0.0000 0.0000 0.0000 0.0000 0.0000 0.0016 0.1529 0.7192 0.1261 0.0001
0.0000 0.0000 0.0000 0.0000 0.0000 0.0000 0.0000 0.0010 0.1261 0.8185 0.0544
0.0000 0.0000 0.0000 0.0000 0.0000 0.0000 0.0000 0.0000 0.0001 0.0544 0.9455
#DG from neighbouring lambda in kcal/mol
0.0000 0.1000 -7.7998 0.0762
0.1000 0.2000 -6.6526 0.0637
0.2000 0.3000 -5.9934 0.0603
0.3000 0.4000 -5.8342 0.0587
0.4000 0.5000 -5.7563 0.0572
0.5000 0.6000 -5.9267 0.0602
0.6000 0.7000 -6.0786 0.0590
0.7000 0.8000 -5.9747 0.0607
0.8000 0.9000 -5.0015 0.0698
0.9000 1.0000 -2.1366 0.1165
#PMF from MBAR in kcal/mol
0.0000 0.0000 0.0000
0.1000 -7.7998 0.0762
0.2000 -14.4524 0.1070
0.3000 -20.4458 0.1290
0.4000 -26.2800 0.1471
0.5000 -32.0363 0.1626
0.6000 -37.9630 0.1778
0.7000 -44.0415 0.1914
0.8000 -50.0162 0.2046
0.9000 -55.0177 0.2198
1.0000 -57.1544 0.2520
#TI average gradients and standard deviation in kcal/mol
0.0000 -87.8432 23.5865
0.1000 -71.4724 15.6995
0.2000 -62.1354 15.0846
0.3000 -58.7774 15.3115
0.4000 -57.5965 14.0974
0.5000 -57.5872 14.5747
0.6000 -60.7881 14.3001
0.7000 -60.3563 15.1390
0.8000 -57.6060 15.6392
0.9000 -39.6720 19.2988
1.0000 5.1583 27.4967
#PMF from TI in kcal/mol
0.0000 0.0000
0.1000 -7.9658
0.2000 -14.6462
0.3000 -20.6918
0.4000 -26.5105
0.5000 -32.2697
0.6000 -38.1885
0.7000 -44.2457
0.8000 -50.1438
0.9000 -55.0077
1.0000 -56.7334
#MBAR free energy difference in kcal/mol: 
-57.154366, 0.252043  #WARNING SUBSAMPLING DISABLED, CONSIDER RERUN WITH SUBSAMPLING OPTION
#TI free energy difference in kcal/mol: 
-56.733376  #WARNING SUBSAMPLING DISABLED, CONSIDER RERUN WITH SUBSAMPLING OPTION 
Starting /export/users/common/BioSimSpace/sire.app/bin/analyse_freenrg: number of threads equals 32
