# Analysing data contained in file(s) ['lambda_0.0000/simfile_snipped.dat', 'lambda_0.1000/simfile_snipped.dat', 'lambda_0.2000/simfile_snipped.dat', 'lambda_0.3000/simfile_snipped.dat', 'lambda_0.4000/simfile_snipped.dat', 'lambda_0.5000/simfile_snipped.dat', 'lambda_0.6000/simfile_snipped.dat', 'lambda_0.7000/simfile_snipped.dat', 'lambda_0.8000/simfile_snipped.dat', 'lambda_0.9000/simfile_snipped.dat', 'lambda_1.0000/simfile_snipped.dat']
#Overlap matrix
0.9347 0.0651 0.0002 0.0000 0.0000 0.0000 0.0000 0.0000 0.0000 0.0000 0.0000
0.0651 0.8171 0.1170 0.0009 0.0000 0.0000 0.0000 0.0000 0.0000 0.0000 0.0000
0.0002 0.1170 0.7451 0.1377 0.0000 0.0000 0.0000 0.0000 0.0000 0.0000 0.0000
0.0000 0.0009 0.1377 0.8538 0.0076 0.0000 0.0000 0.0000 0.0000 0.0000 0.0000
0.0000 0.0000 0.0000 0.0076 0.9880 0.0041 0.0000 0.0000 0.0000 0.0002 0.0000
0.0000 0.0000 0.0000 0.0000 0.0041 0.9911 0.0048 0.0000 0.0000 0.0000 0.0000
0.0000 0.0000 0.0000 0.0000 0.0000 0.0048 0.9890 0.0060 0.0002 0.0000 0.0000
0.0000 0.0000 0.0000 0.0000 0.0000 0.0000 0.0060 0.8117 0.1818 0.0005 0.0000
0.0000 0.0000 0.0000 0.0000 0.0000 0.0000 0.0002 0.1818 0.7408 0.0772 0.0000
0.0000 0.0000 0.0000 0.0000 0.0002 0.0000 0.0000 0.0005 0.0772 0.8705 0.0516
0.0000 0.0000 0.0000 0.0000 0.0000 0.0000 0.0000 0.0000 0.0000 0.0516 0.9484
#DG from neighbouring lambda in kcal/mol
0.0000 0.1000 -3.4953 0.1051
0.1000 0.2000 0.5371 0.0733
0.2000 0.3000 0.3560 0.0658
0.3000 0.4000 -3.1955 0.3268
0.4000 0.5000 -8.6773 0.4384
0.5000 0.6000 -7.5312 0.4082
0.6000 0.7000 -2.2637 0.3561
0.7000 0.8000 5.2749 0.0537
0.8000 0.9000 3.0949 0.0949
0.9000 1.0000 -4.4800 0.1201
#PMF from MBAR in kcal/mol
0.0000 0.0000 0.0000
0.1000 -3.4953 0.1051
0.2000 -2.9582 0.1343
0.3000 -2.6022 0.1547
0.4000 -5.7976 0.3639
0.5000 -14.4750 0.5712
0.6000 -22.0062 0.6930
0.7000 -24.2699 0.7671
0.8000 -18.9950 0.7692
0.9000 -15.9001 0.7747
1.0000 -20.3800 0.7850
#TI average gradients and standard deviation in kcal/mol
0.0000 -91.5719 25.2725
0.1000 -2.0475 18.4455
0.2000 6.7131 16.5345
0.3000 -0.5657 16.4844
0.4000 -68.9236 33.7235
0.5000 -103.7482 34.4556
0.6000 -5.1632 35.1435
0.7000 36.4969 12.3688
0.8000 52.9848 14.5553
0.9000 -3.3917 25.5966
1.0000 -1319282.5409 25736931.2593
#PMF from TI in kcal/mol
0.0000 0.0000
0.1000 -4.6810
0.2000 -4.4477
0.3000 -4.1403
0.4000 -7.6148
0.5000 -16.2484
0.6000 -21.6939
0.7000 -20.1273
0.8000 -15.6532
0.9000 -13.1735
1.0000 -65977.4701
#MBAR free energy difference in kcal/mol: 
-20.380028, 0.785004  #WARNING SUBSAMPLING DISABLED, CONSIDER RERUN WITH SUBSAMPLING OPTION
#TI free energy difference in kcal/mol: 
-65977.470143  #WARNING SUBSAMPLING DISABLED, CONSIDER RERUN WITH SUBSAMPLING OPTION 
Starting /export/users/common/BioSimSpace/sire.app/bin/analyse_freenrg: number of threads equals 32
