# Analysing data contained in file(s) ['lambda_0.0000/simfile_snipped.dat', 'lambda_0.1000/simfile_snipped.dat', 'lambda_0.2000/simfile_snipped.dat', 'lambda_0.3000/simfile_snipped.dat', 'lambda_0.4000/simfile_snipped.dat', 'lambda_0.5000/simfile_snipped.dat', 'lambda_0.6000/simfile_snipped.dat', 'lambda_0.7000/simfile_snipped.dat', 'lambda_0.8000/simfile_snipped.dat', 'lambda_0.9000/simfile_snipped.dat', 'lambda_1.0000/simfile_snipped.dat']
#Overlap matrix
0.9999 0.0001 0.0000 0.0000 0.0000 0.0000 0.0000 0.0000 0.0000 0.0000 0.0000
0.0001 0.9839 0.0160 0.0000 0.0000 0.0000 0.0000 0.0000 0.0000 0.0000 0.0000
0.0000 0.0160 0.9507 0.0333 0.0000 0.0000 0.0000 0.0000 0.0000 0.0000 0.0000
0.0000 0.0000 0.0333 0.8843 0.0823 0.0000 0.0000 0.0000 0.0000 0.0000 0.0000
0.0000 0.0000 0.0000 0.0823 0.8136 0.1041 0.0001 0.0000 0.0000 0.0000 0.0000
0.0000 0.0000 0.0000 0.0000 0.1041 0.8205 0.0754 0.0000 0.0000 0.0000 0.0000
0.0000 0.0000 0.0000 0.0000 0.0001 0.0754 0.8936 0.0309 0.0000 0.0000 0.0000
0.0000 0.0000 0.0000 0.0000 0.0000 0.0000 0.0309 0.9551 0.0140 0.0000 0.0000
0.0000 0.0000 0.0000 0.0000 0.0000 0.0000 0.0000 0.0140 0.9572 0.0289 0.0000
0.0000 0.0000 0.0000 0.0000 0.0000 0.0000 0.0000 0.0000 0.0289 0.9533 0.0179
0.0000 0.0000 0.0000 0.0000 0.0000 0.0000 0.0000 0.0000 0.0000 0.0179 0.9821
#DG from neighbouring lambda in kcal/mol
0.0000 0.1000 25.2177 2.9693
0.1000 0.2000 9.7445 0.2243
0.2000 0.3000 3.4337 0.1525
0.3000 0.4000 -0.0413 0.0918
0.4000 0.5000 -1.8697 0.0795
0.5000 0.6000 -3.3890 0.0966
0.6000 0.7000 -6.7737 0.1587
0.7000 0.8000 -16.1212 0.2403
0.8000 0.9000 -22.9493 0.1646
0.9000 1.0000 -29.4772 0.2117
#PMF from MBAR in kcal/mol
0.0000 0.0000 0.0000
0.1000 25.2177 2.9693
0.2000 34.9622 2.9781
0.3000 38.3958 2.9823
0.4000 38.3546 2.9840
0.5000 36.4849 2.9853
0.6000 33.0959 2.9871
0.7000 26.3222 2.9916
0.8000 10.2010 3.0015
0.9000 -12.7483 3.0063
1.0000 -42.2255 3.0140
#TI average gradients and standard deviation in kcal/mol
0.0000 386.1881 52.1279
0.1000 144.6332 32.4116
0.2000 61.6234 24.1183
0.3000 10.8626 21.0664
0.4000 -10.7374 19.3909
0.5000 -25.2586 18.3965
0.6000 -45.6524 20.6961
0.7000 -109.3789 32.4271
0.8000 -200.6389 25.5765
0.9000 -261.9457 25.6635
1.0000 -337.1123 28.1043
#PMF from TI in kcal/mol
0.0000 0.0000
0.1000 26.5411
0.2000 36.8539
0.3000 40.4782
0.4000 40.4845
0.5000 38.6846
0.6000 35.1391
0.7000 27.3875
0.8000 11.8866
0.9000 -11.2426
1.0000 -41.1955
#MBAR free energy difference in kcal/mol: 
-42.225517, 3.014036  #WARNING SUBSAMPLING DISABLED, CONSIDER RERUN WITH SUBSAMPLING OPTION
#TI free energy difference in kcal/mol: 
-41.195488  #WARNING SUBSAMPLING DISABLED, CONSIDER RERUN WITH SUBSAMPLING OPTION 
Starting /export/users/common/BioSimSpace/sire.app/bin/analyse_freenrg: number of threads equals 32
