# Analysing data contained in file(s) ['lambda_0.0000/simfile_snipped.dat', 'lambda_0.1000/simfile_snipped.dat', 'lambda_0.2000/simfile_snipped.dat', 'lambda_0.3000/simfile_snipped.dat', 'lambda_0.4000/simfile_snipped.dat', 'lambda_0.5000/simfile_snipped.dat', 'lambda_0.6000/simfile_snipped.dat', 'lambda_0.7000/simfile_snipped.dat', 'lambda_0.8000/simfile_snipped.dat', 'lambda_0.9000/simfile_snipped.dat', 'lambda_1.0000/simfile_snipped.dat']
#Overlap matrix
0.8109 0.1824 0.0067 0.0000 0.0000 0.0000 0.0000 0.0000 0.0000 0.0000 0.0000
0.1824 0.6037 0.2022 0.0116 0.0001 0.0000 0.0000 0.0000 0.0000 0.0000 0.0000
0.0067 0.2022 0.5590 0.2210 0.0111 0.0001 0.0000 0.0000 0.0000 0.0000 0.0000
0.0000 0.0116 0.2210 0.5457 0.2099 0.0117 0.0001 0.0000 0.0000 0.0000 0.0000
0.0000 0.0001 0.0111 0.2099 0.5583 0.2107 0.0098 0.0001 0.0000 0.0000 0.0000
0.0000 0.0000 0.0001 0.0117 0.2107 0.5537 0.2126 0.0112 0.0001 0.0000 0.0000
0.0000 0.0000 0.0000 0.0001 0.0098 0.2126 0.5666 0.2011 0.0098 0.0001 0.0000
0.0000 0.0000 0.0000 0.0000 0.0001 0.0112 0.2011 0.5688 0.2103 0.0086 0.0000
0.0000 0.0000 0.0000 0.0000 0.0000 0.0001 0.0098 0.2103 0.5743 0.2004 0.0051
0.0000 0.0000 0.0000 0.0000 0.0000 0.0000 0.0001 0.0086 0.2004 0.6263 0.1647
0.0000 0.0000 0.0000 0.0000 0.0000 0.0000 0.0000 0.0000 0.0051 0.1647 0.8302
#DG from neighbouring lambda in kcal/mol
0.0000 0.1000 3.6946 0.0523
0.1000 0.2000 3.6829 0.0460
0.2000 0.3000 2.9318 0.0420
0.3000 0.4000 1.7466 0.0438
0.4000 0.5000 0.4260 0.0439
0.5000 0.6000 -1.0840 0.0437
0.6000 0.7000 -2.5373 0.0457
0.7000 0.8000 -4.0628 0.0445
0.8000 0.9000 -5.5738 0.0472
0.9000 1.0000 -7.0088 0.0569
#PMF from MBAR in kcal/mol
0.0000 0.0000 0.0000
0.1000 3.6946 0.0523
0.2000 7.3775 0.0790
0.3000 10.3093 0.0965
0.4000 12.0559 0.1121
0.5000 12.4819 0.1257
0.6000 11.3979 0.1381
0.7000 8.8605 0.1500
0.8000 4.7977 0.1607
0.9000 -0.7761 0.1715
1.0000 -7.7849 0.1846
#TI average gradients and standard deviation in kcal/mol
0.0000 30.9331 14.1760
0.1000 38.3321 13.6023
0.2000 34.3006 12.0631
0.3000 24.0550 11.7471
0.4000 11.0397 11.6140
0.5000 -3.4124 12.2756
0.6000 -17.8895 11.9670
0.7000 -32.9710 12.2974
0.8000 -48.2706 12.1639
0.9000 -63.0999 13.0754
1.0000 -76.6155 16.0513
#PMF from TI in kcal/mol
0.0000 0.0000
0.1000 3.4633
0.2000 7.0949
0.3000 10.0127
0.4000 11.7674
0.5000 12.1488
0.6000 11.0837
0.7000 8.5407
0.8000 4.4786
0.9000 -1.0899
1.0000 -8.0757
#MBAR free energy difference in kcal/mol: 
-7.784906, 0.184614  #WARNING SUBSAMPLING DISABLED, CONSIDER RERUN WITH SUBSAMPLING OPTION
#TI free energy difference in kcal/mol: 
-8.075710  #WARNING SUBSAMPLING DISABLED, CONSIDER RERUN WITH SUBSAMPLING OPTION 
Starting /export/users/common/BioSimSpace/sire.app/bin/analyse_freenrg: number of threads equals 32
