# Analysing data contained in file(s) ['lambda_0.0000/simfile_snipped.dat', 'lambda_0.1000/simfile_snipped.dat', 'lambda_0.2000/simfile_snipped.dat', 'lambda_0.3000/simfile_snipped.dat', 'lambda_0.4000/simfile_snipped.dat', 'lambda_0.5000/simfile_snipped.dat', 'lambda_0.6000/simfile_snipped.dat', 'lambda_0.7000/simfile_snipped.dat', 'lambda_0.8000/simfile_snipped.dat', 'lambda_0.9000/simfile_snipped.dat', 'lambda_1.0000/simfile_snipped.dat']
#Overlap matrix
0.9935 0.0065 0.0000 0.0000 0.0000 0.0000 0.0000 0.0000 0.0000 0.0000 0.0000
0.0065 0.9830 0.0105 0.0000 0.0000 0.0000 0.0000 0.0000 0.0000 0.0000 0.0000
0.0000 0.0105 0.9803 0.0092 0.0000 0.0000 0.0000 0.0000 0.0000 0.0000 0.0000
0.0000 0.0000 0.0092 0.9757 0.0150 0.0000 0.0000 0.0000 0.0000 0.0000 0.0000
0.0000 0.0000 0.0000 0.0150 0.9706 0.0143 0.0000 0.0000 0.0000 0.0000 0.0000
0.0000 0.0000 0.0000 0.0000 0.0143 0.9752 0.0104 0.0000 0.0000 0.0000 0.0000
0.0000 0.0000 0.0000 0.0000 0.0000 0.0104 0.9765 0.0130 0.0000 0.0000 0.0000
0.0000 0.0000 0.0000 0.0000 0.0000 0.0000 0.0130 0.9756 0.0114 0.0000 0.0000
0.0000 0.0000 0.0000 0.0000 0.0000 0.0000 0.0000 0.0114 0.9795 0.0090 0.0000
0.0000 0.0000 0.0000 0.0000 0.0000 0.0000 0.0000 0.0000 0.0090 0.9818 0.0091
0.0000 0.0000 0.0000 0.0000 0.0000 0.0000 0.0000 0.0000 0.0000 0.0091 0.9909
#DG from neighbouring lambda in kcal/mol
0.0000 0.1000 8.9619 0.3553
0.1000 0.2000 9.0706 0.2785
0.2000 0.3000 7.3717 0.2970
0.3000 0.4000 4.8518 0.2314
0.4000 0.5000 3.3806 0.2372
0.5000 0.6000 0.4360 0.2791
0.6000 0.7000 -2.0618 0.2492
0.7000 0.8000 -4.6303 0.2667
0.8000 0.9000 -6.1245 0.3003
0.9000 1.0000 -5.3941 0.2987
#PMF from MBAR in kcal/mol
0.0000 0.0000 0.0000
0.1000 8.9619 0.3553
0.2000 18.0325 0.4533
0.3000 25.4042 0.5434
0.4000 30.2560 0.5921
0.5000 33.6366 0.6391
0.6000 34.0726 0.6986
0.7000 32.0108 0.7428
0.8000 27.3805 0.7903
0.9000 21.2560 0.8464
1.0000 15.8619 0.8985
#TI average gradients and standard deviation in kcal/mol
0.0000 80.5373 36.5745
0.1000 92.6171 29.3132
0.2000 89.0483 28.9057
0.3000 61.4793 29.9064
0.4000 42.6510 28.5826
0.5000 20.1330 30.2142
0.6000 -8.2031 27.9517
0.7000 -32.6911 28.7396
0.8000 -52.1636 28.1703
0.9000 -64.8617 29.7086
1.0000 -26.1451 32.1164
#PMF from TI in kcal/mol
0.0000 0.0000
0.1000 8.6577
0.2000 17.7410
0.3000 25.2674
0.4000 30.4739
0.5000 33.6131
0.6000 34.2096
0.7000 32.1649
0.8000 27.9221
0.9000 22.0709
1.0000 17.5205
#MBAR free energy difference in kcal/mol: 
15.861903, 0.898487  #WARNING SUBSAMPLING DISABLED, CONSIDER RERUN WITH SUBSAMPLING OPTION
#TI free energy difference in kcal/mol: 
17.520516  #WARNING SUBSAMPLING DISABLED, CONSIDER RERUN WITH SUBSAMPLING OPTION 
Starting /export/users/common/BioSimSpace/sire.app/bin/analyse_freenrg: number of threads equals 32
