# Analysing data contained in file(s) ['lambda_0.0000/simfile_snipped.dat', 'lambda_0.1000/simfile_snipped.dat', 'lambda_0.2000/simfile_snipped.dat', 'lambda_0.3000/simfile_snipped.dat', 'lambda_0.4000/simfile_snipped.dat', 'lambda_0.5000/simfile_snipped.dat', 'lambda_0.6000/simfile_snipped.dat', 'lambda_0.7000/simfile_snipped.dat', 'lambda_0.8000/simfile_snipped.dat', 'lambda_0.9000/simfile_snipped.dat', 'lambda_1.0000/simfile_snipped.dat']
#Overlap matrix
0.9875 0.0125 0.0000 0.0000 0.0000 0.0000 0.0000 0.0000 0.0000 0.0000 0.0000
0.0125 0.9619 0.0256 0.0000 0.0000 0.0000 0.0000 0.0000 0.0000 0.0000 0.0000
0.0000 0.0256 0.9390 0.0354 0.0000 0.0000 0.0000 0.0000 0.0000 0.0000 0.0000
0.0000 0.0000 0.0354 0.9173 0.0473 0.0000 0.0000 0.0000 0.0000 0.0000 0.0000
0.0000 0.0000 0.0000 0.0473 0.9037 0.0489 0.0000 0.0000 0.0000 0.0000 0.0000
0.0000 0.0000 0.0000 0.0000 0.0489 0.8961 0.0549 0.0000 0.0000 0.0000 0.0000
0.0000 0.0000 0.0000 0.0000 0.0000 0.0549 0.8917 0.0534 0.0000 0.0000 0.0000
0.0000 0.0000 0.0000 0.0000 0.0000 0.0000 0.0534 0.8822 0.0644 0.0000 0.0000
0.0000 0.0000 0.0000 0.0000 0.0000 0.0000 0.0000 0.0644 0.8646 0.0710 0.0000
0.0000 0.0000 0.0000 0.0000 0.0000 0.0000 0.0000 0.0000 0.0710 0.8583 0.0707
0.0000 0.0000 0.0000 0.0000 0.0000 0.0000 0.0000 0.0000 0.0000 0.0707 0.9293
#DG from neighbouring lambda in kcal/mol
0.0000 0.1000 -4.4371 0.2546
0.1000 0.2000 -2.0058 0.1754
0.2000 0.3000 -1.2344 0.1476
0.3000 0.4000 -0.4171 0.1261
0.4000 0.5000 -0.3055 0.1237
0.5000 0.6000 -0.5194 0.1160
0.6000 0.7000 -0.4480 0.1179
0.7000 0.8000 -0.4448 0.1060
0.8000 0.9000 -0.2342 0.1001
0.9000 1.0000 -0.1916 0.1004
#PMF from MBAR in kcal/mol
0.0000 0.0000 0.0000
0.1000 -4.4371 0.2546
0.2000 -6.4428 0.3118
0.3000 -7.6772 0.3474
0.4000 -8.0943 0.3718
0.5000 -8.3998 0.3939
0.6000 -8.9192 0.4127
0.7000 -9.3672 0.4311
0.8000 -9.8120 0.4458
0.9000 -10.0462 0.4587
1.0000 -10.2378 0.4713
#TI average gradients and standard deviation in kcal/mol
0.0000 -55.0530 30.6783
0.1000 -30.5829 24.4202
0.2000 -14.1374 24.4439
0.3000 -7.8401 21.5259
0.4000 -3.7604 21.3569
0.5000 -5.4220 22.7673
0.6000 -4.0340 21.5833
0.7000 -5.4351 20.4106
0.8000 -3.4343 20.0019
0.9000 -2.1483 20.5241
1.0000 1.8030 20.2916
#PMF from TI in kcal/mol
0.0000 0.0000
0.1000 -4.2818
0.2000 -6.5178
0.3000 -7.6167
0.4000 -8.1967
0.5000 -8.6558
0.6000 -9.1286
0.7000 -9.6021
0.8000 -10.0456
0.9000 -10.3247
1.0000 -10.3420
#MBAR free energy difference in kcal/mol: 
-10.237792, 0.471340  #WARNING SUBSAMPLING DISABLED, CONSIDER RERUN WITH SUBSAMPLING OPTION
#TI free energy difference in kcal/mol: 
-10.341952  #WARNING SUBSAMPLING DISABLED, CONSIDER RERUN WITH SUBSAMPLING OPTION 
Starting /export/users/common/BioSimSpace/sire.app/bin/analyse_freenrg: number of threads equals 32
