# Analysing data contained in file(s) ['lambda_0.0000/simfile_snipped.dat', 'lambda_0.1000/simfile_snipped.dat', 'lambda_0.2000/simfile_snipped.dat', 'lambda_0.3000/simfile_snipped.dat', 'lambda_0.4000/simfile_snipped.dat', 'lambda_0.5000/simfile_snipped.dat', 'lambda_0.6000/simfile_snipped.dat', 'lambda_0.7000/simfile_snipped.dat', 'lambda_0.8000/simfile_snipped.dat', 'lambda_0.9000/simfile_snipped.dat', 'lambda_1.0000/simfile_snipped.dat']
#Overlap matrix
0.9163 0.0836 0.0000 0.0000 0.0000 0.0000 0.0000 0.0000 0.0000 0.0000 0.0000
0.0836 0.8294 0.0869 0.0000 0.0000 0.0000 0.0000 0.0000 0.0000 0.0000 0.0000
0.0000 0.0869 0.8352 0.0778 0.0000 0.0000 0.0000 0.0000 0.0000 0.0000 0.0000
0.0000 0.0000 0.0778 0.8359 0.0861 0.0001 0.0000 0.0000 0.0000 0.0000 0.0000
0.0000 0.0000 0.0000 0.0861 0.8061 0.1076 0.0001 0.0000 0.0000 0.0000 0.0000
0.0000 0.0000 0.0000 0.0001 0.1076 0.8033 0.0888 0.0003 0.0000 0.0000 0.0000
0.0000 0.0000 0.0000 0.0000 0.0001 0.0888 0.7808 0.1296 0.0007 0.0000 0.0000
0.0000 0.0000 0.0000 0.0000 0.0000 0.0003 0.1296 0.7276 0.1417 0.0009 0.0000
0.0000 0.0000 0.0000 0.0000 0.0000 0.0000 0.0007 0.1417 0.7205 0.1359 0.0011
0.0000 0.0000 0.0000 0.0000 0.0000 0.0000 0.0000 0.0009 0.1359 0.7186 0.1446
0.0000 0.0000 0.0000 0.0000 0.0000 0.0000 0.0000 0.0000 0.0011 0.1446 0.8543
#DG from neighbouring lambda in kcal/mol
0.0000 0.1000 -16.2484 0.0909
0.1000 0.2000 -7.9872 0.0888
0.2000 0.3000 -6.0554 0.0949
0.3000 0.4000 -5.3870 0.0892
0.4000 0.5000 -4.7817 0.0777
0.5000 0.6000 -4.1402 0.0875
0.6000 0.7000 -3.8547 0.0686
0.7000 0.8000 -3.3844 0.0643
0.8000 0.9000 -3.2045 0.0661
0.9000 1.0000 -3.3480 0.0636
#PMF from MBAR in kcal/mol
0.0000 0.0000 0.0000
0.1000 -16.2484 0.0909
0.2000 -24.2356 0.1334
0.3000 -30.2910 0.1687
0.4000 -35.6780 0.1951
0.5000 -40.4597 0.2139
0.6000 -44.5998 0.2346
0.7000 -48.4545 0.2477
0.8000 -51.8389 0.2590
0.9000 -55.0435 0.2702
1.0000 -58.3915 0.2804
#TI average gradients and standard deviation in kcal/mol
0.0000 -264.3655 19.4410
0.1000 -101.8183 19.1413
0.2000 -65.5707 19.2485
0.3000 -56.3995 19.2196
0.4000 -51.9657 17.3537
0.5000 -42.3689 17.9484
0.6000 -41.9313 15.4922
0.7000 -36.2801 15.5395
0.8000 -31.5410 16.0575
0.9000 -32.1900 14.6169
1.0000 -33.6716 14.7811
#PMF from TI in kcal/mol
0.0000 0.0000
0.1000 -18.3092
0.2000 -26.6786
0.3000 -32.7772
0.4000 -38.1954
0.5000 -42.9121
0.6000 -47.1272
0.7000 -51.0377
0.8000 -54.4288
0.9000 -57.6153
1.0000 -60.9084
#MBAR free energy difference in kcal/mol: 
-58.391498, 0.280437  #WARNING SUBSAMPLING DISABLED, CONSIDER RERUN WITH SUBSAMPLING OPTION
#TI free energy difference in kcal/mol: 
-60.908411  #WARNING SUBSAMPLING DISABLED, CONSIDER RERUN WITH SUBSAMPLING OPTION 
Starting /export/users/common/BioSimSpace/sire.app/bin/analyse_freenrg: number of threads equals 32
