# Analysing data contained in file(s) ['lambda_0.0000/simfile_snipped.dat', 'lambda_0.1000/simfile_snipped.dat', 'lambda_0.2000/simfile_snipped.dat', 'lambda_0.3000/simfile_snipped.dat', 'lambda_0.4000/simfile_snipped.dat', 'lambda_0.5000/simfile_snipped.dat', 'lambda_0.6000/simfile_snipped.dat', 'lambda_0.7000/simfile_snipped.dat', 'lambda_0.8000/simfile_snipped.dat', 'lambda_0.9000/simfile_snipped.dat', 'lambda_1.0000/simfile_snipped.dat']
#Overlap matrix
0.9027 0.0971 0.0002 0.0000 0.0000 0.0000 0.0000 0.0000 0.0000 0.0000 0.0000
0.0971 0.7831 0.1194 0.0004 0.0000 0.0000 0.0000 0.0000 0.0000 0.0000 0.0000
0.0002 0.1194 0.7561 0.1237 0.0006 0.0000 0.0000 0.0000 0.0000 0.0000 0.0000
0.0000 0.0004 0.1237 0.7596 0.1159 0.0004 0.0000 0.0000 0.0000 0.0000 0.0000
0.0000 0.0000 0.0006 0.1159 0.7494 0.1335 0.0006 0.0000 0.0000 0.0000 0.0000
0.0000 0.0000 0.0000 0.0004 0.1335 0.7369 0.1285 0.0006 0.0000 0.0000 0.0000
0.0000 0.0000 0.0000 0.0000 0.0006 0.1285 0.7413 0.1292 0.0004 0.0000 0.0000
0.0000 0.0000 0.0000 0.0000 0.0000 0.0006 0.1292 0.7507 0.1188 0.0007 0.0000
0.0000 0.0000 0.0000 0.0000 0.0000 0.0000 0.0004 0.1188 0.7693 0.1114 0.0001
0.0000 0.0000 0.0000 0.0000 0.0000 0.0000 0.0000 0.0007 0.1114 0.8116 0.0763
0.0000 0.0000 0.0000 0.0000 0.0000 0.0000 0.0000 0.0000 0.0001 0.0763 0.9236
#DG from neighbouring lambda in kcal/mol
0.0000 0.1000 33.3545 0.0829
0.1000 0.2000 28.0243 0.0725
0.2000 0.3000 22.9430 0.0707
0.3000 0.4000 18.1383 0.0738
0.4000 0.5000 12.8009 0.0672
0.5000 0.6000 7.5850 0.0689
0.6000 0.7000 2.2897 0.0687
0.7000 0.8000 -3.2241 0.0725
0.8000 0.9000 -8.0007 0.0758
0.9000 1.0000 -12.5119 0.0959
#PMF from MBAR in kcal/mol
0.0000 0.0000 0.0000
0.1000 33.3545 0.0829
0.2000 61.3787 0.1173
0.3000 84.3218 0.1427
0.4000 102.4600 0.1656
0.5000 115.2609 0.1831
0.6000 122.8459 0.1997
0.7000 125.1356 0.2149
0.8000 121.9115 0.2304
0.9000 113.9107 0.2457
1.0000 101.3988 0.2669
#TI average gradients and standard deviation in kcal/mol
0.0000 359.5748 17.9876
0.1000 305.7216 15.8745
0.2000 255.4434 15.5167
0.3000 205.2293 14.5854
0.4000 153.4408 16.1941
0.5000 102.8367 16.5530
0.6000 48.7860 15.3938
0.7000 -4.2092 16.9038
0.8000 -56.9969 14.2695
0.9000 -104.4145 17.8847
1.0000 -142.0012 21.3537
#PMF from TI in kcal/mol
0.0000 0.0000
0.1000 33.2648
0.2000 61.3231
0.3000 84.3567
0.4000 102.2902
0.5000 115.1041
0.6000 122.6852
0.7000 124.9141
0.8000 121.8537
0.9000 113.7832
1.0000 101.4624
#MBAR free energy difference in kcal/mol: 
101.398830, 0.266886  #WARNING SUBSAMPLING DISABLED, CONSIDER RERUN WITH SUBSAMPLING OPTION
#TI free energy difference in kcal/mol: 
101.462392  #WARNING SUBSAMPLING DISABLED, CONSIDER RERUN WITH SUBSAMPLING OPTION 
Starting /export/users/common/BioSimSpace/sire.app/bin/analyse_freenrg: number of threads equals 32
