# Analysing data contained in file(s) ['lambda_0.0000/simfile_snipped.dat', 'lambda_0.1000/simfile_snipped.dat', 'lambda_0.2000/simfile_snipped.dat', 'lambda_0.3000/simfile_snipped.dat', 'lambda_0.4000/simfile_snipped.dat', 'lambda_0.5000/simfile_snipped.dat', 'lambda_0.6000/simfile_snipped.dat', 'lambda_0.7000/simfile_snipped.dat', 'lambda_0.8000/simfile_snipped.dat', 'lambda_0.9000/simfile_snipped.dat', 'lambda_1.0000/simfile_snipped.dat']
#Overlap matrix
1.0000 0.0000 0.0000 0.0000 0.0000 0.0000 0.0000 0.0000 0.0000 0.0000 0.0000
0.0000 1.0000 0.0000 0.0000 0.0000 0.0000 0.0000 0.0000 0.0000 0.0000 0.0000
0.0000 0.0000 0.9997 0.0003 0.0000 0.0000 0.0000 0.0000 0.0000 0.0000 0.0000
0.0000 0.0000 0.0003 0.8597 0.1389 0.0011 0.0000 0.0000 0.0000 0.0000 0.0000
0.0000 0.0000 0.0000 0.1389 0.7195 0.1400 0.0015 0.0000 0.0000 0.0000 0.0000
0.0000 0.0000 0.0000 0.0011 0.1400 0.6852 0.1713 0.0023 0.0000 0.0000 0.0000
0.0000 0.0000 0.0000 0.0000 0.0015 0.1713 0.6793 0.1467 0.0011 0.0000 0.0000
0.0000 0.0000 0.0000 0.0000 0.0000 0.0023 0.1467 0.7220 0.1290 0.0000 0.0000
0.0000 0.0000 0.0000 0.0000 0.0000 0.0000 0.0011 0.1290 0.8304 0.0395 0.0000
0.0000 0.0000 0.0000 0.0000 0.0000 0.0000 0.0000 0.0000 0.0395 0.9604 0.0000
0.0000 0.0000 0.0000 0.0000 0.0000 0.0000 0.0000 0.0000 0.0000 0.0000 1.0000
#DG from neighbouring lambda in kcal/mol
0.0000 0.1000 95.4849 0.0000
0.1000 0.2000 33.2175 1.5803
0.2000 0.3000 -2.6546 1.8029
0.3000 0.4000 -9.3126 0.0653
0.4000 0.5000 -10.6474 0.0645
0.5000 0.6000 -11.9030 0.0555
0.6000 0.7000 -12.7605 0.0622
0.7000 0.8000 -13.8495 0.0687
0.8000 0.9000 -16.5202 0.1390
0.9000 1.0000 -179.7385 0.2723
#PMF from MBAR in kcal/mol
0.0000 0.0000 0.0000
0.1000 95.4849 0.0000
0.2000 128.7024 1.5803
0.3000 126.0478 0.2414
0.4000 116.7352 0.2353
0.5000 106.0878 0.2323
0.6000 94.1849 0.2323
0.7000 81.4244 0.2351
0.8000 67.5749 0.2417
0.9000 51.0547 0.2723
1.0000 -128.6838 0.0000
#TI average gradients and standard deviation in kcal/mol
0.0000 7215.2307 196.4337
0.1000 36.0950 30.8510
0.2000 718.4405 52.7608
0.3000 -84.8233 16.2878
0.4000 -99.3669 14.6367
0.5000 -115.0256 14.4730
0.6000 -122.4513 14.5845
0.7000 -132.9972 15.3079
0.8000 -144.9976 18.3772
0.9000 -196.7933 26.6988
1.0000 -5397.5851 202.7665
#PMF from TI in kcal/mol
0.0000 0.0000
0.1000 362.5663
0.2000 400.2931
0.3000 431.9739
0.4000 422.7644
0.5000 412.0448
0.6000 400.1709
0.7000 387.3985
0.8000 373.4988
0.9000 356.4092
1.0000 76.6903
#MBAR free energy difference in kcal/mol: 
-128.683798, 0.000000  #WARNING SUBSAMPLING DISABLED, CONSIDER RERUN WITH SUBSAMPLING OPTION
#TI free energy difference in kcal/mol: 
76.690303  #WARNING SUBSAMPLING DISABLED, CONSIDER RERUN WITH SUBSAMPLING OPTION 
Starting /export/users/common/BioSimSpace/sire.app/bin/analyse_freenrg: number of threads equals 32
