# Analysing data contained in file(s) ['lambda_0.0000/simfile_snipped.dat', 'lambda_0.1000/simfile_snipped.dat', 'lambda_0.2000/simfile_snipped.dat', 'lambda_0.3000/simfile_snipped.dat', 'lambda_0.4000/simfile_snipped.dat', 'lambda_0.5000/simfile_snipped.dat', 'lambda_0.6000/simfile_snipped.dat', 'lambda_0.7000/simfile_snipped.dat', 'lambda_0.8000/simfile_snipped.dat', 'lambda_0.9000/simfile_snipped.dat', 'lambda_1.0000/simfile_snipped.dat']
#Overlap matrix
0.7773 0.2110 0.0116 0.0001 0.0000 0.0000 0.0000 0.0000 0.0000 0.0000 0.0000
0.2110 0.5639 0.2136 0.0115 0.0000 0.0000 0.0000 0.0000 0.0000 0.0000 0.0000
0.0116 0.2136 0.5616 0.2119 0.0013 0.0000 0.0000 0.0000 0.0000 0.0000 0.0000
0.0001 0.0115 0.2119 0.7003 0.0671 0.0091 0.0001 0.0000 0.0000 0.0000 0.0000
0.0000 0.0000 0.0013 0.0671 0.7330 0.1927 0.0060 0.0000 0.0000 0.0000 0.0000
0.0000 0.0000 0.0000 0.0091 0.1927 0.6007 0.1909 0.0066 0.0000 0.0000 0.0000
0.0000 0.0000 0.0000 0.0001 0.0060 0.1909 0.6040 0.1885 0.0102 0.0002 0.0000
0.0000 0.0000 0.0000 0.0000 0.0000 0.0066 0.1885 0.5542 0.2321 0.0185 0.0000
0.0000 0.0000 0.0000 0.0000 0.0000 0.0000 0.0102 0.2321 0.5413 0.2160 0.0002
0.0000 0.0000 0.0000 0.0000 0.0000 0.0000 0.0002 0.0185 0.2160 0.7233 0.0420
0.0000 0.0000 0.0000 0.0000 0.0000 0.0000 0.0000 0.0000 0.0002 0.0420 0.9577
#DG from neighbouring lambda in kcal/mol
0.0000 0.1000 13.7148 0.0456
0.1000 0.2000 12.8249 0.0432
0.2000 0.3000 11.0738 0.0452
0.3000 0.4000 7.6845 0.0954
0.4000 0.5000 6.7097 0.0486
0.5000 0.6000 4.4289 0.0492
0.6000 0.7000 2.0925 0.0489
0.7000 0.8000 0.1504 0.0393
0.8000 0.9000 -1.2805 0.0435
0.9000 1.0000 -4.8819 0.1341
#PMF from MBAR in kcal/mol
0.0000 0.0000 0.0000
0.1000 13.7148 0.0456
0.2000 26.5397 0.0723
0.3000 37.6135 0.0927
0.4000 45.2980 0.1387
0.5000 52.0077 0.1494
0.6000 56.4365 0.1618
0.7000 58.5291 0.1731
0.8000 58.6794 0.1812
0.9000 57.3989 0.1895
1.0000 52.5170 0.2356
#TI average gradients and standard deviation in kcal/mol
0.0000 134.5535 13.0913
0.1000 134.8140 12.2529
0.2000 120.4348 12.0381
0.3000 100.7441 12.4098
0.4000 59.2260 20.4513
0.5000 55.2135 12.3814
0.6000 32.7387 13.0651
0.7000 8.0810 13.5732
0.8000 -7.2759 12.5502
0.9000 -17.9504 18.2464
1.0000 -71.0439 12.9331
#PMF from TI in kcal/mol
0.0000 0.0000
0.1000 13.4684
0.2000 26.2308
0.3000 37.2897
0.4000 45.2883
0.5000 51.0102
0.6000 55.4078
0.7000 57.4488
0.8000 57.4891
0.9000 56.2278
1.0000 51.7780
#MBAR free energy difference in kcal/mol: 
52.516971, 0.235644  #WARNING SUBSAMPLING DISABLED, CONSIDER RERUN WITH SUBSAMPLING OPTION
#TI free energy difference in kcal/mol: 
51.778048  #WARNING SUBSAMPLING DISABLED, CONSIDER RERUN WITH SUBSAMPLING OPTION 
Starting /export/users/common/BioSimSpace/sire.app/bin/analyse_freenrg: number of threads equals 32
