# Analysing data contained in file(s) ['lambda_0.0000/simfile_snipped.dat', 'lambda_0.1000/simfile_snipped.dat', 'lambda_0.2000/simfile_snipped.dat', 'lambda_0.3000/simfile_snipped.dat', 'lambda_0.4000/simfile_snipped.dat', 'lambda_0.5000/simfile_snipped.dat', 'lambda_0.6000/simfile_snipped.dat', 'lambda_0.7000/simfile_snipped.dat', 'lambda_0.8000/simfile_snipped.dat', 'lambda_0.9000/simfile_snipped.dat', 'lambda_1.0000/simfile_snipped.dat']
#Overlap matrix
0.8550 0.1421 0.0028 0.0000 0.0000 0.0000 0.0000 0.0000 0.0000 0.0000 0.0000
0.1421 0.6704 0.1833 0.0041 0.0000 0.0000 0.0000 0.0000 0.0000 0.0000 0.0000
0.0028 0.1833 0.6318 0.1776 0.0044 0.0000 0.0000 0.0000 0.0000 0.0000 0.0000
0.0000 0.0041 0.1776 0.6310 0.1828 0.0045 0.0000 0.0000 0.0000 0.0000 0.0000
0.0000 0.0000 0.0044 0.1828 0.6342 0.1752 0.0034 0.0000 0.0000 0.0000 0.0000
0.0000 0.0000 0.0000 0.0045 0.1752 0.6375 0.1791 0.0038 0.0000 0.0000 0.0000
0.0000 0.0000 0.0000 0.0000 0.0034 0.1791 0.6438 0.1708 0.0028 0.0000 0.0000
0.0000 0.0000 0.0000 0.0000 0.0000 0.0038 0.1708 0.6587 0.1637 0.0030 0.0000
0.0000 0.0000 0.0000 0.0000 0.0000 0.0000 0.0028 0.1637 0.6500 0.1806 0.0029
0.0000 0.0000 0.0000 0.0000 0.0000 0.0000 0.0000 0.0030 0.1806 0.6548 0.1616
0.0000 0.0000 0.0000 0.0000 0.0000 0.0000 0.0000 0.0000 0.0029 0.1616 0.8355
#DG from neighbouring lambda in kcal/mol
0.0000 0.1000 -1.1308 0.0638
0.1000 0.2000 0.3269 0.0520
0.2000 0.3000 0.7570 0.0529
0.3000 0.4000 0.8245 0.0517
0.4000 0.5000 0.8252 0.0537
0.5000 0.6000 0.7169 0.0529
0.6000 0.7000 0.7456 0.0550
0.7000 0.8000 0.6751 0.0569
0.8000 0.9000 0.7235 0.0529
0.9000 1.0000 0.8426 0.0582
#PMF from MBAR in kcal/mol
0.0000 0.0000 0.0000
0.1000 -1.1308 0.0638
0.2000 -0.8039 0.0909
0.3000 -0.0469 0.1120
0.4000 0.7776 0.1291
0.5000 1.6028 0.1449
0.6000 2.3197 0.1591
0.7000 3.0653 0.1726
0.8000 3.7404 0.1859
0.9000 4.4640 0.1971
1.0000 5.3066 0.2091
#TI average gradients and standard deviation in kcal/mol
0.0000 -23.6537 16.2165
0.1000 -1.9067 13.5619
0.2000 7.0193 13.3408
0.3000 7.7167 13.4485
0.4000 8.1903 13.6571
0.5000 8.0124 14.5129
0.6000 6.7756 14.1938
0.7000 7.4308 15.0886
0.8000 6.5214 14.7279
0.9000 8.6552 14.6904
1.0000 9.5946 14.7772
#PMF from TI in kcal/mol
0.0000 0.0000
0.1000 -1.2780
0.2000 -1.0224
0.3000 -0.2856
0.4000 0.5098
0.5000 1.3199
0.6000 2.0593
0.7000 2.7696
0.8000 3.4672
0.9000 4.2261
1.0000 5.1385
#MBAR free energy difference in kcal/mol: 
5.306611, 0.209143  #WARNING SUBSAMPLING DISABLED, CONSIDER RERUN WITH SUBSAMPLING OPTION
#TI free energy difference in kcal/mol: 
5.138550  #WARNING SUBSAMPLING DISABLED, CONSIDER RERUN WITH SUBSAMPLING OPTION 
Starting /export/users/common/BioSimSpace/sire.app/bin/analyse_freenrg: number of threads equals 32
