# Analysing data contained in file(s) ['lambda_0.0000/simfile_snipped.dat', 'lambda_0.1000/simfile_snipped.dat', 'lambda_0.2000/simfile_snipped.dat', 'lambda_0.3000/simfile_snipped.dat', 'lambda_0.4000/simfile_snipped.dat', 'lambda_0.5000/simfile_snipped.dat', 'lambda_0.6000/simfile_snipped.dat', 'lambda_0.7000/simfile_snipped.dat', 'lambda_0.8000/simfile_snipped.dat', 'lambda_0.9000/simfile_snipped.dat', 'lambda_1.0000/simfile_snipped.dat']
#Overlap matrix
0.7949 0.1960 0.0090 0.0001 0.0000 0.0000 0.0000 0.0000 0.0000 0.0000 0.0000
0.1960 0.5664 0.2176 0.0197 0.0003 0.0000 0.0000 0.0000 0.0000 0.0000 0.0000
0.0090 0.2176 0.5214 0.2320 0.0198 0.0003 0.0000 0.0000 0.0000 0.0000 0.0000
0.0001 0.0197 0.2320 0.5090 0.2214 0.0175 0.0003 0.0000 0.0000 0.0000 0.0000
0.0000 0.0003 0.0198 0.2214 0.5166 0.2218 0.0196 0.0004 0.0000 0.0000 0.0000
0.0000 0.0000 0.0003 0.0175 0.2218 0.5068 0.2292 0.0240 0.0004 0.0000 0.0000
0.0000 0.0000 0.0000 0.0003 0.0196 0.2292 0.5034 0.2283 0.0189 0.0003 0.0000
0.0000 0.0000 0.0000 0.0000 0.0004 0.0240 0.2283 0.5012 0.2251 0.0207 0.0003
0.0000 0.0000 0.0000 0.0000 0.0000 0.0004 0.0189 0.2251 0.5057 0.2343 0.0156
0.0000 0.0000 0.0000 0.0000 0.0000 0.0000 0.0003 0.0207 0.2343 0.5362 0.2085
0.0000 0.0000 0.0000 0.0000 0.0000 0.0000 0.0000 0.0003 0.0156 0.2085 0.7757
#DG from neighbouring lambda in kcal/mol
0.0000 0.1000 1.9075 0.0489
0.1000 0.2000 0.3363 0.0416
0.2000 0.3000 -0.8912 0.0378
0.3000 0.4000 -2.1445 0.0396
0.4000 0.5000 -3.4848 0.0396
0.5000 0.6000 -4.7357 0.0376
0.6000 0.7000 -5.8114 0.0378
0.7000 0.8000 -6.8788 0.0387
0.8000 0.9000 -7.3741 0.0379
0.9000 1.0000 -6.0428 0.0454
#PMF from MBAR in kcal/mol
0.0000 0.0000 0.0000
0.1000 1.9075 0.0489
0.2000 2.2438 0.0741
0.3000 1.3526 0.0899
0.4000 -0.7919 0.1042
0.5000 -4.2766 0.1169
0.6000 -9.0124 0.1276
0.7000 -14.8237 0.1373
0.8000 -21.7025 0.1469
0.9000 -29.0766 0.1556
1.0000 -35.1194 0.1659
#TI average gradients and standard deviation in kcal/mol
0.0000 25.8987 13.5575
0.1000 11.0574 12.6987
0.2000 -3.1276 10.6533
0.3000 -14.8100 10.9732
0.4000 -28.3995 11.2188
0.5000 -41.1660 10.7184
0.6000 -52.8627 10.4883
0.7000 -64.1812 11.1888
0.8000 -72.3795 11.0791
0.9000 -72.3088 11.2837
1.0000 -38.6558 13.2381
#PMF from TI in kcal/mol
0.0000 0.0000
0.1000 1.8478
0.2000 2.2443
0.3000 1.3474
0.4000 -0.8131
0.5000 -4.2913
0.6000 -8.9928
0.7000 -14.8450
0.8000 -21.6730
0.9000 -28.9074
1.0000 -34.4557
#MBAR free energy difference in kcal/mol: 
-35.119414, 0.165865  #WARNING SUBSAMPLING DISABLED, CONSIDER RERUN WITH SUBSAMPLING OPTION
#TI free energy difference in kcal/mol: 
-34.455650  #WARNING SUBSAMPLING DISABLED, CONSIDER RERUN WITH SUBSAMPLING OPTION 
Starting /export/users/common/BioSimSpace/sire.app/bin/analyse_freenrg: number of threads equals 32
