# Analysing data contained in file(s) ['lambda_0.0000/simfile_snipped.dat', 'lambda_0.1000/simfile_snipped.dat', 'lambda_0.2000/simfile_snipped.dat', 'lambda_0.3000/simfile_snipped.dat', 'lambda_0.4000/simfile_snipped.dat', 'lambda_0.5000/simfile_snipped.dat', 'lambda_0.6000/simfile_snipped.dat', 'lambda_0.7000/simfile_snipped.dat', 'lambda_0.8000/simfile_snipped.dat', 'lambda_0.9000/simfile_snipped.dat', 'lambda_1.0000/simfile_snipped.dat']
#Overlap matrix
0.7776 0.2117 0.0106 0.0001 0.0000 0.0000 0.0000 0.0000 0.0000 0.0000 0.0000
0.2117 0.5655 0.2090 0.0137 0.0001 0.0000 0.0000 0.0000 0.0000 0.0000 0.0000
0.0106 0.2090 0.5496 0.2181 0.0126 0.0001 0.0000 0.0000 0.0000 0.0000 0.0000
0.0001 0.0137 0.2181 0.5392 0.2146 0.0143 0.0001 0.0000 0.0000 0.0000 0.0000
0.0000 0.0001 0.0126 0.2146 0.5445 0.2170 0.0111 0.0001 0.0000 0.0000 0.0000
0.0000 0.0000 0.0001 0.0143 0.2170 0.5530 0.2044 0.0111 0.0001 0.0000 0.0000
0.0000 0.0000 0.0000 0.0001 0.0111 0.2044 0.5669 0.2083 0.0090 0.0001 0.0000
0.0000 0.0000 0.0000 0.0000 0.0001 0.0111 0.2083 0.5609 0.2080 0.0117 0.0000
0.0000 0.0000 0.0000 0.0000 0.0000 0.0001 0.0090 0.2080 0.5641 0.2175 0.0013
0.0000 0.0000 0.0000 0.0000 0.0000 0.0000 0.0001 0.0117 0.2175 0.7015 0.0693
0.0000 0.0000 0.0000 0.0000 0.0000 0.0000 0.0000 0.0000 0.0013 0.0693 0.9294
#DG from neighbouring lambda in kcal/mol
0.0000 0.1000 -2.8035 0.0456
0.1000 0.2000 -1.6201 0.0438
0.2000 0.3000 -1.4886 0.0419
0.3000 0.4000 -1.7109 0.0424
0.4000 0.5000 -1.9606 0.0422
0.5000 0.6000 -2.4011 0.0449
0.6000 0.7000 -2.8714 0.0446
0.7000 0.8000 -3.4403 0.0445
0.8000 0.9000 -3.7455 0.0442
0.9000 1.0000 -5.0510 0.1005
#PMF from MBAR in kcal/mol
0.0000 0.0000 0.0000
0.1000 -2.8035 0.0456
0.2000 -4.4236 0.0729
0.3000 -5.9122 0.0913
0.4000 -7.6231 0.1070
0.5000 -9.5837 0.1204
0.6000 -11.9847 0.1336
0.7000 -14.8561 0.1454
0.8000 -18.2964 0.1566
0.9000 -22.0419 0.1666
1.0000 -27.0929 0.1985
#TI average gradients and standard deviation in kcal/mol
0.0000 -43.5780 13.4569
0.1000 -19.2589 12.2882
0.2000 -14.2719 12.0050
0.3000 -15.6457 11.5525
0.4000 -18.0143 10.5737
0.5000 -22.2319 11.6875
0.6000 -26.3571 12.5027
0.7000 -31.4642 12.9947
0.8000 -36.2777 11.7829
0.9000 -38.4685 12.7161
1.0000 -69.9028 20.2243
#PMF from TI in kcal/mol
0.0000 0.0000
0.1000 -3.1418
0.2000 -4.8184
0.3000 -6.3143
0.4000 -7.9973
0.5000 -10.0096
0.6000 -12.4390
0.7000 -15.3301
0.8000 -18.7172
0.9000 -22.4545
1.0000 -27.8731
#MBAR free energy difference in kcal/mol: 
-27.092926, 0.198467  #WARNING SUBSAMPLING DISABLED, CONSIDER RERUN WITH SUBSAMPLING OPTION
#TI free energy difference in kcal/mol: 
-27.873066  #WARNING SUBSAMPLING DISABLED, CONSIDER RERUN WITH SUBSAMPLING OPTION 
Starting /export/users/common/BioSimSpace/sire.app/bin/analyse_freenrg: number of threads equals 32
