# Analysing data contained in file(s) ['lambda_0.0000/simfile_snipped.dat', 'lambda_0.1000/simfile_snipped.dat', 'lambda_0.2000/simfile_snipped.dat', 'lambda_0.3000/simfile_snipped.dat', 'lambda_0.4000/simfile_snipped.dat', 'lambda_0.5000/simfile_snipped.dat', 'lambda_0.6000/simfile_snipped.dat', 'lambda_0.7000/simfile_snipped.dat', 'lambda_0.8000/simfile_snipped.dat', 'lambda_0.9000/simfile_snipped.dat', 'lambda_1.0000/simfile_snipped.dat']
#Overlap matrix
1.0000 0.0000 0.0000 0.0000 0.0000 0.0000 0.0000 0.0000 0.0000 0.0000 0.0000
0.0000 0.9184 0.0815 0.0000 0.0000 0.0000 0.0000 0.0000 0.0000 0.0000 0.0000
0.0000 0.0815 0.8434 0.0750 0.0001 0.0000 0.0000 0.0000 0.0000 0.0000 0.0000
0.0000 0.0000 0.0750 0.7966 0.1278 0.0006 0.0000 0.0000 0.0000 0.0000 0.0000
0.0000 0.0000 0.0001 0.1278 0.7289 0.1421 0.0012 0.0000 0.0000 0.0000 0.0000
0.0000 0.0000 0.0000 0.0006 0.1421 0.7120 0.1437 0.0015 0.0000 0.0000 0.0000
0.0000 0.0000 0.0000 0.0000 0.0012 0.1437 0.6856 0.1676 0.0019 0.0000 0.0000
0.0000 0.0000 0.0000 0.0000 0.0000 0.0015 0.1676 0.6744 0.1557 0.0008 0.0000
0.0000 0.0000 0.0000 0.0000 0.0000 0.0000 0.0019 0.1557 0.7244 0.1181 0.0000
0.0000 0.0000 0.0000 0.0000 0.0000 0.0000 0.0000 0.0008 0.1181 0.8812 0.0000
0.0000 0.0000 0.0000 0.0000 0.0000 0.0000 0.0000 0.0000 0.0000 0.0000 1.0000
#DG from neighbouring lambda in kcal/mol
0.0000 0.1000 28.7653 0.1435
0.1000 0.2000 4.6339 0.0923
0.2000 0.3000 1.1275 0.0970
0.3000 0.4000 -1.5981 0.0693
0.4000 0.5000 -2.9654 0.0641
0.5000 0.6000 -3.9401 0.0633
0.6000 0.7000 -4.7746 0.0565
0.7000 0.8000 -5.4706 0.0599
0.8000 0.9000 -6.6866 0.0730
0.9000 1.0000 -26.1722 0.1192
#PMF from MBAR in kcal/mol
0.0000 0.0000 0.0000
0.1000 28.7653 0.1435
0.2000 33.3991 0.1125
0.3000 34.5266 0.0808
0.4000 32.9285 0.0663
0.5000 29.9630 0.0615
0.6000 26.0229 0.0663
0.7000 21.2483 0.0774
0.8000 15.7777 0.0940
0.9000 9.0911 0.1192
1.0000 -17.0812 0.0000
#TI average gradients and standard deviation in kcal/mol
0.0000 1997.6981 85.4317
0.1000 53.2316 38.5322
0.2000 32.1989 23.3590
0.3000 -5.9966 19.6449
0.4000 -23.3224 15.9985
0.5000 -34.5043 14.6331
0.6000 -44.7765 14.6350
0.7000 -50.7085 14.7147
0.8000 -59.0616 15.4844
0.9000 -77.9659 19.4084
1.0000 -2216.0074 1251.2920
#PMF from TI in kcal/mol
0.0000 0.0000
0.1000 102.5465
0.2000 106.8180
0.3000 108.1281
0.4000 106.6622
0.5000 103.7708
0.6000 99.8068
0.7000 95.0325
0.8000 89.5440
0.9000 82.6927
1.0000 -32.0060
#MBAR free energy difference in kcal/mol: 
-17.081173, 0.000000  #WARNING SUBSAMPLING DISABLED, CONSIDER RERUN WITH SUBSAMPLING OPTION
#TI free energy difference in kcal/mol: 
-32.006004  #WARNING SUBSAMPLING DISABLED, CONSIDER RERUN WITH SUBSAMPLING OPTION 
Starting /export/users/common/BioSimSpace/sire.app/bin/analyse_freenrg: number of threads equals 32
