# Analysing data contained in file(s) ['lambda_0.0000/simfile_snipped.dat', 'lambda_0.1000/simfile_snipped.dat', 'lambda_0.2000/simfile_snipped.dat', 'lambda_0.3000/simfile_snipped.dat', 'lambda_0.4000/simfile_snipped.dat', 'lambda_0.5000/simfile_snipped.dat', 'lambda_0.6000/simfile_snipped.dat', 'lambda_0.7000/simfile_snipped.dat', 'lambda_0.8000/simfile_snipped.dat', 'lambda_0.9000/simfile_snipped.dat', 'lambda_1.0000/simfile_snipped.dat']
#Overlap matrix
0.8750 0.1190 0.0058 0.0002 0.0000 0.0000 0.0000 0.0000 0.0000 0.0000 0.0000
0.1190 0.6654 0.1941 0.0206 0.0009 0.0000 0.0000 0.0000 0.0000 0.0000 0.0000
0.0058 0.1941 0.5566 0.2154 0.0268 0.0013 0.0000 0.0000 0.0000 0.0000 0.0000
0.0002 0.0206 0.2154 0.5016 0.2273 0.0328 0.0019 0.0000 0.0000 0.0000 0.0000
0.0000 0.0009 0.0268 0.2273 0.4819 0.2230 0.0377 0.0023 0.0000 0.0000 0.0000
0.0000 0.0000 0.0013 0.0328 0.2230 0.4567 0.2418 0.0421 0.0022 0.0000 0.0000
0.0000 0.0000 0.0000 0.0019 0.0377 0.2418 0.4400 0.2386 0.0380 0.0019 0.0000
0.0000 0.0000 0.0000 0.0000 0.0023 0.0421 0.2386 0.4398 0.2353 0.0398 0.0020
0.0000 0.0000 0.0000 0.0000 0.0000 0.0022 0.0380 0.2353 0.4396 0.2442 0.0407
0.0000 0.0000 0.0000 0.0000 0.0000 0.0000 0.0019 0.0398 0.2442 0.4460 0.2681
0.0000 0.0000 0.0000 0.0000 0.0000 0.0000 0.0000 0.0020 0.0407 0.2681 0.6892
#DG from neighbouring lambda in kcal/mol
0.0000 0.1000 -6.5883 0.0706
0.1000 0.2000 -0.8072 0.0461
0.2000 0.3000 0.1188 0.0391
0.3000 0.4000 0.1841 0.0356
0.4000 0.5000 0.1854 0.0348
0.5000 0.6000 0.2535 0.0312
0.6000 0.7000 0.3442 0.0315
0.7000 0.8000 0.3382 0.0322
0.8000 0.9000 0.3541 0.0310
0.9000 1.0000 0.4021 0.0326
#PMF from MBAR in kcal/mol
0.0000 0.0000 0.0000
0.1000 -6.5883 0.0706
0.2000 -7.3955 0.0917
0.3000 -7.2767 0.1049
0.4000 -7.0927 0.1154
0.5000 -6.9072 0.1246
0.6000 -6.6538 0.1322
0.7000 -6.3095 0.1394
0.8000 -5.9714 0.1465
0.9000 -5.6173 0.1531
1.0000 -5.2152 0.1597
#TI average gradients and standard deviation in kcal/mol
0.0000 -141.0546 19.0031
0.1000 -21.9924 14.6213
0.2000 -0.0303 10.0505
0.3000 1.9745 11.1588
0.4000 2.2099 10.8989
0.5000 1.3007 9.8412
0.6000 3.1517 9.8826
0.7000 3.7459 9.6240
0.8000 3.2323 9.2837
0.9000 3.8174 9.2248
1.0000 7.2515 9.9515
#PMF from TI in kcal/mol
0.0000 0.0000
0.1000 -8.1524
0.2000 -9.2535
0.3000 -9.1563
0.4000 -8.9471
0.5000 -8.7715
0.6000 -8.5489
0.7000 -8.2040
0.8000 -7.8551
0.9000 -7.5026
1.0000 -6.9492
#MBAR free energy difference in kcal/mol: 
-5.215160, 0.159661  #WARNING SUBSAMPLING DISABLED, CONSIDER RERUN WITH SUBSAMPLING OPTION
#TI free energy difference in kcal/mol: 
-6.949187  #WARNING SUBSAMPLING DISABLED, CONSIDER RERUN WITH SUBSAMPLING OPTION 
Starting /export/users/common/BioSimSpace/sire.app/bin/analyse_freenrg: number of threads equals 32
