# Analysing data contained in file(s) ['lambda_0.0000/simfile_snipped.dat', 'lambda_0.1000/simfile_snipped.dat', 'lambda_0.2000/simfile_snipped.dat', 'lambda_0.3000/simfile_snipped.dat', 'lambda_0.4000/simfile_snipped.dat', 'lambda_0.5000/simfile_snipped.dat', 'lambda_0.6000/simfile_snipped.dat', 'lambda_0.7000/simfile_snipped.dat', 'lambda_0.8000/simfile_snipped.dat', 'lambda_0.9000/simfile_snipped.dat', 'lambda_1.0000/simfile_snipped.dat']
#Overlap matrix
0.8556 0.1364 0.0079 0.0001 0.0000 0.0000 0.0000 0.0000 0.0000 0.0000 0.0000
0.1364 0.6119 0.2344 0.0171 0.0003 0.0000 0.0000 0.0000 0.0000 0.0000 0.0000
0.0079 0.2344 0.5189 0.2191 0.0193 0.0004 0.0000 0.0000 0.0000 0.0000 0.0000
0.0001 0.0171 0.2191 0.5053 0.2347 0.0232 0.0006 0.0000 0.0000 0.0000 0.0000
0.0000 0.0003 0.0193 0.2347 0.4928 0.2247 0.0270 0.0013 0.0000 0.0000 0.0000
0.0000 0.0000 0.0004 0.0232 0.2247 0.4675 0.2414 0.0405 0.0022 0.0000 0.0000
0.0000 0.0000 0.0000 0.0006 0.0270 0.2414 0.4460 0.2386 0.0434 0.0029 0.0000
0.0000 0.0000 0.0000 0.0000 0.0013 0.0405 0.2386 0.4225 0.2451 0.0494 0.0026
0.0000 0.0000 0.0000 0.0000 0.0000 0.0022 0.0434 0.2451 0.4210 0.2467 0.0416
0.0000 0.0000 0.0000 0.0000 0.0000 0.0000 0.0029 0.0494 0.2467 0.4418 0.2591
0.0000 0.0000 0.0000 0.0000 0.0000 0.0000 0.0000 0.0026 0.0416 0.2591 0.6966
#DG from neighbouring lambda in kcal/mol
0.0000 0.1000 0.9073 0.0640
0.1000 0.2000 -1.3693 0.0394
0.2000 0.3000 -3.1657 0.0402
0.3000 0.4000 -4.9295 0.0369
0.4000 0.5000 -6.6310 0.0373
0.5000 0.6000 -8.2616 0.0327
0.6000 0.7000 -9.6827 0.0311
0.7000 0.8000 -11.0430 0.0293
0.8000 0.9000 -12.1590 0.0295
0.9000 1.0000 -12.5281 0.0336
#PMF from MBAR in kcal/mol
0.0000 0.0000 0.0000
0.1000 0.9073 0.0640
0.2000 -0.4620 0.0834
0.3000 -3.6277 0.0991
0.4000 -8.5572 0.1113
0.5000 -15.1882 0.1222
0.6000 -23.4498 0.1309
0.7000 -33.1325 0.1381
0.8000 -44.1755 0.1446
0.9000 -56.3345 0.1507
1.0000 -68.8626 0.1576
#TI average gradients and standard deviation in kcal/mol
0.0000 35.5115 21.7192
0.1000 -5.1195 10.4405
0.2000 -23.0079 11.4196
0.3000 -40.4415 11.2517
0.4000 -57.7892 10.5771
0.5000 -75.2446 10.4456
0.6000 -89.7653 9.7088
0.7000 -103.9988 9.5924
0.8000 -116.3342 9.0713
0.9000 -125.5595 9.5119
1.0000 -120.5462 10.5331
#PMF from TI in kcal/mol
0.0000 0.0000
0.1000 1.5196
0.2000 0.1132
0.3000 -3.0592
0.4000 -7.9708
0.5000 -14.6225
0.6000 -22.8730
0.7000 -32.5612
0.8000 -43.5778
0.9000 -55.6725
1.0000 -67.9778
#MBAR free energy difference in kcal/mol: 
-68.862584, 0.157556  #WARNING SUBSAMPLING DISABLED, CONSIDER RERUN WITH SUBSAMPLING OPTION
#TI free energy difference in kcal/mol: 
-67.977778  #WARNING SUBSAMPLING DISABLED, CONSIDER RERUN WITH SUBSAMPLING OPTION 
Starting /export/users/common/BioSimSpace/sire.app/bin/analyse_freenrg: number of threads equals 32
