# Analysing data contained in file(s) ['lambda_0.0000/simfile_snipped.dat', 'lambda_0.1000/simfile_snipped.dat', 'lambda_0.2000/simfile_snipped.dat', 'lambda_0.3000/simfile_snipped.dat', 'lambda_0.4000/simfile_snipped.dat', 'lambda_0.5000/simfile_snipped.dat', 'lambda_0.6000/simfile_snipped.dat', 'lambda_0.7000/simfile_snipped.dat', 'lambda_0.8000/simfile_snipped.dat', 'lambda_0.9000/simfile_snipped.dat', 'lambda_1.0000/simfile_snipped.dat']
#Overlap matrix
0.7451 0.2365 0.0180 0.0004 0.0000 0.0000 0.0000 0.0000 0.0000 0.0000 0.0000
0.2365 0.5106 0.2304 0.0220 0.0005 0.0000 0.0000 0.0000 0.0000 0.0000 0.0000
0.0180 0.2304 0.5028 0.2232 0.0248 0.0008 0.0000 0.0000 0.0000 0.0000 0.0000
0.0004 0.0220 0.2232 0.4912 0.2331 0.0294 0.0009 0.0000 0.0000 0.0000 0.0000
0.0000 0.0005 0.0248 0.2331 0.4817 0.2330 0.0261 0.0008 0.0000 0.0000 0.0000
0.0000 0.0000 0.0008 0.0294 0.2330 0.4831 0.2249 0.0278 0.0011 0.0000 0.0000
0.0000 0.0000 0.0000 0.0009 0.0261 0.2249 0.4852 0.2310 0.0308 0.0011 0.0000
0.0000 0.0000 0.0000 0.0000 0.0008 0.0278 0.2310 0.4854 0.2285 0.0257 0.0008
0.0000 0.0000 0.0000 0.0000 0.0000 0.0011 0.0308 0.2285 0.4952 0.2234 0.0211
0.0000 0.0000 0.0000 0.0000 0.0000 0.0000 0.0011 0.0257 0.2234 0.5359 0.2139
0.0000 0.0000 0.0000 0.0000 0.0000 0.0000 0.0000 0.0008 0.0211 0.2139 0.7641
#DG from neighbouring lambda in kcal/mol
0.0000 0.1000 -3.8154 0.0402
0.1000 0.2000 -3.3991 0.0379
0.2000 0.3000 -2.9753 0.0380
0.3000 0.4000 -2.5438 0.0356
0.4000 0.5000 -2.0573 0.0354
0.5000 0.6000 -1.7324 0.0367
0.6000 0.7000 -1.4067 0.0353
0.7000 0.8000 -0.8891 0.0359
0.8000 0.9000 -0.2216 0.0380
0.9000 1.0000 1.1570 0.0434
#PMF from MBAR in kcal/mol
0.0000 0.0000 0.0000
0.1000 -3.8154 0.0402
0.2000 -7.2145 0.0653
0.3000 -10.1898 0.0829
0.4000 -12.7336 0.0963
0.5000 -14.7909 0.1077
0.6000 -16.5233 0.1186
0.7000 -17.9300 0.1281
0.8000 -18.8191 0.1368
0.9000 -19.0407 0.1459
1.0000 -17.8837 0.1558
#TI average gradients and standard deviation in kcal/mol
0.0000 -43.0825 10.6928
0.1000 -35.7891 10.6608
0.2000 -32.2065 10.4751
0.3000 -27.1819 9.9428
0.4000 -23.7767 9.9649
0.5000 -18.2527 10.4483
0.6000 -16.3179 10.3657
0.7000 -11.4354 10.1153
0.8000 -6.0761 10.8493
0.9000 2.6678 11.4996
1.0000 22.3998 12.4531
#PMF from TI in kcal/mol
0.0000 0.0000
0.1000 -3.9436
0.2000 -7.3434
0.3000 -10.3128
0.4000 -12.8607
0.5000 -14.9622
0.6000 -16.6907
0.7000 -18.0784
0.8000 -18.9539
0.9000 -19.1243
1.0000 -17.8710
#MBAR free energy difference in kcal/mol: 
-17.883673, 0.155819  #WARNING SUBSAMPLING DISABLED, CONSIDER RERUN WITH SUBSAMPLING OPTION
#TI free energy difference in kcal/mol: 
-17.870964  #WARNING SUBSAMPLING DISABLED, CONSIDER RERUN WITH SUBSAMPLING OPTION 
Starting /export/users/common/BioSimSpace/sire.app/bin/analyse_freenrg: number of threads equals 32
