# Analysing data contained in file(s) ['lambda_0.0000/simfile_snipped.dat', 'lambda_0.1000/simfile_snipped.dat', 'lambda_0.2000/simfile_snipped.dat', 'lambda_0.3000/simfile_snipped.dat', 'lambda_0.4000/simfile_snipped.dat', 'lambda_0.5000/simfile_snipped.dat', 'lambda_0.6000/simfile_snipped.dat', 'lambda_0.7000/simfile_snipped.dat', 'lambda_0.8000/simfile_snipped.dat', 'lambda_0.9000/simfile_snipped.dat', 'lambda_1.0000/simfile_snipped.dat']
#Overlap matrix
0.8047 0.1889 0.0064 0.0000 0.0000 0.0000 0.0000 0.0000 0.0000 0.0000 0.0000
0.1889 0.6077 0.1958 0.0075 0.0000 0.0000 0.0000 0.0000 0.0000 0.0000 0.0000
0.0064 0.1958 0.5965 0.1942 0.0071 0.0000 0.0000 0.0000 0.0000 0.0000 0.0000
0.0000 0.0075 0.1942 0.5871 0.2036 0.0075 0.0000 0.0000 0.0000 0.0000 0.0000
0.0000 0.0000 0.0071 0.2036 0.5812 0.1989 0.0091 0.0001 0.0000 0.0000 0.0000
0.0000 0.0000 0.0000 0.0075 0.1989 0.5840 0.2022 0.0073 0.0000 0.0000 0.0000
0.0000 0.0000 0.0000 0.0000 0.0091 0.2022 0.5908 0.1918 0.0061 0.0000 0.0000
0.0000 0.0000 0.0000 0.0000 0.0001 0.0073 0.1918 0.6441 0.1541 0.0027 0.0000
0.0000 0.0000 0.0000 0.0000 0.0000 0.0000 0.0061 0.1541 0.7072 0.1317 0.0009
0.0000 0.0000 0.0000 0.0000 0.0000 0.0000 0.0000 0.0027 0.1317 0.7616 0.1040
0.0000 0.0000 0.0000 0.0000 0.0000 0.0000 0.0000 0.0000 0.0009 0.1040 0.8951
#DG from neighbouring lambda in kcal/mol
0.0000 0.1000 -0.1220 0.0509
0.1000 0.2000 -0.6039 0.0480
0.2000 0.3000 -1.0383 0.0482
0.3000 0.4000 -1.5682 0.0464
0.4000 0.5000 -2.1010 0.0469
0.5000 0.6000 -2.4178 0.0463
0.6000 0.7000 -2.5741 0.0489
0.7000 0.8000 -2.1925 0.0587
0.8000 0.9000 -1.0174 0.0669
0.9000 1.0000 3.8321 0.0791
#PMF from MBAR in kcal/mol
0.0000 0.0000 0.0000
0.1000 -0.1220 0.0509
0.2000 -0.7259 0.0794
0.3000 -1.7642 0.1000
0.4000 -3.3324 0.1165
0.5000 -5.4334 0.1310
0.6000 -7.8512 0.1437
0.7000 -10.4253 0.1564
0.8000 -12.6177 0.1710
0.9000 -13.6351 0.1876
1.0000 -9.8030 0.2074
#TI average gradients and standard deviation in kcal/mol
0.0000 1.0162 14.4769
0.1000 -3.8188 11.8589
0.2000 -8.5046 12.3642
0.3000 -13.2312 13.0361
0.4000 -18.3034 13.1441
0.5000 -22.9494 12.4692
0.6000 -25.4224 12.8806
0.7000 -24.3083 14.2266
0.8000 -19.5936 15.1642
0.9000 2.1725 16.7522
1.0000 96.5746 20.1068
#PMF from TI in kcal/mol
0.0000 0.0000
0.1000 -0.1401
0.2000 -0.7563
0.3000 -1.8431
0.4000 -3.4198
0.5000 -5.4825
0.6000 -7.9011
0.7000 -10.3876
0.8000 -12.5827
0.9000 -13.4537
1.0000 -8.5164
#MBAR free energy difference in kcal/mol: 
-9.803042, 0.207389  #WARNING SUBSAMPLING DISABLED, CONSIDER RERUN WITH SUBSAMPLING OPTION
#TI free energy difference in kcal/mol: 
-8.516391  #WARNING SUBSAMPLING DISABLED, CONSIDER RERUN WITH SUBSAMPLING OPTION 
Starting /export/users/common/BioSimSpace/sire.app/bin/analyse_freenrg: number of threads equals 32
