# Analysing data contained in file(s) ['lambda_0.0000/simfile_snipped.dat', 'lambda_0.1000/simfile_snipped.dat', 'lambda_0.2000/simfile_snipped.dat', 'lambda_0.3000/simfile_snipped.dat', 'lambda_0.4000/simfile_snipped.dat', 'lambda_0.5000/simfile_snipped.dat', 'lambda_0.6000/simfile_snipped.dat', 'lambda_0.7000/simfile_snipped.dat', 'lambda_0.8000/simfile_snipped.dat', 'lambda_0.9000/simfile_snipped.dat', 'lambda_1.0000/simfile_snipped.dat']
#Overlap matrix
0.9170 0.0830 0.0000 0.0000 0.0000 0.0000 0.0000 0.0000 0.0000 0.0000 0.0000
0.0830 0.8200 0.0969 0.0001 0.0000 0.0000 0.0000 0.0000 0.0000 0.0000 0.0000
0.0000 0.0969 0.8131 0.0898 0.0001 0.0000 0.0000 0.0000 0.0000 0.0000 0.0000
0.0000 0.0001 0.0898 0.8055 0.1044 0.0001 0.0000 0.0000 0.0000 0.0000 0.0000
0.0000 0.0000 0.0001 0.1044 0.8020 0.0934 0.0001 0.0000 0.0000 0.0000 0.0000
0.0000 0.0000 0.0000 0.0001 0.0934 0.8049 0.1014 0.0001 0.0000 0.0000 0.0000
0.0000 0.0000 0.0000 0.0000 0.0001 0.1014 0.7997 0.0987 0.0001 0.0000 0.0000
0.0000 0.0000 0.0000 0.0000 0.0000 0.0001 0.0987 0.7909 0.1102 0.0001 0.0000
0.0000 0.0000 0.0000 0.0000 0.0000 0.0000 0.0001 0.1102 0.7925 0.0971 0.0001
0.0000 0.0000 0.0000 0.0000 0.0000 0.0000 0.0000 0.0001 0.0971 0.8075 0.0953
0.0000 0.0000 0.0000 0.0000 0.0000 0.0000 0.0000 0.0000 0.0001 0.0953 0.9045
#DG from neighbouring lambda in kcal/mol
0.0000 0.1000 28.0743 0.0913
0.1000 0.2000 22.9072 0.0830
0.2000 0.3000 18.1710 0.0870
0.3000 0.4000 13.2792 0.0792
0.4000 0.5000 8.4908 0.0849
0.5000 0.6000 3.5546 0.0807
0.6000 0.7000 -1.1166 0.0821
0.7000 0.8000 -5.6943 0.0766
0.8000 0.9000 -10.0548 0.0829
0.9000 1.0000 -13.4497 0.0839
#PMF from MBAR in kcal/mol
0.0000 0.0000 0.0000
0.1000 28.0743 0.0913
0.2000 50.9816 0.1299
0.3000 69.1526 0.1615
0.4000 82.4318 0.1844
0.5000 90.9226 0.2070
0.6000 94.4772 0.2259
0.7000 93.3607 0.2437
0.8000 87.6663 0.2587
0.9000 77.6115 0.2746
1.0000 64.1618 0.2900
#TI average gradients and standard deviation in kcal/mol
0.0000 305.3733 20.1114
0.1000 254.9230 18.7368
0.2000 206.1770 16.3488
0.3000 155.7520 17.6929
0.4000 109.1506 18.0128
0.5000 59.3158 18.8648
0.6000 12.5018 18.6963
0.7000 -35.0514 19.0066
0.8000 -78.6392 18.7559
0.9000 -120.3055 17.9932
1.0000 -143.9508 18.3712
#PMF from TI in kcal/mol
0.0000 0.0000
0.1000 28.0148
0.2000 51.0698
0.3000 69.1663
0.4000 82.4114
0.5000 90.8347
0.6000 94.4256
0.7000 93.2981
0.8000 87.6136
0.9000 77.6664
1.0000 64.4535
#MBAR free energy difference in kcal/mol: 
64.161789, 0.290002  #WARNING SUBSAMPLING DISABLED, CONSIDER RERUN WITH SUBSAMPLING OPTION
#TI free energy difference in kcal/mol: 
64.453542  #WARNING SUBSAMPLING DISABLED, CONSIDER RERUN WITH SUBSAMPLING OPTION 
Starting /export/users/common/BioSimSpace/sire.app/bin/analyse_freenrg: number of threads equals 32
