# Analysing data contained in file(s) ['lambda_0.0000/simfile_snipped.dat', 'lambda_0.1000/simfile_snipped.dat', 'lambda_0.2000/simfile_snipped.dat', 'lambda_0.3000/simfile_snipped.dat', 'lambda_0.4000/simfile_snipped.dat', 'lambda_0.5000/simfile_snipped.dat', 'lambda_0.6000/simfile_snipped.dat', 'lambda_0.7000/simfile_snipped.dat', 'lambda_0.8000/simfile_snipped.dat', 'lambda_0.9000/simfile_snipped.dat', 'lambda_1.0000/simfile_snipped.dat']
#Overlap matrix
0.9702 0.0298 0.0000 0.0000 0.0000 0.0000 0.0000 0.0000 0.0000 0.0000 0.0000
0.0298 0.9392 0.0311 0.0000 0.0000 0.0000 0.0000 0.0000 0.0000 0.0000 0.0000
0.0000 0.0311 0.9289 0.0400 0.0000 0.0000 0.0000 0.0000 0.0000 0.0000 0.0000
0.0000 0.0000 0.0400 0.9253 0.0346 0.0000 0.0000 0.0000 0.0000 0.0000 0.0000
0.0000 0.0000 0.0000 0.0346 0.9566 0.0088 0.0000 0.0000 0.0000 0.0000 0.0000
0.0000 0.0000 0.0000 0.0000 0.0088 0.9597 0.0315 0.0000 0.0000 0.0000 0.0000
0.0000 0.0000 0.0000 0.0000 0.0000 0.0315 0.9488 0.0197 0.0000 0.0000 0.0000
0.0000 0.0000 0.0000 0.0000 0.0000 0.0000 0.0197 0.9588 0.0216 0.0000 0.0000
0.0000 0.0000 0.0000 0.0000 0.0000 0.0000 0.0000 0.0216 0.9454 0.0330 0.0000
0.0000 0.0000 0.0000 0.0000 0.0000 0.0000 0.0000 0.0000 0.0330 0.9346 0.0323
0.0000 0.0000 0.0000 0.0000 0.0000 0.0000 0.0000 0.0000 0.0000 0.0323 0.9677
#DG from neighbouring lambda in kcal/mol
0.0000 0.1000 27.8807 0.1620
0.1000 0.2000 26.9886 0.1583
0.2000 0.3000 25.0859 0.1382
0.3000 0.4000 22.6679 0.1494
0.4000 0.5000 18.5268 0.3053
0.5000 0.6000 16.6363 0.1571
0.6000 0.7000 14.0986 0.2014
0.7000 0.8000 10.1688 0.1920
0.8000 0.9000 6.8018 0.1533
0.9000 1.0000 3.5491 0.1550
#PMF from MBAR in kcal/mol
0.0000 0.0000 0.0000
0.1000 27.8807 0.1620
0.2000 54.8693 0.2301
0.3000 79.9552 0.2715
0.4000 102.6231 0.3126
0.5000 121.1499 0.4388
0.6000 137.7862 0.4679
0.7000 151.8848 0.5110
0.8000 162.0536 0.5474
0.9000 168.8554 0.5699
1.0000 172.4045 0.5920
#TI average gradients and standard deviation in kcal/mol
0.0000 268.6015 23.3151
0.1000 278.1839 23.0431
0.2000 262.3711 22.7291
0.3000 240.0512 22.5565
0.4000 214.9970 21.8445
0.5000 170.0482 24.1242
0.6000 159.5470 23.2936
0.7000 119.8686 22.4498
0.8000 81.5487 22.1306
0.9000 50.5508 24.4743
1.0000 23.7397 25.6379
#PMF from TI in kcal/mol
0.0000 0.0000
0.1000 27.3393
0.2000 54.3670
0.3000 79.4881
0.4000 102.2405
0.5000 121.4928
0.6000 137.9726
0.7000 151.9433
0.8000 162.0142
0.9000 168.6192
1.0000 172.3337
#MBAR free energy difference in kcal/mol: 
172.404486, 0.592000  #WARNING SUBSAMPLING DISABLED, CONSIDER RERUN WITH SUBSAMPLING OPTION
#TI free energy difference in kcal/mol: 
172.333711  #WARNING SUBSAMPLING DISABLED, CONSIDER RERUN WITH SUBSAMPLING OPTION 
Starting /export/users/common/BioSimSpace/sire.app/bin/analyse_freenrg: number of threads equals 32
