# Analysing data contained in file(s) ['lambda_0.0000/simfile_snipped.dat', 'lambda_0.1000/simfile_snipped.dat', 'lambda_0.2000/simfile_snipped.dat', 'lambda_0.3000/simfile_snipped.dat', 'lambda_0.4000/simfile_snipped.dat', 'lambda_0.5000/simfile_snipped.dat', 'lambda_0.6000/simfile_snipped.dat', 'lambda_0.7000/simfile_snipped.dat', 'lambda_0.8000/simfile_snipped.dat', 'lambda_0.9000/simfile_snipped.dat', 'lambda_1.0000/simfile_snipped.dat']
#Overlap matrix
0.9644 0.0356 0.0000 0.0000 0.0000 0.0000 0.0000 0.0000 0.0000 0.0000 0.0000
0.0356 0.8975 0.0669 0.0000 0.0000 0.0000 0.0000 0.0000 0.0000 0.0000 0.0000
0.0000 0.0669 0.8670 0.0660 0.0000 0.0000 0.0000 0.0000 0.0000 0.0000 0.0000
0.0000 0.0000 0.0660 0.8547 0.0793 0.0000 0.0000 0.0000 0.0000 0.0000 0.0000
0.0000 0.0000 0.0000 0.0793 0.8284 0.0922 0.0001 0.0000 0.0000 0.0000 0.0000
0.0000 0.0000 0.0000 0.0000 0.0922 0.8025 0.1051 0.0001 0.0000 0.0000 0.0000
0.0000 0.0000 0.0000 0.0000 0.0001 0.1051 0.8005 0.0941 0.0002 0.0000 0.0000
0.0000 0.0000 0.0000 0.0000 0.0000 0.0001 0.0941 0.7924 0.1129 0.0004 0.0000
0.0000 0.0000 0.0000 0.0000 0.0000 0.0000 0.0002 0.1129 0.7637 0.1227 0.0005
0.0000 0.0000 0.0000 0.0000 0.0000 0.0000 0.0000 0.0004 0.1227 0.7407 0.1362
0.0000 0.0000 0.0000 0.0000 0.0000 0.0000 0.0000 0.0000 0.0005 0.1362 0.8633
#DG from neighbouring lambda in kcal/mol
0.0000 0.1000 2.4124 0.1473
0.1000 0.2000 5.1731 0.1036
0.2000 0.3000 5.4438 0.1045
0.3000 0.4000 4.7478 0.0938
0.4000 0.5000 3.9715 0.0856
0.5000 0.6000 3.3265 0.0789
0.6000 0.7000 2.6554 0.0845
0.7000 0.8000 1.8397 0.0752
0.8000 0.9000 1.3330 0.0711
0.9000 1.0000 0.7423 0.0664
#PMF from MBAR in kcal/mol
0.0000 0.0000 0.0000
0.1000 2.4124 0.1473
0.2000 7.5854 0.1846
0.3000 13.0292 0.2160
0.4000 17.7770 0.2390
0.5000 21.7485 0.2571
0.6000 25.0750 0.2720
0.7000 27.7304 0.2876
0.8000 29.5702 0.3001
0.9000 30.9032 0.3110
1.0000 31.6455 0.3205
#TI average gradients and standard deviation in kcal/mol
0.0000 -20.5346 26.0436
0.1000 46.1061 22.4171
0.2000 57.1663 19.0499
0.3000 50.6080 19.0155
0.4000 43.6239 19.2232
0.5000 36.1901 18.4945
0.6000 31.5255 17.3852
0.7000 21.5217 17.2702
0.8000 16.0636 16.1487
0.9000 10.0455 16.0832
1.0000 7.7454 16.6133
#PMF from TI in kcal/mol
0.0000 0.0000
0.1000 1.2786
0.2000 6.4422
0.3000 11.8309
0.4000 16.5425
0.5000 20.5332
0.6000 23.9190
0.7000 26.5713
0.8000 28.4506
0.9000 29.7561
1.0000 30.6456
#MBAR free energy difference in kcal/mol: 
31.645489, 0.320508  #WARNING SUBSAMPLING DISABLED, CONSIDER RERUN WITH SUBSAMPLING OPTION
#TI free energy difference in kcal/mol: 
30.645615  #WARNING SUBSAMPLING DISABLED, CONSIDER RERUN WITH SUBSAMPLING OPTION 
Starting /export/users/common/BioSimSpace/sire.app/bin/analyse_freenrg: number of threads equals 32
