# Analysing data contained in file(s) ['lambda_0.0000/simfile_snipped.dat', 'lambda_0.1000/simfile_snipped.dat', 'lambda_0.2000/simfile_snipped.dat', 'lambda_0.3000/simfile_snipped.dat', 'lambda_0.4000/simfile_snipped.dat', 'lambda_0.5000/simfile_snipped.dat', 'lambda_0.6000/simfile_snipped.dat', 'lambda_0.7000/simfile_snipped.dat', 'lambda_0.8000/simfile_snipped.dat', 'lambda_0.9000/simfile_snipped.dat', 'lambda_1.0000/simfile_snipped.dat']
#Overlap matrix
0.7835 0.2030 0.0133 0.0002 0.0000 0.0000 0.0000 0.0000 0.0000 0.0000 0.0000
0.2030 0.5642 0.2190 0.0137 0.0001 0.0000 0.0000 0.0000 0.0000 0.0000 0.0000
0.0133 0.2190 0.5463 0.2125 0.0089 0.0001 0.0000 0.0000 0.0000 0.0000 0.0000
0.0002 0.0137 0.2125 0.5616 0.2020 0.0099 0.0001 0.0000 0.0000 0.0000 0.0000
0.0000 0.0001 0.0089 0.2020 0.5682 0.2108 0.0101 0.0000 0.0000 0.0000 0.0000
0.0000 0.0000 0.0001 0.0099 0.2108 0.5738 0.1976 0.0078 0.0000 0.0000 0.0000
0.0000 0.0000 0.0000 0.0001 0.0101 0.1976 0.5881 0.1975 0.0066 0.0000 0.0000
0.0000 0.0000 0.0000 0.0000 0.0000 0.0078 0.1975 0.5941 0.1933 0.0072 0.0000
0.0000 0.0000 0.0000 0.0000 0.0000 0.0000 0.0066 0.1933 0.5989 0.1951 0.0061
0.0000 0.0000 0.0000 0.0000 0.0000 0.0000 0.0000 0.0072 0.1951 0.6009 0.1967
0.0000 0.0000 0.0000 0.0000 0.0000 0.0000 0.0000 0.0000 0.0061 0.1967 0.7972
#DG from neighbouring lambda in kcal/mol
0.0000 0.1000 0.7333 0.0468
0.1000 0.2000 0.5615 0.0417
0.2000 0.3000 -0.6741 0.0434
0.3000 0.4000 -2.4800 0.0459
0.4000 0.5000 -4.2584 0.0442
0.5000 0.6000 -5.9789 0.0469
0.6000 0.7000 -7.8153 0.0476
0.7000 0.8000 -9.7014 0.0485
0.8000 0.9000 -11.4814 0.0483
0.9000 1.0000 -13.3021 0.0494
#PMF from MBAR in kcal/mol
0.0000 0.0000 0.0000
0.1000 0.7333 0.0468
0.2000 1.2948 0.0718
0.3000 0.6207 0.0912
0.4000 -1.8593 0.1087
0.5000 -6.1177 0.1229
0.6000 -12.0966 0.1365
0.7000 -19.9119 0.1493
0.8000 -29.6133 0.1614
0.9000 -41.0947 0.1726
1.0000 -54.3968 0.1834
#TI average gradients and standard deviation in kcal/mol
0.0000 2.3249 13.7622
0.1000 8.8292 12.0476
0.2000 1.0924 12.0304
0.3000 -15.5493 12.5113
0.4000 -33.4714 12.1806
0.5000 -51.0631 11.4566
0.6000 -69.1221 12.8217
0.7000 -87.0641 12.7189
0.8000 -106.4653 12.5807
0.9000 -123.3692 12.7180
1.0000 -141.6514 12.4842
#PMF from TI in kcal/mol
0.0000 0.0000
0.1000 0.5577
0.2000 1.0538
0.3000 0.3309
0.4000 -2.1201
0.5000 -6.3468
0.6000 -12.3561
0.7000 -20.1654
0.8000 -29.8419
0.9000 -41.3336
1.0000 -54.5846
#MBAR free energy difference in kcal/mol: 
-54.396846, 0.183435  #WARNING SUBSAMPLING DISABLED, CONSIDER RERUN WITH SUBSAMPLING OPTION
#TI free energy difference in kcal/mol: 
-54.584620  #WARNING SUBSAMPLING DISABLED, CONSIDER RERUN WITH SUBSAMPLING OPTION 
Starting /export/users/common/BioSimSpace/sire.app/bin/analyse_freenrg: number of threads equals 32
