# Analysing data contained in file(s) ['lambda_0.0000/simfile_snipped.dat', 'lambda_0.1000/simfile_snipped.dat', 'lambda_0.2000/simfile_snipped.dat', 'lambda_0.3000/simfile_snipped.dat', 'lambda_0.4000/simfile_snipped.dat', 'lambda_0.5000/simfile_snipped.dat', 'lambda_0.6000/simfile_snipped.dat', 'lambda_0.7000/simfile_snipped.dat', 'lambda_0.8000/simfile_snipped.dat', 'lambda_0.9000/simfile_snipped.dat', 'lambda_1.0000/simfile_snipped.dat']
#Overlap matrix
0.9774 0.0226 0.0000 0.0000 0.0000 0.0000 0.0000 0.0000 0.0000 0.0000 0.0000
0.0226 0.9397 0.0377 0.0000 0.0000 0.0000 0.0000 0.0000 0.0000 0.0000 0.0000
0.0000 0.0377 0.9152 0.0471 0.0000 0.0000 0.0000 0.0000 0.0000 0.0000 0.0000
0.0000 0.0000 0.0471 0.8929 0.0600 0.0000 0.0000 0.0000 0.0000 0.0000 0.0000
0.0000 0.0000 0.0000 0.0600 0.8742 0.0657 0.0000 0.0000 0.0000 0.0000 0.0000
0.0000 0.0000 0.0000 0.0000 0.0657 0.8589 0.0753 0.0000 0.0000 0.0000 0.0000
0.0000 0.0000 0.0000 0.0000 0.0000 0.0753 0.8339 0.0907 0.0001 0.0000 0.0000
0.0000 0.0000 0.0000 0.0000 0.0000 0.0000 0.0907 0.8336 0.0756 0.0001 0.0000
0.0000 0.0000 0.0000 0.0000 0.0000 0.0000 0.0001 0.0756 0.8356 0.0886 0.0001
0.0000 0.0000 0.0000 0.0000 0.0000 0.0000 0.0000 0.0001 0.0886 0.8164 0.0949
0.0000 0.0000 0.0000 0.0000 0.0000 0.0000 0.0000 0.0000 0.0001 0.0949 0.9050
#DG from neighbouring lambda in kcal/mol
0.0000 0.1000 -4.4915 0.1871
0.1000 0.2000 -1.3774 0.1427
0.2000 0.3000 -0.1112 0.1264
0.3000 0.4000 -0.2438 0.1103
0.4000 0.5000 -0.2938 0.1047
0.5000 0.6000 -0.1618 0.0967
0.6000 0.7000 -0.4165 0.0865
0.7000 0.8000 -0.4507 0.0965
0.8000 0.9000 -0.2097 0.0877
0.9000 1.0000 0.1174 0.0841
#PMF from MBAR in kcal/mol
0.0000 0.0000 0.0000
0.1000 -4.4915 0.1871
0.2000 -5.8690 0.2388
0.3000 -5.9802 0.2732
0.4000 -6.2240 0.2975
0.5000 -6.5177 0.3180
0.6000 -6.6796 0.3348
0.7000 -7.0961 0.3482
0.8000 -7.5468 0.3636
0.9000 -7.7565 0.3762
1.0000 -7.6390 0.3877
#TI average gradients and standard deviation in kcal/mol
0.0000 -75.4037 29.9257
0.1000 -20.6480 24.4255
0.2000 -5.2548 20.9786
0.3000 -2.6051 21.1223
0.4000 -2.5871 21.2597
0.5000 -1.0593 17.8818
0.6000 -3.3340 19.0993
0.7000 -2.6230 17.5491
0.8000 -3.0701 18.5840
0.9000 -1.2569 17.2697
1.0000 2.2047 112.7005
#PMF from TI in kcal/mol
0.0000 0.0000
0.1000 -4.8026
0.2000 -6.0977
0.3000 -6.4907
0.4000 -6.7503
0.5000 -6.9327
0.6000 -7.1523
0.7000 -7.4502
0.8000 -7.7348
0.9000 -7.9512
1.0000 -7.9038
#MBAR free energy difference in kcal/mol: 
-7.639049, 0.387662  #WARNING SUBSAMPLING DISABLED, CONSIDER RERUN WITH SUBSAMPLING OPTION
#TI free energy difference in kcal/mol: 
-7.903790  #WARNING SUBSAMPLING DISABLED, CONSIDER RERUN WITH SUBSAMPLING OPTION 
Starting /export/users/common/BioSimSpace/sire.app/bin/analyse_freenrg: number of threads equals 32
