# Analysing data contained in file(s) ['lambda_0.0000/simfile_snipped.dat', 'lambda_0.1000/simfile_snipped.dat', 'lambda_0.2000/simfile_snipped.dat', 'lambda_0.3000/simfile_snipped.dat', 'lambda_0.4000/simfile_snipped.dat', 'lambda_0.5000/simfile_snipped.dat', 'lambda_0.6000/simfile_snipped.dat', 'lambda_0.7000/simfile_snipped.dat', 'lambda_0.8000/simfile_snipped.dat', 'lambda_0.9000/simfile_snipped.dat', 'lambda_1.0000/simfile_snipped.dat']
#Overlap matrix
0.6470 0.2806 0.0647 0.0074 0.0004 0.0000 0.0000 0.0000 0.0000 0.0000 0.0000
0.2806 0.4033 0.2443 0.0643 0.0072 0.0003 0.0000 0.0000 0.0000 0.0000 0.0000
0.0647 0.2443 0.3779 0.2420 0.0640 0.0069 0.0003 0.0000 0.0000 0.0000 0.0000
0.0074 0.0643 0.2420 0.3756 0.2409 0.0628 0.0068 0.0003 0.0000 0.0000 0.0000
0.0004 0.0072 0.0640 0.2409 0.3785 0.2379 0.0637 0.0071 0.0003 0.0000 0.0000
0.0000 0.0003 0.0069 0.0628 0.2379 0.3745 0.2473 0.0637 0.0062 0.0002 0.0000
0.0000 0.0000 0.0003 0.0068 0.0637 0.2473 0.3792 0.2369 0.0596 0.0059 0.0002
0.0000 0.0000 0.0000 0.0003 0.0071 0.0637 0.2369 0.3828 0.2438 0.0596 0.0058
0.0000 0.0000 0.0000 0.0000 0.0003 0.0062 0.0596 0.2438 0.3862 0.2419 0.0619
0.0000 0.0000 0.0000 0.0000 0.0000 0.0002 0.0059 0.0596 0.2419 0.4034 0.2889
0.0000 0.0000 0.0000 0.0000 0.0000 0.0000 0.0002 0.0058 0.0619 0.2889 0.6432
#DG from neighbouring lambda in kcal/mol
0.0000 0.1000 5.3450 0.0280
0.1000 0.2000 4.4188 0.0257
0.2000 0.3000 3.1102 0.0253
0.3000 0.4000 1.6816 0.0256
0.4000 0.5000 0.2016 0.0259
0.5000 0.6000 -1.2780 0.0249
0.6000 0.7000 -2.7759 0.0265
0.7000 0.8000 -4.3283 0.0261
0.8000 0.9000 -5.8923 0.0267
0.9000 1.0000 -7.4670 0.0274
#PMF from MBAR in kcal/mol
0.0000 0.0000 0.0000
0.1000 5.3450 0.0280
0.2000 9.7638 0.0466
0.3000 12.8739 0.0602
0.4000 14.5556 0.0714
0.5000 14.7572 0.0812
0.6000 13.4792 0.0897
0.7000 10.7033 0.0978
0.8000 6.3750 0.1054
0.9000 0.4826 0.1126
1.0000 -6.9844 0.1195
#TI average gradients and standard deviation in kcal/mol
0.0000 55.1221 9.2654
0.1000 50.2021 8.2661
0.2000 37.4464 7.9069
0.3000 24.6545 8.0297
0.4000 9.5123 7.9525
0.5000 -5.6991 7.8838
0.6000 -20.1220 7.9814
0.7000 -35.4824 8.0038
0.8000 -50.8628 8.2005
0.9000 -66.8785 8.0094
1.0000 -82.0526 7.9430
#PMF from TI in kcal/mol
0.0000 0.0000
0.1000 5.2662
0.2000 9.6486
0.3000 12.7537
0.4000 14.4620
0.5000 14.6527
0.6000 13.3616
0.7000 10.5814
0.8000 6.2641
0.9000 0.3771
1.0000 -7.0695
#MBAR free energy difference in kcal/mol: 
-6.984362, 0.119486  #WARNING SUBSAMPLING DISABLED, CONSIDER RERUN WITH SUBSAMPLING OPTION
#TI free energy difference in kcal/mol: 
-7.069485  #WARNING SUBSAMPLING DISABLED, CONSIDER RERUN WITH SUBSAMPLING OPTION 
Starting /export/users/common/BioSimSpace/sire.app/bin/analyse_freenrg: number of threads equals 32
