# Analysing data contained in file(s) ['lambda_0.0000/simfile_snipped.dat', 'lambda_0.1000/simfile_snipped.dat', 'lambda_0.2000/simfile_snipped.dat', 'lambda_0.3000/simfile_snipped.dat', 'lambda_0.4000/simfile_snipped.dat', 'lambda_0.5000/simfile_snipped.dat', 'lambda_0.6000/simfile_snipped.dat', 'lambda_0.7000/simfile_snipped.dat', 'lambda_0.8000/simfile_snipped.dat', 'lambda_0.9000/simfile_snipped.dat', 'lambda_1.0000/simfile_snipped.dat']
#Overlap matrix
0.8407 0.1546 0.0047 0.0000 0.0000 0.0000 0.0000 0.0000 0.0000 0.0000 0.0000
0.1546 0.6273 0.2083 0.0098 0.0000 0.0000 0.0000 0.0000 0.0000 0.0000 0.0000
0.0047 0.2083 0.5839 0.1950 0.0082 0.0000 0.0000 0.0000 0.0000 0.0000 0.0000
0.0000 0.0098 0.1950 0.5864 0.2022 0.0066 0.0000 0.0000 0.0000 0.0000 0.0000
0.0000 0.0000 0.0082 0.2022 0.5974 0.1886 0.0036 0.0000 0.0000 0.0000 0.0000
0.0000 0.0000 0.0000 0.0066 0.1886 0.6401 0.1640 0.0007 0.0000 0.0000 0.0000
0.0000 0.0000 0.0000 0.0000 0.0036 0.1640 0.7231 0.1091 0.0002 0.0000 0.0000
0.0000 0.0000 0.0000 0.0000 0.0000 0.0007 0.1091 0.7894 0.1006 0.0002 0.0000
0.0000 0.0000 0.0000 0.0000 0.0000 0.0000 0.0002 0.1006 0.7692 0.1294 0.0007
0.0000 0.0000 0.0000 0.0000 0.0000 0.0000 0.0000 0.0002 0.1294 0.7322 0.1382
0.0000 0.0000 0.0000 0.0000 0.0000 0.0000 0.0000 0.0000 0.0007 0.1382 0.8612
#DG from neighbouring lambda in kcal/mol
0.0000 0.1000 1.1279 0.0596
0.1000 0.2000 5.8137 0.0456
0.2000 0.3000 7.7301 0.0474
0.3000 0.4000 8.9121 0.0466
0.4000 0.5000 9.9181 0.0502
0.5000 0.6000 10.6145 0.0572
0.6000 0.7000 10.3885 0.0767
0.7000 0.8000 9.3844 0.0810
0.8000 0.9000 8.6121 0.0686
0.9000 1.0000 8.6639 0.0657
#PMF from MBAR in kcal/mol
0.0000 0.0000 0.0000
0.1000 1.1279 0.0596
0.2000 6.9415 0.0841
0.3000 14.6717 0.1032
0.4000 23.5837 0.1191
0.5000 33.5018 0.1346
0.6000 44.1163 0.1513
0.7000 54.5048 0.1743
0.8000 63.8892 0.1964
0.9000 72.5012 0.2119
1.0000 81.1651 0.2255
#TI average gradients and standard deviation in kcal/mol
0.0000 -33.3764 20.5092
0.1000 43.2593 13.2544
0.2000 69.9170 12.0651
0.3000 83.6863 11.9134
0.4000 94.0279 12.8279
0.5000 103.7846 13.8111
0.6000 107.2605 15.9634
0.7000 98.9429 17.2752
0.8000 88.1015 17.5030
0.9000 85.8880 15.9800
1.0000 87.4172 17.0297
#PMF from TI in kcal/mol
0.0000 0.0000
0.1000 0.4941
0.2000 6.1530
0.3000 13.8331
0.4000 22.7189
0.5000 32.6095
0.6000 43.1617
0.7000 53.4719
0.8000 62.8241
0.9000 71.5236
1.0000 80.1889
#MBAR free energy difference in kcal/mol: 
81.165127, 0.225482  #WARNING SUBSAMPLING DISABLED, CONSIDER RERUN WITH SUBSAMPLING OPTION
#TI free energy difference in kcal/mol: 
80.188855  #WARNING SUBSAMPLING DISABLED, CONSIDER RERUN WITH SUBSAMPLING OPTION 
Starting /export/users/common/BioSimSpace/sire.app/bin/analyse_freenrg: number of threads equals 32
