# Analysing data contained in file(s) ['lambda_0.0000/simfile_snipped.dat', 'lambda_0.1000/simfile_snipped.dat', 'lambda_0.2000/simfile_snipped.dat', 'lambda_0.3000/simfile_snipped.dat', 'lambda_0.4000/simfile_snipped.dat', 'lambda_0.5000/simfile_snipped.dat', 'lambda_0.6000/simfile_snipped.dat', 'lambda_0.7000/simfile_snipped.dat', 'lambda_0.8000/simfile_snipped.dat', 'lambda_0.9000/simfile_snipped.dat', 'lambda_1.0000/simfile_snipped.dat']
#Overlap matrix
0.7164 0.2775 0.0061 0.0000 0.0000 0.0000 0.0000 0.0000 0.0000 0.0000 0.0000
0.2775 0.6192 0.1026 0.0007 0.0000 0.0000 0.0000 0.0000 0.0000 0.0000 0.0000
0.0061 0.1026 0.6671 0.2022 0.0208 0.0010 0.0001 0.0000 0.0000 0.0000 0.0000
0.0000 0.0007 0.2022 0.5209 0.2446 0.0316 0.0000 0.0000 0.0000 0.0000 0.0000
0.0000 0.0000 0.0208 0.2446 0.5221 0.2125 0.0000 0.0000 0.0000 0.0000 0.0000
0.0000 0.0000 0.0010 0.0316 0.2125 0.7547 0.0002 0.0000 0.0000 0.0000 0.0000
0.0000 0.0000 0.0001 0.0000 0.0000 0.0002 0.9808 0.0179 0.0009 0.0000 0.0000
0.0000 0.0000 0.0000 0.0000 0.0000 0.0000 0.0179 0.6893 0.2536 0.0378 0.0013
0.0000 0.0000 0.0000 0.0000 0.0000 0.0000 0.0009 0.2536 0.4804 0.2400 0.0250
0.0000 0.0000 0.0000 0.0000 0.0000 0.0000 0.0000 0.0378 0.2400 0.5000 0.2221
0.0000 0.0000 0.0000 0.0000 0.0000 0.0000 0.0000 0.0013 0.0250 0.2221 0.7516
#DG from neighbouring lambda in kcal/mol
0.0000 0.1000 0.8717 0.0356
0.1000 0.2000 -0.5437 0.0771
0.2000 0.3000 -3.4024 0.0454
0.3000 0.4000 -3.5537 0.0344
0.4000 0.5000 0.3610 0.0421
0.5000 0.6000 9.5506 1.5214
0.6000 0.7000 2.2654 0.2059
0.7000 0.8000 -0.3444 0.0349
0.8000 0.9000 -0.1674 0.0338
0.9000 1.0000 0.9570 0.0414
#PMF from MBAR in kcal/mol
0.0000 0.0000 0.0000
0.1000 0.8717 0.0356
0.2000 0.3280 0.0924
0.3000 -3.0744 0.1105
0.4000 -6.6281 0.1205
0.5000 -6.2670 0.1313
0.6000 3.2835 1.5250
0.7000 5.5490 1.5394
0.8000 5.2046 1.5402
0.9000 5.0372 1.5409
1.0000 5.9942 1.5418
#TI average gradients and standard deviation in kcal/mol
0.0000 7.8007 10.1511
0.1000 7.6702 9.4412
0.2000 -25.4730 15.5882
0.3000 -38.4152 10.0897
0.4000 -27.6892 9.6991
0.5000 55.7675 17.2582
0.6000 52.9297 33.8440
0.7000 -2.2671 10.1907
0.8000 -4.0245 9.1107
0.9000 1.3190 10.3292
1.0000 22.0618 12.9761
#PMF from TI in kcal/mol
0.0000 0.0000
0.1000 0.7735
0.2000 -0.1166
0.3000 -3.3110
0.4000 -6.6162
0.5000 -5.2123
0.6000 0.2226
0.7000 2.7557
0.8000 2.4411
0.9000 2.3058
1.0000 3.4749
#MBAR free energy difference in kcal/mol: 
5.994171, 1.541814  #WARNING SUBSAMPLING DISABLED, CONSIDER RERUN WITH SUBSAMPLING OPTION
#TI free energy difference in kcal/mol: 
3.474874  #WARNING SUBSAMPLING DISABLED, CONSIDER RERUN WITH SUBSAMPLING OPTION 
Starting /export/users/common/BioSimSpace/sire.app/bin/analyse_freenrg: number of threads equals 32
