# Analysing data contained in file(s) ['lambda_0.0000/simfile_snipped.dat', 'lambda_0.1000/simfile_snipped.dat', 'lambda_0.2000/simfile_snipped.dat', 'lambda_0.3000/simfile_snipped.dat', 'lambda_0.4000/simfile_snipped.dat', 'lambda_0.5000/simfile_snipped.dat', 'lambda_0.6000/simfile_snipped.dat', 'lambda_0.7000/simfile_snipped.dat', 'lambda_0.8000/simfile_snipped.dat', 'lambda_0.9000/simfile_snipped.dat', 'lambda_1.0000/simfile_snipped.dat']
#Overlap matrix
0.8356 0.1577 0.0066 0.0002 0.0000 0.0000 0.0000 0.0000 0.0000 0.0000 0.0000
0.1577 0.5859 0.2278 0.0275 0.0011 0.0000 0.0000 0.0000 0.0000 0.0000 0.0000
0.0066 0.2278 0.4875 0.2392 0.0372 0.0017 0.0000 0.0000 0.0000 0.0000 0.0000
0.0002 0.0275 0.2392 0.4517 0.2430 0.0367 0.0017 0.0000 0.0000 0.0000 0.0000
0.0000 0.0011 0.0372 0.2430 0.4439 0.2361 0.0368 0.0018 0.0000 0.0000 0.0000
0.0000 0.0000 0.0017 0.0367 0.2361 0.4413 0.2435 0.0387 0.0019 0.0000 0.0000
0.0000 0.0000 0.0000 0.0017 0.0368 0.2435 0.4415 0.2349 0.0397 0.0019 0.0000
0.0000 0.0000 0.0000 0.0000 0.0018 0.0387 0.2349 0.4409 0.2462 0.0359 0.0015
0.0000 0.0000 0.0000 0.0000 0.0000 0.0019 0.0397 0.2462 0.4547 0.2255 0.0320
0.0000 0.0000 0.0000 0.0000 0.0000 0.0000 0.0019 0.0359 0.2255 0.4827 0.2539
0.0000 0.0000 0.0000 0.0000 0.0000 0.0000 0.0000 0.0015 0.0320 0.2539 0.7126
#DG from neighbouring lambda in kcal/mol
0.0000 0.1000 5.3464 0.0583
0.1000 0.2000 4.1894 0.0391
0.2000 0.3000 3.8546 0.0334
0.3000 0.4000 3.6844 0.0318
0.4000 0.5000 3.5191 0.0326
0.5000 0.6000 3.3885 0.0314
0.6000 0.7000 3.3333 0.0322
0.7000 0.8000 3.3906 0.0311
0.8000 0.9000 3.5434 0.0349
0.9000 1.0000 3.8462 0.0356
#PMF from MBAR in kcal/mol
0.0000 0.0000 0.0000
0.1000 5.3464 0.0583
0.2000 9.5358 0.0795
0.3000 13.3904 0.0923
0.4000 17.0749 0.1027
0.5000 20.5940 0.1124
0.6000 23.9825 0.1211
0.7000 27.3158 0.1292
0.8000 30.7064 0.1366
0.9000 34.2498 0.1446
1.0000 38.0961 0.1524
#TI average gradients and standard deviation in kcal/mol
0.0000 61.7365 15.5277
0.1000 45.5442 13.1398
0.2000 40.3853 9.6538
0.3000 36.9900 9.1087
0.4000 36.1433 9.7425
0.5000 34.4571 9.7010
0.6000 33.5973 8.8712
0.7000 33.0994 9.5350
0.8000 35.1252 9.5988
0.9000 36.1354 9.8828
1.0000 40.9153 11.1028
#PMF from TI in kcal/mol
0.0000 0.0000
0.1000 5.3640
0.2000 9.6605
0.3000 13.5293
0.4000 17.1859
0.5000 20.7160
0.6000 24.1187
0.7000 27.4535
0.8000 30.8647
0.9000 34.4278
1.0000 38.2803
#MBAR free energy difference in kcal/mol: 
38.096052, 0.152359  #WARNING SUBSAMPLING DISABLED, CONSIDER RERUN WITH SUBSAMPLING OPTION
#TI free energy difference in kcal/mol: 
38.280310  #WARNING SUBSAMPLING DISABLED, CONSIDER RERUN WITH SUBSAMPLING OPTION 
Starting /export/users/common/BioSimSpace/sire.app/bin/analyse_freenrg: number of threads equals 32
