# Analysing data contained in file(s) ['lambda_0.0000/simfile_snipped.dat', 'lambda_0.1000/simfile_snipped.dat', 'lambda_0.2000/simfile_snipped.dat', 'lambda_0.3000/simfile_snipped.dat', 'lambda_0.4000/simfile_snipped.dat', 'lambda_0.5000/simfile_snipped.dat', 'lambda_0.6000/simfile_snipped.dat', 'lambda_0.7000/simfile_snipped.dat', 'lambda_0.8000/simfile_snipped.dat', 'lambda_0.9000/simfile_snipped.dat', 'lambda_1.0000/simfile_snipped.dat']
#Overlap matrix
0.9794 0.0206 0.0000 0.0000 0.0000 0.0000 0.0000 0.0000 0.0000 0.0000 0.0000
0.0206 0.9524 0.0270 0.0000 0.0000 0.0000 0.0000 0.0000 0.0000 0.0000 0.0000
0.0000 0.0270 0.9392 0.0338 0.0000 0.0000 0.0000 0.0000 0.0000 0.0000 0.0000
0.0000 0.0000 0.0338 0.9142 0.0520 0.0000 0.0000 0.0000 0.0000 0.0000 0.0000
0.0000 0.0000 0.0000 0.0520 0.9001 0.0479 0.0000 0.0000 0.0000 0.0000 0.0000
0.0000 0.0000 0.0000 0.0000 0.0479 0.8894 0.0626 0.0000 0.0000 0.0000 0.0000
0.0000 0.0000 0.0000 0.0000 0.0000 0.0626 0.8586 0.0787 0.0001 0.0000 0.0000
0.0000 0.0000 0.0000 0.0000 0.0000 0.0000 0.0787 0.8319 0.0892 0.0002 0.0000
0.0000 0.0000 0.0000 0.0000 0.0000 0.0000 0.0001 0.0892 0.8045 0.1058 0.0004
0.0000 0.0000 0.0000 0.0000 0.0000 0.0000 0.0000 0.0002 0.1058 0.7584 0.1356
0.0000 0.0000 0.0000 0.0000 0.0000 0.0000 0.0000 0.0000 0.0004 0.1356 0.8640
#DG from neighbouring lambda in kcal/mol
0.0000 0.1000 3.9388 0.1966
0.1000 0.2000 4.7093 0.1706
0.2000 0.3000 4.2059 0.1513
0.3000 0.4000 3.8091 0.1196
0.4000 0.5000 3.1144 0.1251
0.5000 0.6000 2.1599 0.1077
0.6000 0.7000 1.5780 0.0942
0.7000 0.8000 1.0651 0.0873
0.8000 0.9000 0.4521 0.0784
0.9000 1.0000 -0.3442 0.0667
#PMF from MBAR in kcal/mol
0.0000 0.0000 0.0000
0.1000 3.9388 0.1966
0.2000 8.6482 0.2635
0.3000 12.8541 0.3066
0.4000 16.6632 0.3316
0.5000 19.7776 0.3567
0.6000 21.9375 0.3749
0.7000 23.5155 0.3887
0.8000 24.5806 0.4004
0.9000 25.0327 0.4100
1.0000 24.6886 0.4173
#TI average gradients and standard deviation in kcal/mol
0.0000 27.0938 29.5955
0.1000 48.2980 25.0452
0.2000 46.1450 23.5130
0.3000 39.0201 21.7461
0.4000 36.3085 20.5679
0.5000 24.8441 20.5406
0.6000 18.6903 19.0871
0.7000 13.8583 18.5142
0.8000 7.4208 17.2352
0.9000 -0.1517 17.4604
1.0000 -1.2178 16.1020
#PMF from TI in kcal/mol
0.0000 0.0000
0.1000 3.7696
0.2000 8.4917
0.3000 12.7500
0.4000 16.5164
0.5000 19.5741
0.6000 21.7508
0.7000 23.3782
0.8000 24.4422
0.9000 24.8056
1.0000 24.7371
#MBAR free energy difference in kcal/mol: 
24.688571, 0.417320  #WARNING SUBSAMPLING DISABLED, CONSIDER RERUN WITH SUBSAMPLING OPTION
#TI free energy difference in kcal/mol: 
24.737143  #WARNING SUBSAMPLING DISABLED, CONSIDER RERUN WITH SUBSAMPLING OPTION 
Starting /export/users/common/BioSimSpace/sire.app/bin/analyse_freenrg: number of threads equals 32
