# Analysing data contained in file(s) ['lambda_0.0000/simfile_snipped.dat', 'lambda_0.1000/simfile_snipped.dat', 'lambda_0.2000/simfile_snipped.dat', 'lambda_0.3000/simfile_snipped.dat', 'lambda_0.4000/simfile_snipped.dat', 'lambda_0.5000/simfile_snipped.dat', 'lambda_0.6000/simfile_snipped.dat', 'lambda_0.7000/simfile_snipped.dat', 'lambda_0.8000/simfile_snipped.dat', 'lambda_0.9000/simfile_snipped.dat', 'lambda_1.0000/simfile_snipped.dat']
#Overlap matrix
0.9146 0.0852 0.0002 0.0000 0.0000 0.0000 0.0000 0.0000 0.0000 0.0000 0.0000
0.0852 0.7776 0.1359 0.0013 0.0000 0.0000 0.0000 0.0000 0.0000 0.0000 0.0000
0.0002 0.1359 0.6924 0.1698 0.0017 0.0000 0.0000 0.0000 0.0000 0.0000 0.0000
0.0000 0.0013 0.1698 0.6709 0.1556 0.0023 0.0000 0.0000 0.0000 0.0000 0.0000
0.0000 0.0000 0.0017 0.1556 0.6822 0.1579 0.0026 0.0000 0.0000 0.0000 0.0000
0.0000 0.0000 0.0000 0.0023 0.1579 0.6857 0.1513 0.0028 0.0000 0.0000 0.0000
0.0000 0.0000 0.0000 0.0000 0.0026 0.1513 0.6774 0.1657 0.0030 0.0000 0.0000
0.0000 0.0000 0.0000 0.0000 0.0000 0.0028 0.1657 0.6675 0.1622 0.0019 0.0000
0.0000 0.0000 0.0000 0.0000 0.0000 0.0000 0.0030 0.1622 0.7207 0.1140 0.0001
0.0000 0.0000 0.0000 0.0000 0.0000 0.0000 0.0000 0.0019 0.1140 0.8293 0.0549
0.0000 0.0000 0.0000 0.0000 0.0000 0.0000 0.0000 0.0000 0.0001 0.0549 0.9450
#DG from neighbouring lambda in kcal/mol
0.0000 0.1000 4.0188 0.0898
0.1000 0.2000 2.6922 0.0662
0.2000 0.3000 2.3801 0.0561
0.3000 0.4000 2.0677 0.0595
0.4000 0.5000 1.9321 0.0587
0.5000 0.6000 1.9121 0.0604
0.6000 0.7000 1.7781 0.0564
0.7000 0.8000 1.8660 0.0575
0.8000 0.9000 3.1912 0.0742
0.9000 1.0000 7.1607 0.1159
#PMF from MBAR in kcal/mol
0.0000 0.0000 0.0000
0.1000 4.0188 0.0898
0.2000 6.7110 0.1186
0.3000 9.0911 0.1371
0.4000 11.1587 0.1545
0.5000 13.0908 0.1698
0.6000 15.0029 0.1843
0.7000 16.7810 0.1966
0.8000 18.6470 0.2084
0.9000 21.8382 0.2246
1.0000 28.9989 0.2559
#TI average gradients and standard deviation in kcal/mol
0.0000 51.4708 21.9719
0.1000 31.1910 16.5184
0.2000 23.7833 14.9932
0.3000 23.1984 15.4433
0.4000 19.8510 15.1676
0.5000 20.0867 15.1609
0.6000 17.7624 14.3365
0.7000 17.0730 14.1851
0.8000 23.5427 15.3580
0.9000 42.2729 20.0861
1.0000 111.5751 27.2347
#PMF from TI in kcal/mol
0.0000 0.0000
0.1000 4.1331
0.2000 6.8818
0.3000 9.2309
0.4000 11.3834
0.5000 13.3802
0.6000 15.2727
0.7000 17.0145
0.8000 19.0453
0.9000 22.3360
1.0000 30.0284
#MBAR free energy difference in kcal/mol: 
28.998881, 0.255938  #WARNING SUBSAMPLING DISABLED, CONSIDER RERUN WITH SUBSAMPLING OPTION
#TI free energy difference in kcal/mol: 
30.028435  #WARNING SUBSAMPLING DISABLED, CONSIDER RERUN WITH SUBSAMPLING OPTION 
Starting /export/users/common/BioSimSpace/sire.app/bin/analyse_freenrg: number of threads equals 32
