# Analysing data contained in file(s) ['lambda_0.0000/simfile_snipped.dat', 'lambda_0.1000/simfile_snipped.dat', 'lambda_0.2000/simfile_snipped.dat', 'lambda_0.3000/simfile_snipped.dat', 'lambda_0.4000/simfile_snipped.dat', 'lambda_0.5000/simfile_snipped.dat', 'lambda_0.6000/simfile_snipped.dat', 'lambda_0.7000/simfile_snipped.dat', 'lambda_0.8000/simfile_snipped.dat', 'lambda_0.9000/simfile_snipped.dat', 'lambda_1.0000/simfile_snipped.dat']
#Overlap matrix
0.7127 0.2509 0.0348 0.0017 0.0000 0.0000 0.0000 0.0000 0.0000 0.0000 0.0000
0.2509 0.4614 0.2448 0.0410 0.0019 0.0000 0.0000 0.0000 0.0000 0.0000 0.0000
0.0348 0.2448 0.4394 0.2415 0.0380 0.0015 0.0000 0.0000 0.0000 0.0000 0.0000
0.0017 0.0410 0.2415 0.4435 0.2367 0.0343 0.0013 0.0000 0.0000 0.0000 0.0000
0.0000 0.0019 0.0380 0.2367 0.4512 0.2383 0.0327 0.0010 0.0000 0.0000 0.0000
0.0000 0.0000 0.0015 0.0343 0.2383 0.4589 0.2374 0.0287 0.0007 0.0000 0.0000
0.0000 0.0000 0.0000 0.0013 0.0327 0.2374 0.4734 0.2297 0.0249 0.0005 0.0000
0.0000 0.0000 0.0000 0.0000 0.0010 0.0287 0.2297 0.4844 0.2342 0.0217 0.0001
0.0000 0.0000 0.0000 0.0000 0.0000 0.0007 0.0249 0.2342 0.5063 0.2257 0.0082
0.0000 0.0000 0.0000 0.0000 0.0000 0.0000 0.0005 0.0217 0.2257 0.5906 0.1615
0.0000 0.0000 0.0000 0.0000 0.0000 0.0000 0.0000 0.0001 0.0082 0.1615 0.8302
#DG from neighbouring lambda in kcal/mol
0.0000 0.1000 -5.6175 0.0357
0.1000 0.2000 -2.3711 0.0314
0.2000 0.3000 -0.6038 0.0314
0.3000 0.4000 0.7446 0.0327
0.4000 0.5000 1.9350 0.0332
0.5000 0.6000 3.0568 0.0340
0.6000 0.7000 4.0839 0.0361
0.7000 0.8000 5.0091 0.0364
0.8000 0.9000 5.8318 0.0401
0.9000 1.0000 6.0106 0.0569
#PMF from MBAR in kcal/mol
0.0000 0.0000 0.0000
0.1000 -5.6175 0.0357
0.2000 -7.9886 0.0570
0.3000 -8.5924 0.0723
0.4000 -7.8478 0.0855
0.5000 -5.9128 0.0973
0.6000 -2.8560 0.1081
0.7000 1.2279 0.1187
0.8000 6.2369 0.1288
0.9000 12.0688 0.1391
1.0000 18.0794 0.1548
#TI average gradients and standard deviation in kcal/mol
0.0000 -85.6326 11.8879
0.1000 -35.2559 9.8103
0.2000 -14.0099 9.3527
0.3000 1.4642 9.3957
0.4000 12.8308 9.8872
0.5000 25.6285 10.0766
0.6000 36.0732 9.9250
0.7000 45.2781 10.1580
0.8000 54.6529 10.4434
0.9000 61.3868 11.8635
1.0000 54.5119 17.7984
#PMF from TI in kcal/mol
0.0000 0.0000
0.1000 -6.0444
0.2000 -8.5077
0.3000 -9.1350
0.4000 -8.4202
0.5000 -6.4973
0.6000 -3.4122
0.7000 0.6554
0.8000 5.6519
0.9000 11.4539
1.0000 17.2488
#MBAR free energy difference in kcal/mol: 
18.079408, 0.154772  #WARNING SUBSAMPLING DISABLED, CONSIDER RERUN WITH SUBSAMPLING OPTION
#TI free energy difference in kcal/mol: 
17.248842  #WARNING SUBSAMPLING DISABLED, CONSIDER RERUN WITH SUBSAMPLING OPTION 
Starting /export/users/common/BioSimSpace/sire.app/bin/analyse_freenrg: number of threads equals 32
