# Analysing data contained in file(s) ['lambda_0.0000/simfile_snipped.dat', 'lambda_0.1000/simfile_snipped.dat', 'lambda_0.2000/simfile_snipped.dat', 'lambda_0.3000/simfile_snipped.dat', 'lambda_0.4000/simfile_snipped.dat', 'lambda_0.5000/simfile_snipped.dat', 'lambda_0.6000/simfile_snipped.dat', 'lambda_0.7000/simfile_snipped.dat', 'lambda_0.8000/simfile_snipped.dat', 'lambda_0.9000/simfile_snipped.dat', 'lambda_1.0000/simfile_snipped.dat']
#Overlap matrix
0.9974 0.0026 0.0000 0.0000 0.0000 0.0000 0.0000 0.0000 0.0000 0.0000 0.0000
0.0026 0.9830 0.0145 0.0000 0.0000 0.0000 0.0000 0.0000 0.0000 0.0000 0.0000
0.0000 0.0145 0.9617 0.0238 0.0000 0.0000 0.0000 0.0000 0.0000 0.0000 0.0000
0.0000 0.0000 0.0238 0.9325 0.0437 0.0000 0.0000 0.0000 0.0000 0.0000 0.0000
0.0000 0.0000 0.0000 0.0437 0.9444 0.0119 0.0000 0.0000 0.0000 0.0000 0.0000
0.0000 0.0000 0.0000 0.0000 0.0119 0.9730 0.0151 0.0000 0.0000 0.0000 0.0000
0.0000 0.0000 0.0000 0.0000 0.0000 0.0151 0.9566 0.0283 0.0000 0.0000 0.0000
0.0000 0.0000 0.0000 0.0000 0.0000 0.0000 0.0283 0.9218 0.0499 0.0000 0.0000
0.0000 0.0000 0.0000 0.0000 0.0000 0.0000 0.0000 0.0499 0.8249 0.1252 0.0000
0.0000 0.0000 0.0000 0.0000 0.0000 0.0000 0.0000 0.0000 0.1252 0.8571 0.0177
0.0000 0.0000 0.0000 0.0000 0.0000 0.0000 0.0000 0.0000 0.0000 0.0177 0.9823
#DG from neighbouring lambda in kcal/mol
0.0000 0.1000 1.1954 0.5677
0.1000 0.2000 8.7688 0.2361
0.2000 0.3000 12.9925 0.1822
0.3000 0.4000 15.5747 0.1317
0.4000 0.5000 15.8018 0.2609
0.5000 0.6000 16.5248 0.2310
0.6000 0.7000 19.9041 0.1664
0.7000 0.8000 24.1162 0.1223
0.8000 0.9000 27.1706 0.0705
0.9000 1.0000 28.0211 0.2129
#PMF from MBAR in kcal/mol
0.0000 0.0000 0.0000
0.1000 1.1954 0.5677
0.2000 9.9641 0.6162
0.3000 22.9566 0.6438
0.4000 38.5312 0.6584
0.5000 54.3330 0.7094
0.6000 70.8578 0.7472
0.7000 90.7618 0.7666
0.8000 114.8780 0.7773
0.9000 142.0487 0.7816
1.0000 170.0698 0.8111
#TI average gradients and standard deviation in kcal/mol
0.0000 -31.1077 34.2654
0.1000 54.0624 30.5269
0.2000 113.3205 26.2971
0.3000 142.1191 24.9198
0.4000 165.0468 23.7314
0.5000 159.3625 28.1603
0.6000 178.8115 26.9485
0.7000 221.4438 21.7437
0.8000 253.4182 19.3636
0.9000 289.4091 19.6419
1.0000 272.5394 23.4352
#PMF from TI in kcal/mol
0.0000 0.0000
0.1000 1.1477
0.2000 9.5169
0.3000 22.2889
0.4000 37.6472
0.5000 53.8676
0.6000 70.7763
0.7000 90.7891
0.8000 114.5322
0.9000 141.6736
1.0000 169.7710
#MBAR free energy difference in kcal/mol: 
170.069786, 0.811095  #WARNING SUBSAMPLING DISABLED, CONSIDER RERUN WITH SUBSAMPLING OPTION
#TI free energy difference in kcal/mol: 
169.770972  #WARNING SUBSAMPLING DISABLED, CONSIDER RERUN WITH SUBSAMPLING OPTION 
Starting /export/users/common/BioSimSpace/sire.app/bin/analyse_freenrg: number of threads equals 32
