# Analysing data contained in file(s) ['lambda_0.0000/simfile_snipped.dat', 'lambda_0.1000/simfile_snipped.dat', 'lambda_0.2000/simfile_snipped.dat', 'lambda_0.3000/simfile_snipped.dat', 'lambda_0.4000/simfile_snipped.dat', 'lambda_0.5000/simfile_snipped.dat', 'lambda_0.6000/simfile_snipped.dat', 'lambda_0.7000/simfile_snipped.dat', 'lambda_0.8000/simfile_snipped.dat', 'lambda_0.9000/simfile_snipped.dat', 'lambda_1.0000/simfile_snipped.dat']
#Overlap matrix
0.8506 0.1470 0.0025 0.0000 0.0000 0.0000 0.0000 0.0000 0.0000 0.0000 0.0000
0.1470 0.6761 0.1728 0.0041 0.0000 0.0000 0.0000 0.0000 0.0000 0.0000 0.0000
0.0025 0.1728 0.6438 0.1772 0.0037 0.0000 0.0000 0.0000 0.0000 0.0000 0.0000
0.0000 0.0041 0.1772 0.6410 0.1740 0.0037 0.0000 0.0000 0.0000 0.0000 0.0000
0.0000 0.0000 0.0037 0.1740 0.6469 0.1710 0.0044 0.0000 0.0000 0.0000 0.0000
0.0000 0.0000 0.0000 0.0037 0.1710 0.6400 0.1821 0.0032 0.0000 0.0000 0.0000
0.0000 0.0000 0.0000 0.0000 0.0044 0.1821 0.6400 0.1697 0.0038 0.0000 0.0000
0.0000 0.0000 0.0000 0.0000 0.0000 0.0032 0.1697 0.6390 0.1854 0.0026 0.0000
0.0000 0.0000 0.0000 0.0000 0.0000 0.0000 0.0038 0.1854 0.6565 0.1527 0.0017
0.0000 0.0000 0.0000 0.0000 0.0000 0.0000 0.0000 0.0026 0.1527 0.7008 0.1439
0.0000 0.0000 0.0000 0.0000 0.0000 0.0000 0.0000 0.0000 0.0017 0.1439 0.8545
#DG from neighbouring lambda in kcal/mol
0.0000 0.1000 3.0743 0.0624
0.1000 0.2000 3.4757 0.0545
0.2000 0.3000 3.5873 0.0532
0.3000 0.4000 3.3708 0.0541
0.4000 0.5000 3.0784 0.0546
0.5000 0.6000 2.9430 0.0521
0.6000 0.7000 2.6885 0.0552
0.7000 0.8000 2.7186 0.0517
0.8000 0.9000 2.9050 0.0603
0.9000 1.0000 3.4120 0.0636
#PMF from MBAR in kcal/mol
0.0000 0.0000 0.0000
0.1000 3.0743 0.0624
0.2000 6.5499 0.0915
0.3000 10.1372 0.1125
0.4000 13.5080 0.1307
0.5000 16.5864 0.1467
0.6000 19.5294 0.1603
0.7000 22.2179 0.1739
0.8000 24.9365 0.1854
0.9000 27.8415 0.1988
1.0000 31.2535 0.2124
#TI average gradients and standard deviation in kcal/mol
0.0000 23.0957 15.5706
0.1000 33.1454 14.0210
0.2000 35.9436 13.3351
0.3000 35.2503 13.4901
0.4000 32.1807 13.3498
0.5000 29.5941 12.8954
0.6000 28.1538 14.5252
0.7000 26.4336 13.4142
0.8000 28.2021 14.1279
0.9000 30.7911 14.5193
1.0000 -12560.9307 225895.7108
#PMF from TI in kcal/mol
0.0000 0.0000
0.1000 2.8121
0.2000 6.2665
0.3000 9.8262
0.4000 13.1978
0.5000 16.2865
0.6000 19.1739
0.7000 21.9033
0.8000 24.6351
0.9000 27.5847
1.0000 -598.9223
#MBAR free energy difference in kcal/mol: 
31.253484, 0.212423  #WARNING SUBSAMPLING DISABLED, CONSIDER RERUN WITH SUBSAMPLING OPTION
#TI free energy difference in kcal/mol: 
-598.922269  #WARNING SUBSAMPLING DISABLED, CONSIDER RERUN WITH SUBSAMPLING OPTION 
Starting /export/users/common/BioSimSpace/sire.app/bin/analyse_freenrg: number of threads equals 32
