# Analysing data contained in file(s) ['lambda_0.0000/simfile_snipped.dat', 'lambda_0.1000/simfile_snipped.dat', 'lambda_0.2000/simfile_snipped.dat', 'lambda_0.3000/simfile_snipped.dat', 'lambda_0.4000/simfile_snipped.dat', 'lambda_0.5000/simfile_snipped.dat', 'lambda_0.6000/simfile_snipped.dat', 'lambda_0.7000/simfile_snipped.dat', 'lambda_0.8000/simfile_snipped.dat', 'lambda_0.9000/simfile_snipped.dat', 'lambda_1.0000/simfile_snipped.dat']
#Overlap matrix
1.0000 0.0000 0.0000 0.0000 0.0000 0.0000 0.0000 0.0000 0.0000 0.0000 0.0000
0.0000 0.9627 0.0373 0.0000 0.0000 0.0000 0.0000 0.0000 0.0000 0.0000 0.0000
0.0000 0.0373 0.8966 0.0660 0.0000 0.0000 0.0000 0.0000 0.0000 0.0000 0.0000
0.0000 0.0000 0.0660 0.8750 0.0589 0.0000 0.0000 0.0000 0.0000 0.0000 0.0000
0.0000 0.0000 0.0000 0.0589 0.8810 0.0601 0.0000 0.0000 0.0000 0.0000 0.0000
0.0000 0.0000 0.0000 0.0000 0.0601 0.8696 0.0703 0.0000 0.0000 0.0000 0.0000
0.0000 0.0000 0.0000 0.0000 0.0000 0.0703 0.8905 0.0392 0.0000 0.0000 0.0000
0.0000 0.0000 0.0000 0.0000 0.0000 0.0000 0.0392 0.9471 0.0137 0.0000 0.0000
0.0000 0.0000 0.0000 0.0000 0.0000 0.0000 0.0000 0.0137 0.9731 0.0133 0.0000
0.0000 0.0000 0.0000 0.0000 0.0000 0.0000 0.0000 0.0000 0.0133 0.9760 0.0107
0.0000 0.0000 0.0000 0.0000 0.0000 0.0000 0.0000 0.0000 0.0000 0.0107 0.9893
#DG from neighbouring lambda in kcal/mol
0.0000 0.1000 36.8592 0.2286
0.1000 0.2000 13.0418 0.1435
0.2000 0.3000 11.2569 0.1045
0.3000 0.4000 10.0642 0.1115
0.4000 0.5000 7.4199 0.1102
0.5000 0.6000 5.7782 0.1007
0.6000 0.7000 2.6829 0.1397
0.7000 0.8000 -3.9827 0.2432
0.8000 0.9000 -13.0645 0.2467
0.9000 1.0000 -22.7123 0.2758
#PMF from MBAR in kcal/mol
0.0000 0.0000 0.0000
0.1000 36.8592 0.2286
0.2000 49.9010 0.1857
0.3000 61.1579 0.1641
0.4000 71.2221 0.1460
0.5000 78.6419 0.1362
0.6000 84.4201 0.1362
0.7000 87.1030 0.1509
0.8000 83.1204 0.2170
0.9000 70.0559 0.2908
1.0000 47.3436 0.3831
#TI average gradients and standard deviation in kcal/mol
0.0000 3409.1138 1294.3497
0.1000 150.9078 27.6624
0.2000 116.8862 20.4326
0.3000 106.5776 19.2940
0.4000 87.5361 22.4413
0.5000 65.9455 19.1365
0.6000 46.4690 22.0250
0.7000 3.7581 25.1699
0.8000 -82.9639 28.8457
0.9000 -182.0602 27.7007
1.0000 -272.4999 26.7631
#PMF from TI in kcal/mol
0.0000 0.0000
0.1000 178.0011
0.2000 191.3908
0.3000 202.5640
0.4000 212.2697
0.5000 219.9437
0.6000 225.5645
0.7000 228.0758
0.8000 224.1155
0.9000 210.8643
1.0000 188.1363
#MBAR free energy difference in kcal/mol: 
47.343625, 0.383130  #WARNING SUBSAMPLING DISABLED, CONSIDER RERUN WITH SUBSAMPLING OPTION
#TI free energy difference in kcal/mol: 
188.136325  #WARNING SUBSAMPLING DISABLED, CONSIDER RERUN WITH SUBSAMPLING OPTION 
Starting /export/users/common/BioSimSpace/sire.app/bin/analyse_freenrg: number of threads equals 32
