# Analysing data contained in file(s) ['lambda_0.0000/simfile_snipped.dat', 'lambda_0.1000/simfile_snipped.dat', 'lambda_0.2000/simfile_snipped.dat', 'lambda_0.3000/simfile_snipped.dat', 'lambda_0.4000/simfile_snipped.dat', 'lambda_0.5000/simfile_snipped.dat', 'lambda_0.6000/simfile_snipped.dat', 'lambda_0.7000/simfile_snipped.dat', 'lambda_0.8000/simfile_snipped.dat', 'lambda_0.9000/simfile_snipped.dat', 'lambda_1.0000/simfile_snipped.dat']
#Overlap matrix
0.9246 0.0745 0.0009 0.0000 0.0000 0.0000 0.0000 0.0000 0.0000 0.0000 0.0000
0.0745 0.7629 0.1599 0.0027 0.0000 0.0000 0.0000 0.0000 0.0000 0.0000 0.0000
0.0009 0.1599 0.6716 0.1638 0.0038 0.0000 0.0000 0.0000 0.0000 0.0000 0.0000
0.0000 0.0027 0.1638 0.6581 0.1723 0.0031 0.0000 0.0000 0.0000 0.0000 0.0000
0.0000 0.0000 0.0038 0.1723 0.6516 0.1700 0.0022 0.0000 0.0000 0.0000 0.0000
0.0000 0.0000 0.0000 0.0031 0.1700 0.6753 0.1503 0.0013 0.0000 0.0000 0.0000
0.0000 0.0000 0.0000 0.0000 0.0022 0.1503 0.7058 0.1405 0.0011 0.0000 0.0000
0.0000 0.0000 0.0000 0.0000 0.0000 0.0013 0.1405 0.7199 0.1372 0.0011 0.0000
0.0000 0.0000 0.0000 0.0000 0.0000 0.0000 0.0011 0.1372 0.7212 0.1397 0.0007
0.0000 0.0000 0.0000 0.0000 0.0000 0.0000 0.0000 0.0011 0.1397 0.7286 0.1306
0.0000 0.0000 0.0000 0.0000 0.0000 0.0000 0.0000 0.0000 0.0007 0.1306 0.8687
#DG from neighbouring lambda in kcal/mol
0.0000 0.1000 -1.5886 0.0967
0.1000 0.2000 1.7341 0.0585
0.2000 0.3000 2.1301 0.0567
0.3000 0.4000 2.1181 0.0546
0.4000 0.5000 1.9263 0.0555
0.5000 0.6000 1.7327 0.0611
0.6000 0.7000 1.4054 0.0644
0.7000 0.8000 1.2906 0.0655
0.8000 0.9000 1.3155 0.0649
0.9000 1.0000 1.2747 0.0683
#PMF from MBAR in kcal/mol
0.0000 0.0000 0.0000
0.1000 -1.5886 0.0967
0.2000 0.1456 0.1197
0.3000 2.2757 0.1380
0.4000 4.3938 0.1532
0.5000 6.3200 0.1675
0.6000 8.0528 0.1825
0.7000 9.4581 0.1975
0.8000 10.7488 0.2119
0.9000 12.0643 0.2251
1.0000 13.3390 0.2386
#TI average gradients and standard deviation in kcal/mol
0.0000 -55.5663 20.7304
0.1000 8.2817 15.8369
0.2000 22.1409 14.8781
0.3000 21.2349 14.3948
0.4000 20.3335 14.3726
0.5000 18.9590 14.1148
0.6000 15.0431 14.9559
0.7000 14.0145 14.5428
0.8000 12.4308 14.5208
0.9000 12.2955 16.7415
1.0000 18.6740 19.9426
#PMF from TI in kcal/mol
0.0000 0.0000
0.1000 -2.3642
0.2000 -0.8431
0.3000 1.3257
0.4000 3.4041
0.5000 5.3687
0.6000 7.0688
0.7000 8.5217
0.8000 9.8440
0.9000 11.0803
1.0000 12.6288
#MBAR free energy difference in kcal/mol: 
13.339019, 0.238582  #WARNING SUBSAMPLING DISABLED, CONSIDER RERUN WITH SUBSAMPLING OPTION
#TI free energy difference in kcal/mol: 
12.628781  #WARNING SUBSAMPLING DISABLED, CONSIDER RERUN WITH SUBSAMPLING OPTION 
Starting /export/users/common/BioSimSpace/sire.app/bin/analyse_freenrg: number of threads equals 32
