# Analysing data contained in file(s) ['lambda_0.0000/simfile_snipped.dat', 'lambda_0.1000/simfile_snipped.dat', 'lambda_0.2000/simfile_snipped.dat', 'lambda_0.3000/simfile_snipped.dat', 'lambda_0.4000/simfile_snipped.dat', 'lambda_0.5000/simfile_snipped.dat', 'lambda_0.6000/simfile_snipped.dat', 'lambda_0.7000/simfile_snipped.dat', 'lambda_0.8000/simfile_snipped.dat', 'lambda_0.9000/simfile_snipped.dat', 'lambda_1.0000/simfile_snipped.dat']
#Overlap matrix
0.7972 0.1934 0.0093 0.0001 0.0000 0.0000 0.0000 0.0000 0.0000 0.0000 0.0000
0.1934 0.5753 0.2195 0.0117 0.0001 0.0000 0.0000 0.0000 0.0000 0.0000 0.0000
0.0093 0.2195 0.5509 0.2100 0.0104 0.0001 0.0000 0.0000 0.0000 0.0000 0.0000
0.0001 0.0117 0.2100 0.5615 0.2068 0.0098 0.0001 0.0000 0.0000 0.0000 0.0000
0.0000 0.0001 0.0104 0.2068 0.5645 0.2074 0.0108 0.0000 0.0000 0.0000 0.0000
0.0000 0.0000 0.0001 0.0098 0.2074 0.5829 0.1931 0.0067 0.0000 0.0000 0.0000
0.0000 0.0000 0.0000 0.0001 0.0108 0.1931 0.5875 0.2005 0.0080 0.0000 0.0000
0.0000 0.0000 0.0000 0.0000 0.0000 0.0067 0.2005 0.5931 0.1944 0.0053 0.0000
0.0000 0.0000 0.0000 0.0000 0.0000 0.0000 0.0080 0.1944 0.6161 0.1769 0.0045
0.0000 0.0000 0.0000 0.0000 0.0000 0.0000 0.0000 0.0053 0.1769 0.6144 0.2033
0.0000 0.0000 0.0000 0.0000 0.0000 0.0000 0.0000 0.0000 0.0045 0.2033 0.7921
#DG from neighbouring lambda in kcal/mol
0.0000 0.1000 -2.4991 0.0494
0.1000 0.2000 -2.0699 0.0425
0.2000 0.3000 -1.9188 0.0439
0.3000 0.4000 -1.9731 0.0448
0.4000 0.5000 -2.0452 0.0447
0.5000 0.6000 -2.0062 0.0479
0.6000 0.7000 -2.1633 0.0470
0.7000 0.8000 -2.1041 0.0484
0.8000 0.9000 -2.1879 0.0528
0.9000 1.0000 -2.2592 0.0483
#PMF from MBAR in kcal/mol
0.0000 0.0000 0.0000
0.1000 -2.4991 0.0494
0.2000 -4.5690 0.0747
0.3000 -6.4878 0.0940
0.4000 -8.4609 0.1104
0.5000 -10.5061 0.1246
0.6000 -12.5122 0.1383
0.7000 -14.6755 0.1508
0.8000 -16.7796 0.1627
0.9000 -18.9675 0.1752
1.0000 -21.2267 0.1857
#TI average gradients and standard deviation in kcal/mol
0.0000 -28.0821 13.7939
0.1000 -22.5430 11.7263
0.2000 -19.6144 11.9313
0.3000 -18.7280 12.6709
0.4000 -20.4773 11.6670
0.5000 -19.8101 11.9672
0.6000 -21.0576 13.0062
0.7000 -21.1033 11.4223
0.8000 -21.3276 12.7124
0.9000 -23.8099 14.0628
1.0000 -20.4419 14.1723
#PMF from TI in kcal/mol
0.0000 0.0000
0.1000 -2.5313
0.2000 -4.6391
0.3000 -6.5562
0.4000 -8.5165
0.5000 -10.5309
0.6000 -12.5743
0.7000 -14.6823
0.8000 -16.8039
0.9000 -19.0607
1.0000 -21.2733
#MBAR free energy difference in kcal/mol: 
-21.226710, 0.185743  #WARNING SUBSAMPLING DISABLED, CONSIDER RERUN WITH SUBSAMPLING OPTION
#TI free energy difference in kcal/mol: 
-21.273322  #WARNING SUBSAMPLING DISABLED, CONSIDER RERUN WITH SUBSAMPLING OPTION 
Starting /export/users/common/BioSimSpace/sire.app/bin/analyse_freenrg: number of threads equals 32
