# Analysing data contained in file(s) ['lambda_0.0000/simfile_snipped.dat', 'lambda_0.1000/simfile_snipped.dat', 'lambda_0.2000/simfile_snipped.dat', 'lambda_0.3000/simfile_snipped.dat', 'lambda_0.4000/simfile_snipped.dat', 'lambda_0.5000/simfile_snipped.dat', 'lambda_0.6000/simfile_snipped.dat', 'lambda_0.7000/simfile_snipped.dat', 'lambda_0.8000/simfile_snipped.dat', 'lambda_0.9000/simfile_snipped.dat', 'lambda_1.0000/simfile_snipped.dat']
#Overlap matrix
0.7472 0.2287 0.0234 0.0007 0.0000 0.0000 0.0000 0.0000 0.0000 0.0000 0.0000
0.2287 0.5057 0.2390 0.0259 0.0006 0.0000 0.0000 0.0000 0.0000 0.0000 0.0000
0.0234 0.2390 0.4825 0.2297 0.0246 0.0007 0.0000 0.0000 0.0000 0.0000 0.0000
0.0007 0.0259 0.2297 0.4852 0.2306 0.0270 0.0008 0.0000 0.0000 0.0000 0.0000
0.0000 0.0006 0.0246 0.2306 0.4798 0.2342 0.0292 0.0009 0.0000 0.0000 0.0000
0.0000 0.0000 0.0007 0.0270 0.2342 0.4716 0.2360 0.0297 0.0008 0.0000 0.0000
0.0000 0.0000 0.0000 0.0008 0.0292 0.2360 0.4712 0.2368 0.0252 0.0007 0.0000
0.0000 0.0000 0.0000 0.0000 0.0009 0.0297 0.2368 0.4766 0.2261 0.0288 0.0011
0.0000 0.0000 0.0000 0.0000 0.0000 0.0008 0.0252 0.2261 0.4751 0.2365 0.0363
0.0000 0.0000 0.0000 0.0000 0.0000 0.0000 0.0007 0.0288 0.2365 0.4632 0.2708
0.0000 0.0000 0.0000 0.0000 0.0000 0.0000 0.0000 0.0011 0.0363 0.2708 0.6918
#DG from neighbouring lambda in kcal/mol
0.0000 0.1000 -9.0844 0.0406
0.1000 0.2000 -6.6818 0.0354
0.2000 0.3000 -5.5878 0.0365
0.3000 0.4000 -4.9552 0.0362
0.4000 0.5000 -4.3992 0.0351
0.5000 0.6000 -3.8457 0.0346
0.6000 0.7000 -3.3298 0.0349
0.7000 0.8000 -2.9585 0.0365
0.8000 0.9000 -2.5519 0.0339
0.9000 1.0000 -2.0358 0.0328
#PMF from MBAR in kcal/mol
0.0000 0.0000 0.0000
0.1000 -9.0844 0.0406
0.2000 -15.7661 0.0633
0.3000 -21.3540 0.0805
0.4000 -26.3092 0.0946
0.5000 -30.7084 0.1062
0.6000 -34.5541 0.1165
0.7000 -37.8839 0.1261
0.8000 -40.8424 0.1356
0.9000 -43.3944 0.1436
1.0000 -45.4301 0.1507
#TI average gradients and standard deviation in kcal/mol
0.0000 -111.2023 12.1964
0.1000 -75.0072 10.2704
0.2000 -60.4274 9.8731
0.3000 -51.9804 10.0823
0.4000 -46.7120 9.5155
0.5000 -41.4693 9.8184
0.6000 -36.1212 9.8387
0.7000 -30.6884 10.3637
0.8000 -28.0012 9.8850
0.9000 -23.4518 9.6072
1.0000 -16.3302 9.6138
#PMF from TI in kcal/mol
0.0000 0.0000
0.1000 -9.3105
0.2000 -16.0822
0.3000 -21.7026
0.4000 -26.6372
0.5000 -31.0463
0.6000 -34.9258
0.7000 -38.2663
0.8000 -41.2008
0.9000 -43.7734
1.0000 -45.7625
#MBAR free energy difference in kcal/mol: 
-45.430146, 0.150727  #WARNING SUBSAMPLING DISABLED, CONSIDER RERUN WITH SUBSAMPLING OPTION
#TI free energy difference in kcal/mol: 
-45.762506  #WARNING SUBSAMPLING DISABLED, CONSIDER RERUN WITH SUBSAMPLING OPTION 
Starting /export/users/common/BioSimSpace/sire.app/bin/analyse_freenrg: number of threads equals 32
