# Analysing data contained in file(s) ['lambda_0.0000/simfile_snipped.dat', 'lambda_0.1000/simfile_snipped.dat', 'lambda_0.2000/simfile_snipped.dat', 'lambda_0.3000/simfile_snipped.dat', 'lambda_0.4000/simfile_snipped.dat', 'lambda_0.5000/simfile_snipped.dat', 'lambda_0.6000/simfile_snipped.dat', 'lambda_0.7000/simfile_snipped.dat', 'lambda_0.8000/simfile_snipped.dat', 'lambda_0.9000/simfile_snipped.dat', 'lambda_1.0000/simfile_snipped.dat']
#Overlap matrix
0.9296 0.0701 0.0003 0.0000 0.0000 0.0000 0.0000 0.0000 0.0000 0.0000 0.0000
0.0701 0.8151 0.1142 0.0006 0.0000 0.0000 0.0000 0.0000 0.0000 0.0000 0.0000
0.0003 0.1142 0.7603 0.1247 0.0006 0.0000 0.0000 0.0000 0.0000 0.0000 0.0000
0.0000 0.0006 0.1247 0.7473 0.1268 0.0006 0.0000 0.0000 0.0000 0.0000 0.0000
0.0000 0.0000 0.0006 0.1268 0.7479 0.1243 0.0004 0.0000 0.0000 0.0000 0.0000
0.0000 0.0000 0.0000 0.0006 0.1243 0.7479 0.1268 0.0003 0.0000 0.0000 0.0000
0.0000 0.0000 0.0000 0.0000 0.0004 0.1268 0.7505 0.1220 0.0003 0.0000 0.0000
0.0000 0.0000 0.0000 0.0000 0.0000 0.0003 0.1220 0.7661 0.1113 0.0002 0.0000
0.0000 0.0000 0.0000 0.0000 0.0000 0.0000 0.0003 0.1113 0.7853 0.1029 0.0001
0.0000 0.0000 0.0000 0.0000 0.0000 0.0000 0.0000 0.0002 0.1029 0.7984 0.0985
0.0000 0.0000 0.0000 0.0000 0.0000 0.0000 0.0000 0.0000 0.0001 0.0985 0.9014
#DG from neighbouring lambda in kcal/mol
0.0000 0.1000 -11.7338 0.1007
0.1000 0.2000 -7.3243 0.0745
0.2000 0.3000 -7.5987 0.0703
0.3000 0.4000 -8.8136 0.0695
0.4000 0.5000 -9.9094 0.0705
0.5000 0.6000 -11.1591 0.0696
0.6000 0.7000 -12.2790 0.0715
0.7000 0.8000 -13.3147 0.0759
0.8000 0.9000 -14.3294 0.0799
0.9000 1.0000 -15.3836 0.0822
#PMF from MBAR in kcal/mol
0.0000 0.0000 0.0000
0.1000 -11.7338 0.1007
0.2000 -19.0582 0.1315
0.3000 -26.6569 0.1544
0.4000 -35.4705 0.1740
0.5000 -45.3799 0.1919
0.6000 -56.5390 0.2081
0.7000 -68.8181 0.2237
0.8000 -82.1328 0.2396
0.9000 -96.4622 0.2558
1.0000 -111.8458 0.2717
#TI average gradients and standard deviation in kcal/mol
0.0000 -180.9097 23.4152
0.1000 -80.3715 16.9339
0.2000 -71.6906 16.7288
0.3000 -81.3812 15.8976
0.4000 -93.6843 15.1173
0.5000 -106.2210 16.1877
0.6000 -117.0738 16.6729
0.7000 -128.1132 16.8804
0.8000 -137.5968 17.0926
0.9000 -148.5897 16.8709
1.0000 -157.3442 18.9756
#PMF from TI in kcal/mol
0.0000 0.0000
0.1000 -13.0641
0.2000 -20.6672
0.3000 -28.3208
0.4000 -37.0740
0.5000 -47.0693
0.6000 -58.2340
0.7000 -70.4934
0.8000 -83.7789
0.9000 -98.0882
1.0000 -113.3849
#MBAR free energy difference in kcal/mol: 
-111.845806, 0.271740  #WARNING SUBSAMPLING DISABLED, CONSIDER RERUN WITH SUBSAMPLING OPTION
#TI free energy difference in kcal/mol: 
-113.384902  #WARNING SUBSAMPLING DISABLED, CONSIDER RERUN WITH SUBSAMPLING OPTION 
Starting /export/users/common/BioSimSpace/sire.app/bin/analyse_freenrg: number of threads equals 32
