# Analysing data contained in file(s) ['lambda_0.0000/simfile_snipped.dat', 'lambda_0.1000/simfile_snipped.dat', 'lambda_0.2000/simfile_snipped.dat', 'lambda_0.3000/simfile_snipped.dat', 'lambda_0.4000/simfile_snipped.dat', 'lambda_0.5000/simfile_snipped.dat', 'lambda_0.6000/simfile_snipped.dat', 'lambda_0.7000/simfile_snipped.dat', 'lambda_0.8000/simfile_snipped.dat', 'lambda_0.9000/simfile_snipped.dat', 'lambda_1.0000/simfile_snipped.dat']
#Overlap matrix
0.8311 0.1650 0.0039 0.0000 0.0000 0.0000 0.0000 0.0000 0.0000 0.0000 0.0000
0.1650 0.6518 0.1788 0.0045 0.0000 0.0000 0.0000 0.0000 0.0000 0.0000 0.0000
0.0039 0.1788 0.6227 0.1874 0.0072 0.0000 0.0000 0.0000 0.0000 0.0000 0.0000
0.0000 0.0045 0.1874 0.6113 0.1919 0.0049 0.0000 0.0000 0.0000 0.0000 0.0000
0.0000 0.0000 0.0072 0.1919 0.6076 0.1885 0.0048 0.0000 0.0000 0.0000 0.0000
0.0000 0.0000 0.0000 0.0049 0.1885 0.6259 0.1771 0.0036 0.0000 0.0000 0.0000
0.0000 0.0000 0.0000 0.0000 0.0048 0.1771 0.6346 0.1800 0.0035 0.0000 0.0000
0.0000 0.0000 0.0000 0.0000 0.0000 0.0036 0.1800 0.6469 0.1669 0.0026 0.0000
0.0000 0.0000 0.0000 0.0000 0.0000 0.0000 0.0035 0.1669 0.6621 0.1651 0.0024
0.0000 0.0000 0.0000 0.0000 0.0000 0.0000 0.0000 0.0026 0.1651 0.6624 0.1699
0.0000 0.0000 0.0000 0.0000 0.0000 0.0000 0.0000 0.0000 0.0024 0.1699 0.8277
#DG from neighbouring lambda in kcal/mol
0.0000 0.1000 0.5653 0.0571
0.1000 0.2000 2.0786 0.0527
0.2000 0.3000 3.0863 0.0502
0.3000 0.4000 4.1176 0.0492
0.4000 0.5000 4.9551 0.0503
0.5000 0.6000 5.8406 0.0531
0.6000 0.7000 6.6647 0.0527
0.7000 0.8000 7.5431 0.0561
0.8000 0.9000 8.3011 0.0568
0.9000 1.0000 9.1053 0.0562
#PMF from MBAR in kcal/mol
0.0000 0.0000 0.0000
0.1000 0.5653 0.0571
0.2000 2.6439 0.0865
0.3000 5.7302 0.1071
0.4000 9.8477 0.1235
0.5000 14.8028 0.1388
0.6000 20.6434 0.1534
0.7000 27.3082 0.1667
0.8000 34.8513 0.1800
0.9000 43.1524 0.1928
1.0000 52.2578 0.2046
#TI average gradients and standard deviation in kcal/mol
0.0000 -5.8651 14.8553
0.1000 14.4449 13.6715
0.2000 26.2470 14.0867
0.3000 35.8854 12.4341
0.4000 45.3269 14.0096
0.5000 54.1728 13.8670
0.6000 62.6762 14.0780
0.7000 71.3977 13.4907
0.8000 79.4646 14.0224
0.9000 86.4723 14.4241
1.0000 96.1893 14.0872
#PMF from TI in kcal/mol
0.0000 0.0000
0.1000 0.4290
0.2000 2.4636
0.3000 5.5702
0.4000 9.6308
0.5000 14.6058
0.6000 20.4483
0.7000 27.1519
0.8000 34.6951
0.9000 42.9919
1.0000 52.1250
#MBAR free energy difference in kcal/mol: 
52.257753, 0.204571  #WARNING SUBSAMPLING DISABLED, CONSIDER RERUN WITH SUBSAMPLING OPTION
#TI free energy difference in kcal/mol: 
52.124985  #WARNING SUBSAMPLING DISABLED, CONSIDER RERUN WITH SUBSAMPLING OPTION 
Starting /export/users/common/BioSimSpace/sire.app/bin/analyse_freenrg: number of threads equals 32
