# Analysing data contained in file(s) ['lambda_0.0000/simfile_snipped.dat', 'lambda_0.1000/simfile_snipped.dat', 'lambda_0.2000/simfile_snipped.dat', 'lambda_0.3000/simfile_snipped.dat', 'lambda_0.4000/simfile_snipped.dat', 'lambda_0.5000/simfile_snipped.dat', 'lambda_0.6000/simfile_snipped.dat', 'lambda_0.7000/simfile_snipped.dat', 'lambda_0.8000/simfile_snipped.dat', 'lambda_0.9000/simfile_snipped.dat', 'lambda_1.0000/simfile_snipped.dat']
#Overlap matrix
0.8745 0.1241 0.0014 0.0000 0.0000 0.0000 0.0000 0.0000 0.0000 0.0000 0.0000
0.1241 0.7118 0.1604 0.0037 0.0000 0.0000 0.0000 0.0000 0.0000 0.0000 0.0000
0.0014 0.1604 0.6600 0.1735 0.0047 0.0000 0.0000 0.0000 0.0000 0.0000 0.0000
0.0000 0.0037 0.1735 0.6335 0.1844 0.0049 0.0000 0.0000 0.0000 0.0000 0.0000
0.0000 0.0000 0.0047 0.1844 0.6291 0.1780 0.0038 0.0000 0.0000 0.0000 0.0000
0.0000 0.0000 0.0000 0.0049 0.1780 0.6326 0.1788 0.0056 0.0000 0.0000 0.0000
0.0000 0.0000 0.0000 0.0000 0.0038 0.1788 0.6284 0.1835 0.0055 0.0000 0.0000
0.0000 0.0000 0.0000 0.0000 0.0000 0.0056 0.1835 0.6145 0.1917 0.0047 0.0000
0.0000 0.0000 0.0000 0.0000 0.0000 0.0000 0.0055 0.1917 0.6146 0.1841 0.0042
0.0000 0.0000 0.0000 0.0000 0.0000 0.0000 0.0000 0.0047 0.1841 0.6279 0.1833
0.0000 0.0000 0.0000 0.0000 0.0000 0.0000 0.0000 0.0000 0.0042 0.1833 0.8125
#DG from neighbouring lambda in kcal/mol
0.0000 0.1000 -1.4722 0.0704
0.1000 0.2000 1.2301 0.0579
0.2000 0.3000 2.5392 0.0539
0.3000 0.4000 3.4689 0.0512
0.4000 0.5000 4.2809 0.0528
0.5000 0.6000 4.8650 0.0525
0.6000 0.7000 5.7120 0.0511
0.7000 0.8000 6.5351 0.0496
0.8000 0.9000 7.2784 0.0514
0.9000 1.0000 7.9916 0.0526
#PMF from MBAR in kcal/mol
0.0000 0.0000 0.0000
0.1000 -1.4722 0.0704
0.2000 -0.2421 0.0993
0.3000 2.2971 0.1193
0.4000 5.7661 0.1352
0.5000 10.0470 0.1501
0.6000 14.9120 0.1636
0.7000 20.6240 0.1754
0.8000 27.1592 0.1862
0.9000 34.4375 0.1969
1.0000 42.4291 0.2074
#TI average gradients and standard deviation in kcal/mol
0.0000 -39.3983 19.2361
0.1000 3.2530 15.4840
0.2000 20.0269 14.3073
0.3000 30.5112 12.7083
0.4000 38.8661 13.3943
0.5000 45.5284 14.2315
0.6000 53.0638 13.4859
0.7000 61.2432 12.7655
0.8000 69.0040 13.0423
0.9000 76.6089 13.0331
1.0000 87.4865 13.4572
#PMF from TI in kcal/mol
0.0000 0.0000
0.1000 -1.8073
0.2000 -0.6433
0.3000 1.8836
0.4000 5.3525
0.5000 9.5722
0.6000 14.5018
0.7000 20.2172
0.8000 26.7295
0.9000 34.0102
1.0000 42.2149
#MBAR free energy difference in kcal/mol: 
42.429137, 0.207420  #WARNING SUBSAMPLING DISABLED, CONSIDER RERUN WITH SUBSAMPLING OPTION
#TI free energy difference in kcal/mol: 
42.214943  #WARNING SUBSAMPLING DISABLED, CONSIDER RERUN WITH SUBSAMPLING OPTION 
Starting /export/users/common/BioSimSpace/sire.app/bin/analyse_freenrg: number of threads equals 32
