# Analysing data contained in file(s) ['lambda_0.0000/simfile_snipped.dat', 'lambda_0.1000/simfile_snipped.dat', 'lambda_0.2000/simfile_snipped.dat', 'lambda_0.3000/simfile_snipped.dat', 'lambda_0.4000/simfile_snipped.dat', 'lambda_0.5000/simfile_snipped.dat', 'lambda_0.6000/simfile_snipped.dat', 'lambda_0.7000/simfile_snipped.dat', 'lambda_0.8000/simfile_snipped.dat', 'lambda_0.9000/simfile_snipped.dat', 'lambda_1.0000/simfile_snipped.dat']
#Overlap matrix
0.8556 0.1434 0.0008 0.0002 0.0000 0.0000 0.0000 0.0000 0.0000 0.0000 0.0000
0.1434 0.6300 0.1951 0.0279 0.0035 0.0001 0.0000 0.0000 0.0000 0.0000 0.0000
0.0008 0.1951 0.5884 0.1942 0.0208 0.0007 0.0000 0.0000 0.0000 0.0000 0.0000
0.0002 0.0279 0.1942 0.5680 0.1972 0.0121 0.0003 0.0000 0.0000 0.0000 0.0000
0.0000 0.0035 0.0208 0.1972 0.5960 0.1761 0.0064 0.0001 0.0000 0.0000 0.0000
0.0000 0.0001 0.0007 0.0121 0.1761 0.7263 0.0825 0.0023 0.0000 0.0000 0.0000
0.0000 0.0000 0.0000 0.0003 0.0064 0.0825 0.6843 0.2152 0.0112 0.0001 0.0000
0.0000 0.0000 0.0000 0.0000 0.0001 0.0023 0.2152 0.6034 0.1701 0.0089 0.0001
0.0000 0.0000 0.0000 0.0000 0.0000 0.0000 0.0112 0.1701 0.6165 0.1978 0.0043
0.0000 0.0000 0.0000 0.0000 0.0000 0.0000 0.0001 0.0089 0.1978 0.6832 0.1099
0.0000 0.0000 0.0000 0.0000 0.0000 0.0000 0.0000 0.0001 0.0043 0.1099 0.8857
#DG from neighbouring lambda in kcal/mol
0.0000 0.1000 5.2137 0.0639
0.1000 0.2000 2.2733 0.0453
0.2000 0.3000 2.9196 0.0423
0.3000 0.4000 2.7916 0.0439
0.4000 0.5000 2.3018 0.0511
0.5000 0.6000 2.4969 0.0862
0.6000 0.7000 0.0851 0.0445
0.7000 0.8000 -1.0756 0.0522
0.8000 0.9000 -1.7049 0.0478
0.9000 1.0000 1.3628 0.0749
#PMF from MBAR in kcal/mol
0.0000 0.0000 0.0000
0.1000 5.2137 0.0639
0.2000 7.4870 0.0881
0.3000 10.4067 0.1013
0.4000 13.1982 0.1145
0.5000 15.5000 0.1301
0.6000 17.9969 0.1594
0.7000 18.0820 0.1698
0.8000 17.0064 0.1811
0.9000 15.3015 0.1907
1.0000 16.6643 0.2082
#TI average gradients and standard deviation in kcal/mol
0.0000 21600104.0000 347784256.8502
0.1000 31.3710 25.3665
0.2000 19.2686 12.3631
0.3000 24.4323 11.8834
0.4000 51.4575 40.7284
0.5000 23.9986 13.6645
0.6000 9.7618 16.9361
0.7000 -1.8563 14.8622
0.8000 -18.4093 11.9330
0.9000 -10.7379 15.1989
1.0000 59.7836 18.5246
#PMF from TI in kcal/mol
0.0000 0.0000
0.1000 1080006.7686
0.2000 1080009.3005
0.3000 1080011.4856
0.4000 1080015.2801
0.5000 1080019.0529
0.6000 1080020.7409
0.7000 1080021.1362
0.8000 1080020.1229
0.9000 1080018.6655
1.0000 1080021.1178
#MBAR free energy difference in kcal/mol: 
16.664296, 0.208239  #WARNING SUBSAMPLING DISABLED, CONSIDER RERUN WITH SUBSAMPLING OPTION
#TI free energy difference in kcal/mol: 
1080021.117811  #WARNING SUBSAMPLING DISABLED, CONSIDER RERUN WITH SUBSAMPLING OPTION 
Starting /export/users/common/BioSimSpace/sire.app/bin/analyse_freenrg: number of threads equals 32
