# Analysing data contained in file(s) ['lambda_0.0000/simfile_snipped.dat', 'lambda_0.1000/simfile_snipped.dat', 'lambda_0.2000/simfile_snipped.dat', 'lambda_0.3000/simfile_snipped.dat', 'lambda_0.4000/simfile_snipped.dat', 'lambda_0.5000/simfile_snipped.dat', 'lambda_0.6000/simfile_snipped.dat', 'lambda_0.7000/simfile_snipped.dat', 'lambda_0.8000/simfile_snipped.dat', 'lambda_0.9000/simfile_snipped.dat', 'lambda_1.0000/simfile_snipped.dat']
#Overlap matrix
0.7183 0.2460 0.0338 0.0018 0.0000 0.0000 0.0000 0.0000 0.0000 0.0000 0.0000
0.2460 0.4629 0.2463 0.0418 0.0028 0.0001 0.0000 0.0000 0.0000 0.0000 0.0000
0.0338 0.2463 0.4311 0.2369 0.0477 0.0040 0.0002 0.0000 0.0000 0.0000 0.0000
0.0018 0.0418 0.2369 0.4229 0.2419 0.0499 0.0046 0.0002 0.0000 0.0000 0.0000
0.0000 0.0028 0.0477 0.2419 0.4175 0.2347 0.0496 0.0054 0.0003 0.0000 0.0000
0.0000 0.0001 0.0040 0.0499 0.2347 0.4160 0.2386 0.0512 0.0052 0.0002 0.0000
0.0000 0.0000 0.0002 0.0046 0.0496 0.2386 0.4325 0.2289 0.0425 0.0031 0.0001
0.0000 0.0000 0.0000 0.0002 0.0054 0.0512 0.2289 0.4629 0.2188 0.0313 0.0013
0.0000 0.0000 0.0000 0.0000 0.0003 0.0052 0.0425 0.2188 0.4907 0.2238 0.0187
0.0000 0.0000 0.0000 0.0000 0.0000 0.0002 0.0031 0.0313 0.2238 0.5680 0.1736
0.0000 0.0000 0.0000 0.0000 0.0000 0.0000 0.0001 0.0013 0.0187 0.1736 0.8063
#DG from neighbouring lambda in kcal/mol
0.0000 0.1000 8.5468 0.0365
0.1000 0.2000 6.6811 0.0311
0.2000 0.3000 4.9542 0.0305
0.3000 0.4000 3.3477 0.0289
0.4000 0.5000 1.7720 0.0294
0.5000 0.6000 0.1818 0.0288
0.6000 0.7000 -1.2513 0.0309
0.7000 0.8000 -2.5645 0.0346
0.8000 0.9000 -3.6622 0.0373
0.9000 1.0000 -3.1919 0.0516
#PMF from MBAR in kcal/mol
0.0000 0.0000 0.0000
0.1000 8.5468 0.0365
0.2000 15.2279 0.0574
0.3000 20.1822 0.0722
0.4000 23.5299 0.0834
0.5000 25.3018 0.0933
0.6000 25.4836 0.1020
0.7000 24.2323 0.1103
0.8000 21.6678 0.1192
0.9000 18.0056 0.1288
1.0000 14.8136 0.1425
#TI average gradients and standard deviation in kcal/mol
0.0000 93.5495 11.1627
0.1000 75.6163 9.4473
0.2000 58.5212 8.8626
0.3000 40.9538 8.4370
0.4000 25.2227 8.7092
0.5000 9.6600 9.0960
0.6000 -5.9408 8.6891
0.7000 -19.6131 9.9671
0.8000 -32.9753 9.9041
0.9000 -38.0993 11.2193
1.0000 -22.0058 14.6544
#PMF from TI in kcal/mol
0.0000 0.0000
0.1000 8.4583
0.2000 15.1652
0.3000 20.1389
0.4000 23.4477
0.5000 25.1919
0.6000 25.3778
0.7000 24.1001
0.8000 21.4707
0.9000 17.9170
1.0000 14.9117
#MBAR free energy difference in kcal/mol: 
14.813622, 0.142539  #WARNING SUBSAMPLING DISABLED, CONSIDER RERUN WITH SUBSAMPLING OPTION
#TI free energy difference in kcal/mol: 
14.911731  #WARNING SUBSAMPLING DISABLED, CONSIDER RERUN WITH SUBSAMPLING OPTION 
Starting /export/users/common/BioSimSpace/sire.app/bin/analyse_freenrg: number of threads equals 32
