# Analysing data contained in file(s) ['lambda_0.0000/simfile_snipped.dat', 'lambda_0.1000/simfile_snipped.dat', 'lambda_0.2000/simfile_snipped.dat', 'lambda_0.3000/simfile_snipped.dat', 'lambda_0.4000/simfile_snipped.dat', 'lambda_0.5000/simfile_snipped.dat', 'lambda_0.6000/simfile_snipped.dat', 'lambda_0.7000/simfile_snipped.dat', 'lambda_0.8000/simfile_snipped.dat', 'lambda_0.9000/simfile_snipped.dat', 'lambda_1.0000/simfile_snipped.dat']
#Overlap matrix
0.9697 0.0303 0.0000 0.0000 0.0000 0.0000 0.0000 0.0000 0.0000 0.0000 0.0000
0.0303 0.9204 0.0493 0.0000 0.0000 0.0000 0.0000 0.0000 0.0000 0.0000 0.0000
0.0000 0.0493 0.8714 0.0793 0.0000 0.0000 0.0000 0.0000 0.0000 0.0000 0.0000
0.0000 0.0000 0.0793 0.8373 0.0834 0.0000 0.0000 0.0000 0.0000 0.0000 0.0000
0.0000 0.0000 0.0000 0.0834 0.8095 0.1069 0.0002 0.0000 0.0000 0.0000 0.0000
0.0000 0.0000 0.0000 0.0000 0.1069 0.7841 0.1087 0.0003 0.0000 0.0000 0.0000
0.0000 0.0000 0.0000 0.0000 0.0002 0.1087 0.7808 0.1098 0.0004 0.0000 0.0000
0.0000 0.0000 0.0000 0.0000 0.0000 0.0003 0.1098 0.7506 0.1384 0.0008 0.0000
0.0000 0.0000 0.0000 0.0000 0.0000 0.0000 0.0004 0.1384 0.7138 0.1462 0.0011
0.0000 0.0000 0.0000 0.0000 0.0000 0.0000 0.0000 0.0008 0.1462 0.7097 0.1433
0.0000 0.0000 0.0000 0.0000 0.0000 0.0000 0.0000 0.0000 0.0011 0.1433 0.8556
#DG from neighbouring lambda in kcal/mol
0.0000 0.1000 -10.6629 0.1605
0.1000 0.2000 -1.2474 0.1232
0.2000 0.3000 0.1424 0.0939
0.3000 0.4000 0.2334 0.0911
0.4000 0.5000 -0.1972 0.0780
0.5000 0.6000 -0.0975 0.0771
0.6000 0.7000 -0.2602 0.0765
0.7000 0.8000 -0.4683 0.0655
0.8000 0.9000 -0.6524 0.0628
0.9000 1.0000 -1.0065 0.0639
#PMF from MBAR in kcal/mol
0.0000 0.0000 0.0000
0.1000 -10.6629 0.1605
0.2000 -11.9103 0.2064
0.3000 -11.7679 0.2304
0.4000 -11.5345 0.2510
0.5000 -11.7317 0.2660
0.6000 -11.8293 0.2799
0.7000 -12.0895 0.2929
0.8000 -12.5578 0.3028
0.9000 -13.2102 0.3118
1.0000 -14.2167 0.3208
#TI average gradients and standard deviation in kcal/mol
0.0000 -229.2113 27.6539
0.1000 -34.5687 20.4372
0.2000 -2.8319 19.1197
0.3000 3.1943 18.2768
0.4000 -0.8381 18.7879
0.5000 -0.6355 16.2881
0.6000 -1.1264 16.5007
0.7000 -4.2407 16.1934
0.8000 -5.2659 15.7155
0.9000 -7.3930 14.7809
1.0000 -10.0440 14.5742
#PMF from TI in kcal/mol
0.0000 0.0000
0.1000 -13.1890
0.2000 -15.0590
0.3000 -15.0409
0.4000 -14.9231
0.5000 -14.9968
0.6000 -15.0849
0.7000 -15.3532
0.8000 -15.8286
0.9000 -16.4615
1.0000 -17.3334
#MBAR free energy difference in kcal/mol: 
-14.216699, 0.320762  #WARNING SUBSAMPLING DISABLED, CONSIDER RERUN WITH SUBSAMPLING OPTION
#TI free energy difference in kcal/mol: 
-17.333360  #WARNING SUBSAMPLING DISABLED, CONSIDER RERUN WITH SUBSAMPLING OPTION 
Starting /export/users/common/BioSimSpace/sire.app/bin/analyse_freenrg: number of threads equals 32
