# Analysing data contained in file(s) ['lambda_0.0000/simfile_snipped.dat', 'lambda_0.1000/simfile_snipped.dat', 'lambda_0.2000/simfile_snipped.dat', 'lambda_0.3000/simfile_snipped.dat', 'lambda_0.4000/simfile_snipped.dat', 'lambda_0.5000/simfile_snipped.dat', 'lambda_0.6000/simfile_snipped.dat', 'lambda_0.7000/simfile_snipped.dat', 'lambda_0.8000/simfile_snipped.dat', 'lambda_0.9000/simfile_snipped.dat', 'lambda_1.0000/simfile_snipped.dat']
#Overlap matrix
0.9123 0.0857 0.0020 0.0000 0.0000 0.0000 0.0000 0.0000 0.0000 0.0000 0.0000
0.0857 0.7565 0.1544 0.0034 0.0000 0.0000 0.0000 0.0000 0.0000 0.0000 0.0000
0.0020 0.1544 0.6735 0.1629 0.0071 0.0000 0.0000 0.0000 0.0000 0.0000 0.0000
0.0000 0.0034 0.1629 0.6299 0.1966 0.0070 0.0000 0.0000 0.0000 0.0000 0.0000
0.0000 0.0000 0.0071 0.1966 0.5898 0.1982 0.0082 0.0000 0.0000 0.0000 0.0000
0.0000 0.0000 0.0000 0.0070 0.1982 0.5885 0.1993 0.0069 0.0000 0.0000 0.0000
0.0000 0.0000 0.0000 0.0000 0.0082 0.1993 0.6018 0.1840 0.0067 0.0000 0.0000
0.0000 0.0000 0.0000 0.0000 0.0000 0.0069 0.1840 0.6056 0.1971 0.0064 0.0000
0.0000 0.0000 0.0000 0.0000 0.0000 0.0000 0.0067 0.1971 0.5992 0.1921 0.0049
0.0000 0.0000 0.0000 0.0000 0.0000 0.0000 0.0000 0.0064 0.1921 0.6351 0.1664
0.0000 0.0000 0.0000 0.0000 0.0000 0.0000 0.0000 0.0000 0.0049 0.1664 0.8287
#DG from neighbouring lambda in kcal/mol
0.0000 0.1000 1.9019 0.0884
0.1000 0.2000 4.6668 0.0595
0.2000 0.3000 4.4304 0.0560
0.3000 0.4000 4.0083 0.0478
0.4000 0.5000 3.2314 0.0473
0.5000 0.6000 2.5279 0.0471
0.6000 0.7000 1.7556 0.0505
0.7000 0.8000 1.0272 0.0479
0.8000 0.9000 0.4997 0.0493
0.9000 1.0000 0.2388 0.0565
#PMF from MBAR in kcal/mol
0.0000 0.0000 0.0000
0.1000 1.9019 0.0884
0.2000 6.5687 0.1130
0.3000 10.9991 0.1318
0.4000 15.0074 0.1449
0.5000 18.2388 0.1570
0.6000 20.7667 0.1680
0.7000 22.5223 0.1794
0.8000 23.5495 0.1894
0.9000 24.0492 0.1993
1.0000 24.2880 0.2106
#TI average gradients and standard deviation in kcal/mol
0.0000 -8.5397 23.4474
0.1000 39.5541 16.8313
0.2000 48.1941 14.5344
0.3000 41.8331 14.0427
0.4000 37.1613 12.5118
0.5000 28.4192 12.5111
0.6000 21.9832 12.8309
0.7000 13.1169 13.1509
0.8000 7.6722 12.9794
0.9000 3.0702 12.7765
1.0000 -1003371489.0671 20463649353.4219
#PMF from TI in kcal/mol
0.0000 0.0000
0.1000 1.5507
0.2000 5.9381
0.3000 10.4395
0.4000 14.3892
0.5000 17.6682
0.6000 20.1884
0.7000 21.9434
0.8000 22.9828
0.9000 23.5199
1.0000 -50168550.7799
#MBAR free energy difference in kcal/mol: 
24.287953, 0.210552  #WARNING SUBSAMPLING DISABLED, CONSIDER RERUN WITH SUBSAMPLING OPTION
#TI free energy difference in kcal/mol: 
-50168550.779920  #WARNING SUBSAMPLING DISABLED, CONSIDER RERUN WITH SUBSAMPLING OPTION 
Starting /export/users/common/BioSimSpace/sire.app/bin/analyse_freenrg: number of threads equals 32
