# Analysing data contained in file(s) ['lambda_0.0000/simfile_snipped.dat', 'lambda_0.1000/simfile_snipped.dat', 'lambda_0.2000/simfile_snipped.dat', 'lambda_0.3000/simfile_snipped.dat', 'lambda_0.4000/simfile_snipped.dat', 'lambda_0.5000/simfile_snipped.dat', 'lambda_0.6000/simfile_snipped.dat', 'lambda_0.7000/simfile_snipped.dat', 'lambda_0.8000/simfile_snipped.dat', 'lambda_0.9000/simfile_snipped.dat', 'lambda_1.0000/simfile_snipped.dat']
#Overlap matrix
0.8957 0.1035 0.0007 0.0000 0.0000 0.0000 0.0000 0.0000 0.0000 0.0000 0.0000
0.1035 0.7408 0.1537 0.0020 0.0000 0.0000 0.0000 0.0000 0.0000 0.0000 0.0000
0.0007 0.1537 0.6789 0.1639 0.0028 0.0000 0.0000 0.0000 0.0000 0.0000 0.0000
0.0000 0.0020 0.1639 0.6472 0.1827 0.0041 0.0000 0.0000 0.0000 0.0000 0.0000
0.0000 0.0000 0.0028 0.1827 0.6386 0.1730 0.0028 0.0000 0.0000 0.0000 0.0000
0.0000 0.0000 0.0000 0.0041 0.1730 0.6485 0.1699 0.0044 0.0000 0.0000 0.0000
0.0000 0.0000 0.0000 0.0000 0.0028 0.1699 0.6309 0.1927 0.0037 0.0000 0.0000
0.0000 0.0000 0.0000 0.0000 0.0000 0.0044 0.1927 0.6352 0.1647 0.0031 0.0000
0.0000 0.0000 0.0000 0.0000 0.0000 0.0000 0.0037 0.1647 0.6666 0.1636 0.0014
0.0000 0.0000 0.0000 0.0000 0.0000 0.0000 0.0000 0.0031 0.1636 0.7071 0.1262
0.0000 0.0000 0.0000 0.0000 0.0000 0.0000 0.0000 0.0000 0.0014 0.1262 0.8723
#DG from neighbouring lambda in kcal/mol
0.0000 0.1000 0.0065 0.0794
0.1000 0.2000 -0.3808 0.0604
0.2000 0.3000 -0.5492 0.0571
0.3000 0.4000 -0.7472 0.0522
0.4000 0.5000 -0.8221 0.0544
0.5000 0.6000 -1.1838 0.0551
0.6000 0.7000 -1.2430 0.0498
0.7000 0.8000 -1.2630 0.0565
0.8000 0.9000 -0.9376 0.0573
0.9000 1.0000 0.1516 0.0696
#PMF from MBAR in kcal/mol
0.0000 0.0000 0.0000
0.1000 0.0065 0.0794
0.2000 -0.3743 0.1074
0.3000 -0.9236 0.1278
0.4000 -1.6708 0.1434
0.5000 -2.4929 0.1581
0.6000 -3.6767 0.1719
0.7000 -4.9197 0.1830
0.8000 -6.1827 0.1953
0.9000 -7.1202 0.2072
1.0000 -6.9686 0.2221
#TI average gradients and standard deviation in kcal/mol
0.0000 8.6188 22.7729
0.1000 -3.2217 15.9710
0.2000 -4.1315 14.5113
0.3000 -7.1425 13.8122
0.4000 -7.2060 13.6109
0.5000 -9.9935 14.0972
0.6000 -12.7683 13.1963
0.7000 -11.9175 13.1620
0.8000 -12.7591 13.6028
0.9000 -5.4976 15.3911
1.0000 13.5705 18.0977
#PMF from TI in kcal/mol
0.0000 0.0000
0.1000 0.2699
0.2000 -0.0978
0.3000 -0.6615
0.4000 -1.3789
0.5000 -2.2389
0.6000 -3.3770
0.7000 -4.6113
0.8000 -5.8451
0.9000 -6.7580
1.0000 -6.3543
#MBAR free energy difference in kcal/mol: 
-6.968649, 0.222053  #WARNING SUBSAMPLING DISABLED, CONSIDER RERUN WITH SUBSAMPLING OPTION
#TI free energy difference in kcal/mol: 
-6.354316  #WARNING SUBSAMPLING DISABLED, CONSIDER RERUN WITH SUBSAMPLING OPTION 
Starting /export/users/common/BioSimSpace/sire.app/bin/analyse_freenrg: number of threads equals 32
