# Analysing data contained in file(s) ['lambda_0.0000/simfile_snipped.dat', 'lambda_0.1000/simfile_snipped.dat', 'lambda_0.2000/simfile_snipped.dat', 'lambda_0.3000/simfile_snipped.dat', 'lambda_0.4000/simfile_snipped.dat', 'lambda_0.5000/simfile_snipped.dat', 'lambda_0.6000/simfile_snipped.dat', 'lambda_0.7000/simfile_snipped.dat', 'lambda_0.8000/simfile_snipped.dat', 'lambda_0.9000/simfile_snipped.dat', 'lambda_1.0000/simfile_snipped.dat']
#Overlap matrix
0.9070 0.0923 0.0007 0.0000 0.0000 0.0000 0.0000 0.0000 0.0000 0.0000 0.0000
0.0923 0.7542 0.1499 0.0036 0.0000 0.0000 0.0000 0.0000 0.0000 0.0000 0.0000
0.0007 0.1499 0.6657 0.1776 0.0061 0.0000 0.0000 0.0000 0.0000 0.0000 0.0000
0.0000 0.0036 0.1776 0.6289 0.1832 0.0066 0.0000 0.0000 0.0000 0.0000 0.0000
0.0000 0.0000 0.0061 0.1832 0.5934 0.2075 0.0097 0.0001 0.0000 0.0000 0.0000
0.0000 0.0000 0.0000 0.0066 0.2075 0.5846 0.1919 0.0093 0.0000 0.0000 0.0000
0.0000 0.0000 0.0000 0.0000 0.0097 0.1919 0.5896 0.2018 0.0070 0.0000 0.0000
0.0000 0.0000 0.0000 0.0000 0.0001 0.0093 0.2018 0.5895 0.1918 0.0075 0.0000
0.0000 0.0000 0.0000 0.0000 0.0000 0.0000 0.0070 0.1918 0.5987 0.1983 0.0042
0.0000 0.0000 0.0000 0.0000 0.0000 0.0000 0.0000 0.0075 0.1983 0.6140 0.1801
0.0000 0.0000 0.0000 0.0000 0.0000 0.0000 0.0000 0.0000 0.0042 0.1801 0.8157
#DG from neighbouring lambda in kcal/mol
0.0000 0.1000 5.6452 0.0852
0.1000 0.2000 6.8875 0.0611
0.2000 0.3000 6.3367 0.0527
0.3000 0.4000 5.4169 0.0508
0.4000 0.5000 4.4373 0.0454
0.5000 0.6000 3.7673 0.0479
0.6000 0.7000 3.1470 0.0464
0.7000 0.8000 2.3277 0.0487
0.8000 0.9000 1.5749 0.0479
0.9000 1.0000 0.5242 0.0534
#PMF from MBAR in kcal/mol
0.0000 0.0000 0.0000
0.1000 5.6452 0.0852
0.2000 12.5327 0.1121
0.3000 18.8694 0.1296
0.4000 24.2863 0.1441
0.5000 28.7236 0.1557
0.6000 32.4909 0.1669
0.7000 35.6379 0.1771
0.8000 37.9657 0.1874
0.9000 39.5406 0.1970
1.0000 40.0648 0.2077
#TI average gradients and standard deviation in kcal/mol
0.0000 30.4353 21.1625
0.1000 69.4594 16.5297
0.2000 67.0381 13.9454
0.3000 58.8076 13.2606
0.4000 48.5748 14.1647
0.5000 41.9371 13.1532
0.6000 35.0629 11.7087
0.7000 27.5969 12.1661
0.8000 18.7036 12.6433
0.9000 11.6368 13.6887
1.0000 3.1120 13.3175
#PMF from TI in kcal/mol
0.0000 0.0000
0.1000 4.9947
0.2000 11.8196
0.3000 18.1119
0.4000 23.4810
0.5000 28.0066
0.6000 31.8566
0.7000 34.9896
0.8000 37.3046
0.9000 38.8216
1.0000 39.5591
#MBAR free energy difference in kcal/mol: 
40.064814, 0.207715  #WARNING SUBSAMPLING DISABLED, CONSIDER RERUN WITH SUBSAMPLING OPTION
#TI free energy difference in kcal/mol: 
39.559077  #WARNING SUBSAMPLING DISABLED, CONSIDER RERUN WITH SUBSAMPLING OPTION 
Starting /export/users/common/BioSimSpace/sire.app/bin/analyse_freenrg: number of threads equals 32
