# Analysing data contained in file(s) ['lambda_0.0000/simfile_snipped.dat', 'lambda_0.1000/simfile_snipped.dat', 'lambda_0.2000/simfile_snipped.dat', 'lambda_0.3000/simfile_snipped.dat', 'lambda_0.4000/simfile_snipped.dat', 'lambda_0.5000/simfile_snipped.dat', 'lambda_0.6000/simfile_snipped.dat', 'lambda_0.7000/simfile_snipped.dat', 'lambda_0.8000/simfile_snipped.dat', 'lambda_0.9000/simfile_snipped.dat', 'lambda_1.0000/simfile_snipped.dat']
#Overlap matrix
0.9534 0.0466 0.0000 0.0000 0.0000 0.0000 0.0000 0.0000 0.0000 0.0000 0.0000
0.0466 0.8804 0.0730 0.0000 0.0000 0.0000 0.0000 0.0000 0.0000 0.0000 0.0000
0.0000 0.0730 0.8538 0.0732 0.0000 0.0000 0.0000 0.0000 0.0000 0.0000 0.0000
0.0000 0.0000 0.0732 0.8472 0.0796 0.0001 0.0000 0.0000 0.0000 0.0000 0.0000
0.0000 0.0000 0.0000 0.0796 0.8319 0.0884 0.0001 0.0000 0.0000 0.0000 0.0000
0.0000 0.0000 0.0000 0.0001 0.0884 0.8098 0.1016 0.0002 0.0000 0.0000 0.0000
0.0000 0.0000 0.0000 0.0000 0.0001 0.1016 0.7873 0.1107 0.0003 0.0000 0.0000
0.0000 0.0000 0.0000 0.0000 0.0000 0.0002 0.1107 0.7629 0.1257 0.0005 0.0000
0.0000 0.0000 0.0000 0.0000 0.0000 0.0000 0.0003 0.1257 0.7491 0.1243 0.0007
0.0000 0.0000 0.0000 0.0000 0.0000 0.0000 0.0000 0.0005 0.1243 0.7368 0.1384
0.0000 0.0000 0.0000 0.0000 0.0000 0.0000 0.0000 0.0000 0.0007 0.1384 0.8609
#DG from neighbouring lambda in kcal/mol
0.0000 0.1000 -7.8488 0.1271
0.1000 0.2000 -7.2014 0.0986
0.2000 0.3000 -6.6130 0.0984
0.3000 0.4000 -6.1440 0.0936
0.4000 0.5000 -5.4382 0.0878
0.5000 0.6000 -4.6675 0.0806
0.6000 0.7000 -4.0444 0.0762
0.7000 0.8000 -3.3358 0.0700
0.8000 0.9000 -2.5620 0.0704
0.9000 1.0000 -1.8025 0.0657
#PMF from MBAR in kcal/mol
0.0000 0.0000 0.0000
0.1000 -7.8488 0.1271
0.2000 -15.0502 0.1659
0.3000 -21.6632 0.1972
0.4000 -27.8072 0.2220
0.5000 -33.2454 0.2422
0.6000 -37.9129 0.2585
0.7000 -41.9573 0.2725
0.8000 -45.2931 0.2842
0.9000 -47.8550 0.2955
1.0000 -49.6575 0.3054
#TI average gradients and standard deviation in kcal/mol
0.0000 -80.0012 18.4599
0.1000 -77.9223 19.4435
0.2000 -67.6917 20.4931
0.3000 -63.4985 19.7270
0.4000 -57.5744 18.0593
0.5000 -51.2872 17.6076
0.6000 -43.3129 17.8392
0.7000 -37.1364 16.7177
0.8000 -28.4888 15.3777
0.9000 -22.3791 14.7858
1.0000 -12.9754 14.5876
#PMF from TI in kcal/mol
0.0000 0.0000
0.1000 -7.8962
0.2000 -15.1769
0.3000 -21.7364
0.4000 -27.7900
0.5000 -33.2331
0.6000 -37.9631
0.7000 -41.9856
0.8000 -45.2668
0.9000 -47.8102
1.0000 -49.5780
#MBAR free energy difference in kcal/mol: 
-49.657538, 0.305354  #WARNING SUBSAMPLING DISABLED, CONSIDER RERUN WITH SUBSAMPLING OPTION
#TI free energy difference in kcal/mol: 
-49.577960  #WARNING SUBSAMPLING DISABLED, CONSIDER RERUN WITH SUBSAMPLING OPTION 
Starting /export/users/common/BioSimSpace/sire.app/bin/analyse_freenrg: number of threads equals 32
