# Analysing data contained in file(s) ['lambda_0.0000/simfile_snipped.dat', 'lambda_0.1000/simfile_snipped.dat', 'lambda_0.2000/simfile_snipped.dat', 'lambda_0.3000/simfile_snipped.dat', 'lambda_0.4000/simfile_snipped.dat', 'lambda_0.5000/simfile_snipped.dat', 'lambda_0.6000/simfile_snipped.dat', 'lambda_0.7000/simfile_snipped.dat', 'lambda_0.8000/simfile_snipped.dat', 'lambda_0.9000/simfile_snipped.dat', 'lambda_1.0000/simfile_snipped.dat']
#Overlap matrix
0.8893 0.1098 0.0008 0.0000 0.0000 0.0000 0.0000 0.0000 0.0000 0.0000 0.0000
0.1098 0.7240 0.1639 0.0023 0.0000 0.0000 0.0000 0.0000 0.0000 0.0000 0.0000
0.0008 0.1639 0.6601 0.1723 0.0028 0.0000 0.0000 0.0000 0.0000 0.0000 0.0000
0.0000 0.0023 0.1723 0.6392 0.1809 0.0053 0.0000 0.0000 0.0000 0.0000 0.0000
0.0000 0.0000 0.0028 0.1809 0.6116 0.1972 0.0074 0.0000 0.0000 0.0000 0.0000
0.0000 0.0000 0.0000 0.0053 0.1972 0.5984 0.1928 0.0063 0.0000 0.0000 0.0000
0.0000 0.0000 0.0000 0.0000 0.0074 0.1928 0.5886 0.2026 0.0085 0.0000 0.0000
0.0000 0.0000 0.0000 0.0000 0.0000 0.0063 0.2026 0.5809 0.2012 0.0089 0.0000
0.0000 0.0000 0.0000 0.0000 0.0000 0.0000 0.0085 0.2012 0.5804 0.2035 0.0063
0.0000 0.0000 0.0000 0.0000 0.0000 0.0000 0.0000 0.0089 0.2035 0.6040 0.1835
0.0000 0.0000 0.0000 0.0000 0.0000 0.0000 0.0000 0.0000 0.0063 0.1835 0.8102
#DG from neighbouring lambda in kcal/mol
0.0000 0.1000 30.2216 0.0764
0.1000 0.2000 25.8894 0.0575
0.2000 0.3000 22.1670 0.0550
0.3000 0.4000 18.5604 0.0523
0.4000 0.5000 15.3230 0.0480
0.5000 0.6000 12.2736 0.0487
0.6000 0.7000 9.1387 0.0465
0.7000 0.8000 6.2991 0.0463
0.8000 0.9000 3.8721 0.0463
0.9000 1.0000 2.5189 0.0521
#PMF from MBAR in kcal/mol
0.0000 0.0000 0.0000
0.1000 30.2216 0.0764
0.2000 56.1110 0.1036
0.3000 78.2780 0.1237
0.4000 96.8383 0.1398
0.5000 112.1613 0.1526
0.6000 124.4349 0.1645
0.7000 133.5736 0.1751
0.8000 139.8727 0.1848
0.9000 143.7448 0.1941
1.0000 146.2638 0.2045
#TI average gradients and standard deviation in kcal/mol
0.0000 330.5332 21.2069
0.1000 278.6569 15.1035
0.2000 239.9764 13.9161
0.3000 202.7104 14.1723
0.4000 169.5221 13.0366
0.5000 138.0053 11.6403
0.6000 106.8428 12.7020
0.7000 76.4833 12.0778
0.8000 49.8599 12.3142
0.9000 29.1930 12.8974
1.0000 25.0506 15.2438
#PMF from TI in kcal/mol
0.0000 0.0000
0.1000 30.4595
0.2000 56.3912
0.3000 78.5255
0.4000 97.1371
0.5000 112.5135
0.6000 124.7559
0.7000 133.9222
0.8000 140.2394
0.9000 144.1920
1.0000 146.9042
#MBAR free energy difference in kcal/mol: 
146.263752, 0.204450  #WARNING SUBSAMPLING DISABLED, CONSIDER RERUN WITH SUBSAMPLING OPTION
#TI free energy difference in kcal/mol: 
146.904210  #WARNING SUBSAMPLING DISABLED, CONSIDER RERUN WITH SUBSAMPLING OPTION 
Starting /export/users/common/BioSimSpace/sire.app/bin/analyse_freenrg: number of threads equals 32
