# Analysing data contained in file(s) ['lambda_0.0000/simfile_snipped.dat', 'lambda_0.1000/simfile_snipped.dat', 'lambda_0.2000/simfile_snipped.dat', 'lambda_0.3000/simfile_snipped.dat', 'lambda_0.4000/simfile_snipped.dat', 'lambda_0.5000/simfile_snipped.dat', 'lambda_0.6000/simfile_snipped.dat', 'lambda_0.7000/simfile_snipped.dat', 'lambda_0.8000/simfile_snipped.dat', 'lambda_0.9000/simfile_snipped.dat', 'lambda_1.0000/simfile_snipped.dat']
#Overlap matrix
0.9414 0.0559 0.0020 0.0003 0.0001 0.0001 0.0001 0.0001 0.0000 0.0000 0.0000
0.0559 0.7328 0.1710 0.0260 0.0071 0.0036 0.0020 0.0010 0.0004 0.0001 0.0000
0.0020 0.1710 0.5334 0.1916 0.0536 0.0255 0.0138 0.0063 0.0022 0.0006 0.0001
0.0003 0.0260 0.1916 0.4150 0.1928 0.0895 0.0489 0.0240 0.0091 0.0025 0.0004
0.0001 0.0071 0.0536 0.1928 0.3204 0.2031 0.1191 0.0650 0.0282 0.0089 0.0017
0.0001 0.0036 0.0255 0.0895 0.2031 0.2558 0.1947 0.1273 0.0678 0.0263 0.0062
0.0001 0.0020 0.0138 0.0489 0.1191 0.1947 0.2222 0.1889 0.1277 0.0633 0.0194
0.0001 0.0010 0.0063 0.0240 0.0650 0.1273 0.1889 0.2151 0.1923 0.1269 0.0532
0.0000 0.0004 0.0022 0.0091 0.0282 0.0678 0.1277 0.1923 0.2317 0.2116 0.1291
0.0000 0.0001 0.0006 0.0025 0.0089 0.0263 0.0633 0.1269 0.2116 0.2824 0.2775
0.0000 0.0000 0.0001 0.0004 0.0017 0.0062 0.0194 0.0532 0.1291 0.2775 0.5123
#DG from neighbouring lambda in kcal/mol
0.0000 0.1000 -13.3871 0.1119
0.1000 0.2000 -4.3387 0.0481
0.2000 0.3000 -1.8827 0.0333
0.3000 0.4000 -0.6738 0.0236
0.4000 0.5000 0.5623 0.0153
0.5000 0.6000 1.6837 0.0114
0.6000 0.7000 2.7485 0.0102
0.7000 0.8000 3.8043 0.0109
0.8000 0.9000 4.8513 0.0128
0.9000 1.0000 5.8065 0.0179
#PMF from MBAR in kcal/mol
0.0000 0.0000 0.0000
0.1000 -13.3871 0.1119
0.2000 -17.7258 0.1271
0.3000 -19.6086 0.1340
0.4000 -20.2824 0.1373
0.5000 -19.7201 0.1388
0.6000 -18.0363 0.1400
0.7000 -15.2879 0.1412
0.8000 -11.4835 0.1427
0.9000 -6.6322 0.1445
1.0000 -0.8257 0.1472
#TI average gradients and standard deviation in kcal/mol
0.0000 -230.5672 27.5084
0.1000 -69.3672 16.7683
0.2000 -26.1978 13.8857
0.3000 -12.3954 10.6338
0.4000 0.0321 7.3479
0.5000 11.7586 5.4442
0.6000 22.6685 4.1235
0.7000 32.7403 4.1643
0.8000 43.8587 4.4053
0.9000 52.6952 5.3962
1.0000 64.3849 6.1946
#PMF from TI in kcal/mol
0.0000 0.0000
0.1000 -14.9967
0.2000 -19.7750
0.3000 -21.7046
0.4000 -22.3228
0.5000 -21.7333
0.6000 -20.0119
0.7000 -17.2415
0.8000 -13.4115
0.9000 -8.5838
1.0000 -2.7298
#MBAR free energy difference in kcal/mol: 
-0.825734, 0.147192  #WARNING SUBSAMPLING DISABLED, CONSIDER RERUN WITH SUBSAMPLING OPTION
#TI free energy difference in kcal/mol: 
-2.729824  #WARNING SUBSAMPLING DISABLED, CONSIDER RERUN WITH SUBSAMPLING OPTION 
Starting /export/users/common/BioSimSpace/sire.app/bin/analyse_freenrg: number of threads equals 32
