# Analysing data contained in file(s) ['lambda_0.0000/simfile_snipped.dat', 'lambda_0.1000/simfile_snipped.dat', 'lambda_0.2000/simfile_snipped.dat', 'lambda_0.3000/simfile_snipped.dat', 'lambda_0.4000/simfile_snipped.dat', 'lambda_0.5000/simfile_snipped.dat', 'lambda_0.6000/simfile_snipped.dat', 'lambda_0.7000/simfile_snipped.dat', 'lambda_0.8000/simfile_snipped.dat', 'lambda_0.9000/simfile_snipped.dat', 'lambda_1.0000/simfile_snipped.dat']
#Overlap matrix
0.8505 0.1300 0.0152 0.0033 0.0008 0.0002 0.0000 0.0000 0.0000 0.0000 0.0000
0.1300 0.5705 0.2202 0.0604 0.0154 0.0030 0.0005 0.0000 0.0000 0.0000 0.0000
0.0152 0.2202 0.4320 0.2315 0.0768 0.0196 0.0041 0.0005 0.0000 0.0000 0.0000
0.0033 0.0604 0.2315 0.3758 0.2200 0.0788 0.0246 0.0049 0.0005 0.0000 0.0000
0.0008 0.0154 0.0768 0.2200 0.3424 0.2187 0.0952 0.0265 0.0039 0.0003 0.0000
0.0002 0.0030 0.0196 0.0788 0.2187 0.3343 0.2353 0.0891 0.0185 0.0024 0.0001
0.0000 0.0005 0.0041 0.0246 0.0952 0.2353 0.3370 0.2198 0.0681 0.0143 0.0011
0.0000 0.0000 0.0005 0.0049 0.0265 0.0891 0.2198 0.3636 0.2158 0.0691 0.0105
0.0000 0.0000 0.0000 0.0005 0.0039 0.0185 0.0681 0.2158 0.4022 0.2249 0.0661
0.0000 0.0000 0.0000 0.0000 0.0003 0.0024 0.0143 0.0691 0.2249 0.3856 0.3033
0.0000 0.0000 0.0000 0.0000 0.0000 0.0001 0.0011 0.0105 0.0661 0.3033 0.6188
#DG from neighbouring lambda in kcal/mol
0.0000 0.1000 -7.7278 0.0628
0.1000 0.2000 -4.3186 0.0333
0.2000 0.3000 -3.6486 0.0249
0.3000 0.4000 -3.6223 0.0229
0.4000 0.5000 -3.6271 0.0211
0.5000 0.6000 -3.5054 0.0189
0.6000 0.7000 -3.4804 0.0227
0.7000 0.8000 -3.4751 0.0260
0.8000 0.9000 -3.3505 0.0266
0.9000 1.0000 -3.6723 0.0247
#PMF from MBAR in kcal/mol
0.0000 0.0000 0.0000
0.1000 -7.7278 0.0628
0.2000 -12.0464 0.0776
0.3000 -15.6950 0.0849
0.4000 -19.3173 0.0908
0.5000 -22.9444 0.0961
0.6000 -26.4499 0.1003
0.7000 -29.9302 0.1054
0.8000 -33.4054 0.1115
0.9000 -36.7558 0.1172
1.0000 -40.4281 0.1232
#TI average gradients and standard deviation in kcal/mol
0.0000 -117.5546 17.9912
0.1000 -52.3759 11.6779
0.2000 -37.9576 9.7939
0.3000 -34.9681 8.3769
0.4000 -37.8282 9.0879
0.5000 -35.4799 8.2909
0.6000 -34.6706 7.9652
0.7000 -32.9704 7.7855
0.8000 -31.1423 6.7414
0.9000 -43.4163 6.7741
1.0000 -23.3118 12.0683
#PMF from TI in kcal/mol
0.0000 0.0000
0.1000 -8.4965
0.2000 -13.0132
0.3000 -16.6595
0.4000 -20.2993
0.5000 -23.9647
0.6000 -27.4722
0.7000 -30.8543
0.8000 -34.0599
0.9000 -37.7878
1.0000 -41.1242
#MBAR free energy difference in kcal/mol: 
-40.428094, 0.123182  #WARNING SUBSAMPLING DISABLED, CONSIDER RERUN WITH SUBSAMPLING OPTION
#TI free energy difference in kcal/mol: 
-41.124243  #WARNING SUBSAMPLING DISABLED, CONSIDER RERUN WITH SUBSAMPLING OPTION 
Starting /export/users/common/BioSimSpace/sire.app/bin/analyse_freenrg: number of threads equals 32
