# Analysing data contained in file(s) ['lambda_0.0000/simfile_snipped.dat', 'lambda_0.1000/simfile_snipped.dat', 'lambda_0.2000/simfile_snipped.dat', 'lambda_0.3000/simfile_snipped.dat', 'lambda_0.4000/simfile_snipped.dat', 'lambda_0.5000/simfile_snipped.dat', 'lambda_0.6000/simfile_snipped.dat', 'lambda_0.7000/simfile_snipped.dat', 'lambda_0.8000/simfile_snipped.dat', 'lambda_0.9000/simfile_snipped.dat', 'lambda_1.0000/simfile_snipped.dat']
#Overlap matrix
0.9678 0.0322 0.0000 0.0000 0.0000 0.0000 0.0000 0.0000 0.0000 0.0000 0.0000
0.0322 0.9049 0.0629 0.0000 0.0000 0.0000 0.0000 0.0000 0.0000 0.0000 0.0000
0.0000 0.0629 0.8712 0.0659 0.0000 0.0000 0.0000 0.0000 0.0000 0.0000 0.0000
0.0000 0.0000 0.0659 0.8505 0.0836 0.0000 0.0000 0.0000 0.0000 0.0000 0.0000
0.0000 0.0000 0.0000 0.0836 0.8295 0.0869 0.0000 0.0000 0.0000 0.0000 0.0000
0.0000 0.0000 0.0000 0.0000 0.0869 0.8300 0.0831 0.0001 0.0000 0.0000 0.0000
0.0000 0.0000 0.0000 0.0000 0.0000 0.0831 0.8293 0.0876 0.0001 0.0000 0.0000
0.0000 0.0000 0.0000 0.0000 0.0000 0.0001 0.0876 0.8216 0.0907 0.0000 0.0000
0.0000 0.0000 0.0000 0.0000 0.0000 0.0000 0.0001 0.0907 0.8357 0.0735 0.0000
0.0000 0.0000 0.0000 0.0000 0.0000 0.0000 0.0000 0.0000 0.0735 0.8605 0.0660
0.0000 0.0000 0.0000 0.0000 0.0000 0.0000 0.0000 0.0000 0.0000 0.0660 0.9340
#DG from neighbouring lambda in kcal/mol
0.0000 0.1000 14.7656 0.1554
0.1000 0.2000 12.6509 0.1074
0.2000 0.3000 10.7416 0.1046
0.3000 0.4000 8.8643 0.0909
0.4000 0.5000 6.8971 0.0888
0.5000 0.6000 5.1009 0.0913
0.6000 0.7000 3.6875 0.0884
0.7000 0.8000 2.7995 0.0865
0.8000 0.9000 2.4779 0.0982
0.9000 1.0000 4.2723 0.1045
#PMF from MBAR in kcal/mol
0.0000 0.0000 0.0000
0.1000 14.7656 0.1554
0.2000 27.4165 0.1932
0.3000 38.1581 0.2235
0.4000 47.0224 0.2447
0.5000 53.9195 0.2634
0.6000 59.0204 0.2817
0.7000 62.7079 0.2981
0.8000 65.5074 0.3130
0.9000 67.9853 0.3305
1.0000 72.2576 0.3491
#TI average gradients and standard deviation in kcal/mol
0.0000 287.5747 2623.5179
0.1000 135.7698 21.6485
0.2000 117.7879 19.4892
0.3000 96.6793 18.7949
0.4000 78.3772 20.2583
0.5000 60.1591 20.3945
0.6000 43.3570 19.4187
0.7000 31.8676 19.3461
0.8000 26.0039 20.0514
0.9000 27.3043 21.0216
1.0000 70.0831 23.8352
#PMF from TI in kcal/mol
0.0000 0.0000
0.1000 21.1672
0.2000 33.8451
0.3000 44.5685
0.4000 53.3213
0.5000 60.2481
0.6000 65.4239
0.7000 69.1851
0.8000 72.0787
0.9000 74.7441
1.0000 79.6135
#MBAR free energy difference in kcal/mol: 
72.257598, 0.349054  #WARNING SUBSAMPLING DISABLED, CONSIDER RERUN WITH SUBSAMPLING OPTION
#TI free energy difference in kcal/mol: 
79.613488  #WARNING SUBSAMPLING DISABLED, CONSIDER RERUN WITH SUBSAMPLING OPTION 
Starting /export/users/common/BioSimSpace/sire.app/bin/analyse_freenrg: number of threads equals 32
