# Analysing data contained in file(s) ['lambda_0.0000/simfile_snipped.dat', 'lambda_0.1000/simfile_snipped.dat', 'lambda_0.2000/simfile_snipped.dat', 'lambda_0.3000/simfile_snipped.dat', 'lambda_0.4000/simfile_snipped.dat', 'lambda_0.5000/simfile_snipped.dat', 'lambda_0.6000/simfile_snipped.dat', 'lambda_0.7000/simfile_snipped.dat', 'lambda_0.8000/simfile_snipped.dat', 'lambda_0.9000/simfile_snipped.dat', 'lambda_1.0000/simfile_snipped.dat']
#Overlap matrix
0.7395 0.2297 0.0294 0.0014 0.0000 0.0000 0.0000 0.0000 0.0000 0.0000 0.0000
0.2297 0.4785 0.2486 0.0411 0.0020 0.0000 0.0000 0.0000 0.0000 0.0000 0.0000
0.0294 0.2486 0.4416 0.2409 0.0378 0.0017 0.0000 0.0000 0.0000 0.0000 0.0000
0.0014 0.0411 0.2409 0.4412 0.2384 0.0358 0.0012 0.0000 0.0000 0.0000 0.0000
0.0000 0.0020 0.0378 0.2384 0.4558 0.2369 0.0284 0.0007 0.0000 0.0000 0.0000
0.0000 0.0000 0.0017 0.0358 0.2369 0.4703 0.2324 0.0227 0.0002 0.0000 0.0000
0.0000 0.0000 0.0000 0.0012 0.0284 0.2324 0.4994 0.2266 0.0120 0.0000 0.0000
0.0000 0.0000 0.0000 0.0000 0.0007 0.0227 0.2266 0.5441 0.2041 0.0018 0.0000
0.0000 0.0000 0.0000 0.0000 0.0000 0.0002 0.0120 0.2041 0.6783 0.1051 0.0002
0.0000 0.0000 0.0000 0.0000 0.0000 0.0000 0.0000 0.0018 0.1051 0.7706 0.1225
0.0000 0.0000 0.0000 0.0000 0.0000 0.0000 0.0000 0.0000 0.0002 0.1225 0.8773
#DG from neighbouring lambda in kcal/mol
0.0000 0.1000 0.3045 0.0395
0.1000 0.2000 4.0252 0.0315
0.2000 0.3000 4.6400 0.0314
0.3000 0.4000 4.6281 0.0324
0.4000 0.5000 4.5654 0.0337
0.5000 0.6000 4.4471 0.0361
0.6000 0.7000 4.2801 0.0392
0.7000 0.8000 3.7852 0.0464
0.8000 0.9000 2.1263 0.0781
0.9000 1.0000 -0.9907 0.0715
#PMF from MBAR in kcal/mol
0.0000 0.0000 0.0000
0.1000 0.3045 0.0395
0.2000 4.3296 0.0599
0.3000 8.9696 0.0746
0.4000 13.5977 0.0874
0.5000 18.1631 0.0990
0.6000 22.6102 0.1105
0.7000 26.8904 0.1221
0.8000 30.6756 0.1356
0.9000 32.8019 0.1613
1.0000 31.8113 0.1810
#TI average gradients and standard deviation in kcal/mol
0.0000 -44.8662 12.9749
0.1000 32.0055 10.2363
0.2000 44.8143 8.8136
0.3000 46.6838 9.9792
0.4000 46.1344 10.1667
0.5000 45.1525 10.6301
0.6000 44.3084 10.3876
0.7000 40.8448 12.1121
0.8000 33.6668 14.1238
0.9000 3.9939 18.9080
1.0000 -21.0367 17.2264
#PMF from TI in kcal/mol
0.0000 0.0000
0.1000 -0.6430
0.2000 3.1980
0.3000 7.7729
0.4000 12.4138
0.5000 16.9781
0.6000 21.4512
0.7000 25.7088
0.8000 29.4344
0.9000 31.3174
1.0000 30.4653
#MBAR free energy difference in kcal/mol: 
31.811270, 0.181048  #WARNING SUBSAMPLING DISABLED, CONSIDER RERUN WITH SUBSAMPLING OPTION
#TI free energy difference in kcal/mol: 
30.465308  #WARNING SUBSAMPLING DISABLED, CONSIDER RERUN WITH SUBSAMPLING OPTION 
Starting /export/users/common/BioSimSpace/sire.app/bin/analyse_freenrg: number of threads equals 32
