# Analysing data contained in file(s) ['lambda_0.0000/simfile_snipped.dat', 'lambda_0.1000/simfile_snipped.dat', 'lambda_0.2000/simfile_snipped.dat', 'lambda_0.3000/simfile_snipped.dat', 'lambda_0.4000/simfile_snipped.dat', 'lambda_0.5000/simfile_snipped.dat', 'lambda_0.6000/simfile_snipped.dat', 'lambda_0.7000/simfile_snipped.dat', 'lambda_0.8000/simfile_snipped.dat', 'lambda_0.9000/simfile_snipped.dat', 'lambda_1.0000/simfile_snipped.dat']
#Overlap matrix
0.9188 0.0812 0.0000 0.0000 0.0000 0.0000 0.0000 0.0000 0.0000 0.0000 0.0000
0.0812 0.8298 0.0890 0.0000 0.0000 0.0000 0.0000 0.0000 0.0000 0.0000 0.0000
0.0000 0.0890 0.8754 0.0356 0.0000 0.0000 0.0000 0.0000 0.0000 0.0000 0.0000
0.0000 0.0000 0.0356 0.9116 0.0526 0.0002 0.0000 0.0000 0.0000 0.0000 0.0000
0.0000 0.0000 0.0000 0.0526 0.7736 0.1646 0.0090 0.0003 0.0000 0.0000 0.0000
0.0000 0.0000 0.0000 0.0002 0.1646 0.5688 0.2312 0.0325 0.0026 0.0001 0.0000
0.0000 0.0000 0.0000 0.0000 0.0090 0.2312 0.4511 0.2416 0.0584 0.0080 0.0006
0.0000 0.0000 0.0000 0.0000 0.0003 0.0325 0.2416 0.3905 0.2442 0.0790 0.0120
0.0000 0.0000 0.0000 0.0000 0.0000 0.0026 0.0584 0.2442 0.3608 0.2528 0.0812
0.0000 0.0000 0.0000 0.0000 0.0000 0.0001 0.0080 0.0790 0.2528 0.3755 0.2845
0.0000 0.0000 0.0000 0.0000 0.0000 0.0000 0.0006 0.0120 0.0812 0.2845 0.6217
#DG from neighbouring lambda in kcal/mol
0.0000 0.1000 25.3050 0.0925
0.1000 0.2000 21.9919 0.0876
0.2000 0.3000 16.9849 0.1472
0.3000 0.4000 3.9926 0.1186
0.4000 0.5000 -0.2421 0.0558
0.5000 0.6000 -2.0359 0.0374
0.6000 0.7000 -2.9167 0.0296
0.7000 0.8000 -3.3485 0.0244
0.8000 0.9000 -3.5420 0.0220
0.9000 1.0000 -3.7292 0.0257
#PMF from MBAR in kcal/mol
0.0000 0.0000 0.0000
0.1000 25.3050 0.0925
0.2000 47.2969 0.1337
0.3000 64.2819 0.2030
0.4000 68.2744 0.2386
0.5000 68.0324 0.2483
0.6000 65.9964 0.2538
0.7000 63.0797 0.2575
0.8000 59.7312 0.2603
0.9000 56.1892 0.2626
1.0000 52.4600 0.2652
#TI average gradients and standard deviation in kcal/mol
0.0000 260.7816 19.4604
0.1000 239.3619 18.8390
0.2000 200.5021 17.0539
0.3000 92.8593 39.2723
0.4000 11.5152 15.8460
0.5000 -13.3887 11.8899
0.6000 -25.6909 9.3661
0.7000 -31.7048 7.7497
0.8000 -34.8155 6.7761
0.9000 -35.8872 6.6192
1.0000 -38.3995 7.4557
#PMF from TI in kcal/mol
0.0000 0.0000
0.1000 25.0072
0.2000 47.0004
0.3000 61.6684
0.4000 66.8872
0.5000 66.7935
0.6000 64.8395
0.7000 61.9697
0.8000 58.6437
0.9000 55.1086
1.0000 51.3943
#MBAR free energy difference in kcal/mol: 
52.460033, 0.265232  #WARNING SUBSAMPLING DISABLED, CONSIDER RERUN WITH SUBSAMPLING OPTION
#TI free energy difference in kcal/mol: 
51.394254  #WARNING SUBSAMPLING DISABLED, CONSIDER RERUN WITH SUBSAMPLING OPTION 
Starting /export/users/common/BioSimSpace/sire.app/bin/analyse_freenrg: number of threads equals 32
