# Analysing data contained in file(s) ['lambda_0.0000/simfile_snipped.dat', 'lambda_0.1000/simfile_snipped.dat', 'lambda_0.2000/simfile_snipped.dat', 'lambda_0.3000/simfile_snipped.dat', 'lambda_0.4000/simfile_snipped.dat', 'lambda_0.5000/simfile_snipped.dat', 'lambda_0.6000/simfile_snipped.dat', 'lambda_0.7000/simfile_snipped.dat', 'lambda_0.8000/simfile_snipped.dat', 'lambda_0.9000/simfile_snipped.dat', 'lambda_1.0000/simfile_snipped.dat']
#Overlap matrix
0.7573 0.2203 0.0217 0.0006 0.0000 0.0000 0.0000 0.0000 0.0000 0.0000 0.0000
0.2203 0.5097 0.2412 0.0280 0.0008 0.0000 0.0000 0.0000 0.0000 0.0000 0.0000
0.0217 0.2412 0.4791 0.2292 0.0276 0.0011 0.0000 0.0000 0.0000 0.0000 0.0000
0.0006 0.0280 0.2292 0.4720 0.2336 0.0350 0.0017 0.0000 0.0000 0.0000 0.0000
0.0000 0.0008 0.0276 0.2336 0.4550 0.2426 0.0388 0.0016 0.0000 0.0000 0.0000
0.0000 0.0000 0.0011 0.0350 0.2426 0.4474 0.2373 0.0347 0.0020 0.0001 0.0000
0.0000 0.0000 0.0000 0.0017 0.0388 0.2373 0.4374 0.2372 0.0435 0.0039 0.0003
0.0000 0.0000 0.0000 0.0000 0.0016 0.0347 0.2372 0.4332 0.2424 0.0493 0.0015
0.0000 0.0000 0.0000 0.0000 0.0000 0.0020 0.0435 0.2424 0.4781 0.2310 0.0030
0.0000 0.0000 0.0000 0.0000 0.0000 0.0001 0.0039 0.0493 0.2310 0.6852 0.0305
0.0000 0.0000 0.0000 0.0000 0.0000 0.0000 0.0003 0.0015 0.0030 0.0305 0.9647
#DG from neighbouring lambda in kcal/mol
0.0000 0.1000 5.8734 0.0423
0.1000 0.2000 4.3539 0.0351
0.2000 0.3000 2.8705 0.0359
0.3000 0.4000 1.2294 0.0344
0.4000 0.5000 -0.3774 0.0318
0.5000 0.6000 -2.0726 0.0325
0.6000 0.7000 -4.0161 0.0317
0.7000 0.8000 -5.7233 0.0299
0.8000 0.9000 -4.1948 0.0362
0.9000 1.0000 12.0702 0.1481
#PMF from MBAR in kcal/mol
0.0000 0.0000 0.0000
0.1000 5.8734 0.0423
0.2000 10.2272 0.0644
0.3000 13.0978 0.0809
0.4000 14.3272 0.0940
0.5000 13.9497 0.1043
0.6000 11.8771 0.1137
0.7000 7.8610 0.1225
0.8000 2.1377 0.1298
0.9000 -2.0571 0.1375
1.0000 10.0131 0.2040
#TI average gradients and standard deviation in kcal/mol
0.0000 66.9888 13.1347
0.1000 50.6925 9.7850
0.2000 36.6327 9.8033
0.3000 19.7811 9.7157
0.4000 4.5951 9.6194
0.5000 -12.2738 9.3337
0.6000 -30.2558 9.6280
0.7000 -49.8637 9.7669
0.8000 -60.9555 9.5687
0.9000 -0.7581 17.7696
1.0000 306.6399 41.0022
#PMF from TI in kcal/mol
0.0000 0.0000
0.1000 5.8841
0.2000 10.2503
0.3000 13.0710
0.4000 14.2898
0.5000 13.9059
0.6000 11.7794
0.7000 7.7734
0.8000 2.2325
0.9000 -0.8532
1.0000 14.4409
#MBAR free energy difference in kcal/mol: 
10.013127, 0.204010  #WARNING SUBSAMPLING DISABLED, CONSIDER RERUN WITH SUBSAMPLING OPTION
#TI free energy difference in kcal/mol: 
14.440893  #WARNING SUBSAMPLING DISABLED, CONSIDER RERUN WITH SUBSAMPLING OPTION 
Starting /export/users/common/BioSimSpace/sire.app/bin/analyse_freenrg: number of threads equals 32
