# Analysing data contained in file(s) ['lambda_0.0000/simfile_snipped.dat', 'lambda_0.1000/simfile_snipped.dat', 'lambda_0.2000/simfile_snipped.dat', 'lambda_0.3000/simfile_snipped.dat', 'lambda_0.4000/simfile_snipped.dat', 'lambda_0.5000/simfile_snipped.dat', 'lambda_0.6000/simfile_snipped.dat', 'lambda_0.7000/simfile_snipped.dat', 'lambda_0.8000/simfile_snipped.dat', 'lambda_0.9000/simfile_snipped.dat', 'lambda_1.0000/simfile_snipped.dat']
#Overlap matrix
0.8414 0.1559 0.0027 0.0000 0.0000 0.0000 0.0000 0.0000 0.0000 0.0000 0.0000
0.1559 0.6498 0.1876 0.0068 0.0000 0.0000 0.0000 0.0000 0.0000 0.0000 0.0000
0.0027 0.1876 0.6057 0.1958 0.0081 0.0000 0.0000 0.0000 0.0000 0.0000 0.0000
0.0000 0.0068 0.1958 0.5797 0.2095 0.0082 0.0000 0.0000 0.0000 0.0000 0.0000
0.0000 0.0000 0.0081 0.2095 0.5812 0.1933 0.0078 0.0000 0.0000 0.0000 0.0000
0.0000 0.0000 0.0000 0.0082 0.1933 0.5906 0.2006 0.0073 0.0000 0.0000 0.0000
0.0000 0.0000 0.0000 0.0000 0.0078 0.2006 0.5911 0.1942 0.0063 0.0000 0.0000
0.0000 0.0000 0.0000 0.0000 0.0000 0.0073 0.1942 0.6071 0.1857 0.0058 0.0000
0.0000 0.0000 0.0000 0.0000 0.0000 0.0000 0.0063 0.1857 0.6173 0.1877 0.0030
0.0000 0.0000 0.0000 0.0000 0.0000 0.0000 0.0000 0.0058 0.1877 0.6579 0.1486
0.0000 0.0000 0.0000 0.0000 0.0000 0.0000 0.0000 0.0000 0.0030 0.1486 0.8484
#DG from neighbouring lambda in kcal/mol
0.0000 0.1000 -12.3537 0.0598
0.1000 0.2000 -9.8513 0.0506
0.2000 0.3000 -8.1042 0.0478
0.3000 0.4000 -6.7331 0.0450
0.4000 0.5000 -5.4725 0.0481
0.5000 0.6000 -4.2694 0.0469
0.6000 0.7000 -3.0795 0.0484
0.7000 0.8000 -1.9359 0.0505
0.8000 0.9000 -0.7361 0.0507
0.9000 1.0000 0.2757 0.0618
#PMF from MBAR in kcal/mol
0.0000 0.0000 0.0000
0.1000 -12.3537 0.0598
0.2000 -22.2050 0.0875
0.3000 -30.3092 0.1065
0.4000 -37.0423 0.1214
0.5000 -42.5148 0.1358
0.6000 -46.7841 0.1484
0.7000 -49.8637 0.1605
0.8000 -51.7996 0.1724
0.9000 -52.5357 0.1836
1.0000 -52.2600 0.1975
#TI average gradients and standard deviation in kcal/mol
0.0000 -142.7074 15.9232
0.1000 -108.5899 14.4819
0.2000 -89.7000 12.9972
0.3000 -73.0608 12.8208
0.4000 -60.8551 12.1012
0.5000 -48.9975 12.4956
0.6000 -36.3578 12.9500
0.7000 -25.2852 13.0916
0.8000 -13.2645 12.8500
0.9000 -1.8430 13.8307
1.0000 6.5756 17.4639
#PMF from TI in kcal/mol
0.0000 0.0000
0.1000 -12.5649
0.2000 -22.4794
0.3000 -30.6174
0.4000 -37.3132
0.5000 -42.8058
0.6000 -47.0736
0.7000 -50.1557
0.8000 -52.0832
0.9000 -52.8386
1.0000 -52.6020
#MBAR free energy difference in kcal/mol: 
-52.259967, 0.197540  #WARNING SUBSAMPLING DISABLED, CONSIDER RERUN WITH SUBSAMPLING OPTION
#TI free energy difference in kcal/mol: 
-52.601964  #WARNING SUBSAMPLING DISABLED, CONSIDER RERUN WITH SUBSAMPLING OPTION 
Starting /export/users/common/BioSimSpace/sire.app/bin/analyse_freenrg: number of threads equals 32
