# Analysing data contained in file(s) ['lambda_0.0000/simfile_snipped.dat', 'lambda_0.1000/simfile_snipped.dat', 'lambda_0.2000/simfile_snipped.dat', 'lambda_0.3000/simfile_snipped.dat', 'lambda_0.4000/simfile_snipped.dat', 'lambda_0.5000/simfile_snipped.dat', 'lambda_0.6000/simfile_snipped.dat', 'lambda_0.7000/simfile_snipped.dat', 'lambda_0.8000/simfile_snipped.dat', 'lambda_0.9000/simfile_snipped.dat', 'lambda_1.0000/simfile_snipped.dat']
#Overlap matrix
1.0000 0.0000 0.0000 0.0000 0.0000 0.0000 0.0000 0.0000 0.0000 0.0000 0.0000
0.0000 0.9937 0.0063 0.0000 0.0000 0.0000 0.0000 0.0000 0.0000 0.0000 0.0000
0.0000 0.0063 0.9125 0.0810 0.0002 0.0000 0.0000 0.0000 0.0000 0.0000 0.0000
0.0000 0.0000 0.0810 0.7691 0.1486 0.0014 0.0000 0.0000 0.0000 0.0000 0.0000
0.0000 0.0000 0.0002 0.1486 0.7085 0.1423 0.0003 0.0000 0.0000 0.0000 0.0000
0.0000 0.0000 0.0000 0.0014 0.1423 0.7407 0.1154 0.0003 0.0000 0.0000 0.0000
0.0000 0.0000 0.0000 0.0000 0.0003 0.1154 0.7764 0.1078 0.0000 0.0000 0.0000
0.0000 0.0000 0.0000 0.0000 0.0000 0.0003 0.1078 0.8207 0.0712 0.0000 0.0000
0.0000 0.0000 0.0000 0.0000 0.0000 0.0000 0.0000 0.0712 0.9252 0.0035 0.0000
0.0000 0.0000 0.0000 0.0000 0.0000 0.0000 0.0000 0.0000 0.0035 0.9965 0.0000
0.0000 0.0000 0.0000 0.0000 0.0000 0.0000 0.0000 0.0000 0.0000 0.0000 1.0000
#DG from neighbouring lambda in kcal/mol
0.0000 0.1000 63.1550 0.3467
0.1000 0.2000 24.9642 0.3619
0.2000 0.3000 16.5055 0.0925
0.3000 0.4000 13.2462 0.0622
0.4000 0.5000 11.0255 0.0641
0.5000 0.6000 7.9173 0.0742
0.6000 0.7000 4.6555 0.0776
0.7000 0.8000 0.3505 0.1000
0.8000 0.9000 -10.5503 0.4856
0.9000 1.0000 -237.4266 0.4510
#PMF from MBAR in kcal/mol
0.0000 0.0000 0.0000
0.1000 63.1550 0.3467
0.2000 88.1191 0.1305
0.3000 104.6247 0.1066
0.4000 117.8708 0.0979
0.5000 128.8963 0.0944
0.6000 136.8136 0.0985
0.7000 141.4691 0.1107
0.8000 141.8196 0.1368
0.9000 131.2694 0.4510
1.0000 -106.1573 0.0000
#TI average gradients and standard deviation in kcal/mol
0.0000 9574.6336 431.8632
0.1000 336.2857 42.3853
0.2000 191.0424 22.8774
0.3000 145.2262 17.7200
0.4000 121.7479 14.5558
0.5000 96.4164 17.3402
0.6000 63.3371 16.0753
0.7000 26.4474 18.7767
0.8000 -25.6335 25.0769
0.9000 -231.2684 51.2228
1.0000 -5372.7931 146.3165
#PMF from TI in kcal/mol
0.0000 0.0000
0.1000 495.5460
0.2000 521.9124
0.3000 538.7258
0.4000 552.0745
0.5000 562.9827
0.6000 570.9704
0.7000 575.4596
0.8000 575.5003
0.9000 562.6552
1.0000 282.4521
#MBAR free energy difference in kcal/mol: 
-106.157278, 0.000000  #WARNING SUBSAMPLING DISABLED, CONSIDER RERUN WITH SUBSAMPLING OPTION
#TI free energy difference in kcal/mol: 
282.452131  #WARNING SUBSAMPLING DISABLED, CONSIDER RERUN WITH SUBSAMPLING OPTION 
Starting /export/users/common/BioSimSpace/sire.app/bin/analyse_freenrg: number of threads equals 32
