# Analysing data contained in file(s) ['lambda_0.0000/simfile_snipped.dat', 'lambda_0.1000/simfile_snipped.dat', 'lambda_0.2000/simfile_snipped.dat', 'lambda_0.3000/simfile_snipped.dat', 'lambda_0.4000/simfile_snipped.dat', 'lambda_0.5000/simfile_snipped.dat', 'lambda_0.6000/simfile_snipped.dat', 'lambda_0.7000/simfile_snipped.dat', 'lambda_0.8000/simfile_snipped.dat', 'lambda_0.9000/simfile_snipped.dat', 'lambda_1.0000/simfile_snipped.dat']
#Overlap matrix
0.9848 0.0152 0.0000 0.0000 0.0000 0.0000 0.0000 0.0000 0.0000 0.0000 0.0000
0.0152 0.9784 0.0064 0.0000 0.0000 0.0000 0.0000 0.0000 0.0000 0.0000 0.0000
0.0000 0.0064 0.9775 0.0161 0.0000 0.0000 0.0000 0.0000 0.0000 0.0000 0.0000
0.0000 0.0000 0.0161 0.9281 0.0558 0.0000 0.0000 0.0000 0.0000 0.0000 0.0000
0.0000 0.0000 0.0000 0.0558 0.8531 0.0909 0.0002 0.0000 0.0000 0.0000 0.0000
0.0000 0.0000 0.0000 0.0000 0.0909 0.7949 0.1138 0.0003 0.0000 0.0000 0.0000
0.0000 0.0000 0.0000 0.0000 0.0002 0.1138 0.7515 0.1336 0.0009 0.0000 0.0000
0.0000 0.0000 0.0000 0.0000 0.0000 0.0003 0.1336 0.7199 0.1452 0.0008 0.0000
0.0000 0.0000 0.0000 0.0000 0.0000 0.0000 0.0009 0.1452 0.7227 0.1308 0.0004
0.0000 0.0000 0.0000 0.0000 0.0000 0.0000 0.0000 0.0008 0.1308 0.7619 0.1065
0.0000 0.0000 0.0000 0.0000 0.0000 0.0000 0.0000 0.0000 0.0004 0.1065 0.8931
#DG from neighbouring lambda in kcal/mol
0.0000 0.1000 25.1547 0.2304
0.1000 0.2000 15.5420 0.3568
0.2000 0.3000 4.7906 0.2234
0.3000 0.4000 -1.7535 0.1150
0.4000 0.5000 -4.4414 0.0863
0.5000 0.6000 -5.6355 0.0749
0.6000 0.7000 -6.2389 0.0671
0.7000 0.8000 -6.1065 0.0632
0.8000 0.9000 -5.7589 0.0680
0.9000 1.0000 -5.3010 0.0782
#PMF from MBAR in kcal/mol
0.0000 0.0000 0.0000
0.1000 25.1547 0.2304
0.2000 40.6967 0.4267
0.3000 45.4874 0.4834
0.4000 43.7339 0.4985
0.5000 39.2925 0.5076
0.6000 33.6570 0.5147
0.7000 27.4181 0.5206
0.8000 21.3116 0.5259
0.9000 15.5527 0.5318
1.0000 10.2517 0.5390
#TI average gradients and standard deviation in kcal/mol
0.0000 287.5055 27.2213
0.1000 209.8128 28.1068
0.2000 94.6338 30.4892
0.3000 4.8761 24.5954
0.4000 -34.1695 19.1100
0.5000 -52.0740 16.9292
0.6000 -60.2608 16.4428
0.7000 -62.4981 14.9145
0.8000 -59.5191 15.6304
0.9000 -55.1569 15.6111
1.0000 -49.9519 17.4456
#PMF from TI in kcal/mol
0.0000 0.0000
0.1000 24.8659
0.2000 40.0882
0.3000 45.0637
0.4000 43.5991
0.5000 39.2869
0.6000 33.6702
0.7000 27.5322
0.8000 21.4313
0.9000 15.6975
1.0000 10.4421
#MBAR free energy difference in kcal/mol: 
10.251677, 0.539003  #WARNING SUBSAMPLING DISABLED, CONSIDER RERUN WITH SUBSAMPLING OPTION
#TI free energy difference in kcal/mol: 
10.442102  #WARNING SUBSAMPLING DISABLED, CONSIDER RERUN WITH SUBSAMPLING OPTION 
Starting /export/users/common/BioSimSpace/sire.app/bin/analyse_freenrg: number of threads equals 32
