# Analysing data contained in file(s) ['lambda_0.0000/simfile_snipped.dat', 'lambda_0.1000/simfile_snipped.dat', 'lambda_0.2000/simfile_snipped.dat', 'lambda_0.3000/simfile_snipped.dat', 'lambda_0.4000/simfile_snipped.dat', 'lambda_0.5000/simfile_snipped.dat', 'lambda_0.6000/simfile_snipped.dat', 'lambda_0.7000/simfile_snipped.dat', 'lambda_0.8000/simfile_snipped.dat', 'lambda_0.9000/simfile_snipped.dat', 'lambda_1.0000/simfile_snipped.dat']
#Overlap matrix
0.8092 0.1816 0.0092 0.0001 0.0000 0.0000 0.0000 0.0000 0.0000 0.0000 0.0000
0.1816 0.5969 0.2092 0.0122 0.0001 0.0000 0.0000 0.0000 0.0000 0.0000 0.0000
0.0092 0.2092 0.5451 0.2223 0.0140 0.0001 0.0000 0.0000 0.0000 0.0000 0.0000
0.0001 0.0122 0.2223 0.5449 0.2087 0.0117 0.0001 0.0000 0.0000 0.0000 0.0000
0.0000 0.0001 0.0140 0.2087 0.5562 0.2101 0.0107 0.0001 0.0000 0.0000 0.0000
0.0000 0.0000 0.0001 0.0117 0.2101 0.5590 0.2086 0.0104 0.0001 0.0000 0.0000
0.0000 0.0000 0.0000 0.0001 0.0107 0.2086 0.5657 0.2023 0.0125 0.0001 0.0000
0.0000 0.0000 0.0000 0.0000 0.0001 0.0104 0.2023 0.5534 0.2235 0.0103 0.0000
0.0000 0.0000 0.0000 0.0000 0.0000 0.0001 0.0125 0.2235 0.5660 0.1939 0.0040
0.0000 0.0000 0.0000 0.0000 0.0000 0.0000 0.0001 0.0103 0.1939 0.6442 0.1515
0.0000 0.0000 0.0000 0.0000 0.0000 0.0000 0.0000 0.0000 0.0040 0.1515 0.8444
#DG from neighbouring lambda in kcal/mol
0.0000 0.1000 1.2506 0.0520
0.1000 0.2000 3.4062 0.0442
0.2000 0.3000 3.1599 0.0412
0.3000 0.4000 2.4514 0.0436
0.4000 0.5000 1.5337 0.0439
0.5000 0.6000 0.5564 0.0443
0.6000 0.7000 -0.4462 0.0452
0.7000 0.8000 -1.2965 0.0415
0.8000 0.9000 -2.1702 0.0483
0.9000 1.0000 -3.2844 0.0606
#PMF from MBAR in kcal/mol
0.0000 0.0000 0.0000
0.1000 1.2506 0.0520
0.2000 4.6569 0.0772
0.3000 7.8168 0.0947
0.4000 10.2681 0.1102
0.5000 11.8018 0.1240
0.6000 12.3583 0.1367
0.7000 11.9120 0.1485
0.8000 10.6155 0.1583
0.9000 8.4453 0.1696
1.0000 5.1609 0.1841
#TI average gradients and standard deviation in kcal/mol
0.0000 -17.7723 16.7844
0.1000 29.8416 11.8911
0.2000 34.0659 13.1633
0.3000 29.2035 11.4831
0.4000 19.9287 11.9719
0.5000 10.2688 12.1113
0.6000 0.2703 13.0283
0.7000 -8.4756 11.5309
0.8000 -17.1921 12.0189
0.9000 -26.3698 13.1105
1.0000 -82.0945 865.2959
#PMF from TI in kcal/mol
0.0000 0.0000
0.1000 0.6035
0.2000 3.7988
0.3000 6.9623
0.4000 9.4189
0.5000 10.9288
0.6000 11.4557
0.7000 11.0455
0.8000 9.7621
0.9000 7.5840
1.0000 2.1608
#MBAR free energy difference in kcal/mol: 
5.160854, 0.184083  #WARNING SUBSAMPLING DISABLED, CONSIDER RERUN WITH SUBSAMPLING OPTION
#TI free energy difference in kcal/mol: 
2.160786  #WARNING SUBSAMPLING DISABLED, CONSIDER RERUN WITH SUBSAMPLING OPTION 
Starting /export/users/common/BioSimSpace/sire.app/bin/analyse_freenrg: number of threads equals 32
