# Analysing data contained in file(s) ['lambda_0.0000/simfile_snipped.dat', 'lambda_0.1000/simfile_snipped.dat', 'lambda_0.2000/simfile_snipped.dat', 'lambda_0.3000/simfile_snipped.dat', 'lambda_0.4000/simfile_snipped.dat', 'lambda_0.5000/simfile_snipped.dat', 'lambda_0.6000/simfile_snipped.dat', 'lambda_0.7000/simfile_snipped.dat', 'lambda_0.8000/simfile_snipped.dat', 'lambda_0.9000/simfile_snipped.dat', 'lambda_1.0000/simfile_snipped.dat']
#Overlap matrix
0.9410 0.0590 0.0001 0.0000 0.0000 0.0000 0.0000 0.0000 0.0000 0.0000 0.0000
0.0590 0.8830 0.0580 0.0000 0.0000 0.0000 0.0000 0.0000 0.0000 0.0000 0.0000
0.0001 0.0580 0.9082 0.0337 0.0000 0.0000 0.0000 0.0000 0.0000 0.0000 0.0000
0.0000 0.0000 0.0337 0.9400 0.0263 0.0000 0.0000 0.0000 0.0000 0.0000 0.0000
0.0000 0.0000 0.0000 0.0263 0.9529 0.0208 0.0001 0.0000 0.0000 0.0000 0.0000
0.0000 0.0000 0.0000 0.0000 0.0208 0.8780 0.0933 0.0076 0.0003 0.0000 0.0000
0.0000 0.0000 0.0000 0.0000 0.0001 0.0933 0.6729 0.2197 0.0140 0.0000 0.0000
0.0000 0.0000 0.0000 0.0000 0.0000 0.0076 0.2197 0.5506 0.2220 0.0001 0.0000
0.0000 0.0000 0.0000 0.0000 0.0000 0.0003 0.0140 0.2220 0.7408 0.0227 0.0001
0.0000 0.0000 0.0000 0.0000 0.0000 0.0000 0.0000 0.0001 0.0227 0.8353 0.1418
0.0000 0.0000 0.0000 0.0000 0.0000 0.0000 0.0000 0.0000 0.0001 0.1418 0.8581
#DG from neighbouring lambda in kcal/mol
0.0000 0.1000 -2.9297 0.1114
0.1000 0.2000 -0.3516 0.1124
0.2000 0.3000 -0.4728 0.1515
0.3000 0.4000 -0.4080 0.1730
0.4000 0.5000 -0.4419 0.1955
0.5000 0.6000 2.7554 0.0810
0.6000 0.7000 5.6140 0.0424
0.7000 0.8000 5.1278 0.0432
0.8000 0.9000 0.4764 0.1856
0.9000 1.0000 -3.7144 0.0647
#PMF from MBAR in kcal/mol
0.0000 0.0000 0.0000
0.1000 -2.9297 0.1114
0.2000 -3.2813 0.1633
0.3000 -3.7540 0.2264
0.4000 -4.1621 0.2878
0.5000 -4.6040 0.3503
0.6000 -1.8486 0.3618
0.7000 3.7654 0.3658
0.8000 8.8931 0.3700
0.9000 9.3695 0.4159
1.0000 5.6551 0.4228
#TI average gradients and standard deviation in kcal/mol
0.0000 -60.1132 18.4401
0.1000 -10.1531 19.2927
0.2000 -0.7307 23.2934
0.3000 -2.6499 22.7477
0.4000 -9.8900 27.0192
0.5000 5.9998 24.7420
0.6000 47.6536 11.7301
0.7000 57.3241 12.2787
0.8000 42.6405 13.4928
0.9000 -25.5870 12.7364
1.0000 -50.3695 16.6128
#PMF from TI in kcal/mol
0.0000 0.0000
0.1000 -3.5133
0.2000 -4.0575
0.3000 -4.2265
0.4000 -4.8535
0.5000 -5.0480
0.6000 -2.3654
0.7000 2.8835
0.8000 7.8818
0.9000 8.7344
1.0000 4.9366
#MBAR free energy difference in kcal/mol: 
5.655148, 0.422816  #WARNING SUBSAMPLING DISABLED, CONSIDER RERUN WITH SUBSAMPLING OPTION
#TI free energy difference in kcal/mol: 
4.936601  #WARNING SUBSAMPLING DISABLED, CONSIDER RERUN WITH SUBSAMPLING OPTION 
Starting /export/users/common/BioSimSpace/sire.app/bin/analyse_freenrg: number of threads equals 32
