# Analysing data contained in file(s) ['lambda_0.0000/simfile_snipped.dat', 'lambda_0.1000/simfile_snipped.dat', 'lambda_0.2000/simfile_snipped.dat', 'lambda_0.3000/simfile_snipped.dat', 'lambda_0.4000/simfile_snipped.dat', 'lambda_0.5000/simfile_snipped.dat', 'lambda_0.6000/simfile_snipped.dat', 'lambda_0.7000/simfile_snipped.dat', 'lambda_0.8000/simfile_snipped.dat', 'lambda_0.9000/simfile_snipped.dat', 'lambda_1.0000/simfile_snipped.dat']
#Overlap matrix
0.8529 0.1467 0.0004 0.0000 0.0000 0.0000 0.0000 0.0000 0.0000 0.0000 0.0000
0.1467 0.6929 0.1505 0.0085 0.0012 0.0002 0.0000 0.0000 0.0000 0.0000 0.0000
0.0004 0.1505 0.6093 0.2325 0.0073 0.0001 0.0000 0.0000 0.0000 0.0000 0.0000
0.0000 0.0085 0.2325 0.6886 0.0704 0.0000 0.0000 0.0000 0.0000 0.0000 0.0000
0.0000 0.0012 0.0073 0.0704 0.8865 0.0337 0.0009 0.0000 0.0000 0.0000 0.0000
0.0000 0.0002 0.0001 0.0000 0.0337 0.7553 0.1941 0.0162 0.0005 0.0000 0.0000
0.0000 0.0000 0.0000 0.0000 0.0009 0.1941 0.5641 0.2200 0.0204 0.0006 0.0000
0.0000 0.0000 0.0000 0.0000 0.0000 0.0162 0.2200 0.5315 0.2108 0.0209 0.0006
0.0000 0.0000 0.0000 0.0000 0.0000 0.0005 0.0204 0.2108 0.5219 0.2294 0.0171
0.0000 0.0000 0.0000 0.0000 0.0000 0.0000 0.0006 0.0209 0.2294 0.5846 0.1645
0.0000 0.0000 0.0000 0.0000 0.0000 0.0000 0.0000 0.0006 0.0171 0.1645 0.8177
#DG from neighbouring lambda in kcal/mol
0.0000 0.1000 -0.2344 0.0631
0.1000 0.2000 -2.0331 0.0593
0.2000 0.3000 -0.4556 0.0411
0.3000 0.4000 5.6313 0.0942
0.4000 0.5000 5.2542 0.1488
0.5000 0.6000 3.9077 0.0478
0.6000 0.7000 4.1189 0.0400
0.7000 0.8000 4.4476 0.0407
0.8000 0.9000 5.1185 0.0384
0.9000 1.0000 7.8268 0.0541
#PMF from MBAR in kcal/mol
0.0000 0.0000 0.0000
0.1000 -0.2344 0.0631
0.2000 -2.2675 0.0956
0.3000 -2.7231 0.1099
0.4000 2.9082 0.1474
0.5000 8.1625 0.2127
0.6000 12.0702 0.2213
0.7000 16.1891 0.2274
0.8000 20.6366 0.2335
0.9000 25.7551 0.2390
1.0000 33.5819 0.2473
#TI average gradients and standard deviation in kcal/mol
0.0000 -4.2906 15.3499
0.1000 -13.0379 19.5162
0.2000 -19.0248 12.1207
0.3000 17.4985 12.1482
0.4000 76.3677 39.5925
0.5000 40.0195 16.1726
0.6000 38.8876 12.2826
0.7000 43.4829 12.5294
0.8000 45.4298 11.0212
0.9000 59.7035 12.1145
1.0000 103.8700 19.2707
#PMF from TI in kcal/mol
0.0000 0.0000
0.1000 -0.8664
0.2000 -2.4696
0.3000 -2.5459
0.4000 2.1474
0.5000 7.9668
0.6000 11.9121
0.7000 16.0307
0.8000 20.4763
0.9000 25.7330
1.0000 33.9116
#MBAR free energy difference in kcal/mol: 
33.581893, 0.247279  #WARNING SUBSAMPLING DISABLED, CONSIDER RERUN WITH SUBSAMPLING OPTION
#TI free energy difference in kcal/mol: 
33.911635  #WARNING SUBSAMPLING DISABLED, CONSIDER RERUN WITH SUBSAMPLING OPTION 
Starting /export/users/common/BioSimSpace/sire.app/bin/analyse_freenrg: number of threads equals 32
