# Analysing data contained in file(s) ['lambda_0.0000/simfile_snipped.dat', 'lambda_0.1000/simfile_snipped.dat', 'lambda_0.2000/simfile_snipped.dat', 'lambda_0.3000/simfile_snipped.dat', 'lambda_0.4000/simfile_snipped.dat', 'lambda_0.5000/simfile_snipped.dat', 'lambda_0.6000/simfile_snipped.dat', 'lambda_0.7000/simfile_snipped.dat', 'lambda_0.8000/simfile_snipped.dat', 'lambda_0.9000/simfile_snipped.dat', 'lambda_1.0000/simfile_snipped.dat']
#Overlap matrix
0.6334 0.2921 0.0665 0.0075 0.0004 0.0000 0.0000 0.0000 0.0000 0.0000 0.0000
0.2921 0.3914 0.2396 0.0675 0.0087 0.0005 0.0000 0.0000 0.0000 0.0000 0.0000
0.0665 0.2396 0.3706 0.2427 0.0704 0.0094 0.0006 0.0000 0.0000 0.0000 0.0000
0.0075 0.0675 0.2427 0.3613 0.2385 0.0715 0.0102 0.0008 0.0000 0.0000 0.0000
0.0004 0.0087 0.0704 0.2385 0.3574 0.2386 0.0734 0.0115 0.0010 0.0001 0.0000
0.0000 0.0005 0.0094 0.0715 0.2386 0.3529 0.2361 0.0772 0.0127 0.0012 0.0000
0.0000 0.0000 0.0006 0.0102 0.0734 0.2361 0.3512 0.2417 0.0747 0.0114 0.0007
0.0000 0.0000 0.0000 0.0008 0.0115 0.0772 0.2417 0.3592 0.2372 0.0660 0.0063
0.0000 0.0000 0.0000 0.0000 0.0010 0.0127 0.0747 0.2372 0.3939 0.2416 0.0389
0.0000 0.0000 0.0000 0.0000 0.0001 0.0012 0.0114 0.0660 0.2416 0.4614 0.2184
0.0000 0.0000 0.0000 0.0000 0.0000 0.0000 0.0007 0.0063 0.0389 0.2184 0.7357
#DG from neighbouring lambda in kcal/mol
0.0000 0.1000 -1.3002 0.0264
0.1000 0.2000 -1.0692 0.0256
0.2000 0.3000 -0.8495 0.0241
0.3000 0.4000 -0.6484 0.0240
0.4000 0.5000 -0.4898 0.0236
0.5000 0.6000 -0.3353 0.0232
0.6000 0.7000 -0.0774 0.0225
0.7000 0.8000 0.3252 0.0243
0.8000 0.9000 1.2310 0.0279
0.9000 1.0000 3.5749 0.0394
#PMF from MBAR in kcal/mol
0.0000 0.0000 0.0000
0.1000 -1.3002 0.0264
0.2000 -2.3694 0.0457
0.3000 -3.2190 0.0589
0.4000 -3.8674 0.0694
0.5000 -4.3572 0.0784
0.6000 -4.6926 0.0862
0.7000 -4.7700 0.0930
0.8000 -4.4448 0.0997
0.9000 -3.2138 0.1070
1.0000 0.3611 0.1179
#TI average gradients and standard deviation in kcal/mol
0.0000 -15.5658 7.4798
0.1000 -11.7190 8.3429
0.2000 -9.6997 7.7248
0.3000 -7.2933 7.4463
0.4000 -5.5746 7.3823
0.5000 -4.2459 7.4826
0.6000 -2.5212 7.4015
0.7000 0.4836 7.5346
0.8000 6.7143 8.1207
0.9000 20.6615 10.9706
1.0000 57.5831 13.9273
#PMF from TI in kcal/mol
0.0000 0.0000
0.1000 -1.3642
0.2000 -2.4352
0.3000 -3.2848
0.4000 -3.9282
0.5000 -4.4192
0.6000 -4.7576
0.7000 -4.8595
0.8000 -4.4996
0.9000 -3.1308
1.0000 0.7814
#MBAR free energy difference in kcal/mol: 
0.361137, 0.117903  #WARNING SUBSAMPLING DISABLED, CONSIDER RERUN WITH SUBSAMPLING OPTION
#TI free energy difference in kcal/mol: 
0.781421  #WARNING SUBSAMPLING DISABLED, CONSIDER RERUN WITH SUBSAMPLING OPTION 
Starting /export/users/common/BioSimSpace/sire.app/bin/analyse_freenrg: number of threads equals 32
