# Analysing data contained in file(s) ['lambda_0.0000/simfile_snipped.dat', 'lambda_0.1000/simfile_snipped.dat', 'lambda_0.2000/simfile_snipped.dat', 'lambda_0.3000/simfile_snipped.dat', 'lambda_0.4000/simfile_snipped.dat', 'lambda_0.5000/simfile_snipped.dat', 'lambda_0.6000/simfile_snipped.dat', 'lambda_0.7000/simfile_snipped.dat', 'lambda_0.8000/simfile_snipped.dat', 'lambda_0.9000/simfile_snipped.dat', 'lambda_1.0000/simfile_snipped.dat']
#Overlap matrix
0.8645 0.1337 0.0018 0.0000 0.0000 0.0000 0.0000 0.0000 0.0000 0.0000 0.0000
0.1337 0.6807 0.1796 0.0059 0.0000 0.0000 0.0000 0.0000 0.0000 0.0000 0.0000
0.0018 0.1796 0.6155 0.1958 0.0072 0.0000 0.0000 0.0000 0.0000 0.0000 0.0000
0.0000 0.0059 0.1958 0.5856 0.2044 0.0082 0.0000 0.0000 0.0000 0.0000 0.0000
0.0000 0.0000 0.0072 0.2044 0.5835 0.1967 0.0082 0.0000 0.0000 0.0000 0.0000
0.0000 0.0000 0.0000 0.0082 0.1967 0.5826 0.2052 0.0072 0.0000 0.0000 0.0000
0.0000 0.0000 0.0000 0.0000 0.0082 0.2052 0.5925 0.1849 0.0091 0.0000 0.0000
0.0000 0.0000 0.0000 0.0000 0.0000 0.0072 0.1849 0.5960 0.2051 0.0067 0.0000
0.0000 0.0000 0.0000 0.0000 0.0000 0.0000 0.0091 0.2051 0.5982 0.1827 0.0048
0.0000 0.0000 0.0000 0.0000 0.0000 0.0000 0.0000 0.0067 0.1827 0.6228 0.1878
0.0000 0.0000 0.0000 0.0000 0.0000 0.0000 0.0000 0.0000 0.0048 0.1878 0.8074
#DG from neighbouring lambda in kcal/mol
0.0000 0.1000 -5.2982 0.0668
0.1000 0.2000 -5.8011 0.0527
0.2000 0.3000 -5.5053 0.0482
0.3000 0.4000 -5.0160 0.0461
0.4000 0.5000 -4.3805 0.0474
0.5000 0.6000 -3.6148 0.0459
0.6000 0.7000 -2.8775 0.0498
0.7000 0.8000 -1.8285 0.0459
0.8000 0.9000 -0.7398 0.0512
0.9000 1.0000 0.5370 0.0515
#PMF from MBAR in kcal/mol
0.0000 0.0000 0.0000
0.1000 -5.2982 0.0668
0.2000 -11.0994 0.0937
0.3000 -16.6047 0.1119
0.4000 -21.6207 0.1267
0.5000 -26.0012 0.1403
0.6000 -29.6160 0.1522
0.7000 -32.4936 0.1644
0.8000 -34.3220 0.1745
0.9000 -35.0618 0.1857
1.0000 -34.5247 0.1965
#TI average gradients and standard deviation in kcal/mol
0.0000 -45.7897 17.3448
0.1000 -57.6269 13.6360
0.2000 -57.5239 12.6353
0.3000 -53.0507 13.2980
0.4000 -46.5966 12.6050
0.5000 -40.1924 12.4110
0.6000 -32.1415 12.3279
0.7000 -25.0142 12.3605
0.8000 -11.9916 13.1269
0.9000 -2.5965 14.0125
1.0000 15.5824 13.7956
#PMF from TI in kcal/mol
0.0000 0.0000
0.1000 -5.1708
0.2000 -10.9284
0.3000 -16.4571
0.4000 -21.4395
0.5000 -25.7789
0.6000 -29.3956
0.7000 -32.2534
0.8000 -34.1037
0.9000 -34.8331
1.0000 -34.1838
#MBAR free energy difference in kcal/mol: 
-34.524748, 0.196470  #WARNING SUBSAMPLING DISABLED, CONSIDER RERUN WITH SUBSAMPLING OPTION
#TI free energy difference in kcal/mol: 
-34.183805  #WARNING SUBSAMPLING DISABLED, CONSIDER RERUN WITH SUBSAMPLING OPTION 
Starting /export/users/common/BioSimSpace/sire.app/bin/analyse_freenrg: number of threads equals 32
