# Analysing data contained in file(s) ['lambda_0.0000/simfile_snipped.dat', 'lambda_0.1000/simfile_snipped.dat', 'lambda_0.2000/simfile_snipped.dat', 'lambda_0.3000/simfile_snipped.dat', 'lambda_0.4000/simfile_snipped.dat', 'lambda_0.5000/simfile_snipped.dat', 'lambda_0.6000/simfile_snipped.dat', 'lambda_0.7000/simfile_snipped.dat', 'lambda_0.8000/simfile_snipped.dat', 'lambda_0.9000/simfile_snipped.dat', 'lambda_1.0000/simfile_snipped.dat']
#Overlap matrix
0.6889 0.2575 0.0489 0.0046 0.0002 0.0000 0.0000 0.0000 0.0000 0.0000 0.0000
0.2575 0.4287 0.2474 0.0602 0.0060 0.0003 0.0000 0.0000 0.0000 0.0000 0.0000
0.0489 0.2474 0.3942 0.2433 0.0598 0.0062 0.0002 0.0000 0.0000 0.0000 0.0000
0.0046 0.0602 0.2433 0.3803 0.2440 0.0620 0.0053 0.0002 0.0000 0.0000 0.0000
0.0002 0.0060 0.0598 0.2440 0.3921 0.2389 0.0540 0.0048 0.0001 0.0000 0.0000
0.0000 0.0003 0.0062 0.0620 0.2389 0.3893 0.2430 0.0558 0.0045 0.0001 0.0000
0.0000 0.0000 0.0002 0.0053 0.0540 0.2430 0.3991 0.2423 0.0524 0.0037 0.0000
0.0000 0.0000 0.0000 0.0002 0.0048 0.0558 0.2423 0.4032 0.2433 0.0486 0.0019
0.0000 0.0000 0.0000 0.0000 0.0001 0.0045 0.0524 0.2433 0.4223 0.2469 0.0306
0.0000 0.0000 0.0000 0.0000 0.0000 0.0001 0.0037 0.0486 0.2469 0.4683 0.2324
0.0000 0.0000 0.0000 0.0000 0.0000 0.0000 0.0000 0.0019 0.0306 0.2324 0.7351
#DG from neighbouring lambda in kcal/mol
0.0000 0.1000 -0.9742 0.0328
0.1000 0.2000 0.6833 0.0273
0.2000 0.3000 2.3636 0.0262
0.3000 0.4000 4.0027 0.0260
0.4000 0.5000 5.6219 0.0271
0.5000 0.6000 7.1462 0.0273
0.6000 0.7000 8.6587 0.0277
0.7000 0.8000 10.1084 0.0285
0.8000 0.9000 11.4663 0.0306
0.9000 1.0000 12.4351 0.0389
#PMF from MBAR in kcal/mol
0.0000 0.0000 0.0000
0.1000 -0.9742 0.0328
0.2000 -0.2908 0.0517
0.3000 2.0728 0.0648
0.4000 6.0755 0.0756
0.5000 11.6975 0.0853
0.6000 18.8436 0.0945
0.7000 27.5024 0.1028
0.8000 37.6108 0.1109
0.9000 49.0771 0.1190
1.0000 61.5122 0.1294
#TI average gradients and standard deviation in kcal/mol
0.0000 -17.2708 11.5848
0.1000 -0.8718 8.8682
0.2000 15.1033 8.0740
0.3000 31.7467 7.9328
0.4000 48.4257 8.1514
0.5000 63.6651 8.2156
0.6000 79.1211 8.5040
0.7000 94.2257 8.6438
0.8000 108.1238 8.2743
0.9000 120.7312 9.3625
1.0000 126.8295 10.8331
#PMF from TI in kcal/mol
0.0000 0.0000
0.1000 -0.9071
0.2000 -0.1956
0.3000 2.1469
0.4000 6.1556
0.5000 11.7601
0.6000 18.8994
0.7000 27.5668
0.8000 37.6842
0.9000 49.1270
1.0000 61.5050
#MBAR free energy difference in kcal/mol: 
61.512232, 0.129445  #WARNING SUBSAMPLING DISABLED, CONSIDER RERUN WITH SUBSAMPLING OPTION
#TI free energy difference in kcal/mol: 
61.505025  #WARNING SUBSAMPLING DISABLED, CONSIDER RERUN WITH SUBSAMPLING OPTION 
Starting /export/users/common/BioSimSpace/sire.app/bin/analyse_freenrg: number of threads equals 32
