# Analysing data contained in file(s) ['lambda_0.0000/simfile_snipped.dat', 'lambda_0.1000/simfile_snipped.dat', 'lambda_0.2000/simfile_snipped.dat', 'lambda_0.3000/simfile_snipped.dat', 'lambda_0.4000/simfile_snipped.dat', 'lambda_0.5000/simfile_snipped.dat', 'lambda_0.6000/simfile_snipped.dat', 'lambda_0.7000/simfile_snipped.dat', 'lambda_0.8000/simfile_snipped.dat', 'lambda_0.9000/simfile_snipped.dat', 'lambda_1.0000/simfile_snipped.dat']
#Overlap matrix
0.9138 0.0855 0.0007 0.0000 0.0000 0.0000 0.0000 0.0000 0.0000 0.0000 0.0000
0.0855 0.7375 0.1748 0.0023 0.0000 0.0000 0.0000 0.0000 0.0000 0.0000 0.0000
0.0007 0.1748 0.6593 0.1627 0.0025 0.0000 0.0000 0.0000 0.0000 0.0000 0.0000
0.0000 0.0023 0.1627 0.6630 0.1696 0.0025 0.0000 0.0000 0.0000 0.0000 0.0000
0.0000 0.0000 0.0025 0.1696 0.6548 0.1703 0.0028 0.0000 0.0000 0.0000 0.0000
0.0000 0.0000 0.0000 0.0025 0.1703 0.6557 0.1683 0.0032 0.0000 0.0000 0.0000
0.0000 0.0000 0.0000 0.0000 0.0028 0.1683 0.6544 0.1701 0.0044 0.0000 0.0000
0.0000 0.0000 0.0000 0.0000 0.0000 0.0032 0.1701 0.6289 0.1941 0.0037 0.0000
0.0000 0.0000 0.0000 0.0000 0.0000 0.0000 0.0044 0.1941 0.6334 0.1666 0.0015
0.0000 0.0000 0.0000 0.0000 0.0000 0.0000 0.0000 0.0037 0.1666 0.6969 0.1328
0.0000 0.0000 0.0000 0.0000 0.0000 0.0000 0.0000 0.0000 0.0015 0.1328 0.8658
#DG from neighbouring lambda in kcal/mol
0.0000 0.1000 7.4603 0.0893
0.1000 0.2000 7.3563 0.0549
0.2000 0.3000 7.7499 0.0574
0.3000 0.4000 8.1191 0.0557
0.4000 0.5000 8.4942 0.0554
0.5000 0.6000 8.9631 0.0557
0.6000 0.7000 9.5391 0.0549
0.7000 0.8000 10.4953 0.0495
0.8000 0.9000 12.0120 0.0563
0.9000 1.0000 15.5183 0.0673
#PMF from MBAR in kcal/mol
0.0000 0.0000 0.0000
0.1000 7.4603 0.0893
0.2000 14.8166 0.1121
0.3000 22.5665 0.1319
0.4000 30.6856 0.1484
0.5000 39.1799 0.1632
0.6000 48.1430 0.1767
0.7000 57.6821 0.1891
0.8000 68.1773 0.1991
0.9000 80.1893 0.2105
1.0000 95.7076 0.2245
#TI average gradients and standard deviation in kcal/mol
0.0000 86.2493 23.2363
0.1000 70.9050 14.9785
0.2000 76.3349 13.9950
0.3000 78.9023 13.6915
0.4000 83.0773 14.0948
0.5000 87.0910 13.7946
0.6000 92.2604 14.1778
0.7000 99.2752 13.0646
0.8000 111.3201 13.3041
0.9000 131.5411 14.7365
1.0000 190.5092 19.1615
#PMF from TI in kcal/mol
0.0000 0.0000
0.1000 7.8577
0.2000 15.2197
0.3000 22.9816
0.4000 31.0806
0.5000 39.5890
0.6000 48.5565
0.7000 58.1333
0.8000 68.6631
0.9000 80.8061
1.0000 96.9086
#MBAR free energy difference in kcal/mol: 
95.707640, 0.224490  #WARNING SUBSAMPLING DISABLED, CONSIDER RERUN WITH SUBSAMPLING OPTION
#TI free energy difference in kcal/mol: 
96.908649  #WARNING SUBSAMPLING DISABLED, CONSIDER RERUN WITH SUBSAMPLING OPTION 
Starting /export/users/common/BioSimSpace/sire.app/bin/analyse_freenrg: number of threads equals 32
