# Analysing data contained in file(s) ['lambda_0.0000/simfile_snipped.dat', 'lambda_0.1000/simfile_snipped.dat', 'lambda_0.2000/simfile_snipped.dat', 'lambda_0.3000/simfile_snipped.dat', 'lambda_0.4000/simfile_snipped.dat', 'lambda_0.5000/simfile_snipped.dat', 'lambda_0.6000/simfile_snipped.dat', 'lambda_0.7000/simfile_snipped.dat', 'lambda_0.8000/simfile_snipped.dat', 'lambda_0.9000/simfile_snipped.dat', 'lambda_1.0000/simfile_snipped.dat']
#Overlap matrix
0.9852 0.0148 0.0000 0.0000 0.0000 0.0000 0.0000 0.0000 0.0000 0.0000 0.0000
0.0148 0.9695 0.0157 0.0000 0.0000 0.0000 0.0000 0.0000 0.0000 0.0000 0.0000
0.0000 0.0157 0.9595 0.0248 0.0000 0.0000 0.0000 0.0000 0.0000 0.0000 0.0000
0.0000 0.0000 0.0248 0.9476 0.0276 0.0000 0.0000 0.0000 0.0000 0.0000 0.0000
0.0000 0.0000 0.0000 0.0276 0.9425 0.0299 0.0000 0.0000 0.0000 0.0000 0.0000
0.0000 0.0000 0.0000 0.0000 0.0299 0.9304 0.0397 0.0000 0.0000 0.0000 0.0000
0.0000 0.0000 0.0000 0.0000 0.0000 0.0397 0.9059 0.0544 0.0000 0.0000 0.0000
0.0000 0.0000 0.0000 0.0000 0.0000 0.0000 0.0544 0.8883 0.0573 0.0000 0.0000
0.0000 0.0000 0.0000 0.0000 0.0000 0.0000 0.0000 0.0573 0.8678 0.0748 0.0000
0.0000 0.0000 0.0000 0.0000 0.0000 0.0000 0.0000 0.0000 0.0748 0.8380 0.0872
0.0000 0.0000 0.0000 0.0000 0.0000 0.0000 0.0000 0.0000 0.0000 0.0872 0.9128
#DG from neighbouring lambda in kcal/mol
0.0000 0.1000 2.0182 0.2336
0.1000 0.2000 4.5388 0.2262
0.2000 0.3000 4.2921 0.1785
0.3000 0.4000 3.8150 0.1685
0.4000 0.5000 2.8901 0.1616
0.5000 0.6000 2.2085 0.1387
0.6000 0.7000 1.8902 0.1166
0.7000 0.8000 1.1752 0.1132
0.8000 0.9000 1.0343 0.0971
0.9000 1.0000 0.0410 0.0887
#PMF from MBAR in kcal/mol
0.0000 0.0000 0.0000
0.1000 2.0182 0.2336
0.2000 6.5570 0.3277
0.3000 10.8491 0.3754
0.4000 14.6641 0.4135
0.5000 17.5542 0.4458
0.6000 19.7628 0.4687
0.7000 21.6530 0.4847
0.8000 22.8282 0.4994
0.9000 23.8625 0.5104
1.0000 23.9036 0.5196
#TI average gradients and standard deviation in kcal/mol
0.0000 -11.6598 31.1734
0.1000 42.7701 26.7779
0.2000 46.1619 24.9184
0.3000 42.9061 23.8156
0.4000 33.9992 23.0722
0.5000 24.5553 24.6732
0.6000 20.7626 22.7696
0.7000 16.6367 20.9197
0.8000 12.0253 18.9296
0.9000 6.1822 19.6918
1.0000 2.1228 19.6940
#PMF from TI in kcal/mol
0.0000 0.0000
0.1000 1.5555
0.2000 6.0021
0.3000 10.4555
0.4000 14.3008
0.5000 17.2285
0.6000 19.4944
0.7000 21.3644
0.8000 22.7975
0.9000 23.7078
1.0000 24.1231
#MBAR free energy difference in kcal/mol: 
23.903567, 0.519604  #WARNING SUBSAMPLING DISABLED, CONSIDER RERUN WITH SUBSAMPLING OPTION
#TI free energy difference in kcal/mol: 
24.123094  #WARNING SUBSAMPLING DISABLED, CONSIDER RERUN WITH SUBSAMPLING OPTION 
Starting /export/users/common/BioSimSpace/sire.app/bin/analyse_freenrg: number of threads equals 32
