# Analysing data contained in file(s) ['lambda_0.0000/simfile_snipped.dat', 'lambda_0.1000/simfile_snipped.dat', 'lambda_0.2000/simfile_snipped.dat', 'lambda_0.3000/simfile_snipped.dat', 'lambda_0.4000/simfile_snipped.dat', 'lambda_0.5000/simfile_snipped.dat', 'lambda_0.6000/simfile_snipped.dat', 'lambda_0.7000/simfile_snipped.dat', 'lambda_0.8000/simfile_snipped.dat', 'lambda_0.9000/simfile_snipped.dat', 'lambda_1.0000/simfile_snipped.dat']
#Overlap matrix
0.9150 0.0844 0.0006 0.0000 0.0000 0.0000 0.0000 0.0000 0.0000 0.0000 0.0000
0.0844 0.7453 0.1646 0.0056 0.0000 0.0000 0.0000 0.0000 0.0000 0.0000 0.0000
0.0006 0.1646 0.6309 0.1924 0.0114 0.0001 0.0000 0.0000 0.0000 0.0000 0.0000
0.0000 0.0056 0.1924 0.5785 0.2118 0.0115 0.0001 0.0000 0.0000 0.0000 0.0000
0.0000 0.0000 0.0114 0.2118 0.5619 0.2026 0.0121 0.0002 0.0000 0.0000 0.0000
0.0000 0.0000 0.0001 0.0115 0.2026 0.5559 0.2135 0.0162 0.0002 0.0000 0.0000
0.0000 0.0000 0.0000 0.0001 0.0121 0.2135 0.5390 0.2215 0.0137 0.0001 0.0000
0.0000 0.0000 0.0000 0.0000 0.0002 0.0162 0.2215 0.5396 0.2089 0.0136 0.0001
0.0000 0.0000 0.0000 0.0000 0.0000 0.0002 0.0137 0.2089 0.5473 0.2166 0.0133
0.0000 0.0000 0.0000 0.0000 0.0000 0.0000 0.0001 0.0136 0.2166 0.5459 0.2238
0.0000 0.0000 0.0000 0.0000 0.0000 0.0000 0.0000 0.0001 0.0133 0.2238 0.7628
#DG from neighbouring lambda in kcal/mol
0.0000 0.1000 -5.3732 0.0901
0.1000 0.2000 -3.0895 0.0566
0.2000 0.3000 -2.2805 0.0481
0.3000 0.4000 -1.9876 0.0435
0.4000 0.5000 -1.8960 0.0450
0.5000 0.6000 -1.8290 0.0423
0.6000 0.7000 -1.5286 0.0408
0.7000 0.8000 -1.3343 0.0433
0.8000 0.9000 -1.1507 0.0420
0.9000 1.0000 -0.9192 0.0430
#PMF from MBAR in kcal/mol
0.0000 0.0000 0.0000
0.1000 -5.3732 0.0901
0.2000 -8.4627 0.1136
0.3000 -10.7433 0.1289
0.4000 -12.7308 0.1407
0.5000 -14.6268 0.1521
0.6000 -16.4558 0.1619
0.7000 -17.9844 0.1706
0.8000 -19.3187 0.1796
0.9000 -20.4694 0.1879
1.0000 -21.3886 0.1961
#TI average gradients and standard deviation in kcal/mol
0.0000 -74.8238 21.4388
0.1000 -38.4561 16.2720
0.2000 -24.9663 13.3251
0.3000 -20.8800 11.4499
0.4000 -19.6169 11.8646
0.5000 -18.5433 11.4767
0.6000 -17.0434 10.9860
0.7000 -14.0675 11.4606
0.8000 -12.3152 11.2553
0.9000 -10.9473 11.5565
1.0000 -5.0884 12.0586
#PMF from TI in kcal/mol
0.0000 0.0000
0.1000 -5.6640
0.2000 -8.8351
0.3000 -11.1274
0.4000 -13.1523
0.5000 -15.0603
0.6000 -16.8396
0.7000 -18.3952
0.8000 -19.7143
0.9000 -20.8774
1.0000 -21.6792
#MBAR free energy difference in kcal/mol: 
-21.388562, 0.196083  #WARNING SUBSAMPLING DISABLED, CONSIDER RERUN WITH SUBSAMPLING OPTION
#TI free energy difference in kcal/mol: 
-21.679230  #WARNING SUBSAMPLING DISABLED, CONSIDER RERUN WITH SUBSAMPLING OPTION 
Starting /export/users/common/BioSimSpace/sire.app/bin/analyse_freenrg: number of threads equals 32
