# Analysing data contained in file(s) ['lambda_0.0000/simfile_snipped.dat', 'lambda_0.1000/simfile_snipped.dat', 'lambda_0.2000/simfile_snipped.dat', 'lambda_0.3000/simfile_snipped.dat', 'lambda_0.4000/simfile_snipped.dat', 'lambda_0.5000/simfile_snipped.dat', 'lambda_0.6000/simfile_snipped.dat', 'lambda_0.7000/simfile_snipped.dat', 'lambda_0.8000/simfile_snipped.dat', 'lambda_0.9000/simfile_snipped.dat', 'lambda_1.0000/simfile_snipped.dat']
#Overlap matrix
0.9200 0.0800 0.0000 0.0000 0.0000 0.0000 0.0000 0.0000 0.0000 0.0000 0.0000
0.0800 0.8324 0.0877 0.0000 0.0000 0.0000 0.0000 0.0000 0.0000 0.0000 0.0000
0.0000 0.0877 0.9006 0.0115 0.0002 0.0000 0.0000 0.0000 0.0000 0.0000 0.0000
0.0000 0.0000 0.0115 0.8622 0.1260 0.0003 0.0000 0.0000 0.0000 0.0000 0.0000
0.0000 0.0000 0.0002 0.1260 0.7560 0.1173 0.0005 0.0000 0.0000 0.0000 0.0000
0.0000 0.0000 0.0000 0.0003 0.1173 0.7483 0.1336 0.0006 0.0000 0.0000 0.0000
0.0000 0.0000 0.0000 0.0000 0.0005 0.1336 0.7411 0.1239 0.0009 0.0000 0.0000
0.0000 0.0000 0.0000 0.0000 0.0000 0.0006 0.1239 0.7144 0.1594 0.0016 0.0000
0.0000 0.0000 0.0000 0.0000 0.0000 0.0000 0.0009 0.1594 0.6844 0.1537 0.0016
0.0000 0.0000 0.0000 0.0000 0.0000 0.0000 0.0000 0.0016 0.1537 0.6981 0.1466
0.0000 0.0000 0.0000 0.0000 0.0000 0.0000 0.0000 0.0000 0.0016 0.1466 0.8519
#DG from neighbouring lambda in kcal/mol
0.0000 0.1000 6.5181 0.0934
0.1000 0.2000 9.5779 0.0884
0.2000 0.3000 5.6930 0.2629
0.3000 0.4000 5.2302 0.0700
0.4000 0.5000 3.0760 0.0733
0.5000 0.6000 0.7804 0.0671
0.6000 0.7000 -1.8220 0.0704
0.7000 0.8000 -4.4216 0.0589
0.8000 0.9000 -7.0445 0.0603
0.9000 1.0000 -10.0724 0.0628
#PMF from MBAR in kcal/mol
0.0000 0.0000 0.0000
0.1000 6.5181 0.0934
0.2000 16.0961 0.1348
0.3000 21.7890 0.2983
0.4000 27.0193 0.3087
0.5000 30.0953 0.3199
0.6000 30.8757 0.3293
0.7000 29.0537 0.3391
0.8000 24.6321 0.3465
0.9000 17.5876 0.3539
1.0000 7.5152 0.3616
#TI average gradients and standard deviation in kcal/mol
0.0000 0.8370 21.2196
0.1000 95.8807 19.6416
0.2000 91.0631 18.2619
0.3000 37.1646 25.1131
0.4000 44.3121 17.6313
0.5000 19.3951 15.0698
0.6000 -4.2991 15.8209
0.7000 -32.1967 15.2347
0.8000 -56.6721 14.9189
0.9000 -84.7284 14.9380
1.0000 -115.5839 15.4007
#PMF from TI in kcal/mol
0.0000 0.0000
0.1000 4.8359
0.2000 14.1831
0.3000 20.5945
0.4000 24.6683
0.5000 27.8537
0.6000 28.6085
0.7000 26.7837
0.8000 22.3402
0.9000 15.2702
1.0000 5.2546
#MBAR free energy difference in kcal/mol: 
7.515219, 0.361571  #WARNING SUBSAMPLING DISABLED, CONSIDER RERUN WITH SUBSAMPLING OPTION
#TI free energy difference in kcal/mol: 
5.254587  #WARNING SUBSAMPLING DISABLED, CONSIDER RERUN WITH SUBSAMPLING OPTION 
Starting /export/users/common/BioSimSpace/sire.app/bin/analyse_freenrg: number of threads equals 32
