# Analysing data contained in file(s) ['lambda_0.0000/simfile_snipped.dat', 'lambda_0.1000/simfile_snipped.dat', 'lambda_0.2000/simfile_snipped.dat', 'lambda_0.3000/simfile_snipped.dat', 'lambda_0.4000/simfile_snipped.dat', 'lambda_0.5000/simfile_snipped.dat', 'lambda_0.6000/simfile_snipped.dat', 'lambda_0.7000/simfile_snipped.dat', 'lambda_0.8000/simfile_snipped.dat', 'lambda_0.9000/simfile_snipped.dat', 'lambda_1.0000/simfile_snipped.dat']
#Overlap matrix
0.8793 0.1123 0.0079 0.0005 0.0000 0.0000 0.0000 0.0000 0.0000 0.0000 0.0000
0.1123 0.5916 0.2572 0.0370 0.0018 0.0000 0.0000 0.0000 0.0000 0.0000 0.0000
0.0079 0.2572 0.4784 0.2220 0.0325 0.0020 0.0000 0.0000 0.0000 0.0000 0.0000
0.0005 0.0370 0.2220 0.4638 0.2333 0.0411 0.0024 0.0000 0.0000 0.0000 0.0000
0.0000 0.0018 0.0325 0.2333 0.4466 0.2412 0.0420 0.0025 0.0001 0.0000 0.0000
0.0000 0.0000 0.0020 0.0411 0.2412 0.4338 0.2381 0.0413 0.0025 0.0001 0.0000
0.0000 0.0000 0.0000 0.0024 0.0420 0.2381 0.4382 0.2326 0.0436 0.0031 0.0001
0.0000 0.0000 0.0000 0.0000 0.0025 0.0413 0.2326 0.4251 0.2463 0.0489 0.0032
0.0000 0.0000 0.0000 0.0000 0.0001 0.0025 0.0436 0.2463 0.4183 0.2410 0.0482
0.0000 0.0000 0.0000 0.0000 0.0000 0.0001 0.0031 0.0489 0.2410 0.4299 0.2771
0.0000 0.0000 0.0000 0.0000 0.0000 0.0000 0.0001 0.0032 0.0482 0.2771 0.6713
#DG from neighbouring lambda in kcal/mol
0.0000 0.1000 6.9563 0.0723
0.1000 0.2000 8.3873 0.0335
0.2000 0.3000 8.1577 0.0352
0.3000 0.4000 7.1965 0.0329
0.4000 0.5000 6.1939 0.0308
0.5000 0.6000 5.2173 0.0311
0.6000 0.7000 4.3483 0.0316
0.7000 0.8000 3.5310 0.0291
0.8000 0.9000 2.8315 0.0295
0.9000 1.0000 2.1738 0.0304
#PMF from MBAR in kcal/mol
0.0000 0.0000 0.0000
0.1000 6.9563 0.0723
0.2000 15.3436 0.0873
0.3000 23.5012 0.0990
0.4000 30.6977 0.1092
0.5000 36.8917 0.1176
0.6000 42.1089 0.1256
0.7000 46.4572 0.1332
0.8000 49.9882 0.1398
0.9000 52.8197 0.1461
1.0000 54.9935 0.1524
#TI average gradients and standard deviation in kcal/mol
0.0000 52.1919 18.2734
0.1000 75.1546 13.5429
0.2000 87.3208 10.3280
0.3000 77.5145 10.4475
0.4000 66.1956 9.3563
0.5000 57.1568 9.3710
0.6000 48.3099 9.7267
0.7000 38.6313 9.2428
0.8000 31.7688 9.2602
0.9000 25.1425 8.9740
1.0000 22.2311 9.5123
#PMF from TI in kcal/mol
0.0000 0.0000
0.1000 6.3673
0.2000 14.4911
0.3000 22.7329
0.4000 29.9184
0.5000 36.0860
0.6000 41.3593
0.7000 45.7064
0.8000 49.2264
0.9000 52.0720
1.0000 54.4406
#MBAR free energy difference in kcal/mol: 
54.993496, 0.152391  #WARNING SUBSAMPLING DISABLED, CONSIDER RERUN WITH SUBSAMPLING OPTION
#TI free energy difference in kcal/mol: 
54.440636  #WARNING SUBSAMPLING DISABLED, CONSIDER RERUN WITH SUBSAMPLING OPTION 
Starting /export/users/common/BioSimSpace/sire.app/bin/analyse_freenrg: number of threads equals 32
