# Analysing data contained in file(s) ['lambda_0.0000/simfile_snipped.dat', 'lambda_0.1000/simfile_snipped.dat', 'lambda_0.2000/simfile_snipped.dat', 'lambda_0.3000/simfile_snipped.dat', 'lambda_0.4000/simfile_snipped.dat', 'lambda_0.5000/simfile_snipped.dat', 'lambda_0.6000/simfile_snipped.dat', 'lambda_0.7000/simfile_snipped.dat', 'lambda_0.8000/simfile_snipped.dat', 'lambda_0.9000/simfile_snipped.dat', 'lambda_1.0000/simfile_snipped.dat']
#Overlap matrix
0.9796 0.0204 0.0000 0.0000 0.0000 0.0000 0.0000 0.0000 0.0000 0.0000 0.0000
0.0204 0.9598 0.0198 0.0000 0.0000 0.0000 0.0000 0.0000 0.0000 0.0000 0.0000
0.0000 0.0198 0.9750 0.0052 0.0000 0.0000 0.0000 0.0000 0.0000 0.0000 0.0000
0.0000 0.0000 0.0052 0.9348 0.0599 0.0001 0.0000 0.0000 0.0000 0.0000 0.0000
0.0000 0.0000 0.0000 0.0599 0.8299 0.1101 0.0001 0.0000 0.0000 0.0000 0.0000
0.0000 0.0000 0.0000 0.0001 0.1101 0.8150 0.0749 0.0000 0.0000 0.0000 0.0000
0.0000 0.0000 0.0000 0.0000 0.0001 0.0749 0.9067 0.0183 0.0000 0.0000 0.0000
0.0000 0.0000 0.0000 0.0000 0.0000 0.0000 0.0183 0.9710 0.0106 0.0000 0.0000
0.0000 0.0000 0.0000 0.0000 0.0000 0.0000 0.0000 0.0106 0.9817 0.0077 0.0000
0.0000 0.0000 0.0000 0.0000 0.0000 0.0000 0.0000 0.0000 0.0077 0.9903 0.0020
0.0000 0.0000 0.0000 0.0000 0.0000 0.0000 0.0000 0.0000 0.0000 0.0020 0.9980
#DG from neighbouring lambda in kcal/mol
0.0000 0.1000 37.8018 0.1976
0.1000 0.2000 31.7771 0.2008
0.2000 0.3000 22.0346 0.3973
0.3000 0.4000 11.4909 0.1104
0.4000 0.5000 9.6629 0.0766
0.5000 0.6000 7.8160 0.0971
0.6000 0.7000 2.7552 0.2088
0.7000 0.8000 -9.6518 0.2767
0.8000 0.9000 -18.4590 0.3264
0.9000 1.0000 -31.8786 0.6404
#PMF from MBAR in kcal/mol
0.0000 0.0000 0.0000
0.1000 37.8018 0.1976
0.2000 69.5789 0.2847
0.3000 91.6135 0.4904
0.4000 103.1044 0.5044
0.5000 112.7673 0.5117
0.6000 120.5833 0.5224
0.7000 123.3384 0.5641
0.8000 113.6866 0.6296
0.9000 95.2276 0.7104
1.0000 63.3490 0.9573
#TI average gradients and standard deviation in kcal/mol
0.0000 411.4460 30.2406
0.1000 347.8609 24.3895
0.2000 275.5378 29.3466
0.3000 149.8312 35.2901
0.4000 103.1115 16.8611
0.5000 89.1270 16.9603
0.6000 61.4059 21.1564
0.7000 -34.2335 38.2364
0.8000 -139.2867 25.9223
0.9000 -239.5034 32.5893
1.0000 -393.9297 41.7722
#PMF from TI in kcal/mol
0.0000 0.0000
0.1000 37.9653
0.2000 69.1353
0.3000 90.4037
0.4000 103.0509
0.5000 112.6628
0.6000 120.1894
0.7000 121.5480
0.8000 112.8720
0.9000 93.9325
1.0000 62.2609
#MBAR free energy difference in kcal/mol: 
63.349029, 0.957322  #WARNING SUBSAMPLING DISABLED, CONSIDER RERUN WITH SUBSAMPLING OPTION
#TI free energy difference in kcal/mol: 
62.260866  #WARNING SUBSAMPLING DISABLED, CONSIDER RERUN WITH SUBSAMPLING OPTION 
Starting /export/users/common/BioSimSpace/sire.app/bin/analyse_freenrg: number of threads equals 32
