# Analysing data contained in file(s) ['lambda_0.0000/simfile_snipped.dat', 'lambda_0.1000/simfile_snipped.dat', 'lambda_0.2000/simfile_snipped.dat', 'lambda_0.3000/simfile_snipped.dat', 'lambda_0.4000/simfile_snipped.dat', 'lambda_0.5000/simfile_snipped.dat', 'lambda_0.6000/simfile_snipped.dat', 'lambda_0.7000/simfile_snipped.dat', 'lambda_0.8000/simfile_snipped.dat', 'lambda_0.9000/simfile_snipped.dat', 'lambda_1.0000/simfile_snipped.dat']
#Overlap matrix
0.9340 0.0660 0.0000 0.0000 0.0000 0.0000 0.0000 0.0000 0.0000 0.0000 0.0000
0.0660 0.8484 0.0856 0.0001 0.0000 0.0000 0.0000 0.0000 0.0000 0.0000 0.0000
0.0000 0.0856 0.8193 0.0951 0.0000 0.0000 0.0000 0.0000 0.0000 0.0000 0.0000
0.0000 0.0001 0.0951 0.8284 0.0764 0.0001 0.0000 0.0000 0.0000 0.0000 0.0000
0.0000 0.0000 0.0000 0.0764 0.8217 0.1016 0.0002 0.0000 0.0000 0.0000 0.0000
0.0000 0.0000 0.0000 0.0001 0.1016 0.7925 0.1056 0.0002 0.0000 0.0000 0.0000
0.0000 0.0000 0.0000 0.0000 0.0002 0.1056 0.7869 0.1072 0.0001 0.0000 0.0000
0.0000 0.0000 0.0000 0.0000 0.0000 0.0002 0.1072 0.8416 0.0510 0.0000 0.0000
0.0000 0.0000 0.0000 0.0000 0.0000 0.0000 0.0001 0.0510 0.8926 0.0563 0.0000
0.0000 0.0000 0.0000 0.0000 0.0000 0.0000 0.0000 0.0000 0.0563 0.9209 0.0228
0.0000 0.0000 0.0000 0.0000 0.0000 0.0000 0.0000 0.0000 0.0000 0.0228 0.9772
#DG from neighbouring lambda in kcal/mol
0.0000 0.1000 0.5305 0.1045
0.1000 0.2000 1.2861 0.0896
0.2000 0.3000 2.5193 0.0840
0.3000 0.4000 3.3557 0.0959
0.4000 0.5000 4.0622 0.0806
0.5000 0.6000 5.5714 0.0785
0.6000 0.7000 7.4628 0.0779
0.7000 0.8000 9.4001 0.1208
0.8000 0.9000 11.2832 0.1144
0.9000 1.0000 16.3536 0.1864
#PMF from MBAR in kcal/mol
0.0000 0.0000 0.0000
0.1000 0.5305 0.1045
0.2000 1.8166 0.1436
0.3000 4.3359 0.1712
0.4000 7.6916 0.2004
0.5000 11.7538 0.2198
0.6000 17.3252 0.2369
0.7000 24.7879 0.2526
0.8000 34.1880 0.2829
0.9000 45.4712 0.3079
1.0000 61.8249 0.3622
#TI average gradients and standard deviation in kcal/mol
0.0000 2.7259 20.8821
0.1000 9.0031 19.0870
0.2000 18.4079 18.1677
0.3000 31.8322 18.5553
0.4000 35.9121 17.8450
0.5000 47.3107 16.5303
0.6000 62.5495 18.9392
0.7000 86.9675 18.6322
0.8000 96.7384 20.7089
0.9000 133.3166 22.3926
1.0000 191.9056 28.1569
#PMF from TI in kcal/mol
0.0000 0.0000
0.1000 0.5865
0.2000 1.9570
0.3000 4.4690
0.4000 7.8562
0.5000 12.0173
0.6000 17.5104
0.7000 24.9862
0.8000 34.1715
0.9000 45.6743
1.0000 61.9354
#MBAR free energy difference in kcal/mol: 
61.824852, 0.362187  #WARNING SUBSAMPLING DISABLED, CONSIDER RERUN WITH SUBSAMPLING OPTION
#TI free energy difference in kcal/mol: 
61.935373  #WARNING SUBSAMPLING DISABLED, CONSIDER RERUN WITH SUBSAMPLING OPTION 
Starting /export/users/common/BioSimSpace/sire.app/bin/analyse_freenrg: number of threads equals 32
