# Analysing data contained in file(s) ['lambda_0.0000/simfile_snipped.dat', 'lambda_0.1000/simfile_snipped.dat', 'lambda_0.2000/simfile_snipped.dat', 'lambda_0.3000/simfile_snipped.dat', 'lambda_0.4000/simfile_snipped.dat', 'lambda_0.5000/simfile_snipped.dat', 'lambda_0.6000/simfile_snipped.dat', 'lambda_0.7000/simfile_snipped.dat', 'lambda_0.8000/simfile_snipped.dat', 'lambda_0.9000/simfile_snipped.dat', 'lambda_1.0000/simfile_snipped.dat']
#Overlap matrix
0.8751 0.1229 0.0020 0.0000 0.0000 0.0000 0.0000 0.0000 0.0000 0.0000 0.0000
0.1229 0.7042 0.1674 0.0055 0.0000 0.0000 0.0000 0.0000 0.0000 0.0000 0.0000
0.0020 0.1674 0.6374 0.1859 0.0073 0.0000 0.0000 0.0000 0.0000 0.0000 0.0000
0.0000 0.0055 0.1859 0.6009 0.2001 0.0076 0.0000 0.0000 0.0000 0.0000 0.0000
0.0000 0.0000 0.0073 0.2001 0.5981 0.1880 0.0065 0.0000 0.0000 0.0000 0.0000
0.0000 0.0000 0.0000 0.0076 0.1880 0.6164 0.1828 0.0051 0.0000 0.0000 0.0000
0.0000 0.0000 0.0000 0.0000 0.0065 0.1828 0.6267 0.1768 0.0072 0.0000 0.0000
0.0000 0.0000 0.0000 0.0000 0.0000 0.0051 0.1768 0.6150 0.1974 0.0057 0.0000
0.0000 0.0000 0.0000 0.0000 0.0000 0.0000 0.0072 0.1974 0.6150 0.1761 0.0042
0.0000 0.0000 0.0000 0.0000 0.0000 0.0000 0.0000 0.0057 0.1761 0.6431 0.1750
0.0000 0.0000 0.0000 0.0000 0.0000 0.0000 0.0000 0.0000 0.0042 0.1750 0.8207
#DG from neighbouring lambda in kcal/mol
0.0000 0.1000 -2.4257 0.0706
0.1000 0.2000 -0.0106 0.0556
0.2000 0.3000 0.5084 0.0503
0.3000 0.4000 0.4847 0.0470
0.4000 0.5000 0.3361 0.0496
0.5000 0.6000 0.1393 0.0512
0.6000 0.7000 0.0135 0.0523
0.7000 0.8000 0.2363 0.0479
0.8000 0.9000 0.3562 0.0530
0.9000 1.0000 0.8297 0.0545
#PMF from MBAR in kcal/mol
0.0000 0.0000 0.0000
0.1000 -2.4257 0.0706
0.2000 -2.4363 0.0979
0.3000 -1.9279 0.1163
0.4000 -1.4432 0.1308
0.5000 -1.1071 0.1447
0.6000 -0.9678 0.1580
0.7000 -0.9544 0.1707
0.8000 -0.7181 0.1811
0.9000 -0.3618 0.1924
1.0000 0.4679 0.2036
#TI average gradients and standard deviation in kcal/mol
0.0000 -54.9660 19.2185
0.1000 -6.4614 14.7889
0.2000 3.5312 13.9571
0.3000 5.5083 12.3551
0.4000 4.3424 12.0597
0.5000 2.6765 13.4061
0.6000 1.6240 13.4792
0.7000 0.2140 12.5762
0.8000 2.4265 13.3089
0.9000 4.6239 14.4811
1.0000 -171.2724 3574.4718
#PMF from TI in kcal/mol
0.0000 0.0000
0.1000 -3.0714
0.2000 -3.2179
0.3000 -2.7659
0.4000 -2.2734
0.5000 -1.9224
0.6000 -1.7074
0.7000 -1.6155
0.8000 -1.4835
0.9000 -1.1309
1.0000 -9.4634
#MBAR free energy difference in kcal/mol: 
0.467878, 0.203583  #WARNING SUBSAMPLING DISABLED, CONSIDER RERUN WITH SUBSAMPLING OPTION
#TI free energy difference in kcal/mol: 
-9.463370  #WARNING SUBSAMPLING DISABLED, CONSIDER RERUN WITH SUBSAMPLING OPTION 
Starting /export/users/common/BioSimSpace/sire.app/bin/analyse_freenrg: number of threads equals 32
