# Analysing data contained in file(s) ['lambda_0.0000/simfile_snipped.dat', 'lambda_0.1000/simfile_snipped.dat', 'lambda_0.2000/simfile_snipped.dat', 'lambda_0.3000/simfile_snipped.dat', 'lambda_0.4000/simfile_snipped.dat', 'lambda_0.5000/simfile_snipped.dat', 'lambda_0.6000/simfile_snipped.dat', 'lambda_0.7000/simfile_snipped.dat', 'lambda_0.8000/simfile_snipped.dat', 'lambda_0.9000/simfile_snipped.dat', 'lambda_1.0000/simfile_snipped.dat']
#Overlap matrix
0.8824 0.1171 0.0005 0.0000 0.0000 0.0000 0.0000 0.0000 0.0000 0.0000 0.0000
0.1171 0.7485 0.1335 0.0008 0.0000 0.0000 0.0000 0.0000 0.0000 0.0000 0.0000
0.0005 0.1335 0.7184 0.1468 0.0008 0.0000 0.0000 0.0000 0.0000 0.0000 0.0000
0.0000 0.0008 0.1468 0.7051 0.1463 0.0009 0.0000 0.0000 0.0000 0.0000 0.0000
0.0000 0.0000 0.0008 0.1463 0.7182 0.1337 0.0010 0.0000 0.0000 0.0000 0.0000
0.0000 0.0000 0.0000 0.0009 0.1337 0.7114 0.1529 0.0011 0.0000 0.0000 0.0000
0.0000 0.0000 0.0000 0.0000 0.0010 0.1529 0.7102 0.1348 0.0011 0.0000 0.0000
0.0000 0.0000 0.0000 0.0000 0.0000 0.0011 0.1348 0.6975 0.1649 0.0016 0.0000
0.0000 0.0000 0.0000 0.0000 0.0000 0.0000 0.0011 0.1649 0.6916 0.1412 0.0011
0.0000 0.0000 0.0000 0.0000 0.0000 0.0000 0.0000 0.0016 0.1412 0.7016 0.1556
0.0000 0.0000 0.0000 0.0000 0.0000 0.0000 0.0000 0.0000 0.0011 0.1556 0.8433
#DG from neighbouring lambda in kcal/mol
0.0000 0.1000 22.4544 0.0735
0.1000 0.2000 20.1459 0.0671
0.2000 0.3000 18.0769 0.0627
0.3000 0.4000 15.9936 0.0628
0.4000 0.5000 14.0052 0.0668
0.5000 0.6000 12.0704 0.0608
0.6000 0.7000 10.2220 0.0663
0.7000 0.8000 8.5007 0.0574
0.8000 0.9000 7.6438 0.0641
0.9000 1.0000 10.0332 0.0603
#PMF from MBAR in kcal/mol
0.0000 0.0000 0.0000
0.1000 22.4544 0.0735
0.2000 42.6002 0.1073
0.3000 60.6771 0.1305
0.4000 76.6707 0.1503
0.5000 90.6759 0.1692
0.6000 102.7463 0.1842
0.7000 112.9683 0.1997
0.8000 121.4689 0.2116
0.9000 129.1127 0.2246
1.0000 139.1459 0.2359
#TI average gradients and standard deviation in kcal/mol
0.0000 236.5317 18.2968
0.1000 212.5817 15.7734
0.2000 190.8422 15.3308
0.3000 170.5113 15.7921
0.4000 150.4585 14.9900
0.5000 129.5862 15.5894
0.6000 111.9736 14.8719
0.7000 91.7350 15.8905
0.8000 79.6773 15.3674
0.9000 76.9378 15.5927
1.0000 147.2635 16.4958
#PMF from TI in kcal/mol
0.0000 0.0000
0.1000 22.4557
0.2000 42.6269
0.3000 60.6945
0.4000 76.7430
0.5000 90.7453
0.6000 102.8233
0.7000 113.0087
0.8000 121.5793
0.9000 129.4101
1.0000 140.6201
#MBAR free energy difference in kcal/mol: 
139.145919, 0.235883  #WARNING SUBSAMPLING DISABLED, CONSIDER RERUN WITH SUBSAMPLING OPTION
#TI free energy difference in kcal/mol: 
140.620126  #WARNING SUBSAMPLING DISABLED, CONSIDER RERUN WITH SUBSAMPLING OPTION 
Starting /export/users/common/BioSimSpace/sire.app/bin/analyse_freenrg: number of threads equals 32
