# Analysing data contained in file(s) ['lambda_0.0000/simfile_snipped.dat', 'lambda_0.1000/simfile_snipped.dat', 'lambda_0.2000/simfile_snipped.dat', 'lambda_0.3000/simfile_snipped.dat', 'lambda_0.4000/simfile_snipped.dat', 'lambda_0.5000/simfile_snipped.dat', 'lambda_0.6000/simfile_snipped.dat', 'lambda_0.7000/simfile_snipped.dat', 'lambda_0.8000/simfile_snipped.dat', 'lambda_0.9000/simfile_snipped.dat', 'lambda_1.0000/simfile_snipped.dat']
#Overlap matrix
0.7240 0.2450 0.0298 0.0012 0.0000 0.0000 0.0000 0.0000 0.0000 0.0000 0.0000
0.2450 0.4760 0.2431 0.0343 0.0016 0.0000 0.0000 0.0000 0.0000 0.0000 0.0000
0.0298 0.2431 0.4524 0.2339 0.0386 0.0022 0.0000 0.0000 0.0000 0.0000 0.0000
0.0012 0.0343 0.2339 0.4405 0.2449 0.0427 0.0025 0.0001 0.0000 0.0000 0.0000
0.0000 0.0016 0.0386 0.2449 0.4263 0.2409 0.0449 0.0028 0.0001 0.0000 0.0000
0.0000 0.0000 0.0022 0.0427 0.2409 0.4271 0.2383 0.0453 0.0034 0.0001 0.0000
0.0000 0.0000 0.0000 0.0025 0.0449 0.2383 0.4136 0.2450 0.0522 0.0035 0.0001
0.0000 0.0000 0.0000 0.0001 0.0028 0.0453 0.2450 0.4133 0.2444 0.0471 0.0021
0.0000 0.0000 0.0000 0.0000 0.0001 0.0034 0.0522 0.2444 0.4231 0.2459 0.0310
0.0000 0.0000 0.0000 0.0000 0.0000 0.0001 0.0035 0.0471 0.2459 0.4855 0.2179
0.0000 0.0000 0.0000 0.0000 0.0000 0.0000 0.0001 0.0021 0.0310 0.2179 0.7490
#DG from neighbouring lambda in kcal/mol
0.0000 0.1000 0.6430 0.0372
0.1000 0.2000 0.4577 0.0330
0.2000 0.3000 0.1803 0.0330
0.3000 0.4000 -0.1335 0.0306
0.4000 0.5000 -0.4530 0.0303
0.5000 0.6000 -0.8002 0.0303
0.6000 0.7000 -1.1500 0.0287
0.7000 0.8000 -1.3660 0.0287
0.8000 0.9000 -1.3989 0.0309
0.9000 1.0000 -0.9059 0.0411
#PMF from MBAR in kcal/mol
0.0000 0.0000 0.0000
0.1000 0.6430 0.0372
0.2000 1.1007 0.0593
0.3000 1.2810 0.0752
0.4000 1.1476 0.0872
0.5000 0.6946 0.0975
0.6000 -0.1056 0.1066
0.7000 -1.2556 0.1147
0.8000 -2.6215 0.1220
0.9000 -4.0205 0.1295
1.0000 -4.9264 0.1396
#TI average gradients and standard deviation in kcal/mol
0.0000 6.3240 10.6748
0.1000 5.6744 10.4226
0.2000 3.5088 9.5887
0.3000 0.0713 9.2285
0.4000 -2.6476 8.9917
0.5000 -6.4729 9.1084
0.6000 -9.9600 8.7982
0.7000 -12.4763 8.3135
0.8000 -14.3997 8.6951
0.9000 -11.9612 9.9907
1.0000 -5.2923 13.0911
#PMF from TI in kcal/mol
0.0000 0.0000
0.1000 0.5999
0.2000 1.0591
0.3000 1.2381
0.4000 1.1093
0.5000 0.6532
0.6000 -0.1684
0.7000 -1.2902
0.8000 -2.6340
0.9000 -3.9521
1.0000 -4.8147
#MBAR free energy difference in kcal/mol: 
-4.926376, 0.139636  #WARNING SUBSAMPLING DISABLED, CONSIDER RERUN WITH SUBSAMPLING OPTION
#TI free energy difference in kcal/mol: 
-4.814728  #WARNING SUBSAMPLING DISABLED, CONSIDER RERUN WITH SUBSAMPLING OPTION 
Starting /export/users/common/BioSimSpace/sire.app/bin/analyse_freenrg: number of threads equals 32
