# Analysing data contained in file(s) ['lambda_0.0000/simfile_snipped.dat', 'lambda_0.1000/simfile_snipped.dat', 'lambda_0.2000/simfile_snipped.dat', 'lambda_0.3000/simfile_snipped.dat', 'lambda_0.4000/simfile_snipped.dat', 'lambda_0.5000/simfile_snipped.dat', 'lambda_0.6000/simfile_snipped.dat', 'lambda_0.7000/simfile_snipped.dat', 'lambda_0.8000/simfile_snipped.dat', 'lambda_0.9000/simfile_snipped.dat', 'lambda_1.0000/simfile_snipped.dat']
#Overlap matrix
0.8411 0.1568 0.0021 0.0000 0.0000 0.0000 0.0000 0.0000 0.0000 0.0000 0.0000
0.1568 0.6764 0.1627 0.0041 0.0000 0.0000 0.0000 0.0000 0.0000 0.0000 0.0000
0.0021 0.1627 0.6484 0.1825 0.0043 0.0000 0.0000 0.0000 0.0000 0.0000 0.0000
0.0000 0.0041 0.1825 0.6202 0.1883 0.0049 0.0000 0.0000 0.0000 0.0000 0.0000
0.0000 0.0000 0.0043 0.1883 0.6143 0.1884 0.0047 0.0000 0.0000 0.0000 0.0000
0.0000 0.0000 0.0000 0.0049 0.1884 0.6130 0.1883 0.0053 0.0000 0.0000 0.0000
0.0000 0.0000 0.0000 0.0000 0.0047 0.1883 0.6311 0.1715 0.0043 0.0000 0.0000
0.0000 0.0000 0.0000 0.0000 0.0000 0.0053 0.1715 0.6396 0.1798 0.0038 0.0000
0.0000 0.0000 0.0000 0.0000 0.0000 0.0000 0.0043 0.1798 0.6356 0.1787 0.0016
0.0000 0.0000 0.0000 0.0000 0.0000 0.0000 0.0000 0.0038 0.1787 0.7099 0.1076
0.0000 0.0000 0.0000 0.0000 0.0000 0.0000 0.0000 0.0000 0.0016 0.1076 0.8908
#DG from neighbouring lambda in kcal/mol
0.0000 0.1000 -4.1756 0.0597
0.1000 0.2000 -3.6903 0.0571
0.2000 0.3000 -3.4213 0.0519
0.3000 0.4000 -3.4825 0.0505
0.4000 0.5000 -3.6464 0.0504
0.5000 0.6000 -3.8968 0.0503
0.6000 0.7000 -4.0901 0.0541
0.7000 0.8000 -4.3490 0.0526
0.8000 0.9000 -4.1729 0.0534
0.9000 1.0000 -3.0987 0.0771
#PMF from MBAR in kcal/mol
0.0000 0.0000 0.0000
0.1000 -4.1756 0.0597
0.2000 -7.8659 0.0914
0.3000 -11.2872 0.1118
0.4000 -14.7697 0.1286
0.5000 -18.4162 0.1432
0.6000 -22.3129 0.1566
0.7000 -26.4030 0.1699
0.8000 -30.7520 0.1819
0.9000 -34.9249 0.1934
1.0000 -38.0236 0.2119
#TI average gradients and standard deviation in kcal/mol
0.0000 29382.1311 389324.6690
0.1000 -37.7819 14.8949
0.2000 -35.2535 13.1995
0.3000 -34.4034 13.5533
0.4000 -35.3050 13.8112
0.5000 -37.9371 13.5161
0.6000 -38.8264 13.4618
0.7000 -42.8298 13.2253
0.8000 -43.9745 13.9067
0.9000 -36.9279 14.3637
1.0000 -23.2008 16.1866
#PMF from TI in kcal/mol
0.0000 0.0000
0.1000 1467.2175
0.2000 1463.5657
0.3000 1460.0828
0.4000 1456.5974
0.5000 1452.9353
0.6000 1449.0971
0.7000 1445.0143
0.8000 1440.6741
0.9000 1436.6290
1.0000 1433.6226
#MBAR free energy difference in kcal/mol: 
-38.023569, 0.211880  #WARNING SUBSAMPLING DISABLED, CONSIDER RERUN WITH SUBSAMPLING OPTION
#TI free energy difference in kcal/mol: 
1433.622566  #WARNING SUBSAMPLING DISABLED, CONSIDER RERUN WITH SUBSAMPLING OPTION 
Starting /export/users/common/BioSimSpace/sire.app/bin/analyse_freenrg: number of threads equals 32
