# Analysing data contained in file(s) ['lambda_0.0000/simfile_snipped.dat', 'lambda_0.1000/simfile_snipped.dat', 'lambda_0.2000/simfile_snipped.dat', 'lambda_0.3000/simfile_snipped.dat', 'lambda_0.4000/simfile_snipped.dat', 'lambda_0.5000/simfile_snipped.dat', 'lambda_0.6000/simfile_snipped.dat', 'lambda_0.7000/simfile_snipped.dat', 'lambda_0.8000/simfile_snipped.dat', 'lambda_0.9000/simfile_snipped.dat', 'lambda_1.0000/simfile_snipped.dat']
#Overlap matrix
0.9537 0.0463 0.0000 0.0000 0.0000 0.0000 0.0000 0.0000 0.0000 0.0000 0.0000
0.0463 0.8723 0.0814 0.0000 0.0000 0.0000 0.0000 0.0000 0.0000 0.0000 0.0000
0.0000 0.0814 0.8284 0.0901 0.0001 0.0000 0.0000 0.0000 0.0000 0.0000 0.0000
0.0000 0.0000 0.0901 0.8030 0.1067 0.0002 0.0000 0.0000 0.0000 0.0000 0.0000
0.0000 0.0000 0.0001 0.1067 0.7809 0.1120 0.0003 0.0000 0.0000 0.0000 0.0000
0.0000 0.0000 0.0000 0.0002 0.1120 0.7720 0.1152 0.0006 0.0000 0.0000 0.0000
0.0000 0.0000 0.0000 0.0000 0.0003 0.1152 0.7447 0.1391 0.0007 0.0000 0.0000
0.0000 0.0000 0.0000 0.0000 0.0000 0.0006 0.1391 0.7120 0.1472 0.0011 0.0000
0.0000 0.0000 0.0000 0.0000 0.0000 0.0000 0.0007 0.1472 0.7001 0.1511 0.0009
0.0000 0.0000 0.0000 0.0000 0.0000 0.0000 0.0000 0.0011 0.1511 0.7107 0.1370
0.0000 0.0000 0.0000 0.0000 0.0000 0.0000 0.0000 0.0000 0.0009 0.1370 0.8621
#DG from neighbouring lambda in kcal/mol
0.0000 0.1000 28.7233 0.1276
0.1000 0.2000 23.6273 0.0924
0.2000 0.3000 19.2805 0.0869
0.3000 0.4000 15.5293 0.0781
0.4000 0.5000 12.0539 0.0756
0.5000 0.6000 8.7251 0.0741
0.6000 0.7000 5.7174 0.0652
0.7000 0.8000 2.7114 0.0626
0.8000 0.9000 0.2198 0.0613
0.9000 1.0000 -0.9599 0.0660
#PMF from MBAR in kcal/mol
0.0000 0.0000 0.0000
0.1000 28.7233 0.1276
0.2000 52.3507 0.1627
0.3000 71.6312 0.1889
0.4000 87.1605 0.2084
0.5000 99.2145 0.2254
0.6000 107.9395 0.2406
0.7000 113.6569 0.2525
0.8000 116.3683 0.2632
0.9000 116.5881 0.2731
1.0000 115.6282 0.2838
#TI average gradients and standard deviation in kcal/mol
0.0000 317.2682 22.3025
0.1000 258.0971 20.6727
0.2000 212.9628 20.0462
0.3000 172.9088 18.3887
0.4000 137.9413 17.9447
0.5000 104.2691 16.4830
0.6000 71.0648 16.1462
0.7000 41.7458 16.9713
0.8000 13.6746 15.4213
0.9000 -7.9186 15.9206
1.0000 -4.3268 17.4842
#PMF from TI in kcal/mol
0.0000 0.0000
0.1000 28.7683
0.2000 52.3213
0.3000 71.6148
0.4000 87.1574
0.5000 99.2679
0.6000 108.0346
0.7000 113.6751
0.8000 116.4461
0.9000 116.7339
1.0000 116.1217
#MBAR free energy difference in kcal/mol: 
115.628180, 0.283831  #WARNING SUBSAMPLING DISABLED, CONSIDER RERUN WITH SUBSAMPLING OPTION
#TI free energy difference in kcal/mol: 
116.121654  #WARNING SUBSAMPLING DISABLED, CONSIDER RERUN WITH SUBSAMPLING OPTION 
Starting /export/users/common/BioSimSpace/sire.app/bin/analyse_freenrg: number of threads equals 32
