# Analysing data contained in file(s) ['lambda_0.0000/simfile_snipped.dat', 'lambda_0.1000/simfile_snipped.dat', 'lambda_0.2000/simfile_snipped.dat', 'lambda_0.3000/simfile_snipped.dat', 'lambda_0.4000/simfile_snipped.dat', 'lambda_0.5000/simfile_snipped.dat', 'lambda_0.6000/simfile_snipped.dat', 'lambda_0.7000/simfile_snipped.dat', 'lambda_0.8000/simfile_snipped.dat', 'lambda_0.9000/simfile_snipped.dat', 'lambda_1.0000/simfile_snipped.dat']
#Overlap matrix
0.9813 0.0187 0.0000 0.0000 0.0000 0.0000 0.0000 0.0000 0.0000 0.0000 0.0000
0.0187 0.8938 0.0874 0.0001 0.0000 0.0000 0.0000 0.0000 0.0000 0.0000 0.0000
0.0000 0.0874 0.8101 0.1023 0.0002 0.0000 0.0000 0.0000 0.0000 0.0000 0.0000
0.0000 0.0001 0.1023 0.7757 0.1214 0.0005 0.0000 0.0000 0.0000 0.0000 0.0000
0.0000 0.0000 0.0002 0.1214 0.7523 0.1256 0.0004 0.0000 0.0000 0.0000 0.0000
0.0000 0.0000 0.0000 0.0005 0.1256 0.7400 0.1333 0.0006 0.0000 0.0000 0.0000
0.0000 0.0000 0.0000 0.0000 0.0004 0.1333 0.7328 0.1324 0.0010 0.0000 0.0000
0.0000 0.0000 0.0000 0.0000 0.0000 0.0006 0.1324 0.7090 0.1568 0.0012 0.0000
0.0000 0.0000 0.0000 0.0000 0.0000 0.0000 0.0010 0.1568 0.6903 0.1509 0.0010
0.0000 0.0000 0.0000 0.0000 0.0000 0.0000 0.0000 0.0012 0.1509 0.7152 0.1327
0.0000 0.0000 0.0000 0.0000 0.0000 0.0000 0.0000 0.0000 0.0010 0.1327 0.8663
#DG from neighbouring lambda in kcal/mol
0.0000 0.1000 10.4662 0.2066
0.1000 0.2000 6.7745 0.0885
0.2000 0.3000 5.7104 0.0802
0.3000 0.4000 5.0915 0.0717
0.4000 0.5000 4.8074 0.0700
0.5000 0.6000 4.3754 0.0672
0.6000 0.7000 4.0524 0.0673
0.7000 0.8000 4.1815 0.0597
0.8000 0.9000 5.0297 0.0614
0.9000 1.0000 8.6058 0.0674
#PMF from MBAR in kcal/mol
0.0000 0.0000 0.0000
0.1000 10.4662 0.2066
0.2000 17.2407 0.2285
0.3000 22.9511 0.2455
0.4000 28.0426 0.2589
0.5000 32.8500 0.2712
0.6000 37.2255 0.2823
0.7000 41.2779 0.2930
0.8000 45.4593 0.3016
0.9000 50.4890 0.3104
1.0000 59.0949 0.3201
#TI average gradients and standard deviation in kcal/mol
0.0000 178.0916 55.2785
0.1000 77.1422 21.3480
0.2000 61.5190 17.5493
0.3000 52.9409 17.3831
0.4000 49.6633 16.6247
0.5000 45.0776 17.3877
0.6000 42.2153 17.4934
0.7000 40.0327 16.0717
0.8000 44.6060 15.2378
0.9000 60.3743 14.5942
1.0000 125.2971 17.7468
#PMF from TI in kcal/mol
0.0000 0.0000
0.1000 12.7617
0.2000 19.6947
0.3000 25.4177
0.4000 30.5479
0.5000 35.2850
0.6000 39.6496
0.7000 43.7620
0.8000 47.9940
0.9000 53.2430
1.0000 62.5266
#MBAR free energy difference in kcal/mol: 
59.094865, 0.320089  #WARNING SUBSAMPLING DISABLED, CONSIDER RERUN WITH SUBSAMPLING OPTION
#TI free energy difference in kcal/mol: 
62.526556  #WARNING SUBSAMPLING DISABLED, CONSIDER RERUN WITH SUBSAMPLING OPTION 
Starting /export/users/common/BioSimSpace/sire.app/bin/analyse_freenrg: number of threads equals 32
