# Analysing data contained in file(s) ['lambda_0.0000/simfile_snipped.dat', 'lambda_0.1000/simfile_snipped.dat', 'lambda_0.2000/simfile_snipped.dat', 'lambda_0.3000/simfile_snipped.dat', 'lambda_0.4000/simfile_snipped.dat', 'lambda_0.5000/simfile_snipped.dat', 'lambda_0.6000/simfile_snipped.dat', 'lambda_0.7000/simfile_snipped.dat', 'lambda_0.8000/simfile_snipped.dat', 'lambda_0.9000/simfile_snipped.dat', 'lambda_1.0000/simfile_snipped.dat']
#Overlap matrix
0.8090 0.1849 0.0061 0.0000 0.0000 0.0000 0.0000 0.0000 0.0000 0.0000 0.0000
0.1849 0.6049 0.2027 0.0075 0.0000 0.0000 0.0000 0.0000 0.0000 0.0000 0.0000
0.0061 0.2027 0.5945 0.1892 0.0075 0.0000 0.0000 0.0000 0.0000 0.0000 0.0000
0.0000 0.0075 0.1892 0.5865 0.2072 0.0095 0.0001 0.0000 0.0000 0.0000 0.0000
0.0000 0.0000 0.0075 0.2072 0.5677 0.2073 0.0102 0.0001 0.0000 0.0000 0.0000
0.0000 0.0000 0.0000 0.0095 0.2073 0.5624 0.2107 0.0100 0.0001 0.0000 0.0000
0.0000 0.0000 0.0000 0.0001 0.0102 0.2107 0.5640 0.2042 0.0108 0.0001 0.0000
0.0000 0.0000 0.0000 0.0000 0.0001 0.0100 0.2042 0.5687 0.2060 0.0109 0.0001
0.0000 0.0000 0.0000 0.0000 0.0000 0.0001 0.0108 0.2060 0.5557 0.2163 0.0111
0.0000 0.0000 0.0000 0.0000 0.0000 0.0000 0.0001 0.0109 0.2163 0.5657 0.2070
0.0000 0.0000 0.0000 0.0000 0.0000 0.0000 0.0000 0.0001 0.0111 0.2070 0.7818
#DG from neighbouring lambda in kcal/mol
0.0000 0.1000 2.8685 0.0519
0.1000 0.2000 -1.0965 0.0468
0.2000 0.3000 -5.4430 0.0491
0.3000 0.4000 -9.9057 0.0453
0.4000 0.5000 -14.2831 0.0448
0.5000 0.6000 -18.6544 0.0441
0.6000 0.7000 -23.1111 0.0452
0.7000 0.8000 -27.6005 0.0447
0.8000 0.9000 -32.1457 0.0429
0.9000 1.0000 -36.7780 0.0464
#PMF from MBAR in kcal/mol
0.0000 0.0000 0.0000
0.1000 2.8685 0.0519
0.2000 1.7720 0.0793
0.3000 -3.6710 0.1005
0.4000 -13.5767 0.1164
0.5000 -27.8598 0.1300
0.6000 -46.5142 0.1421
0.7000 -69.6253 0.1536
0.8000 -97.2258 0.1640
0.9000 -129.3715 0.1734
1.0000 -166.1495 0.1831
#TI average gradients and standard deviation in kcal/mol
0.0000 45.3378 13.8163
0.1000 9.4777 13.0618
0.2000 -31.6501 12.9757
0.3000 -77.1768 12.4932
0.4000 -120.7871 12.1910
0.5000 -164.6673 11.6171
0.6000 -208.7267 12.0507
0.7000 -253.6504 11.9968
0.8000 -299.1246 12.8036
0.9000 -343.4882 12.2933
1.0000 -391.3131 12.8564
#PMF from TI in kcal/mol
0.0000 0.0000
0.1000 2.7408
0.2000 1.6322
0.3000 -3.8092
0.4000 -13.7074
0.5000 -27.9801
0.6000 -46.6498
0.7000 -69.7687
0.8000 -97.4074
0.9000 -129.5380
1.0000 -166.2781
#MBAR free energy difference in kcal/mol: 
-166.149536, 0.183134  #WARNING SUBSAMPLING DISABLED, CONSIDER RERUN WITH SUBSAMPLING OPTION
#TI free energy difference in kcal/mol: 
-166.278105  #WARNING SUBSAMPLING DISABLED, CONSIDER RERUN WITH SUBSAMPLING OPTION 
Starting /export/users/common/BioSimSpace/sire.app/bin/analyse_freenrg: number of threads equals 32
