# Analysing data contained in file(s) ['lambda_0.0000/simfile_snipped.dat', 'lambda_0.1000/simfile_snipped.dat', 'lambda_0.2000/simfile_snipped.dat', 'lambda_0.3000/simfile_snipped.dat', 'lambda_0.4000/simfile_snipped.dat', 'lambda_0.5000/simfile_snipped.dat', 'lambda_0.6000/simfile_snipped.dat', 'lambda_0.7000/simfile_snipped.dat', 'lambda_0.8000/simfile_snipped.dat', 'lambda_0.9000/simfile_snipped.dat', 'lambda_1.0000/simfile_snipped.dat']
#Overlap matrix
0.9306 0.0693 0.0001 0.0000 0.0000 0.0000 0.0000 0.0000 0.0000 0.0000 0.0000
0.0693 0.8164 0.1140 0.0003 0.0000 0.0000 0.0000 0.0000 0.0000 0.0000 0.0000
0.0001 0.1140 0.7670 0.1184 0.0005 0.0000 0.0000 0.0000 0.0000 0.0000 0.0000
0.0000 0.0003 0.1184 0.7469 0.1339 0.0005 0.0000 0.0000 0.0000 0.0000 0.0000
0.0000 0.0000 0.0005 0.1339 0.7376 0.1273 0.0007 0.0000 0.0000 0.0000 0.0000
0.0000 0.0000 0.0000 0.0005 0.1273 0.7300 0.1414 0.0008 0.0000 0.0000 0.0000
0.0000 0.0000 0.0000 0.0000 0.0007 0.1414 0.7215 0.1358 0.0006 0.0000 0.0000
0.0000 0.0000 0.0000 0.0000 0.0000 0.0008 0.1358 0.7257 0.1369 0.0008 0.0000
0.0000 0.0000 0.0000 0.0000 0.0000 0.0000 0.0006 0.1369 0.7285 0.1336 0.0004
0.0000 0.0000 0.0000 0.0000 0.0000 0.0000 0.0000 0.0008 0.1336 0.7645 0.1011
0.0000 0.0000 0.0000 0.0000 0.0000 0.0000 0.0000 0.0000 0.0004 0.1011 0.8985
#DG from neighbouring lambda in kcal/mol
0.0000 0.1000 37.3602 0.1015
0.1000 0.2000 32.0536 0.0748
0.2000 0.3000 27.5118 0.0729
0.3000 0.4000 23.3345 0.0671
0.4000 0.5000 19.2046 0.0693
0.5000 0.6000 15.3222 0.0644
0.6000 0.7000 11.5317 0.0663
0.7000 0.8000 7.7487 0.0659
0.8000 0.9000 4.9690 0.0671
0.9000 1.0000 4.1094 0.0807
#PMF from MBAR in kcal/mol
0.0000 0.0000 0.0000
0.1000 37.3602 0.1015
0.2000 69.4138 0.1325
0.3000 96.9256 0.1565
0.4000 120.2601 0.1749
0.5000 139.4647 0.1924
0.6000 154.7869 0.2068
0.7000 166.3187 0.2208
0.8000 174.0674 0.2339
0.9000 179.0364 0.2465
1.0000 183.1458 0.2625
#TI average gradients and standard deviation in kcal/mol
0.0000 407.5616 24.1059
0.1000 343.5534 17.3579
0.2000 297.5003 17.2697
0.3000 253.4212 16.3609
0.4000 212.8520 16.6140
0.5000 171.8310 15.9217
0.6000 134.4585 16.1386
0.7000 95.6297 16.5954
0.8000 61.3615 15.9145
0.9000 40.5588 16.8672
1.0000 50.4092 18.7165
#PMF from TI in kcal/mol
0.0000 0.0000
0.1000 37.5557
0.2000 69.6084
0.3000 97.1545
0.4000 120.4682
0.5000 139.7023
0.6000 155.0168
0.7000 166.5212
0.8000 174.3708
0.9000 179.4668
1.0000 184.0152
#MBAR free energy difference in kcal/mol: 
183.145757, 0.262529  #WARNING SUBSAMPLING DISABLED, CONSIDER RERUN WITH SUBSAMPLING OPTION
#TI free energy difference in kcal/mol: 
184.015173  #WARNING SUBSAMPLING DISABLED, CONSIDER RERUN WITH SUBSAMPLING OPTION 
Starting /export/users/common/BioSimSpace/sire.app/bin/analyse_freenrg: number of threads equals 32
