# Analysing data contained in file(s) ['lambda_0.0000/simfile_snipped.dat', 'lambda_0.1000/simfile_snipped.dat', 'lambda_0.2000/simfile_snipped.dat', 'lambda_0.3000/simfile_snipped.dat', 'lambda_0.4000/simfile_snipped.dat', 'lambda_0.5000/simfile_snipped.dat', 'lambda_0.6000/simfile_snipped.dat', 'lambda_0.7000/simfile_snipped.dat', 'lambda_0.8000/simfile_snipped.dat', 'lambda_0.9000/simfile_snipped.dat', 'lambda_1.0000/simfile_snipped.dat']
#Overlap matrix
0.8755 0.1206 0.0038 0.0000 0.0000 0.0000 0.0000 0.0000 0.0000 0.0000 0.0000
0.1206 0.6614 0.2082 0.0097 0.0001 0.0000 0.0000 0.0000 0.0000 0.0000 0.0000
0.0038 0.2082 0.5750 0.2014 0.0115 0.0001 0.0000 0.0000 0.0000 0.0000 0.0000
0.0000 0.0097 0.2014 0.5589 0.2159 0.0140 0.0001 0.0000 0.0000 0.0000 0.0000
0.0000 0.0001 0.0115 0.2159 0.5473 0.2162 0.0089 0.0000 0.0000 0.0000 0.0000
0.0000 0.0000 0.0001 0.0140 0.2162 0.5662 0.1958 0.0077 0.0000 0.0000 0.0000
0.0000 0.0000 0.0000 0.0001 0.0089 0.1958 0.5942 0.1944 0.0066 0.0000 0.0000
0.0000 0.0000 0.0000 0.0000 0.0000 0.0077 0.1944 0.5993 0.1934 0.0052 0.0000
0.0000 0.0000 0.0000 0.0000 0.0000 0.0000 0.0066 0.1934 0.6232 0.1756 0.0012
0.0000 0.0000 0.0000 0.0000 0.0000 0.0000 0.0000 0.0052 0.1756 0.7029 0.1163
0.0000 0.0000 0.0000 0.0000 0.0000 0.0000 0.0000 0.0000 0.0012 0.1163 0.8825
#DG from neighbouring lambda in kcal/mol
0.0000 0.1000 -5.1519 0.0708
0.1000 0.2000 -1.3481 0.0457
0.2000 0.3000 -0.4987 0.0456
0.3000 0.4000 -0.4204 0.0424
0.4000 0.5000 -0.3966 0.0427
0.5000 0.6000 -0.6751 0.0475
0.6000 0.7000 -1.0128 0.0482
0.7000 0.8000 -1.3600 0.0489
0.8000 0.9000 -1.7826 0.0539
0.9000 1.0000 -3.0225 0.0735
#PMF from MBAR in kcal/mol
0.0000 0.0000 0.0000
0.1000 -5.1519 0.0708
0.2000 -6.5000 0.0924
0.3000 -6.9987 0.1093
0.4000 -7.4191 0.1227
0.5000 -7.8157 0.1347
0.6000 -8.4908 0.1476
0.7000 -9.5036 0.1597
0.8000 -10.8636 0.1712
0.9000 -12.6462 0.1834
1.0000 -15.6687 0.2015
#TI average gradients and standard deviation in kcal/mol
0.0000 -84.8489 17.5151
0.1000 -26.4252 15.7406
0.2000 -6.8846 11.7942
0.3000 -4.4153 11.7997
0.4000 -4.3335 11.9728
0.5000 -3.7651 12.2903
0.6000 -8.9577 11.8695
0.7000 -11.9639 12.6574
0.8000 -15.1987 13.2186
0.9000 -21.4780 14.8090
1.0000 -39.4143 17.7747
#PMF from TI in kcal/mol
0.0000 0.0000
0.1000 -5.5637
0.2000 -7.2292
0.3000 -7.7942
0.4000 -8.2316
0.5000 -8.6366
0.6000 -9.2727
0.7000 -10.3188
0.8000 -11.6769
0.9000 -13.5107
1.0000 -16.5554
#MBAR free energy difference in kcal/mol: 
-15.668743, 0.201519  #WARNING SUBSAMPLING DISABLED, CONSIDER RERUN WITH SUBSAMPLING OPTION
#TI free energy difference in kcal/mol: 
-16.555355  #WARNING SUBSAMPLING DISABLED, CONSIDER RERUN WITH SUBSAMPLING OPTION 
Starting /export/users/common/BioSimSpace/sire.app/bin/analyse_freenrg: number of threads equals 32
