# Analysing data contained in file(s) ['lambda_0.0000/simfile_snipped.dat', 'lambda_0.1000/simfile_snipped.dat', 'lambda_0.2000/simfile_snipped.dat', 'lambda_0.3000/simfile_snipped.dat', 'lambda_0.4000/simfile_snipped.dat', 'lambda_0.5000/simfile_snipped.dat', 'lambda_0.6000/simfile_snipped.dat', 'lambda_0.7000/simfile_snipped.dat', 'lambda_0.8000/simfile_snipped.dat', 'lambda_0.9000/simfile_snipped.dat', 'lambda_1.0000/simfile_snipped.dat']
#Overlap matrix
0.9469 0.0531 0.0000 0.0000 0.0000 0.0000 0.0000 0.0000 0.0000 0.0000 0.0000
0.0531 0.8623 0.0844 0.0001 0.0000 0.0000 0.0000 0.0000 0.0000 0.0000 0.0000
0.0000 0.0844 0.8126 0.1027 0.0002 0.0000 0.0000 0.0000 0.0000 0.0000 0.0000
0.0000 0.0001 0.1027 0.7836 0.1132 0.0003 0.0000 0.0000 0.0000 0.0000 0.0000
0.0000 0.0000 0.0002 0.1132 0.7652 0.1211 0.0002 0.0000 0.0000 0.0000 0.0000
0.0000 0.0000 0.0000 0.0003 0.1211 0.7612 0.1171 0.0003 0.0000 0.0000 0.0000
0.0000 0.0000 0.0000 0.0000 0.0002 0.1171 0.7719 0.1106 0.0002 0.0000 0.0000
0.0000 0.0000 0.0000 0.0000 0.0000 0.0003 0.1106 0.7751 0.1139 0.0001 0.0000
0.0000 0.0000 0.0000 0.0000 0.0000 0.0000 0.0002 0.1139 0.7944 0.0914 0.0001
0.0000 0.0000 0.0000 0.0000 0.0000 0.0000 0.0000 0.0001 0.0914 0.8264 0.0821
0.0000 0.0000 0.0000 0.0000 0.0000 0.0000 0.0000 0.0000 0.0001 0.0821 0.9178
#DG from neighbouring lambda in kcal/mol
0.0000 0.1000 11.1200 0.1182
0.1000 0.2000 8.9009 0.0903
0.2000 0.3000 5.9706 0.0800
0.3000 0.4000 2.5711 0.0751
0.4000 0.5000 -0.7038 0.0719
0.5000 0.6000 -4.2085 0.0735
0.6000 0.7000 -7.3006 0.0763
0.7000 0.8000 -10.2155 0.0749
0.8000 0.9000 -13.0196 0.0860
0.9000 1.0000 -15.3191 0.0919
#PMF from MBAR in kcal/mol
0.0000 0.0000 0.0000
0.1000 11.1200 0.1182
0.2000 20.0209 0.1542
0.3000 25.9915 0.1783
0.4000 28.5626 0.1977
0.5000 27.8588 0.2141
0.6000 23.6503 0.2300
0.7000 16.3497 0.2456
0.8000 6.1342 0.2600
0.9000 -6.8854 0.2768
1.0000 -22.2045 0.2944
#TI average gradients and standard deviation in kcal/mol
0.0000 2657565.6308 51680053.6603
0.1000 102.7662 18.8352
0.2000 74.7659 17.4853
0.3000 42.6071 16.8184
0.4000 8.5364 16.7490
0.5000 -24.6294 17.8903
0.6000 -57.4269 16.3930
0.7000 -88.1446 16.8060
0.8000 -115.3829 16.9028
0.9000 -142.1558 16.1085
1.0000 -163.5417 18.7607
#PMF from TI in kcal/mol
0.0000 0.0000
0.1000 132883.4198
0.2000 132892.2964
0.3000 132898.1651
0.4000 132900.7223
0.5000 132899.9176
0.6000 132895.8148
0.7000 132888.5362
0.8000 132878.3598
0.9000 132865.4829
1.0000 132850.1980
#MBAR free energy difference in kcal/mol: 
-22.204546, 0.294439  #WARNING SUBSAMPLING DISABLED, CONSIDER RERUN WITH SUBSAMPLING OPTION
#TI free energy difference in kcal/mol: 
132850.198040  #WARNING SUBSAMPLING DISABLED, CONSIDER RERUN WITH SUBSAMPLING OPTION 
Starting /export/users/common/BioSimSpace/sire.app/bin/analyse_freenrg: number of threads equals 32
