# Analysing data contained in file(s) ['lambda_0.0000/simfile_snipped.dat', 'lambda_0.1000/simfile_snipped.dat', 'lambda_0.2000/simfile_snipped.dat', 'lambda_0.3000/simfile_snipped.dat', 'lambda_0.4000/simfile_snipped.dat', 'lambda_0.5000/simfile_snipped.dat', 'lambda_0.6000/simfile_snipped.dat', 'lambda_0.7000/simfile_snipped.dat', 'lambda_0.8000/simfile_snipped.dat', 'lambda_0.9000/simfile_snipped.dat', 'lambda_1.0000/simfile_snipped.dat']
#Overlap matrix
0.8699 0.1257 0.0043 0.0001 0.0000 0.0000 0.0000 0.0000 0.0000 0.0000 0.0000
0.1257 0.6871 0.1746 0.0120 0.0005 0.0000 0.0000 0.0000 0.0000 0.0000 0.0000
0.0043 0.1746 0.5943 0.2019 0.0230 0.0018 0.0001 0.0000 0.0000 0.0000 0.0000
0.0001 0.0120 0.2019 0.5219 0.2197 0.0411 0.0032 0.0001 0.0000 0.0000 0.0000
0.0000 0.0005 0.0230 0.2197 0.4671 0.2451 0.0410 0.0034 0.0002 0.0000 0.0000
0.0000 0.0000 0.0018 0.0411 0.2451 0.4504 0.2138 0.0430 0.0046 0.0001 0.0000
0.0000 0.0000 0.0001 0.0032 0.0410 0.2138 0.4434 0.2461 0.0491 0.0032 0.0001
0.0000 0.0000 0.0000 0.0001 0.0034 0.0430 0.2461 0.4338 0.2310 0.0395 0.0030
0.0000 0.0000 0.0000 0.0000 0.0002 0.0046 0.0491 0.2310 0.4369 0.2430 0.0352
0.0000 0.0000 0.0000 0.0000 0.0000 0.0001 0.0032 0.0395 0.2430 0.4796 0.2345
0.0000 0.0000 0.0000 0.0000 0.0000 0.0000 0.0001 0.0030 0.0352 0.2345 0.7271
#DG from neighbouring lambda in kcal/mol
0.0000 0.1000 8.9769 0.0688
0.1000 0.2000 12.5832 0.0519
0.2000 0.3000 11.8858 0.0430
0.3000 0.4000 10.5495 0.0361
0.4000 0.5000 9.2659 0.0304
0.5000 0.6000 7.6977 0.0339
0.6000 0.7000 6.2400 0.0290
0.7000 0.8000 5.0479 0.0312
0.8000 0.9000 3.6574 0.0316
0.9000 1.0000 2.2407 0.0379
#PMF from MBAR in kcal/mol
0.0000 0.0000 0.0000
0.1000 8.9769 0.0688
0.2000 21.5601 0.0937
0.3000 33.4458 0.1089
0.4000 43.9953 0.1192
0.5000 53.2613 0.1266
0.6000 60.9590 0.1345
0.7000 67.1990 0.1408
0.8000 72.2468 0.1472
0.9000 75.9042 0.1538
1.0000 78.1450 0.1614
#TI average gradients and standard deviation in kcal/mol
0.0000 101.2782 700.2340
0.1000 123.5147 13.3649
0.2000 124.0381 12.2760
0.3000 112.7138 11.8687
0.4000 97.1539 12.0412
0.5000 85.5739 8.5564
0.6000 68.8006 8.9193
0.7000 59.5767 9.5973
0.8000 43.5412 10.1697
0.9000 28.0770 9.8423
1.0000 -332501285.9468 6758342389.9585
#PMF from TI in kcal/mol
0.0000 0.0000
0.1000 11.2396
0.2000 23.6173
0.3000 35.4549
0.4000 45.9483
0.5000 55.0847
0.6000 62.8034
0.7000 69.2222
0.8000 74.3781
0.9000 77.9590
1.0000 -16624984.9344
#MBAR free energy difference in kcal/mol: 
78.144968, 0.161370  #WARNING SUBSAMPLING DISABLED, CONSIDER RERUN WITH SUBSAMPLING OPTION
#TI free energy difference in kcal/mol: 
-16624984.934441  #WARNING SUBSAMPLING DISABLED, CONSIDER RERUN WITH SUBSAMPLING OPTION 
Starting /export/users/common/BioSimSpace/sire.app/bin/analyse_freenrg: number of threads equals 32
