# Analysing data contained in file(s) ['lambda_0.0000/simfile_snipped.dat', 'lambda_0.1000/simfile_snipped.dat', 'lambda_0.2000/simfile_snipped.dat', 'lambda_0.3000/simfile_snipped.dat', 'lambda_0.4000/simfile_snipped.dat', 'lambda_0.5000/simfile_snipped.dat', 'lambda_0.6000/simfile_snipped.dat', 'lambda_0.7000/simfile_snipped.dat', 'lambda_0.8000/simfile_snipped.dat', 'lambda_0.9000/simfile_snipped.dat', 'lambda_1.0000/simfile_snipped.dat']
#Overlap matrix
0.8583 0.1408 0.0009 0.0000 0.0000 0.0000 0.0000 0.0000 0.0000 0.0000 0.0000
0.1408 0.7172 0.1408 0.0012 0.0000 0.0000 0.0000 0.0000 0.0000 0.0000 0.0000
0.0009 0.1408 0.7023 0.1535 0.0025 0.0000 0.0000 0.0000 0.0000 0.0000 0.0000
0.0000 0.0012 0.1535 0.6678 0.1748 0.0028 0.0000 0.0000 0.0000 0.0000 0.0000
0.0000 0.0000 0.0025 0.1748 0.6523 0.1662 0.0042 0.0000 0.0000 0.0000 0.0000
0.0000 0.0000 0.0000 0.0028 0.1662 0.6300 0.1943 0.0066 0.0000 0.0000 0.0000
0.0000 0.0000 0.0000 0.0000 0.0042 0.1943 0.5938 0.1976 0.0099 0.0001 0.0000
0.0000 0.0000 0.0000 0.0000 0.0000 0.0066 0.1976 0.5759 0.2070 0.0126 0.0002
0.0000 0.0000 0.0000 0.0000 0.0000 0.0000 0.0099 0.2070 0.5465 0.2196 0.0170
0.0000 0.0000 0.0000 0.0000 0.0000 0.0000 0.0001 0.0126 0.2196 0.5320 0.2357
0.0000 0.0000 0.0000 0.0000 0.0000 0.0000 0.0000 0.0002 0.0170 0.2357 0.7472
#DG from neighbouring lambda in kcal/mol
0.0000 0.1000 -0.9812 0.0648
0.1000 0.2000 -0.2739 0.0644
0.2000 0.3000 -0.1838 0.0602
0.3000 0.4000 -0.0178 0.0543
0.4000 0.5000 -0.0714 0.0560
0.5000 0.6000 -0.0682 0.0489
0.6000 0.7000 -0.0034 0.0472
0.7000 0.8000 0.0997 0.0444
0.8000 0.9000 0.1303 0.0411
0.9000 1.0000 0.1183 0.0405
#PMF from MBAR in kcal/mol
0.0000 0.0000 0.0000
0.1000 -0.9812 0.0648
0.2000 -1.2551 0.0997
0.3000 -1.4389 0.1230
0.4000 -1.4567 0.1400
0.5000 -1.5280 0.1557
0.6000 -1.5962 0.1677
0.7000 -1.5996 0.1782
0.8000 -1.5000 0.1872
0.9000 -1.3697 0.1950
1.0000 -1.2514 0.2022
#TI average gradients and standard deviation in kcal/mol
0.0000 -18.1787 15.3993
0.1000 -4.0630 15.4211
0.2000 -1.8721 14.3070
0.3000 -1.3467 13.4970
0.4000 0.1347 14.0772
0.5000 -1.3097 13.2792
0.6000 0.3708 12.0454
0.7000 0.3204 11.1685
0.8000 1.2126 11.1538
0.9000 1.5637 10.2205
1.0000 0.8080 10.4377
#PMF from TI in kcal/mol
0.0000 0.0000
0.1000 -1.1121
0.2000 -1.4088
0.3000 -1.5698
0.4000 -1.6304
0.5000 -1.6891
0.6000 -1.7361
0.7000 -1.7015
0.8000 -1.6249
0.9000 -1.4860
1.0000 -1.3675
#MBAR free energy difference in kcal/mol: 
-1.251355, 0.202250  #WARNING SUBSAMPLING DISABLED, CONSIDER RERUN WITH SUBSAMPLING OPTION
#TI free energy difference in kcal/mol: 
-1.367458  #WARNING SUBSAMPLING DISABLED, CONSIDER RERUN WITH SUBSAMPLING OPTION 
Starting /export/users/common/BioSimSpace/sire.app/bin/analyse_freenrg: number of threads equals 32
