# Analysing data contained in file(s) ['lambda_0.0000/simfile_snipped.dat', 'lambda_0.1000/simfile_snipped.dat', 'lambda_0.2000/simfile_snipped.dat', 'lambda_0.3000/simfile_snipped.dat', 'lambda_0.4000/simfile_snipped.dat', 'lambda_0.5000/simfile_snipped.dat', 'lambda_0.6000/simfile_snipped.dat', 'lambda_0.7000/simfile_snipped.dat', 'lambda_0.8000/simfile_snipped.dat', 'lambda_0.9000/simfile_snipped.dat', 'lambda_1.0000/simfile_snipped.dat']
#Overlap matrix
0.9352 0.0647 0.0001 0.0000 0.0000 0.0000 0.0000 0.0000 0.0000 0.0000 0.0000
0.0647 0.8071 0.1275 0.0007 0.0000 0.0000 0.0000 0.0000 0.0000 0.0000 0.0000
0.0001 0.1275 0.7355 0.1356 0.0013 0.0000 0.0000 0.0000 0.0000 0.0000 0.0000
0.0000 0.0007 0.1356 0.6976 0.1632 0.0029 0.0000 0.0000 0.0000 0.0000 0.0000
0.0000 0.0000 0.0013 0.1632 0.6588 0.1731 0.0035 0.0000 0.0000 0.0000 0.0000
0.0000 0.0000 0.0000 0.0029 0.1731 0.6444 0.1755 0.0041 0.0000 0.0000 0.0000
0.0000 0.0000 0.0000 0.0000 0.0035 0.1755 0.6299 0.1859 0.0051 0.0000 0.0000
0.0000 0.0000 0.0000 0.0000 0.0000 0.0041 0.1859 0.6155 0.1896 0.0048 0.0000
0.0000 0.0000 0.0000 0.0000 0.0000 0.0000 0.0051 0.1896 0.6177 0.1822 0.0053
0.0000 0.0000 0.0000 0.0000 0.0000 0.0000 0.0000 0.0048 0.1822 0.6270 0.1859
0.0000 0.0000 0.0000 0.0000 0.0000 0.0000 0.0000 0.0000 0.0053 0.1859 0.8089
#DG from neighbouring lambda in kcal/mol
0.0000 0.1000 13.6610 0.1056
0.1000 0.2000 10.3435 0.0694
0.2000 0.3000 8.3193 0.0661
0.3000 0.4000 6.6904 0.0574
0.4000 0.5000 5.5045 0.0545
0.5000 0.6000 4.4185 0.0536
0.6000 0.7000 3.4230 0.0510
0.7000 0.8000 2.6284 0.0500
0.8000 0.9000 2.0033 0.0516
0.9000 1.0000 2.0906 0.0518
#PMF from MBAR in kcal/mol
0.0000 0.0000 0.0000
0.1000 13.6610 0.1056
0.2000 24.0045 0.1327
0.3000 32.3238 0.1536
0.4000 39.0143 0.1687
0.5000 44.5187 0.1814
0.6000 48.9372 0.1931
0.7000 52.3602 0.2034
0.8000 54.9885 0.2128
0.9000 56.9918 0.2223
1.0000 59.0824 0.2314
#TI average gradients and standard deviation in kcal/mol
0.0000 163.5671 22.1008
0.1000 114.9773 17.6851
0.2000 93.5466 16.0586
0.3000 73.9070 15.0942
0.4000 61.1053 13.2838
0.5000 49.0817 13.6276
0.6000 39.1001 13.4465
0.7000 29.8445 12.9161
0.8000 22.8531 13.3440
0.9000 18.6514 12.8533
1.0000 25.0441 13.8537
#PMF from TI in kcal/mol
0.0000 0.0000
0.1000 13.9272
0.2000 24.3534
0.3000 32.7261
0.4000 39.4767
0.5000 44.9861
0.6000 49.3952
0.7000 52.8424
0.8000 55.4773
0.9000 57.5525
1.0000 59.7373
#MBAR free energy difference in kcal/mol: 
59.082412, 0.231371  #WARNING SUBSAMPLING DISABLED, CONSIDER RERUN WITH SUBSAMPLING OPTION
#TI free energy difference in kcal/mol: 
59.737273  #WARNING SUBSAMPLING DISABLED, CONSIDER RERUN WITH SUBSAMPLING OPTION 
Starting /export/users/common/BioSimSpace/sire.app/bin/analyse_freenrg: number of threads equals 32
