# Analysing data contained in file(s) ['lambda_0.0000/simfile_snipped.dat', 'lambda_0.1000/simfile_snipped.dat', 'lambda_0.2000/simfile_snipped.dat', 'lambda_0.3000/simfile_snipped.dat', 'lambda_0.4000/simfile_snipped.dat', 'lambda_0.5000/simfile_snipped.dat', 'lambda_0.6000/simfile_snipped.dat', 'lambda_0.7000/simfile_snipped.dat', 'lambda_0.8000/simfile_snipped.dat', 'lambda_0.9000/simfile_snipped.dat', 'lambda_1.0000/simfile_snipped.dat']
#Overlap matrix
0.8143 0.1765 0.0091 0.0001 0.0000 0.0000 0.0000 0.0000 0.0000 0.0000 0.0000
0.1765 0.5822 0.2211 0.0198 0.0004 0.0000 0.0000 0.0000 0.0000 0.0000 0.0000
0.0091 0.2211 0.5205 0.2287 0.0201 0.0004 0.0000 0.0000 0.0000 0.0000 0.0000
0.0001 0.0198 0.2287 0.4980 0.2307 0.0223 0.0003 0.0000 0.0000 0.0000 0.0000
0.0000 0.0004 0.0201 0.2307 0.5087 0.2220 0.0178 0.0003 0.0000 0.0000 0.0000
0.0000 0.0000 0.0004 0.0223 0.2220 0.5094 0.2259 0.0198 0.0003 0.0000 0.0000
0.0000 0.0000 0.0000 0.0003 0.0178 0.2259 0.5148 0.2250 0.0161 0.0001 0.0000
0.0000 0.0000 0.0000 0.0000 0.0003 0.0198 0.2250 0.5271 0.2161 0.0116 0.0001
0.0000 0.0000 0.0000 0.0000 0.0000 0.0003 0.0161 0.2161 0.5498 0.2108 0.0069
0.0000 0.0000 0.0000 0.0000 0.0000 0.0000 0.0001 0.0116 0.2108 0.6019 0.1755
0.0000 0.0000 0.0000 0.0000 0.0000 0.0000 0.0000 0.0001 0.0069 0.1755 0.8175
#DG from neighbouring lambda in kcal/mol
0.0000 0.1000 1.8636 0.0531
0.1000 0.2000 5.3071 0.0410
0.2000 0.3000 6.7021 0.0382
0.3000 0.4000 7.3736 0.0375
0.4000 0.5000 7.8983 0.0392
0.5000 0.6000 8.2513 0.0389
0.6000 0.7000 8.6830 0.0393
0.7000 0.8000 9.0110 0.0420
0.8000 0.9000 9.1484 0.0444
0.9000 1.0000 8.9464 0.0538
#PMF from MBAR in kcal/mol
0.0000 0.0000 0.0000
0.1000 1.8636 0.0531
0.2000 7.1707 0.0763
0.3000 13.8727 0.0920
0.4000 21.2463 0.1053
0.5000 29.1446 0.1173
0.6000 37.3959 0.1285
0.7000 46.0789 0.1388
0.8000 55.0899 0.1492
0.9000 64.2383 0.1599
1.0000 73.1847 0.1728
#TI average gradients and standard deviation in kcal/mol
0.0000 -12.5776 15.7185
0.1000 41.1800 11.8829
0.2000 61.7376 10.8418
0.3000 71.0209 10.8729
0.4000 76.7377 10.8143
0.5000 80.7486 10.9946
0.6000 84.8343 10.4409
0.7000 88.9325 10.7689
0.8000 90.4951 11.8109
0.9000 92.0410 12.3770
1.0000 85.6988 15.2451
#PMF from TI in kcal/mol
0.0000 0.0000
0.1000 1.4301
0.2000 6.5760
0.3000 13.2139
0.4000 20.6019
0.5000 28.4762
0.6000 36.7553
0.7000 45.4436
0.8000 54.4150
0.9000 63.5418
1.0000 72.4288
#MBAR free energy difference in kcal/mol: 
73.184715, 0.172799  #WARNING SUBSAMPLING DISABLED, CONSIDER RERUN WITH SUBSAMPLING OPTION
#TI free energy difference in kcal/mol: 
72.428825  #WARNING SUBSAMPLING DISABLED, CONSIDER RERUN WITH SUBSAMPLING OPTION 
Starting /export/users/common/BioSimSpace/sire.app/bin/analyse_freenrg: number of threads equals 32
