# Analysing data contained in file(s) ['lambda_0.0000/simfile_snipped.dat', 'lambda_0.1000/simfile_snipped.dat', 'lambda_0.2000/simfile_snipped.dat', 'lambda_0.3000/simfile_snipped.dat', 'lambda_0.4000/simfile_snipped.dat', 'lambda_0.5000/simfile_snipped.dat', 'lambda_0.6000/simfile_snipped.dat', 'lambda_0.7000/simfile_snipped.dat', 'lambda_0.8000/simfile_snipped.dat', 'lambda_0.9000/simfile_snipped.dat', 'lambda_1.0000/simfile_snipped.dat']
#Overlap matrix
0.9379 0.0621 0.0000 0.0000 0.0000 0.0000 0.0000 0.0000 0.0000 0.0000 0.0000
0.0621 0.8750 0.0629 0.0000 0.0000 0.0000 0.0000 0.0000 0.0000 0.0000 0.0000
0.0000 0.0629 0.8717 0.0654 0.0000 0.0000 0.0000 0.0000 0.0000 0.0000 0.0000
0.0000 0.0000 0.0654 0.8614 0.0732 0.0000 0.0000 0.0000 0.0000 0.0000 0.0000
0.0000 0.0000 0.0000 0.0732 0.8710 0.0558 0.0000 0.0000 0.0000 0.0000 0.0000
0.0000 0.0000 0.0000 0.0000 0.0558 0.8759 0.0683 0.0000 0.0000 0.0000 0.0000
0.0000 0.0000 0.0000 0.0000 0.0000 0.0683 0.8730 0.0587 0.0000 0.0000 0.0000
0.0000 0.0000 0.0000 0.0000 0.0000 0.0000 0.0587 0.8758 0.0656 0.0000 0.0000
0.0000 0.0000 0.0000 0.0000 0.0000 0.0000 0.0000 0.0656 0.8730 0.0614 0.0000
0.0000 0.0000 0.0000 0.0000 0.0000 0.0000 0.0000 0.0000 0.0614 0.8797 0.0589
0.0000 0.0000 0.0000 0.0000 0.0000 0.0000 0.0000 0.0000 0.0000 0.0589 0.9411
#DG from neighbouring lambda in kcal/mol
0.0000 0.1000 28.7030 0.1082
0.1000 0.2000 24.7089 0.1074
0.2000 0.3000 20.3796 0.1051
0.3000 0.4000 16.1894 0.0984
0.4000 0.5000 12.0894 0.1150
0.5000 0.6000 7.5066 0.1024
0.6000 0.7000 2.9187 0.1118
0.7000 0.8000 -1.4939 0.1049
0.8000 0.9000 -6.2512 0.1089
0.9000 1.0000 -11.0457 0.1116
#PMF from MBAR in kcal/mol
0.0000 0.0000 0.0000
0.1000 28.7030 0.1082
0.2000 53.4119 0.1578
0.3000 73.7915 0.1939
0.4000 89.9809 0.2212
0.5000 102.0704 0.2526
0.6000 109.5770 0.2756
0.7000 112.4957 0.3002
0.8000 111.0018 0.3206
0.9000 104.7506 0.3410
1.0000 93.7049 0.3611
#TI average gradients and standard deviation in kcal/mol
0.0000 307.5005 20.5236
0.1000 267.1175 18.8700
0.2000 225.8012 20.2111
0.3000 182.2719 19.9179
0.4000 142.6383 18.5622
0.5000 96.2321 20.1127
0.6000 52.3424 20.1504
0.7000 6.6862 18.8017
0.8000 -39.5852 20.8261
0.9000 -86.3866 20.5321
1.0000 -134.9926 20.9702
#PMF from TI in kcal/mol
0.0000 0.0000
0.1000 28.7309
0.2000 53.3768
0.3000 73.7805
0.4000 90.0260
0.5000 101.9695
0.6000 109.3982
0.7000 112.3497
0.8000 110.7047
0.9000 104.4061
1.0000 93.3372
#MBAR free energy difference in kcal/mol: 
93.704882, 0.361086  #WARNING SUBSAMPLING DISABLED, CONSIDER RERUN WITH SUBSAMPLING OPTION
#TI free energy difference in kcal/mol: 
93.337163  #WARNING SUBSAMPLING DISABLED, CONSIDER RERUN WITH SUBSAMPLING OPTION 
Starting /export/users/common/BioSimSpace/sire.app/bin/analyse_freenrg: number of threads equals 32
