# Analysing data contained in file(s) ['lambda_0.0000/simfile_snipped.dat', 'lambda_0.1000/simfile_snipped.dat', 'lambda_0.2000/simfile_snipped.dat', 'lambda_0.3000/simfile_snipped.dat', 'lambda_0.4000/simfile_snipped.dat', 'lambda_0.5000/simfile_snipped.dat', 'lambda_0.6000/simfile_snipped.dat', 'lambda_0.7000/simfile_snipped.dat', 'lambda_0.8000/simfile_snipped.dat', 'lambda_0.9000/simfile_snipped.dat', 'lambda_1.0000/simfile_snipped.dat']
#Overlap matrix
0.9756 0.0244 0.0000 0.0000 0.0000 0.0000 0.0000 0.0000 0.0000 0.0000 0.0000
0.0244 0.8605 0.1139 0.0012 0.0000 0.0000 0.0000 0.0000 0.0000 0.0000 0.0000
0.0000 0.1139 0.7204 0.1623 0.0034 0.0000 0.0000 0.0000 0.0000 0.0000 0.0000
0.0000 0.0012 0.1623 0.6641 0.1693 0.0031 0.0000 0.0000 0.0000 0.0000 0.0000
0.0000 0.0000 0.0034 0.1693 0.6698 0.1548 0.0028 0.0000 0.0000 0.0000 0.0000
0.0000 0.0000 0.0000 0.0031 0.1548 0.6625 0.1774 0.0023 0.0000 0.0000 0.0000
0.0000 0.0000 0.0000 0.0000 0.0028 0.1774 0.6710 0.1477 0.0012 0.0000 0.0000
0.0000 0.0000 0.0000 0.0000 0.0000 0.0023 0.1477 0.7044 0.1447 0.0009 0.0000
0.0000 0.0000 0.0000 0.0000 0.0000 0.0000 0.0012 0.1447 0.7147 0.1389 0.0006
0.0000 0.0000 0.0000 0.0000 0.0000 0.0000 0.0000 0.0009 0.1389 0.7317 0.1286
0.0000 0.0000 0.0000 0.0000 0.0000 0.0000 0.0000 0.0000 0.0006 0.1286 0.8709
#DG from neighbouring lambda in kcal/mol
0.0000 0.1000 -5.1486 0.1798
0.1000 0.2000 -0.9591 0.0745
0.2000 0.3000 -0.7338 0.0576
0.3000 0.4000 -1.6841 0.0554
0.4000 0.5000 -3.0610 0.0593
0.5000 0.6000 -4.5384 0.0538
0.6000 0.7000 -5.6576 0.0619
0.7000 0.8000 -6.9674 0.0632
0.8000 0.9000 -8.3331 0.0653
0.9000 1.0000 -9.7414 0.0691
#PMF from MBAR in kcal/mol
0.0000 0.0000 0.0000
0.1000 -5.1486 0.1798
0.2000 -6.1077 0.1988
0.3000 -6.8414 0.2107
0.4000 -8.5255 0.2212
0.5000 -11.5865 0.2322
0.6000 -16.1249 0.2415
0.7000 -21.7826 0.2524
0.8000 -28.7499 0.2632
0.9000 -37.0831 0.2741
1.0000 -46.8245 0.2855
#TI average gradients and standard deviation in kcal/mol
0.0000 -92.4808 28.4194
0.1000 -20.4901 19.2106
0.2000 -4.2707 15.5448
0.3000 -10.7948 13.7340
0.4000 -22.9729 13.4295
0.5000 -39.4310 13.8782
0.6000 -50.4388 15.1900
0.7000 -62.8325 15.7083
0.8000 -76.5391 15.5156
0.9000 -90.3740 16.0919
1.0000 -100.1478 17.0980
#PMF from TI in kcal/mol
0.0000 0.0000
0.1000 -5.6485
0.2000 -6.8866
0.3000 -7.6399
0.4000 -9.3282
0.5000 -12.4484
0.6000 -16.9419
0.7000 -22.6055
0.8000 -29.5741
0.9000 -37.9197
1.0000 -47.4458
#MBAR free energy difference in kcal/mol: 
-46.824451, 0.285475  #WARNING SUBSAMPLING DISABLED, CONSIDER RERUN WITH SUBSAMPLING OPTION
#TI free energy difference in kcal/mol: 
-47.445828  #WARNING SUBSAMPLING DISABLED, CONSIDER RERUN WITH SUBSAMPLING OPTION 
Starting /export/users/common/BioSimSpace/sire.app/bin/analyse_freenrg: number of threads equals 32
