# Analysing data contained in file(s) ['lambda_0.0000/simfile_snipped.dat', 'lambda_0.1000/simfile_snipped.dat', 'lambda_0.2000/simfile_snipped.dat', 'lambda_0.3000/simfile_snipped.dat', 'lambda_0.4000/simfile_snipped.dat', 'lambda_0.5000/simfile_snipped.dat', 'lambda_0.6000/simfile_snipped.dat', 'lambda_0.7000/simfile_snipped.dat', 'lambda_0.8000/simfile_snipped.dat', 'lambda_0.9000/simfile_snipped.dat', 'lambda_1.0000/simfile_snipped.dat']
#Overlap matrix
0.7040 0.2590 0.0353 0.0017 0.0000 0.0000 0.0000 0.0000 0.0000 0.0000 0.0000
0.2590 0.4594 0.2365 0.0423 0.0027 0.0000 0.0000 0.0000 0.0000 0.0000 0.0000
0.0353 0.2365 0.4291 0.2500 0.0467 0.0024 0.0000 0.0000 0.0000 0.0000 0.0000
0.0017 0.0423 0.2500 0.4259 0.2388 0.0394 0.0018 0.0000 0.0000 0.0000 0.0000
0.0000 0.0027 0.0467 0.2388 0.4342 0.2384 0.0373 0.0018 0.0000 0.0000 0.0000
0.0000 0.0000 0.0024 0.0394 0.2384 0.4423 0.2371 0.0390 0.0013 0.0000 0.0000
0.0000 0.0000 0.0000 0.0018 0.0373 0.2371 0.4517 0.2432 0.0282 0.0006 0.0000
0.0000 0.0000 0.0000 0.0000 0.0018 0.0390 0.2432 0.4663 0.2278 0.0217 0.0001
0.0000 0.0000 0.0000 0.0000 0.0000 0.0013 0.0282 0.2278 0.5003 0.2349 0.0075
0.0000 0.0000 0.0000 0.0000 0.0000 0.0000 0.0006 0.0217 0.2349 0.5903 0.1524
0.0000 0.0000 0.0000 0.0000 0.0000 0.0000 0.0000 0.0001 0.0075 0.1524 0.8400
#DG from neighbouring lambda in kcal/mol
0.0000 0.1000 2.3194 0.0344
0.1000 0.2000 3.1420 0.0322
0.2000 0.3000 2.3943 0.0291
0.3000 0.4000 1.3420 0.0308
0.4000 0.5000 0.1232 0.0319
0.5000 0.6000 -1.1284 0.0322
0.6000 0.7000 -2.3517 0.0325
0.7000 0.8000 -3.7684 0.0369
0.8000 0.9000 -5.3628 0.0387
0.9000 1.0000 -7.6499 0.0595
#PMF from MBAR in kcal/mol
0.0000 0.0000 0.0000
0.1000 2.3194 0.0344
0.2000 5.4614 0.0567
0.3000 7.8557 0.0711
0.4000 9.1977 0.0833
0.5000 9.3209 0.0947
0.6000 8.1925 0.1050
0.7000 5.8408 0.1144
0.8000 2.0724 0.1248
0.9000 -3.2904 0.1351
1.0000 -10.9403 0.1522
#TI average gradients and standard deviation in kcal/mol
0.0000 3.8301 11.1857
0.1000 32.5423 10.1292
0.2000 28.6022 9.1969
0.3000 19.2320 9.1636
0.4000 7.3788 9.1909
0.5000 -5.0092 9.6680
0.6000 -17.5712 9.1535
0.7000 -30.4624 10.7243
0.8000 -45.0223 11.0580
0.9000 -62.3241 11.8266
1.0000 -95.3497 18.0627
#PMF from TI in kcal/mol
0.0000 0.0000
0.1000 1.8186
0.2000 4.8758
0.3000 7.2676
0.4000 8.5981
0.5000 8.7166
0.6000 7.5876
0.7000 5.1859
0.8000 1.4116
0.9000 -3.9557
1.0000 -11.8394
#MBAR free energy difference in kcal/mol: 
-10.940323, 0.152203  #WARNING SUBSAMPLING DISABLED, CONSIDER RERUN WITH SUBSAMPLING OPTION
#TI free energy difference in kcal/mol: 
-11.839371  #WARNING SUBSAMPLING DISABLED, CONSIDER RERUN WITH SUBSAMPLING OPTION 
Starting /export/users/common/BioSimSpace/sire.app/bin/analyse_freenrg: number of threads equals 32
