# Analysing data contained in file(s) ['lambda_0.0000/simfile_snipped.dat', 'lambda_0.1000/simfile_snipped.dat', 'lambda_0.2000/simfile_snipped.dat', 'lambda_0.3000/simfile_snipped.dat', 'lambda_0.4000/simfile_snipped.dat', 'lambda_0.5000/simfile_snipped.dat', 'lambda_0.6000/simfile_snipped.dat', 'lambda_0.7000/simfile_snipped.dat', 'lambda_0.8000/simfile_snipped.dat', 'lambda_0.9000/simfile_snipped.dat', 'lambda_1.0000/simfile_snipped.dat']
#Overlap matrix
0.9388 0.0610 0.0002 0.0000 0.0000 0.0000 0.0000 0.0000 0.0000 0.0000 0.0000
0.0610 0.8160 0.1222 0.0008 0.0000 0.0000 0.0000 0.0000 0.0000 0.0000 0.0000
0.0002 0.1222 0.7323 0.1428 0.0025 0.0000 0.0000 0.0000 0.0000 0.0000 0.0000
0.0000 0.0008 0.1428 0.6865 0.1677 0.0022 0.0000 0.0000 0.0000 0.0000 0.0000
0.0000 0.0000 0.0025 0.1677 0.6688 0.1586 0.0023 0.0000 0.0000 0.0000 0.0000
0.0000 0.0000 0.0000 0.0022 0.1586 0.6825 0.1552 0.0015 0.0000 0.0000 0.0000
0.0000 0.0000 0.0000 0.0000 0.0023 0.1552 0.6995 0.1415 0.0015 0.0000 0.0000
0.0000 0.0000 0.0000 0.0000 0.0000 0.0015 0.1415 0.7126 0.1434 0.0011 0.0000
0.0000 0.0000 0.0000 0.0000 0.0000 0.0000 0.0015 0.1434 0.7296 0.1249 0.0005
0.0000 0.0000 0.0000 0.0000 0.0000 0.0000 0.0000 0.0011 0.1249 0.7600 0.1140
0.0000 0.0000 0.0000 0.0000 0.0000 0.0000 0.0000 0.0000 0.0005 0.1140 0.8855
#DG from neighbouring lambda in kcal/mol
0.0000 0.1000 -2.6018 0.1091
0.1000 0.2000 -0.5335 0.0713
0.2000 0.3000 0.0453 0.0634
0.3000 0.4000 0.2753 0.0562
0.4000 0.5000 0.0730 0.0586
0.5000 0.6000 -0.1766 0.0597
0.6000 0.7000 -0.6301 0.0639
0.7000 0.8000 -0.7687 0.0635
0.8000 0.9000 -0.6413 0.0700
0.9000 1.0000 0.6859 0.0748
#PMF from MBAR in kcal/mol
0.0000 0.0000 0.0000
0.1000 -2.6018 0.1091
0.2000 -3.1353 0.1364
0.3000 -3.0901 0.1556
0.4000 -2.8148 0.1699
0.5000 -2.7418 0.1839
0.6000 -2.9184 0.1973
0.7000 -3.5485 0.2111
0.8000 -4.3172 0.2239
0.9000 -4.9585 0.2379
1.0000 -4.2726 0.2525
#TI average gradients and standard deviation in kcal/mol
0.0000 167146.0001 2248527.7734
0.1000 -13.5667 16.9001
0.2000 -0.6973 15.4660
0.3000 2.0071 13.6644
0.4000 2.4576 14.9117
0.5000 -0.6138 14.5098
0.6000 -2.9839 14.9564
0.7000 -7.9437 14.1563
0.8000 -7.5619 15.0926
0.9000 -5.2646 16.1873
1.0000 30.5732 19.2990
#PMF from TI in kcal/mol
0.0000 0.0000
0.1000 8356.6217
0.2000 8355.9085
0.3000 8355.9740
0.4000 8356.1972
0.5000 8356.2894
0.6000 8356.1095
0.7000 8355.5631
0.8000 8354.7878
0.9000 8354.1465
1.0000 8355.4120
#MBAR free energy difference in kcal/mol: 
-4.272599, 0.252547  #WARNING SUBSAMPLING DISABLED, CONSIDER RERUN WITH SUBSAMPLING OPTION
#TI free energy difference in kcal/mol: 
8355.411956  #WARNING SUBSAMPLING DISABLED, CONSIDER RERUN WITH SUBSAMPLING OPTION 
Starting /export/users/common/BioSimSpace/sire.app/bin/analyse_freenrg: number of threads equals 32
