# Analysing data contained in file(s) ['lambda_0.0000/simfile_snipped.dat', 'lambda_0.1000/simfile_snipped.dat', 'lambda_0.2000/simfile_snipped.dat', 'lambda_0.3000/simfile_snipped.dat', 'lambda_0.4000/simfile_snipped.dat', 'lambda_0.5000/simfile_snipped.dat', 'lambda_0.6000/simfile_snipped.dat', 'lambda_0.7000/simfile_snipped.dat', 'lambda_0.8000/simfile_snipped.dat', 'lambda_0.9000/simfile_snipped.dat', 'lambda_1.0000/simfile_snipped.dat']
#Overlap matrix
0.9658 0.0342 0.0000 0.0000 0.0000 0.0000 0.0000 0.0000 0.0000 0.0000 0.0000
0.0342 0.9184 0.0474 0.0000 0.0000 0.0000 0.0000 0.0000 0.0000 0.0000 0.0000
0.0000 0.0474 0.8808 0.0717 0.0000 0.0000 0.0000 0.0000 0.0000 0.0000 0.0000
0.0000 0.0000 0.0717 0.8390 0.0892 0.0001 0.0000 0.0000 0.0000 0.0000 0.0000
0.0000 0.0000 0.0000 0.0892 0.8226 0.0882 0.0001 0.0000 0.0000 0.0000 0.0000
0.0000 0.0000 0.0000 0.0001 0.0882 0.8163 0.0953 0.0001 0.0000 0.0000 0.0000
0.0000 0.0000 0.0000 0.0000 0.0001 0.0953 0.8125 0.0921 0.0001 0.0000 0.0000
0.0000 0.0000 0.0000 0.0000 0.0000 0.0001 0.0921 0.8069 0.1008 0.0001 0.0000
0.0000 0.0000 0.0000 0.0000 0.0000 0.0000 0.0001 0.1008 0.7989 0.1001 0.0000
0.0000 0.0000 0.0000 0.0000 0.0000 0.0000 0.0000 0.0001 0.1001 0.8375 0.0622
0.0000 0.0000 0.0000 0.0000 0.0000 0.0000 0.0000 0.0000 0.0000 0.0622 0.9378
#DG from neighbouring lambda in kcal/mol
0.0000 0.1000 -1.1428 0.1505
0.1000 0.2000 2.5542 0.1258
0.2000 0.3000 3.0297 0.0996
0.3000 0.4000 2.2073 0.0874
0.4000 0.5000 0.9548 0.0880
0.5000 0.6000 -0.5282 0.0839
0.6000 0.7000 -1.7453 0.0856
0.7000 0.8000 -3.3650 0.0810
0.8000 0.9000 -5.1100 0.0814
0.9000 1.0000 -7.6862 0.1081
#PMF from MBAR in kcal/mol
0.0000 0.0000 0.0000
0.1000 -1.1428 0.1505
0.2000 1.4113 0.2004
0.3000 4.4411 0.2274
0.4000 6.6484 0.2470
0.5000 7.6032 0.2653
0.6000 7.0750 0.2812
0.7000 5.3297 0.2967
0.8000 1.9647 0.3102
0.9000 -3.1453 0.3233
1.0000 -10.8315 0.3433
#TI average gradients and standard deviation in kcal/mol
0.0000 -68.2990 25.7508
0.1000 18.1999 24.4061
0.2000 30.3285 20.8457
0.3000 26.3624 20.3079
0.4000 16.2033 18.1332
0.5000 2.2168 17.9905
0.6000 -11.1925 16.6262
0.7000 -26.0911 18.1500
0.8000 -42.7062 19.1333
0.9000 -60.0253 19.8324
1.0000 -94.7981 23.1687
#PMF from TI in kcal/mol
0.0000 0.0000
0.1000 -2.5050
0.2000 -0.0785
0.3000 2.7560
0.4000 4.8843
0.5000 5.8053
0.6000 5.3565
0.7000 3.4923
0.8000 0.0525
0.9000 -5.0841
1.0000 -12.8253
#MBAR free energy difference in kcal/mol: 
-10.831509, 0.343289  #WARNING SUBSAMPLING DISABLED, CONSIDER RERUN WITH SUBSAMPLING OPTION
#TI free energy difference in kcal/mol: 
-12.825294  #WARNING SUBSAMPLING DISABLED, CONSIDER RERUN WITH SUBSAMPLING OPTION 
Starting /export/users/common/BioSimSpace/sire.app/bin/analyse_freenrg: number of threads equals 32
