# Analysing data contained in file(s) ['lambda_0.0000/simfile_snipped.dat', 'lambda_0.1000/simfile_snipped.dat', 'lambda_0.2000/simfile_snipped.dat', 'lambda_0.3000/simfile_snipped.dat', 'lambda_0.4000/simfile_snipped.dat', 'lambda_0.5000/simfile_snipped.dat', 'lambda_0.6000/simfile_snipped.dat', 'lambda_0.7000/simfile_snipped.dat', 'lambda_0.8000/simfile_snipped.dat', 'lambda_0.9000/simfile_snipped.dat', 'lambda_1.0000/simfile_snipped.dat']
#Overlap matrix
0.6355 0.2889 0.0677 0.0075 0.0004 0.0000 0.0000 0.0000 0.0000 0.0000 0.0000
0.2889 0.3995 0.2457 0.0604 0.0053 0.0002 0.0000 0.0000 0.0000 0.0000 0.0000
0.0677 0.2457 0.3978 0.2391 0.0465 0.0032 0.0001 0.0000 0.0000 0.0000 0.0000
0.0075 0.0604 0.2391 0.4203 0.2332 0.0378 0.0017 0.0000 0.0000 0.0000 0.0000
0.0004 0.0053 0.0465 0.2332 0.4561 0.2301 0.0276 0.0008 0.0000 0.0000 0.0000
0.0000 0.0002 0.0032 0.0378 0.2301 0.5036 0.2041 0.0207 0.0005 0.0000 0.0000
0.0000 0.0000 0.0001 0.0017 0.0276 0.2041 0.5234 0.2249 0.0179 0.0003 0.0000
0.0000 0.0000 0.0000 0.0000 0.0008 0.0207 0.2249 0.5442 0.1984 0.0111 0.0001
0.0000 0.0000 0.0000 0.0000 0.0000 0.0005 0.0179 0.1984 0.5992 0.1805 0.0035
0.0000 0.0000 0.0000 0.0000 0.0000 0.0000 0.0003 0.0111 0.1805 0.7090 0.0992
0.0000 0.0000 0.0000 0.0000 0.0000 0.0000 0.0000 0.0001 0.0035 0.0992 0.8972
#DG from neighbouring lambda in kcal/mol
0.0000 0.1000 -0.5770 0.0267
0.1000 0.2000 -0.5821 0.0258
0.2000 0.3000 -0.4623 0.0280
0.3000 0.4000 -0.3412 0.0314
0.4000 0.5000 -0.2586 0.0344
0.5000 0.6000 -0.2093 0.0406
0.6000 0.7000 -0.3982 0.0389
0.7000 0.8000 -0.4797 0.0448
0.8000 0.9000 0.2683 0.0510
0.9000 1.0000 6.1333 0.0801
#PMF from MBAR in kcal/mol
0.0000 0.0000 0.0000
0.1000 -0.5770 0.0267
0.2000 -1.1590 0.0458
0.3000 -1.6213 0.0608
0.4000 -1.9625 0.0748
0.5000 -2.2211 0.0880
0.6000 -2.4304 0.1022
0.7000 -2.8286 0.1145
0.8000 -3.3083 0.1276
0.9000 -3.0400 0.1419
1.0000 3.0933 0.1671
#TI average gradients and standard deviation in kcal/mol
0.0000 -8.9074 9.5911
0.1000 -5.4734 7.2879
0.2000 -6.0097 8.2282
0.3000 -5.0571 8.5926
0.4000 -2.5853 10.0785
0.5000 -2.0424 10.0298
0.6000 -4.3182 9.8375
0.7000 -4.1876 11.5854
0.8000 -4.6831 13.0245
0.9000 16.3617 14.5028
1.0000 134.2764 22.9662
#PMF from TI in kcal/mol
0.0000 0.0000
0.1000 -0.7190
0.2000 -1.2932
0.3000 -1.8465
0.4000 -2.2287
0.5000 -2.4600
0.6000 -2.7781
0.7000 -3.2034
0.8000 -3.6469
0.9000 -3.0630
1.0000 4.4689
#MBAR free energy difference in kcal/mol: 
3.093261, 0.167129  #WARNING SUBSAMPLING DISABLED, CONSIDER RERUN WITH SUBSAMPLING OPTION
#TI free energy difference in kcal/mol: 
4.468935  #WARNING SUBSAMPLING DISABLED, CONSIDER RERUN WITH SUBSAMPLING OPTION 
Starting /export/users/common/BioSimSpace/sire.app/bin/analyse_freenrg: number of threads equals 32
