# Analysing data contained in file(s) ['lambda_0.0000/simfile_snipped.dat', 'lambda_0.1000/simfile_snipped.dat', 'lambda_0.2000/simfile_snipped.dat', 'lambda_0.3000/simfile_snipped.dat', 'lambda_0.4000/simfile_snipped.dat', 'lambda_0.5000/simfile_snipped.dat', 'lambda_0.6000/simfile_snipped.dat', 'lambda_0.7000/simfile_snipped.dat', 'lambda_0.8000/simfile_snipped.dat', 'lambda_0.9000/simfile_snipped.dat', 'lambda_1.0000/simfile_snipped.dat']
#Overlap matrix
0.8039 0.1913 0.0049 0.0000 0.0000 0.0000 0.0000 0.0000 0.0000 0.0000 0.0000
0.1913 0.6093 0.1932 0.0062 0.0000 0.0000 0.0000 0.0000 0.0000 0.0000 0.0000
0.0049 0.1932 0.6075 0.1885 0.0059 0.0000 0.0000 0.0000 0.0000 0.0000 0.0000
0.0000 0.0062 0.1885 0.5959 0.2003 0.0091 0.0001 0.0000 0.0000 0.0000 0.0000
0.0000 0.0000 0.0059 0.2003 0.5708 0.2133 0.0096 0.0001 0.0000 0.0000 0.0000
0.0000 0.0000 0.0000 0.0091 0.2133 0.5685 0.1990 0.0099 0.0001 0.0000 0.0000
0.0000 0.0000 0.0000 0.0001 0.0096 0.1990 0.5643 0.2135 0.0134 0.0001 0.0000
0.0000 0.0000 0.0000 0.0000 0.0001 0.0099 0.2135 0.5483 0.2163 0.0119 0.0001
0.0000 0.0000 0.0000 0.0000 0.0000 0.0001 0.0134 0.2163 0.5500 0.2117 0.0085
0.0000 0.0000 0.0000 0.0000 0.0000 0.0000 0.0001 0.0119 0.2117 0.5802 0.1961
0.0000 0.0000 0.0000 0.0000 0.0000 0.0000 0.0000 0.0001 0.0085 0.1961 0.7953
#DG from neighbouring lambda in kcal/mol
0.0000 0.1000 1.5782 0.0507
0.1000 0.2000 1.2132 0.0491
0.2000 0.3000 0.8694 0.0498
0.3000 0.4000 0.3928 0.0469
0.4000 0.5000 0.0963 0.0439
0.5000 0.6000 -0.3007 0.0464
0.6000 0.7000 -0.7885 0.0431
0.7000 0.8000 -1.1105 0.0423
0.8000 0.9000 -1.2177 0.0439
0.9000 1.0000 -0.0414 0.0490
#PMF from MBAR in kcal/mol
0.0000 0.0000 0.0000
0.1000 1.5782 0.0507
0.2000 2.7914 0.0803
0.3000 3.6607 0.1017
0.4000 4.0535 0.1182
0.5000 4.1498 0.1314
0.6000 3.8491 0.1441
0.7000 3.0606 0.1549
0.8000 1.9500 0.1645
0.9000 0.7323 0.1741
1.0000 0.6909 0.1846
#TI average gradients and standard deviation in kcal/mol
0.0000 15.2549 13.2656
0.1000 14.1370 13.4993
0.2000 10.9420 12.4277
0.3000 6.0940 12.6942
0.4000 2.3258 11.8568
0.5000 -0.5719 11.7029
0.6000 -6.2997 12.0104
0.7000 -9.5483 12.0492
0.8000 -12.3719 12.3046
0.9000 -9.9292 12.0431
1.0000 16.7326 13.9349
#PMF from TI in kcal/mol
0.0000 0.0000
0.1000 1.4696
0.2000 2.7236
0.3000 3.5754
0.4000 3.9963
0.5000 4.0840
0.6000 3.7405
0.7000 2.9481
0.8000 1.8520
0.9000 0.7370
1.0000 1.0772
#MBAR free energy difference in kcal/mol: 
0.690892, 0.184591  #WARNING SUBSAMPLING DISABLED, CONSIDER RERUN WITH SUBSAMPLING OPTION
#TI free energy difference in kcal/mol: 
1.077158  #WARNING SUBSAMPLING DISABLED, CONSIDER RERUN WITH SUBSAMPLING OPTION 
Starting /export/users/common/BioSimSpace/sire.app/bin/analyse_freenrg: number of threads equals 32
