# Analysing data contained in file(s) ['lambda_0.0000/simfile_snipped.dat', 'lambda_0.1000/simfile_snipped.dat', 'lambda_0.2000/simfile_snipped.dat', 'lambda_0.3000/simfile_snipped.dat', 'lambda_0.4000/simfile_snipped.dat', 'lambda_0.5000/simfile_snipped.dat', 'lambda_0.6000/simfile_snipped.dat', 'lambda_0.7000/simfile_snipped.dat', 'lambda_0.8000/simfile_snipped.dat', 'lambda_0.9000/simfile_snipped.dat', 'lambda_1.0000/simfile_snipped.dat']
#Overlap matrix
0.8582 0.1410 0.0007 0.0000 0.0000 0.0000 0.0000 0.0000 0.0000 0.0000 0.0000
0.1410 0.7201 0.1377 0.0012 0.0000 0.0000 0.0000 0.0000 0.0000 0.0000 0.0000
0.0007 0.1377 0.7044 0.1551 0.0021 0.0000 0.0000 0.0000 0.0000 0.0000 0.0000
0.0000 0.0012 0.1551 0.6782 0.1628 0.0027 0.0000 0.0000 0.0000 0.0000 0.0000
0.0000 0.0000 0.0021 0.1628 0.6586 0.1717 0.0047 0.0000 0.0000 0.0000 0.0000
0.0000 0.0000 0.0000 0.0027 0.1717 0.6256 0.1933 0.0066 0.0001 0.0000 0.0000
0.0000 0.0000 0.0000 0.0000 0.0047 0.1933 0.5846 0.2066 0.0107 0.0001 0.0000
0.0000 0.0000 0.0000 0.0000 0.0000 0.0066 0.2066 0.5745 0.2006 0.0114 0.0002
0.0000 0.0000 0.0000 0.0000 0.0000 0.0001 0.0107 0.2006 0.5687 0.2053 0.0146
0.0000 0.0000 0.0000 0.0000 0.0000 0.0000 0.0001 0.0114 0.2053 0.5366 0.2466
0.0000 0.0000 0.0000 0.0000 0.0000 0.0000 0.0000 0.0002 0.0146 0.2466 0.7387
#DG from neighbouring lambda in kcal/mol
0.0000 0.1000 -10.9097 0.0648
0.1000 0.2000 -5.7664 0.0655
0.2000 0.3000 -4.2929 0.0599
0.3000 0.4000 -3.4173 0.0574
0.4000 0.5000 -2.7722 0.0546
0.5000 0.6000 -2.0902 0.0490
0.6000 0.7000 -1.5031 0.0454
0.7000 0.8000 -0.9683 0.0456
0.8000 0.9000 -0.7573 0.0441
0.9000 1.0000 -0.7200 0.0391
#PMF from MBAR in kcal/mol
0.0000 0.0000 0.0000
0.1000 -10.9097 0.0648
0.2000 -16.6761 0.1004
0.3000 -20.9690 0.1235
0.4000 -24.3863 0.1416
0.5000 -27.1585 0.1567
0.6000 -29.2487 0.1685
0.7000 -30.7518 0.1786
0.8000 -31.7201 0.1878
0.9000 -32.4773 0.1962
1.0000 -33.1973 0.2033
#TI average gradients and standard deviation in kcal/mol
0.0000 -173.1139 15.9123
0.1000 -71.2401 16.2201
0.2000 -48.3413 15.3537
0.3000 -38.0223 14.5793
0.4000 -31.0898 14.3790
0.5000 -24.5547 13.7136
0.6000 -17.4936 13.1009
0.7000 -11.7507 11.5350
0.8000 -8.2829 12.1254
0.9000 -7.4230 11.5818
1.0000 -5.4820 10.1879
#PMF from TI in kcal/mol
0.0000 0.0000
0.1000 -12.2177
0.2000 -18.1968
0.3000 -22.5149
0.4000 -25.9706
0.5000 -28.7528
0.6000 -30.8552
0.7000 -32.3174
0.8000 -33.3191
0.9000 -34.1044
1.0000 -34.7496
#MBAR free energy difference in kcal/mol: 
-33.197268, 0.203254  #WARNING SUBSAMPLING DISABLED, CONSIDER RERUN WITH SUBSAMPLING OPTION
#TI free energy difference in kcal/mol: 
-34.749640  #WARNING SUBSAMPLING DISABLED, CONSIDER RERUN WITH SUBSAMPLING OPTION 
Starting /export/users/common/BioSimSpace/sire.app/bin/analyse_freenrg: number of threads equals 32
