# Analysing data contained in file(s) ['lambda_0.0000/simfile_snipped.dat', 'lambda_0.1000/simfile_snipped.dat', 'lambda_0.2000/simfile_snipped.dat', 'lambda_0.3000/simfile_snipped.dat', 'lambda_0.4000/simfile_snipped.dat', 'lambda_0.5000/simfile_snipped.dat', 'lambda_0.6000/simfile_snipped.dat', 'lambda_0.7000/simfile_snipped.dat', 'lambda_0.8000/simfile_snipped.dat', 'lambda_0.9000/simfile_snipped.dat', 'lambda_1.0000/simfile_snipped.dat']
#Overlap matrix
0.6966 0.2616 0.0383 0.0033 0.0002 0.0000 0.0000 0.0000 0.0000 0.0000 0.0000
0.2616 0.4564 0.2255 0.0498 0.0064 0.0004 0.0000 0.0000 0.0000 0.0000 0.0000
0.0383 0.2255 0.4202 0.2412 0.0659 0.0085 0.0004 0.0000 0.0000 0.0000 0.0000
0.0033 0.0498 0.2412 0.3845 0.2458 0.0673 0.0078 0.0003 0.0000 0.0000 0.0000
0.0002 0.0064 0.0659 0.2458 0.3718 0.2386 0.0644 0.0067 0.0002 0.0000 0.0000
0.0000 0.0004 0.0085 0.0673 0.2386 0.3757 0.2428 0.0614 0.0051 0.0001 0.0000
0.0000 0.0000 0.0004 0.0078 0.0644 0.2428 0.3859 0.2434 0.0521 0.0032 0.0000
0.0000 0.0000 0.0000 0.0003 0.0067 0.0614 0.2434 0.4008 0.2428 0.0435 0.0010
0.0000 0.0000 0.0000 0.0000 0.0002 0.0051 0.0521 0.2428 0.4323 0.2482 0.0193
0.0000 0.0000 0.0000 0.0000 0.0000 0.0001 0.0032 0.0435 0.2482 0.5174 0.1876
0.0000 0.0000 0.0000 0.0000 0.0000 0.0000 0.0000 0.0010 0.0193 0.1876 0.7921
#DG from neighbouring lambda in kcal/mol
0.0000 0.1000 -0.8625 0.0336
0.1000 0.2000 1.3781 0.0321
0.2000 0.3000 1.7929 0.0269
0.3000 0.4000 1.7823 0.0245
0.4000 0.5000 1.5400 0.0253
0.5000 0.6000 1.2002 0.0256
0.6000 0.7000 0.7991 0.0269
0.7000 0.8000 0.2828 0.0291
0.8000 0.9000 -0.3537 0.0324
0.9000 1.0000 -1.4932 0.0486
#PMF from MBAR in kcal/mol
0.0000 0.0000 0.0000
0.1000 -0.8625 0.0336
0.2000 0.5156 0.0555
0.3000 2.3086 0.0683
0.4000 4.0909 0.0777
0.5000 5.6309 0.0864
0.6000 6.8311 0.0945
0.7000 7.6302 0.1024
0.8000 7.9130 0.1107
0.9000 7.5593 0.1195
1.0000 6.0662 0.1335
#TI average gradients and standard deviation in kcal/mol
0.0000 -37.9147 11.8453
0.1000 8.8365 9.0329
0.2000 17.9885 9.0009
0.3000 17.2790 7.9172
0.4000 17.2022 7.4623
0.5000 13.8750 7.6278
0.6000 9.8520 8.0841
0.7000 5.5856 8.6355
0.8000 0.0000 9.0651
0.9000 -7.4472 10.4780
1.0000 -23.7747 14.3634
#PMF from TI in kcal/mol
0.0000 0.0000
0.1000 -1.4539
0.2000 -0.1127
0.3000 1.6507
0.4000 3.3748
0.5000 4.9286
0.6000 6.1150
0.7000 6.8869
0.8000 7.1662
0.9000 6.7938
1.0000 5.2327
#MBAR free energy difference in kcal/mol: 
6.066160, 0.133487  #WARNING SUBSAMPLING DISABLED, CONSIDER RERUN WITH SUBSAMPLING OPTION
#TI free energy difference in kcal/mol: 
5.232705  #WARNING SUBSAMPLING DISABLED, CONSIDER RERUN WITH SUBSAMPLING OPTION 
Starting /export/users/common/BioSimSpace/sire.app/bin/analyse_freenrg: number of threads equals 32
