# Analysing data contained in file(s) ['lambda_0.0000/simfile_snipped.dat', 'lambda_0.1000/simfile_snipped.dat', 'lambda_0.2000/simfile_snipped.dat', 'lambda_0.3000/simfile_snipped.dat', 'lambda_0.4000/simfile_snipped.dat', 'lambda_0.5000/simfile_snipped.dat', 'lambda_0.6000/simfile_snipped.dat', 'lambda_0.7000/simfile_snipped.dat', 'lambda_0.8000/simfile_snipped.dat', 'lambda_0.9000/simfile_snipped.dat', 'lambda_1.0000/simfile_snipped.dat']
#Overlap matrix
0.9068 0.0929 0.0003 0.0000 0.0000 0.0000 0.0000 0.0000 0.0000 0.0000 0.0000
0.0929 0.7828 0.1233 0.0010 0.0000 0.0000 0.0000 0.0000 0.0000 0.0000 0.0000
0.0003 0.1233 0.7233 0.1511 0.0021 0.0000 0.0000 0.0000 0.0000 0.0000 0.0000
0.0000 0.0010 0.1511 0.6919 0.1534 0.0027 0.0000 0.0000 0.0000 0.0000 0.0000
0.0000 0.0000 0.0021 0.1534 0.6649 0.1760 0.0037 0.0000 0.0000 0.0000 0.0000
0.0000 0.0000 0.0000 0.0027 0.1760 0.6369 0.1771 0.0074 0.0001 0.0000 0.0000
0.0000 0.0000 0.0000 0.0000 0.0037 0.1771 0.5978 0.2118 0.0096 0.0001 0.0000
0.0000 0.0000 0.0000 0.0000 0.0000 0.0074 0.2118 0.5669 0.2031 0.0108 0.0002
0.0000 0.0000 0.0000 0.0000 0.0000 0.0001 0.0096 0.2031 0.5576 0.2126 0.0170
0.0000 0.0000 0.0000 0.0000 0.0000 0.0000 0.0001 0.0108 0.2126 0.5294 0.2472
0.0000 0.0000 0.0000 0.0000 0.0000 0.0000 0.0000 0.0002 0.0170 0.2472 0.7357
#DG from neighbouring lambda in kcal/mol
0.0000 0.1000 -0.9443 0.0851
0.1000 0.2000 -0.1105 0.0707
0.2000 0.3000 0.3687 0.0610
0.3000 0.4000 0.5877 0.0599
0.4000 0.5000 0.6317 0.0538
0.5000 0.6000 0.5442 0.0525
0.6000 0.7000 0.6389 0.0445
0.7000 0.8000 0.6519 0.0455
0.8000 0.9000 0.5418 0.0426
0.9000 1.0000 0.5347 0.0387
#PMF from MBAR in kcal/mol
0.0000 0.0000 0.0000
0.1000 -0.9443 0.0851
0.2000 -1.0548 0.1177
0.3000 -0.6861 0.1384
0.4000 -0.0985 0.1558
0.5000 0.5332 0.1694
0.6000 1.0774 0.1815
0.7000 1.7163 0.1905
0.8000 2.3682 0.1993
0.9000 2.9100 0.2070
1.0000 3.4447 0.2135
#TI average gradients and standard deviation in kcal/mol
0.0000 -15.4010 17.9064
0.1000 -4.5471 17.1483
0.2000 2.0815 15.6667
0.3000 5.2411 13.7668
0.4000 6.1749 14.2694
0.5000 6.1927 13.2831
0.6000 5.2278 11.6323
0.7000 7.1696 11.8038
0.8000 5.9083 11.6045
0.9000 5.1284 10.7245
1.0000 7.3932 10.2687
#PMF from TI in kcal/mol
0.0000 0.0000
0.1000 -0.9974
0.2000 -1.1207
0.3000 -0.7545
0.4000 -0.1837
0.5000 0.4346
0.6000 1.0057
0.7000 1.6255
0.8000 2.2794
0.9000 2.8313
1.0000 3.4573
#MBAR free energy difference in kcal/mol: 
3.444734, 0.213473  #WARNING SUBSAMPLING DISABLED, CONSIDER RERUN WITH SUBSAMPLING OPTION
#TI free energy difference in kcal/mol: 
3.457337  #WARNING SUBSAMPLING DISABLED, CONSIDER RERUN WITH SUBSAMPLING OPTION 
Starting /export/users/common/BioSimSpace/sire.app/bin/analyse_freenrg: number of threads equals 32
