# Analysing data contained in file(s) ['lambda_0.0000/simfile_snipped.dat', 'lambda_0.1000/simfile_snipped.dat', 'lambda_0.2000/simfile_snipped.dat', 'lambda_0.3000/simfile_snipped.dat', 'lambda_0.4000/simfile_snipped.dat', 'lambda_0.5000/simfile_snipped.dat', 'lambda_0.6000/simfile_snipped.dat', 'lambda_0.7000/simfile_snipped.dat', 'lambda_0.8000/simfile_snipped.dat', 'lambda_0.9000/simfile_snipped.dat', 'lambda_1.0000/simfile_snipped.dat']
#Overlap matrix
1.0000 0.0000 0.0000 0.0000 0.0000 0.0000 0.0000 0.0000 0.0000 0.0000 0.0000
0.0000 0.9496 0.0504 0.0000 0.0000 0.0000 0.0000 0.0000 0.0000 0.0000 0.0000
0.0000 0.0504 0.8327 0.1163 0.0006 0.0000 0.0000 0.0000 0.0000 0.0000 0.0000
0.0000 0.0000 0.1163 0.7451 0.1378 0.0008 0.0000 0.0000 0.0000 0.0000 0.0000
0.0000 0.0000 0.0006 0.1378 0.7168 0.1441 0.0007 0.0000 0.0000 0.0000 0.0000
0.0000 0.0000 0.0000 0.0008 0.1441 0.7451 0.1098 0.0002 0.0000 0.0000 0.0000
0.0000 0.0000 0.0000 0.0000 0.0007 0.1098 0.7848 0.1048 0.0001 0.0000 0.0000
0.0000 0.0000 0.0000 0.0000 0.0000 0.0002 0.1048 0.8253 0.0698 0.0000 0.0000
0.0000 0.0000 0.0000 0.0000 0.0000 0.0000 0.0001 0.0698 0.9018 0.0283 0.0000
0.0000 0.0000 0.0000 0.0000 0.0000 0.0000 0.0000 0.0000 0.0283 0.9680 0.0037
0.0000 0.0000 0.0000 0.0000 0.0000 0.0000 0.0000 0.0000 0.0000 0.0037 0.9963
#DG from neighbouring lambda in kcal/mol
0.0000 0.1000 36.1541 0.1722
0.1000 0.2000 9.9846 0.1217
0.2000 0.3000 5.8884 0.0738
0.3000 0.4000 3.8070 0.0656
0.4000 0.5000 1.7750 0.0636
0.5000 0.6000 -0.5119 0.0765
0.6000 0.7000 -3.7694 0.0790
0.7000 0.8000 -7.6011 0.1011
0.8000 0.9000 -13.8894 0.1663
0.9000 1.0000 -24.7086 0.4717
#PMF from MBAR in kcal/mol
0.0000 0.0000 0.0000
0.1000 36.1541 0.1722
0.2000 46.1387 0.1284
0.3000 52.0270 0.1107
0.4000 55.8340 0.0995
0.5000 57.6090 0.0937
0.6000 57.0971 0.0936
0.7000 53.3277 0.1016
0.8000 45.7266 0.1228
0.9000 31.8372 0.1807
1.0000 7.1286 0.4604
#TI average gradients and standard deviation in kcal/mol
0.0000 2307.9030 473.0389
0.1000 133.7234 27.4350
0.2000 74.2467 20.1980
0.3000 47.5687 14.9062
0.4000 27.7587 15.6794
0.5000 8.3519 15.1963
0.6000 -21.4802 16.9004
0.7000 -54.2916 16.9034
0.8000 -101.7484 20.4547
0.9000 -182.3604 25.5801
1.0000 -353.3921 41.8706
#PMF from TI in kcal/mol
0.0000 0.0000
0.1000 122.0813
0.2000 132.4798
0.3000 138.5706
0.4000 142.3370
0.5000 144.1425
0.6000 143.4861
0.7000 139.6975
0.8000 131.8955
0.9000 117.6900
1.0000 90.9024
#MBAR free energy difference in kcal/mol: 
7.128561, 0.460402  #WARNING SUBSAMPLING DISABLED, CONSIDER RERUN WITH SUBSAMPLING OPTION
#TI free energy difference in kcal/mol: 
90.902417  #WARNING SUBSAMPLING DISABLED, CONSIDER RERUN WITH SUBSAMPLING OPTION 
Starting /export/users/common/BioSimSpace/sire.app/bin/analyse_freenrg: number of threads equals 32
