# Analysing data contained in file(s) ['lambda_0.0000/simfile_snipped.dat', 'lambda_0.1000/simfile_snipped.dat', 'lambda_0.2000/simfile_snipped.dat', 'lambda_0.3000/simfile_snipped.dat', 'lambda_0.4000/simfile_snipped.dat', 'lambda_0.5000/simfile_snipped.dat', 'lambda_0.6000/simfile_snipped.dat', 'lambda_0.7000/simfile_snipped.dat', 'lambda_0.8000/simfile_snipped.dat', 'lambda_0.9000/simfile_snipped.dat', 'lambda_1.0000/simfile_snipped.dat']
#Overlap matrix
0.9518 0.0482 0.0000 0.0000 0.0000 0.0000 0.0000 0.0000 0.0000 0.0000 0.0000
0.0482 0.8988 0.0530 0.0000 0.0000 0.0000 0.0000 0.0000 0.0000 0.0000 0.0000
0.0000 0.0530 0.9118 0.0352 0.0000 0.0000 0.0000 0.0000 0.0000 0.0000 0.0000
0.0000 0.0000 0.0352 0.9454 0.0193 0.0000 0.0000 0.0000 0.0000 0.0000 0.0000
0.0000 0.0000 0.0000 0.0193 0.9676 0.0130 0.0000 0.0000 0.0000 0.0000 0.0000
0.0000 0.0000 0.0000 0.0000 0.0130 0.8794 0.1025 0.0050 0.0001 0.0000 0.0000
0.0000 0.0000 0.0000 0.0000 0.0000 0.1025 0.6901 0.1997 0.0076 0.0000 0.0000
0.0000 0.0000 0.0000 0.0000 0.0000 0.0050 0.1997 0.6093 0.1853 0.0006 0.0000
0.0000 0.0000 0.0000 0.0000 0.0000 0.0001 0.0076 0.1853 0.7386 0.0684 0.0000
0.0000 0.0000 0.0000 0.0000 0.0000 0.0000 0.0000 0.0006 0.0684 0.8687 0.0623
0.0000 0.0000 0.0000 0.0000 0.0000 0.0000 0.0000 0.0000 0.0000 0.0623 0.9377
#DG from neighbouring lambda in kcal/mol
0.0000 0.1000 -0.1527 0.1248
0.1000 0.2000 2.1386 0.1183
0.2000 0.3000 1.7405 0.1481
0.3000 0.4000 0.7430 0.2031
0.4000 0.5000 0.3010 0.2489
0.5000 0.6000 3.1950 0.0779
0.6000 0.7000 5.9375 0.0475
0.7000 0.8000 5.1740 0.0513
0.8000 0.9000 1.9998 0.1018
0.9000 1.0000 -2.4582 0.1080
#PMF from MBAR in kcal/mol
0.0000 0.0000 0.0000
0.1000 -0.1527 0.1248
0.2000 1.9859 0.1767
0.3000 3.7265 0.2341
0.4000 4.4695 0.3126
0.5000 4.7705 0.4016
0.6000 7.9655 0.4111
0.7000 13.9030 0.4154
0.8000 19.0771 0.4202
0.9000 21.0768 0.4341
1.0000 18.6186 0.4492
#TI average gradients and standard deviation in kcal/mol
0.0000 -32.2103 21.0707
0.1000 15.2567 20.7401
0.2000 20.7259 23.2559
0.3000 15.6151 24.4927
0.4000 5.2917 26.9130
0.5000 8.7637 24.4317
0.6000 52.7454 14.3489
0.7000 60.2755 13.3466
0.8000 41.7730 14.3247
0.9000 -5.6131 18.9401
1.0000 -38.1824 24.1377
#PMF from TI in kcal/mol
0.0000 0.0000
0.1000 -0.8477
0.2000 0.9515
0.3000 2.7685
0.4000 3.8138
0.5000 4.5166
0.6000 7.5921
0.7000 13.2431
0.8000 18.3455
0.9000 20.1535
1.0000 17.9638
#MBAR free energy difference in kcal/mol: 
18.618637, 0.449228  #WARNING SUBSAMPLING DISABLED, CONSIDER RERUN WITH SUBSAMPLING OPTION
#TI free energy difference in kcal/mol: 
17.963752  #WARNING SUBSAMPLING DISABLED, CONSIDER RERUN WITH SUBSAMPLING OPTION 
Starting /export/users/common/BioSimSpace/sire.app/bin/analyse_freenrg: number of threads equals 32
