# Analysing data contained in file(s) ['lambda_0.0000/simfile_snipped.dat', 'lambda_0.1000/simfile_snipped.dat', 'lambda_0.2000/simfile_snipped.dat', 'lambda_0.3000/simfile_snipped.dat', 'lambda_0.4000/simfile_snipped.dat', 'lambda_0.5000/simfile_snipped.dat', 'lambda_0.6000/simfile_snipped.dat', 'lambda_0.7000/simfile_snipped.dat', 'lambda_0.8000/simfile_snipped.dat', 'lambda_0.9000/simfile_snipped.dat', 'lambda_1.0000/simfile_snipped.dat']
#Overlap matrix
0.8686 0.1284 0.0030 0.0000 0.0000 0.0000 0.0000 0.0000 0.0000 0.0000 0.0000
0.1284 0.6369 0.2160 0.0183 0.0004 0.0000 0.0000 0.0000 0.0000 0.0000 0.0000
0.0030 0.2160 0.5284 0.2280 0.0238 0.0008 0.0000 0.0000 0.0000 0.0000 0.0000
0.0000 0.0183 0.2280 0.4914 0.2296 0.0313 0.0013 0.0000 0.0000 0.0000 0.0000
0.0000 0.0004 0.0238 0.2296 0.4637 0.2459 0.0348 0.0017 0.0000 0.0000 0.0000
0.0000 0.0000 0.0008 0.0313 0.2459 0.4449 0.2339 0.0409 0.0023 0.0000 0.0000
0.0000 0.0000 0.0000 0.0013 0.0348 0.2339 0.4365 0.2486 0.0432 0.0017 0.0000
0.0000 0.0000 0.0000 0.0000 0.0017 0.0409 0.2486 0.4343 0.2408 0.0328 0.0008
0.0000 0.0000 0.0000 0.0000 0.0000 0.0023 0.0432 0.2408 0.4590 0.2319 0.0227
0.0000 0.0000 0.0000 0.0000 0.0000 0.0000 0.0017 0.0328 0.2319 0.5052 0.2284
0.0000 0.0000 0.0000 0.0000 0.0000 0.0000 0.0000 0.0008 0.0227 0.2284 0.7481
#DG from neighbouring lambda in kcal/mol
0.0000 0.1000 4.0888 0.0683
0.1000 0.2000 2.1827 0.0430
0.2000 0.3000 1.2970 0.0380
0.3000 0.4000 0.5657 0.0359
0.4000 0.5000 0.0181 0.0323
0.5000 0.6000 -0.4422 0.0327
0.6000 0.7000 -0.7622 0.0299
0.7000 0.8000 -0.8829 0.0318
0.8000 0.9000 -0.7280 0.0356
0.9000 1.0000 0.4575 0.0408
#PMF from MBAR in kcal/mol
0.0000 0.0000 0.0000
0.1000 4.0888 0.0683
0.2000 6.2715 0.0895
0.3000 7.5685 0.1031
0.4000 8.1342 0.1143
0.5000 8.1523 0.1232
0.6000 7.7101 0.1315
0.7000 6.9479 0.1385
0.8000 6.0650 0.1455
0.9000 5.3370 0.1533
1.0000 5.7945 0.1622
#TI average gradients and standard deviation in kcal/mol
0.0000 54.0609 16.6866
0.1000 28.1428 13.3013
0.2000 16.7132 11.3042
0.3000 9.3973 10.5055
0.4000 2.3004 9.9905
0.5000 -2.1970 10.0084
0.6000 -6.3238 9.5619
0.7000 -8.5940 9.1039
0.8000 -8.5436 9.9006
0.9000 -4.6682 10.6049
1.0000 18.6997 11.8408
#PMF from TI in kcal/mol
0.0000 0.0000
0.1000 4.1102
0.2000 6.3530
0.3000 7.6585
0.4000 8.2434
0.5000 8.2486
0.6000 7.8225
0.7000 7.0766
0.8000 6.2198
0.9000 5.5592
1.0000 6.2607
#MBAR free energy difference in kcal/mol: 
5.794462, 0.162223  #WARNING SUBSAMPLING DISABLED, CONSIDER RERUN WITH SUBSAMPLING OPTION
#TI free energy difference in kcal/mol: 
6.260745  #WARNING SUBSAMPLING DISABLED, CONSIDER RERUN WITH SUBSAMPLING OPTION 
Starting /export/users/common/BioSimSpace/sire.app/bin/analyse_freenrg: number of threads equals 32
