# Analysing data contained in file(s) ['lambda_0.0000/simfile_snipped.dat', 'lambda_0.1000/simfile_snipped.dat', 'lambda_0.2000/simfile_snipped.dat', 'lambda_0.3000/simfile_snipped.dat', 'lambda_0.4000/simfile_snipped.dat', 'lambda_0.5000/simfile_snipped.dat', 'lambda_0.6000/simfile_snipped.dat', 'lambda_0.7000/simfile_snipped.dat', 'lambda_0.8000/simfile_snipped.dat', 'lambda_0.9000/simfile_snipped.dat', 'lambda_1.0000/simfile_snipped.dat']
#Overlap matrix
0.7213 0.2544 0.0238 0.0005 0.0000 0.0000 0.0000 0.0000 0.0000 0.0000 0.0000
0.2544 0.5022 0.2225 0.0205 0.0004 0.0000 0.0000 0.0000 0.0000 0.0000 0.0000
0.0238 0.2225 0.5029 0.2295 0.0209 0.0004 0.0000 0.0000 0.0000 0.0000 0.0000
0.0005 0.0205 0.2295 0.5047 0.2257 0.0189 0.0001 0.0000 0.0000 0.0000 0.0000
0.0000 0.0004 0.0209 0.2257 0.5176 0.2269 0.0084 0.0001 0.0000 0.0000 0.0000
0.0000 0.0000 0.0004 0.0189 0.2269 0.5616 0.1815 0.0106 0.0002 0.0000 0.0000
0.0000 0.0000 0.0000 0.0001 0.0084 0.1815 0.5618 0.2262 0.0216 0.0004 0.0000
0.0000 0.0000 0.0000 0.0000 0.0001 0.0106 0.2262 0.5119 0.2317 0.0193 0.0003
0.0000 0.0000 0.0000 0.0000 0.0000 0.0002 0.0216 0.2317 0.5111 0.2191 0.0162
0.0000 0.0000 0.0000 0.0000 0.0000 0.0000 0.0004 0.0193 0.2191 0.5263 0.2349
0.0000 0.0000 0.0000 0.0000 0.0000 0.0000 0.0000 0.0003 0.0162 0.2349 0.7486
#DG from neighbouring lambda in kcal/mol
0.0000 0.1000 -2.2508 0.0366
0.1000 0.2000 0.7261 0.0385
0.2000 0.3000 1.1212 0.0378
0.3000 0.4000 1.0307 0.0386
0.4000 0.5000 0.7447 0.0403
0.5000 0.6000 -0.1329 0.0499
0.6000 0.7000 -0.8373 0.0397
0.7000 0.8000 -0.9654 0.0376
0.8000 0.9000 -1.2302 0.0403
0.9000 1.0000 -1.4402 0.0407
#PMF from MBAR in kcal/mol
0.0000 0.0000 0.0000
0.1000 -2.2508 0.0366
0.2000 -1.5247 0.0628
0.3000 -0.4036 0.0810
0.4000 0.6271 0.0962
0.5000 1.3718 0.1099
0.6000 1.2390 0.1264
0.7000 0.4016 0.1373
0.8000 -0.5638 0.1464
0.9000 -1.7940 0.1558
1.0000 -3.2343 0.1648
#TI average gradients and standard deviation in kcal/mol
0.0000 -63.3879 10.9656
0.1000 0.5263 10.8164
0.2000 10.9620 10.8398
0.3000 11.2142 10.9060
0.4000 9.2361 10.7000
0.5000 5.2572 11.6428
0.6000 -7.0722 10.8500
0.7000 -10.1525 10.8137
0.8000 -10.8741 10.4570
0.9000 -14.3029 10.9621
1.0000 -11.7681 11.7837
#PMF from TI in kcal/mol
0.0000 0.0000
0.1000 -3.1431
0.2000 -2.5687
0.3000 -1.4599
0.4000 -0.4373
0.5000 0.2873
0.6000 0.1966
0.7000 -0.6647
0.8000 -1.7160
0.9000 -2.9748
1.0000 -4.2784
#MBAR free energy difference in kcal/mol: 
-3.234261, 0.164842  #WARNING SUBSAMPLING DISABLED, CONSIDER RERUN WITH SUBSAMPLING OPTION
#TI free energy difference in kcal/mol: 
-4.278395  #WARNING SUBSAMPLING DISABLED, CONSIDER RERUN WITH SUBSAMPLING OPTION 
Starting /export/users/common/BioSimSpace/sire.app/bin/analyse_freenrg: number of threads equals 32
