# Analysing data contained in file(s) ['lambda_0.0000/simfile_snipped.dat', 'lambda_0.1000/simfile_snipped.dat', 'lambda_0.2000/simfile_snipped.dat', 'lambda_0.3000/simfile_snipped.dat', 'lambda_0.4000/simfile_snipped.dat', 'lambda_0.5000/simfile_snipped.dat', 'lambda_0.6000/simfile_snipped.dat', 'lambda_0.7000/simfile_snipped.dat', 'lambda_0.8000/simfile_snipped.dat', 'lambda_0.9000/simfile_snipped.dat', 'lambda_1.0000/simfile_snipped.dat']
#Overlap matrix
0.4694 0.2639 0.1376 0.0683 0.0329 0.0157 0.0073 0.0031 0.0011 0.0004 0.0001
0.2639 0.2516 0.1906 0.1262 0.0774 0.0454 0.0251 0.0124 0.0052 0.0017 0.0004
0.1376 0.1906 0.1927 0.1625 0.1228 0.0860 0.0553 0.0312 0.0146 0.0054 0.0012
0.0683 0.1262 0.1625 0.1689 0.1527 0.1246 0.0918 0.0586 0.0309 0.0127 0.0029
0.0329 0.0774 0.1228 0.1527 0.1611 0.1509 0.1263 0.0911 0.0543 0.0246 0.0059
0.0157 0.0454 0.0860 0.1246 0.1509 0.1610 0.1529 0.1254 0.0847 0.0424 0.0109
0.0073 0.0251 0.0553 0.0918 0.1263 0.1529 0.1673 0.1600 0.1247 0.0696 0.0196
0.0031 0.0124 0.0312 0.0586 0.0911 0.1254 0.1600 0.1869 0.1783 0.1161 0.0370
0.0011 0.0052 0.0146 0.0309 0.0543 0.0847 0.1247 0.1783 0.2262 0.1987 0.0811
0.0004 0.0017 0.0054 0.0127 0.0246 0.0424 0.0696 0.1161 0.1987 0.3019 0.2267
0.0001 0.0004 0.0012 0.0029 0.0059 0.0109 0.0196 0.0370 0.0811 0.2267 0.6144
#DG from neighbouring lambda in kcal/mol
0.0000 0.1000 0.7573 0.0157
0.1000 0.2000 1.1311 0.0105
0.2000 0.3000 1.6113 0.0082
0.3000 0.4000 2.1569 0.0067
0.4000 0.5000 2.7495 0.0059
0.5000 0.6000 3.3915 0.0060
0.6000 0.7000 4.1068 0.0073
0.7000 0.8000 4.9758 0.0094
0.8000 0.9000 6.2481 0.0147
0.9000 1.0000 8.4009 0.0273
#PMF from MBAR in kcal/mol
0.0000 0.0000 0.0000
0.1000 0.7573 0.0157
0.2000 1.8884 0.0244
0.3000 3.4997 0.0301
0.4000 5.6566 0.0340
0.5000 8.4061 0.0369
0.6000 11.7976 0.0394
0.7000 15.9044 0.0421
0.8000 20.8802 0.0454
0.9000 27.1283 0.0504
1.0000 35.5292 0.0615
#TI average gradients and standard deviation in kcal/mol
0.0000 5.7918 5.4270
0.1000 8.8753 4.5969
0.2000 13.5035 3.7411
0.3000 18.8341 3.5578
0.4000 24.3765 2.9830
0.5000 30.5116 2.6022
0.6000 37.1749 2.8114
0.7000 44.9242 3.3877
0.8000 54.8443 4.7658
0.9000 71.2035 7.5922
1.0000 98.4506 10.2603
#PMF from TI in kcal/mol
0.0000 0.0000
0.1000 0.7334
0.2000 1.8523
0.3000 3.4692
0.4000 5.6297
0.5000 8.3741
0.6000 11.7584
0.7000 15.8634
0.8000 20.8518
0.9000 27.1542
1.0000 35.6369
#MBAR free energy difference in kcal/mol: 
35.529221, 0.061467  #WARNING SUBSAMPLING DISABLED, CONSIDER RERUN WITH SUBSAMPLING OPTION
#TI free energy difference in kcal/mol: 
35.636909  #WARNING SUBSAMPLING DISABLED, CONSIDER RERUN WITH SUBSAMPLING OPTION 
Starting /export/users/common/BioSimSpace/sire.app/bin/analyse_freenrg: number of threads equals 32
