# Analysing data contained in file(s) ['lambda_0.0000/simfile.dat', 'lambda_0.1000/simfile.dat', 'lambda_0.2000/simfile.dat', 'lambda_0.3000/simfile.dat', 'lambda_0.4000/simfile.dat', 'lambda_0.5000/simfile.dat', 'lambda_0.6000/simfile.dat', 'lambda_0.7000/simfile.dat', 'lambda_0.8000/simfile.dat', 'lambda_0.9000/simfile.dat', 'lambda_1.0000/simfile.dat']
#Overlap matrix
0.9900 0.0100 0.0000 0.0000 0.0000 0.0000 0.0000 0.0000 0.0000 0.0000 0.0000
0.0100 0.9769 0.0131 0.0000 0.0000 0.0000 0.0000 0.0000 0.0000 0.0000 0.0000
0.0000 0.0131 0.9693 0.0176 0.0000 0.0000 0.0000 0.0000 0.0000 0.0000 0.0000
0.0000 0.0000 0.0176 0.9608 0.0215 0.0000 0.0000 0.0000 0.0000 0.0000 0.0000
0.0000 0.0000 0.0000 0.0215 0.9547 0.0237 0.0000 0.0000 0.0000 0.0000 0.0000
0.0000 0.0000 0.0000 0.0000 0.0237 0.9514 0.0249 0.0000 0.0000 0.0000 0.0000
0.0000 0.0000 0.0000 0.0000 0.0000 0.0249 0.9486 0.0266 0.0000 0.0000 0.0000
0.0000 0.0000 0.0000 0.0000 0.0000 0.0000 0.0266 0.9401 0.0333 0.0000 0.0000
0.0000 0.0000 0.0000 0.0000 0.0000 0.0000 0.0000 0.0333 0.9233 0.0434 0.0000
0.0000 0.0000 0.0000 0.0000 0.0000 0.0000 0.0000 0.0000 0.0434 0.9182 0.0384
0.0000 0.0000 0.0000 0.0000 0.0000 0.0000 0.0000 0.0000 0.0000 0.0384 0.9616
#DG from neighbouring lambda in kcal/mol
0.0000 0.1000 -4.2501 0.2581
0.1000 0.2000 -2.4028 0.2253
0.2000 0.3000 -1.5503 0.1931
0.3000 0.4000 -0.6321 0.1741
0.4000 0.5000 -1.5021 0.1655
0.5000 0.6000 -2.0671 0.1615
0.6000 0.7000 -2.1312 0.1560
0.7000 0.8000 -1.8749 0.1382
0.8000 0.9000 -0.9356 0.1198
0.9000 1.0000 -0.3079 0.1280
#PMF from MBAR in kcal/mol
0.0000 0.0000 0.0000
0.1000 -4.2501 0.2581
0.2000 -6.6529 0.3446
0.3000 -8.2032 0.3967
0.4000 -8.8353 0.4348
0.5000 -10.3374 0.4667
0.6000 -12.4046 0.4952
0.7000 -14.5357 0.5205
0.8000 -16.4107 0.5398
0.9000 -17.3463 0.5542
1.0000 -17.6542 0.5700
#TI average gradients and standard deviation in kcal/mol
0.0000 -65.5056 32.4863
0.1000 -31.3766 29.9408
0.2000 -18.6116 28.8329
0.3000 -11.9861 27.8932
0.4000 -16.2096 27.1189
0.5000 -19.7000 26.6343
0.6000 -22.1712 25.7210
0.7000 -20.0586 24.9150
0.8000 -16.9752 23.7368
0.9000 -4.3503 23.4151
1.0000 4.9228 23.7568
#PMF from TI in kcal/mol
0.0000 0.0000
0.1000 -4.8441
0.2000 -7.3435
0.3000 -8.8734
0.4000 -10.2832
0.5000 -12.0787
0.6000 -14.1722
0.7000 -16.2837
0.8000 -18.1354
0.9000 -19.2017
1.0000 -19.1731
#MBAR free energy difference in kcal/mol: 
-17.654173, 0.569998 
#TI free energy difference in kcal/mol: 
-19.173075  
Starting /export/users/common/BioSimSpace/sire.app/bin/analyse_freenrg: number of threads equals 32
