# Analysing data contained in file(s) ['lambda_0.0000/simfile.dat', 'lambda_0.1000/simfile.dat', 'lambda_0.2000/simfile.dat', 'lambda_0.3000/simfile.dat', 'lambda_0.4000/simfile.dat', 'lambda_0.5000/simfile.dat', 'lambda_0.6000/simfile.dat', 'lambda_0.7000/simfile.dat', 'lambda_0.8000/simfile.dat', 'lambda_0.9000/simfile.dat', 'lambda_1.0000/simfile.dat']
#Overlap matrix
0.9966 0.0034 0.0000 0.0000 0.0000 0.0000 0.0000 0.0000 0.0000 0.0000 0.0000
0.0034 0.9938 0.0028 0.0000 0.0000 0.0000 0.0000 0.0000 0.0000 0.0000 0.0000
0.0000 0.0028 0.9912 0.0059 0.0000 0.0000 0.0000 0.0000 0.0000 0.0000 0.0000
0.0000 0.0000 0.0059 0.9924 0.0016 0.0000 0.0000 0.0000 0.0000 0.0000 0.0000
0.0000 0.0000 0.0000 0.0016 0.9000 0.0889 0.0089 0.0006 0.0000 0.0000 0.0000
0.0000 0.0000 0.0000 0.0000 0.0889 0.7428 0.1641 0.0042 0.0000 0.0000 0.0000
0.0000 0.0000 0.0000 0.0000 0.0089 0.1641 0.7180 0.1090 0.0000 0.0000 0.0000
0.0000 0.0000 0.0000 0.0000 0.0006 0.0042 0.1090 0.8734 0.0128 0.0000 0.0000
0.0000 0.0000 0.0000 0.0000 0.0000 0.0000 0.0000 0.0128 0.9419 0.0453 0.0000
0.0000 0.0000 0.0000 0.0000 0.0000 0.0000 0.0000 0.0000 0.0453 0.9156 0.0391
0.0000 0.0000 0.0000 0.0000 0.0000 0.0000 0.0000 0.0000 0.0000 0.0391 0.9609
#DG from neighbouring lambda in kcal/mol
0.0000 0.1000 4.6293 0.3816
0.1000 0.2000 8.1026 0.4206
0.2000 0.3000 9.2424 0.2889
0.3000 0.4000 9.2142 0.5508
0.4000 0.5000 8.9241 0.0642
0.5000 0.6000 15.5474 0.0428
0.6000 0.7000 16.8939 0.0584
0.7000 0.8000 10.5392 0.1951
0.8000 0.9000 -0.3464 0.1003
0.9000 1.0000 -3.0270 0.1086
#PMF from MBAR in kcal/mol
0.0000 0.0000 0.0000
0.1000 4.6293 0.3816
0.2000 12.7319 0.5688
0.3000 21.9742 0.6387
0.4000 31.1884 0.8440
0.5000 40.1125 0.8470
0.6000 55.6599 0.8484
0.7000 72.5537 0.8508
0.8000 83.0929 0.8735
0.9000 82.7465 0.8798
1.0000 79.7195 0.8870
#TI average gradients and standard deviation in kcal/mol
0.0000 14.6490 35.0766
0.1000 74.2717 34.0130
0.2000 80.8313 39.2753
0.3000 102.3025 31.8404
0.4000 -101.5829 103.4651
0.5000 130.1066 23.1884
0.6000 201.0893 22.3767
0.7000 157.2640 22.9043
0.8000 14.2206 25.6506
0.9000 -22.6302 20.4761
1.0000 -31.3122 24.4658
#PMF from TI in kcal/mol
0.0000 0.0000
0.1000 4.4460
0.2000 12.2012
0.3000 21.3579
0.4000 21.3939
0.5000 22.8200
0.6000 39.3798
0.7000 57.2975
0.8000 65.8717
0.9000 65.4513
1.0000 62.7541
#MBAR free energy difference in kcal/mol: 
79.719513, 0.887043 
#TI free energy difference in kcal/mol: 
62.754149  
Starting /export/users/common/BioSimSpace/sire.app/bin/analyse_freenrg: number of threads equals 32
