# Analysing data contained in file(s) ['lambda_0.0000/simfile.dat', 'lambda_0.1000/simfile.dat', 'lambda_0.2000/simfile.dat', 'lambda_0.3000/simfile.dat', 'lambda_0.4000/simfile.dat', 'lambda_0.5000/simfile.dat', 'lambda_0.6000/simfile.dat', 'lambda_0.7000/simfile.dat', 'lambda_0.8000/simfile.dat', 'lambda_0.9000/simfile.dat', 'lambda_1.0000/simfile.dat']
#Overlap matrix
0.8960 0.1038 0.0002 0.0000 0.0000 0.0000 0.0000 0.0000 0.0000 0.0000 0.0000
0.1038 0.7860 0.1097 0.0005 0.0000 0.0000 0.0000 0.0000 0.0000 0.0000 0.0000
0.0002 0.1097 0.7594 0.1303 0.0004 0.0000 0.0000 0.0000 0.0000 0.0000 0.0000
0.0000 0.0005 0.1303 0.7484 0.1205 0.0004 0.0000 0.0000 0.0000 0.0000 0.0000
0.0000 0.0000 0.0004 0.1205 0.7561 0.1223 0.0007 0.0000 0.0000 0.0000 0.0000
0.0000 0.0000 0.0000 0.0004 0.1223 0.7410 0.1359 0.0005 0.0000 0.0000 0.0000
0.0000 0.0000 0.0000 0.0000 0.0007 0.1359 0.7669 0.0964 0.0001 0.0000 0.0000
0.0000 0.0000 0.0000 0.0000 0.0000 0.0005 0.0964 0.8339 0.0692 0.0001 0.0000
0.0000 0.0000 0.0000 0.0000 0.0000 0.0000 0.0001 0.0692 0.8655 0.0652 0.0000
0.0000 0.0000 0.0000 0.0000 0.0000 0.0000 0.0000 0.0001 0.0652 0.8891 0.0456
0.0000 0.0000 0.0000 0.0000 0.0000 0.0000 0.0000 0.0000 0.0000 0.0456 0.9544
#DG from neighbouring lambda in kcal/mol
0.0000 0.1000 1.0998 0.0719
0.1000 0.2000 1.7393 0.0693
0.2000 0.3000 2.3696 0.0618
0.3000 0.4000 2.4510 0.0651
0.4000 0.5000 2.1786 0.0644
0.5000 0.6000 2.2164 0.0600
0.6000 0.7000 2.5881 0.0752
0.7000 0.8000 2.9436 0.0919
0.8000 0.9000 3.2446 0.0951
0.9000 1.0000 3.2629 0.1163
#PMF from MBAR in kcal/mol
0.0000 0.0000 0.0000
0.1000 1.0998 0.0719
0.2000 2.8391 0.1063
0.3000 5.2087 0.1282
0.4000 7.6597 0.1484
0.5000 9.8383 0.1658
0.6000 12.0548 0.1800
0.7000 14.6429 0.1984
0.8000 17.5865 0.2217
0.9000 20.8311 0.2440
1.0000 24.0940 0.2728
#TI average gradients and standard deviation in kcal/mol
0.0000 0.1927 18.3455
0.1000 14.2383 18.3258
0.2000 20.4806 17.3006
0.3000 24.3737 17.0598
0.4000 22.9631 17.2422
0.5000 21.3104 16.9567
0.6000 22.6948 16.3617
0.7000 27.7315 20.1001
0.8000 30.4535 21.9894
0.9000 32.0121 22.0876
1.0000 36.0153 23.3299
#PMF from TI in kcal/mol
0.0000 0.0000
0.1000 0.7216
0.2000 2.4575
0.3000 4.7002
0.4000 7.0671
0.5000 9.2807
0.6000 11.4810
0.7000 14.0023
0.8000 16.9116
0.9000 20.0348
1.0000 23.4362
#MBAR free energy difference in kcal/mol: 
24.094001, 0.272780 
#TI free energy difference in kcal/mol: 
23.436208  
Starting /export/users/common/BioSimSpace/sire.app/bin/analyse_freenrg: number of threads equals 32
