# Analysing data contained in file(s) ['lambda_0.0000/simfile.dat', 'lambda_0.1000/simfile.dat', 'lambda_0.2000/simfile.dat', 'lambda_0.3000/simfile.dat', 'lambda_0.4000/simfile.dat', 'lambda_0.5000/simfile.dat', 'lambda_0.6000/simfile.dat', 'lambda_0.7000/simfile.dat', 'lambda_0.8000/simfile.dat', 'lambda_0.9000/simfile.dat', 'lambda_1.0000/simfile.dat']
#Overlap matrix
0.8184 0.1761 0.0054 0.0000 0.0000 0.0000 0.0000 0.0000 0.0000 0.0000 0.0000
0.1761 0.6274 0.1892 0.0072 0.0001 0.0000 0.0000 0.0000 0.0000 0.0000 0.0000
0.0054 0.1892 0.5998 0.1967 0.0087 0.0001 0.0000 0.0000 0.0000 0.0000 0.0000
0.0000 0.0072 0.1967 0.5840 0.2028 0.0091 0.0001 0.0000 0.0000 0.0000 0.0000
0.0000 0.0001 0.0087 0.2028 0.5765 0.2012 0.0108 0.0001 0.0000 0.0000 0.0000
0.0000 0.0000 0.0001 0.0091 0.2012 0.5730 0.2068 0.0098 0.0001 0.0000 0.0000
0.0000 0.0000 0.0000 0.0001 0.0108 0.2068 0.5759 0.1980 0.0084 0.0001 0.0000
0.0000 0.0000 0.0000 0.0000 0.0001 0.0098 0.1980 0.5875 0.1970 0.0076 0.0001
0.0000 0.0000 0.0000 0.0000 0.0000 0.0001 0.0084 0.1970 0.6042 0.1846 0.0057
0.0000 0.0000 0.0000 0.0000 0.0000 0.0000 0.0001 0.0076 0.1846 0.6257 0.1821
0.0000 0.0000 0.0000 0.0000 0.0000 0.0000 0.0000 0.0001 0.0057 0.1821 0.8122
#DG from neighbouring lambda in kcal/mol
0.0000 0.1000 -1.1899 0.0422
0.1000 0.2000 -0.4152 0.0388
0.2000 0.3000 -0.0030 0.0371
0.3000 0.4000 0.2087 0.0359
0.4000 0.5000 0.2952 0.0359
0.5000 0.6000 0.4350 0.0350
0.6000 0.7000 0.5268 0.0366
0.7000 0.8000 0.6349 0.0371
0.8000 0.9000 0.8818 0.0394
0.9000 1.0000 1.2381 0.0411
#PMF from MBAR in kcal/mol
0.0000 0.0000 0.0000
0.1000 -1.1899 0.0422
0.2000 -1.6051 0.0644
0.3000 -1.6081 0.0798
0.4000 -1.3994 0.0922
0.5000 -1.1043 0.1030
0.6000 -0.6693 0.1124
0.7000 -0.1425 0.1216
0.8000 0.4924 0.1304
0.9000 1.3742 0.1392
1.0000 2.6122 0.1481
#TI average gradients and standard deviation in kcal/mol
0.0000 -19.2938 25.8919
0.1000 -6.9809 13.7598
0.2000 -1.3242 13.4849
0.3000 0.9093 13.0809
0.4000 1.8199 12.5807
0.5000 3.5506 12.5158
0.6000 4.5940 12.8488
0.7000 5.8772 13.1727
0.8000 8.5572 12.7968
0.9000 10.4254 13.6331
1.0000 16.7813 14.4856
#PMF from TI in kcal/mol
0.0000 0.0000
0.1000 -1.3137
0.2000 -1.7290
0.3000 -1.7497
0.4000 -1.6133
0.5000 -1.3447
0.6000 -0.9375
0.7000 -0.4140
0.8000 0.3078
0.9000 1.2569
1.0000 2.6172
#MBAR free energy difference in kcal/mol: 
2.612244, 0.148123 
#TI free energy difference in kcal/mol: 
2.617228  
Starting /export/users/common/BioSimSpace/sire.app/bin/analyse_freenrg: number of threads equals 32
