# Analysing data contained in file(s) ['lambda_0.0000/simfile.dat', 'lambda_0.1000/simfile.dat', 'lambda_0.2000/simfile.dat', 'lambda_0.3000/simfile.dat', 'lambda_0.4000/simfile.dat', 'lambda_0.5000/simfile.dat', 'lambda_0.6000/simfile.dat', 'lambda_0.7000/simfile.dat', 'lambda_0.8000/simfile.dat', 'lambda_0.9000/simfile.dat', 'lambda_1.0000/simfile.dat']
#Overlap matrix
0.9603 0.0397 0.0000 0.0000 0.0000 0.0000 0.0000 0.0000 0.0000 0.0000 0.0000
0.0397 0.9075 0.0528 0.0000 0.0000 0.0000 0.0000 0.0000 0.0000 0.0000 0.0000
0.0000 0.0528 0.8769 0.0703 0.0000 0.0000 0.0000 0.0000 0.0000 0.0000 0.0000
0.0000 0.0000 0.0703 0.8444 0.0852 0.0000 0.0000 0.0000 0.0000 0.0000 0.0000
0.0000 0.0000 0.0000 0.0852 0.8605 0.0543 0.0000 0.0000 0.0000 0.0000 0.0000
0.0000 0.0000 0.0000 0.0000 0.0543 0.8913 0.0544 0.0000 0.0000 0.0000 0.0000
0.0000 0.0000 0.0000 0.0000 0.0000 0.0544 0.8841 0.0615 0.0000 0.0000 0.0000
0.0000 0.0000 0.0000 0.0000 0.0000 0.0000 0.0615 0.8737 0.0648 0.0000 0.0000
0.0000 0.0000 0.0000 0.0000 0.0000 0.0000 0.0000 0.0648 0.8846 0.0506 0.0000
0.0000 0.0000 0.0000 0.0000 0.0000 0.0000 0.0000 0.0000 0.0506 0.9054 0.0439
0.0000 0.0000 0.0000 0.0000 0.0000 0.0000 0.0000 0.0000 0.0000 0.0439 0.9561
#DG from neighbouring lambda in kcal/mol
0.0000 0.1000 31.7045 0.1184
0.1000 0.2000 25.7941 0.1012
0.2000 0.3000 20.6302 0.0859
0.3000 0.4000 17.0204 0.0767
0.4000 0.5000 13.6895 0.0996
0.5000 0.6000 9.8836 0.0994
0.6000 0.7000 6.3329 0.0928
0.7000 0.8000 2.8985 0.0901
0.8000 0.9000 0.5149 0.1036
0.9000 1.0000 -1.0675 0.1120
#PMF from MBAR in kcal/mol
0.0000 0.0000 0.0000
0.1000 31.7045 0.1184
0.2000 57.4986 0.1596
0.3000 78.1287 0.1845
0.4000 95.1491 0.2028
0.5000 108.8386 0.2286
0.6000 118.7222 0.2517
0.7000 125.0551 0.2705
0.8000 127.9536 0.2872
0.9000 128.4684 0.3073
1.0000 127.4010 0.3289
#TI average gradients and standard deviation in kcal/mol
0.0000 341.2734 24.9544
0.1000 286.1968 22.9633
0.2000 230.2652 19.3005
0.3000 185.8771 19.9179
0.4000 153.6916 22.1588
0.5000 118.4653 21.5375
0.6000 80.2360 21.6816
0.7000 46.6845 22.4741
0.8000 15.2324 21.2370
0.9000 -11.6161 22.8910
1.0000 -8.0904 24.8480
#PMF from TI in kcal/mol
0.0000 0.0000
0.1000 31.3735
0.2000 57.1966
0.3000 78.0037
0.4000 94.9822
0.5000 108.5900
0.6000 118.5251
0.7000 124.8711
0.8000 127.9669
0.9000 128.1477
1.0000 127.1624
#MBAR free energy difference in kcal/mol: 
127.400980, 0.328871 
#TI free energy difference in kcal/mol: 
127.162424  
Starting /export/users/common/BioSimSpace/sire.app/bin/analyse_freenrg: number of threads equals 32
