# Analysing data contained in file(s) ['lambda_0.0000/simfile.dat', 'lambda_0.1000/simfile.dat', 'lambda_0.2000/simfile.dat', 'lambda_0.3000/simfile.dat', 'lambda_0.4000/simfile.dat', 'lambda_0.5000/simfile.dat', 'lambda_0.6000/simfile.dat', 'lambda_0.7000/simfile.dat', 'lambda_0.8000/simfile.dat', 'lambda_0.9000/simfile.dat', 'lambda_1.0000/simfile.dat']
#Overlap matrix
0.8262 0.1712 0.0026 0.0000 0.0000 0.0000 0.0000 0.0000 0.0000 0.0000 0.0000
0.1712 0.6496 0.1760 0.0032 0.0000 0.0000 0.0000 0.0000 0.0000 0.0000 0.0000
0.0026 0.1760 0.6448 0.1724 0.0042 0.0000 0.0000 0.0000 0.0000 0.0000 0.0000
0.0000 0.0032 0.1724 0.6279 0.1910 0.0055 0.0000 0.0000 0.0000 0.0000 0.0000
0.0000 0.0000 0.0042 0.1910 0.6135 0.1863 0.0050 0.0000 0.0000 0.0000 0.0000
0.0000 0.0000 0.0000 0.0055 0.1863 0.6197 0.1825 0.0059 0.0000 0.0000 0.0000
0.0000 0.0000 0.0000 0.0000 0.0050 0.1825 0.6252 0.1831 0.0041 0.0000 0.0000
0.0000 0.0000 0.0000 0.0000 0.0000 0.0059 0.1831 0.6402 0.1682 0.0026 0.0000
0.0000 0.0000 0.0000 0.0000 0.0000 0.0000 0.0041 0.1682 0.6903 0.1367 0.0007
0.0000 0.0000 0.0000 0.0000 0.0000 0.0000 0.0000 0.0026 0.1367 0.7652 0.0955
0.0000 0.0000 0.0000 0.0000 0.0000 0.0000 0.0000 0.0000 0.0007 0.0955 0.9039
#DG from neighbouring lambda in kcal/mol
0.0000 0.1000 0.9722 0.0477
0.1000 0.2000 0.7820 0.0461
0.2000 0.3000 0.5260 0.0465
0.3000 0.4000 0.3288 0.0425
0.4000 0.5000 0.2216 0.0432
0.5000 0.6000 0.0296 0.0439
0.6000 0.7000 0.0262 0.0439
0.7000 0.8000 0.2070 0.0475
0.8000 0.9000 1.0810 0.0558
0.9000 1.0000 3.5172 0.0713
#PMF from MBAR in kcal/mol
0.0000 0.0000 0.0000
0.1000 0.9722 0.0477
0.2000 1.7542 0.0742
0.3000 2.2801 0.0936
0.4000 2.6089 0.1079
0.5000 2.8305 0.1206
0.6000 2.8601 0.1324
0.7000 2.8863 0.1431
0.8000 3.0933 0.1543
0.9000 4.1744 0.1673
1.0000 7.6915 0.1850
#TI average gradients and standard deviation in kcal/mol
0.0000 3.2148 14.5771
0.1000 9.2025 14.6592
0.2000 6.1513 13.9898
0.3000 3.9404 14.0480
0.4000 1.7741 13.6201
0.5000 2.0065 13.6986
0.6000 -1.1048 13.3948
0.7000 0.2733 14.3987
0.8000 5.6056 15.2698
0.9000 18.7596 17.4854
1.0000 59.6836 22.7421
#PMF from TI in kcal/mol
0.0000 0.0000
0.1000 0.6209
0.2000 1.3886
0.3000 1.8931
0.4000 2.1789
0.5000 2.3679
0.6000 2.4130
0.7000 2.3714
0.8000 2.6654
0.9000 3.8836
1.0000 7.8058
#MBAR free energy difference in kcal/mol: 
7.691522, 0.185042 
#TI free energy difference in kcal/mol: 
7.805784  
Starting /export/users/common/BioSimSpace/sire.app/bin/analyse_freenrg: number of threads equals 32
