# Analysing data contained in file(s) ['lambda_0.0000/simfile.dat', 'lambda_0.1000/simfile.dat', 'lambda_0.2000/simfile.dat', 'lambda_0.3000/simfile.dat', 'lambda_0.4000/simfile.dat', 'lambda_0.5000/simfile.dat', 'lambda_0.6000/simfile.dat', 'lambda_0.7000/simfile.dat', 'lambda_0.8000/simfile.dat', 'lambda_0.9000/simfile.dat', 'lambda_1.0000/simfile.dat']
#Overlap matrix
0.9561 0.0439 0.0000 0.0000 0.0000 0.0000 0.0000 0.0000 0.0000 0.0000 0.0000
0.0439 0.8847 0.0712 0.0002 0.0000 0.0000 0.0000 0.0000 0.0000 0.0000 0.0000
0.0000 0.0712 0.8247 0.1031 0.0009 0.0000 0.0000 0.0000 0.0000 0.0000 0.0000
0.0000 0.0002 0.1031 0.7625 0.1322 0.0019 0.0000 0.0000 0.0000 0.0000 0.0000
0.0000 0.0000 0.0009 0.1322 0.7097 0.1541 0.0030 0.0000 0.0000 0.0000 0.0000
0.0000 0.0000 0.0000 0.0019 0.1541 0.6622 0.1780 0.0038 0.0000 0.0000 0.0000
0.0000 0.0000 0.0000 0.0000 0.0030 0.1780 0.6430 0.1727 0.0033 0.0000 0.0000
0.0000 0.0000 0.0000 0.0000 0.0000 0.0038 0.1727 0.6455 0.1735 0.0046 0.0000
0.0000 0.0000 0.0000 0.0000 0.0000 0.0000 0.0033 0.1735 0.6302 0.1895 0.0035
0.0000 0.0000 0.0000 0.0000 0.0000 0.0000 0.0000 0.0046 0.1895 0.6325 0.1734
0.0000 0.0000 0.0000 0.0000 0.0000 0.0000 0.0000 0.0000 0.0035 0.1734 0.8231
#DG from neighbouring lambda in kcal/mol
0.0000 0.1000 -7.3396 0.1101
0.1000 0.2000 -2.9185 0.0837
0.2000 0.3000 -1.3507 0.0666
0.3000 0.4000 -0.3104 0.0562
0.4000 0.5000 0.3098 0.0501
0.5000 0.6000 0.6952 0.0447
0.6000 0.7000 0.8642 0.0457
0.7000 0.8000 0.7907 0.0454
0.8000 0.9000 0.9454 0.0423
0.9000 1.0000 1.0313 0.0462
#PMF from MBAR in kcal/mol
0.0000 0.0000 0.0000
0.1000 -7.3396 0.1101
0.2000 -10.2581 0.1425
0.3000 -11.6089 0.1609
0.4000 -11.9193 0.1736
0.5000 -11.6095 0.1836
0.6000 -10.9142 0.1917
0.7000 -10.0500 0.1997
0.8000 -9.2593 0.2073
0.9000 -8.3139 0.2140
1.0000 -7.2826 0.2213
#TI average gradients and standard deviation in kcal/mol
0.0000 -114.3690 24.6771
0.1000 -44.4806 21.4163
0.2000 -18.8550 19.6399
0.3000 -6.7975 17.2766
0.4000 0.4828 16.1108
0.5000 5.1445 14.7086
0.6000 8.2336 13.5954
0.7000 7.6754 13.6401
0.8000 8.5629 13.8882
0.9000 10.5863 14.3224
1.0000 17.9258 13.9521
#PMF from TI in kcal/mol
0.0000 0.0000
0.1000 -7.9425
0.2000 -11.1093
0.3000 -12.3919
0.4000 -12.7076
0.5000 -12.4263
0.6000 -11.7573
0.7000 -10.9619
0.8000 -10.1500
0.9000 -9.1925
1.0000 -7.7669
#MBAR free energy difference in kcal/mol: 
-7.282581, 0.221319 
#TI free energy difference in kcal/mol: 
-7.766920  
Starting /export/users/common/BioSimSpace/sire.app/bin/analyse_freenrg: number of threads equals 32
