# Analysing data contained in file(s) ['lambda_0.0000/simfile.dat', 'lambda_0.1000/simfile.dat', 'lambda_0.2000/simfile.dat', 'lambda_0.3000/simfile.dat', 'lambda_0.4000/simfile.dat', 'lambda_0.5000/simfile.dat', 'lambda_0.6000/simfile.dat', 'lambda_0.7000/simfile.dat', 'lambda_0.8000/simfile.dat', 'lambda_0.9000/simfile.dat', 'lambda_1.0000/simfile.dat']
#Overlap matrix
0.9880 0.0120 0.0000 0.0000 0.0000 0.0000 0.0000 0.0000 0.0000 0.0000 0.0000
0.0120 0.9708 0.0172 0.0000 0.0000 0.0000 0.0000 0.0000 0.0000 0.0000 0.0000
0.0000 0.0172 0.9684 0.0144 0.0000 0.0000 0.0000 0.0000 0.0000 0.0000 0.0000
0.0000 0.0000 0.0144 0.9434 0.0420 0.0002 0.0000 0.0000 0.0000 0.0000 0.0000
0.0000 0.0000 0.0000 0.0420 0.8742 0.0836 0.0002 0.0000 0.0000 0.0000 0.0000
0.0000 0.0000 0.0000 0.0002 0.0836 0.8393 0.0768 0.0002 0.0000 0.0000 0.0000
0.0000 0.0000 0.0000 0.0000 0.0002 0.0768 0.8123 0.1092 0.0015 0.0000 0.0000
0.0000 0.0000 0.0000 0.0000 0.0000 0.0002 0.1092 0.7242 0.1646 0.0017 0.0000
0.0000 0.0000 0.0000 0.0000 0.0000 0.0000 0.0015 0.1646 0.6779 0.1543 0.0016
0.0000 0.0000 0.0000 0.0000 0.0000 0.0000 0.0000 0.0017 0.1543 0.7027 0.1413
0.0000 0.0000 0.0000 0.0000 0.0000 0.0000 0.0000 0.0000 0.0016 0.1413 0.8571
#DG from neighbouring lambda in kcal/mol
0.0000 0.1000 3.9847 0.2318
0.1000 0.2000 4.7007 0.1920
0.2000 0.3000 3.3127 0.2109
0.3000 0.4000 3.6102 0.1194
0.4000 0.5000 4.4743 0.0807
0.5000 0.6000 2.4527 0.0849
0.6000 0.7000 -0.6663 0.0680
0.7000 0.8000 -2.4183 0.0510
0.8000 0.9000 -4.4226 0.0535
0.9000 1.0000 -5.9916 0.0574
#PMF from MBAR in kcal/mol
0.0000 0.0000 0.0000
0.1000 3.9847 0.2318
0.2000 8.6854 0.3032
0.3000 11.9981 0.3711
0.4000 15.6083 0.3915
0.5000 20.0826 0.4013
0.6000 22.5353 0.4117
0.7000 21.8690 0.4188
0.8000 19.4507 0.4233
0.9000 15.0281 0.4282
1.0000 9.0365 0.4334
#TI average gradients and standard deviation in kcal/mol
0.0000 27.1593 30.1918
0.1000 51.6720 28.8248
0.2000 40.1549 30.2133
0.3000 29.2248 28.5235
0.4000 45.1212 20.6048
0.5000 40.5195 19.0832
0.6000 7.1941 20.0381
0.7000 -15.8368 15.4527
0.8000 -34.0626 15.2801
0.9000 -53.8586 15.7663
1.0000 -558469.9611 21150367.2543
#PMF from TI in kcal/mol
0.0000 0.0000
0.1000 3.9416
0.2000 8.5329
0.3000 12.0019
0.4000 15.7192
0.5000 20.0012
0.6000 22.3869
0.7000 21.9548
0.8000 19.4598
0.9000 15.0637
1.0000 -27911.1272
#MBAR free energy difference in kcal/mol: 
9.036472, 0.433390 
#TI free energy difference in kcal/mol: 
-27911.127239  
Starting /export/users/common/BioSimSpace/sire.app/bin/analyse_freenrg: number of threads equals 32
