# Analysing data contained in file(s) ['lambda_0.0000/simfile.dat', 'lambda_0.1000/simfile.dat', 'lambda_0.2000/simfile.dat', 'lambda_0.3000/simfile.dat', 'lambda_0.4000/simfile.dat', 'lambda_0.5000/simfile.dat', 'lambda_0.6000/simfile.dat', 'lambda_0.7000/simfile.dat', 'lambda_0.8000/simfile.dat', 'lambda_0.9000/simfile.dat', 'lambda_1.0000/simfile.dat']
#Overlap matrix
0.9184 0.0814 0.0001 0.0000 0.0000 0.0000 0.0000 0.0000 0.0000 0.0000 0.0000
0.0814 0.7924 0.1257 0.0004 0.0000 0.0000 0.0000 0.0000 0.0000 0.0000 0.0000
0.0001 0.1257 0.7337 0.1394 0.0011 0.0000 0.0000 0.0000 0.0000 0.0000 0.0000
0.0000 0.0004 0.1394 0.7296 0.1298 0.0008 0.0000 0.0000 0.0000 0.0000 0.0000
0.0000 0.0000 0.0011 0.1298 0.7659 0.1027 0.0005 0.0000 0.0000 0.0000 0.0000
0.0000 0.0000 0.0000 0.0008 0.1027 0.7854 0.1106 0.0005 0.0000 0.0000 0.0000
0.0000 0.0000 0.0000 0.0000 0.0005 0.1106 0.7818 0.1066 0.0004 0.0000 0.0000
0.0000 0.0000 0.0000 0.0000 0.0000 0.0005 0.1066 0.7738 0.1183 0.0007 0.0000
0.0000 0.0000 0.0000 0.0000 0.0000 0.0000 0.0004 0.1183 0.7686 0.1124 0.0002
0.0000 0.0000 0.0000 0.0000 0.0000 0.0000 0.0000 0.0007 0.1124 0.8043 0.0826
0.0000 0.0000 0.0000 0.0000 0.0000 0.0000 0.0000 0.0000 0.0002 0.0826 0.9172
#DG from neighbouring lambda in kcal/mol
0.0000 0.1000 33.6599 0.0819
0.1000 0.2000 28.3533 0.0622
0.2000 0.3000 23.7667 0.0577
0.3000 0.4000 20.1691 0.0605
0.4000 0.5000 16.9432 0.0705
0.5000 0.6000 13.4138 0.0674
0.6000 0.7000 9.8469 0.0691
0.7000 0.8000 6.4466 0.0645
0.8000 0.9000 3.9653 0.0667
0.9000 1.0000 2.4597 0.0811
#PMF from MBAR in kcal/mol
0.0000 0.0000 0.0000
0.1000 33.6599 0.0819
0.2000 62.0131 0.1089
0.3000 85.7798 0.1283
0.4000 105.9489 0.1461
0.5000 122.8921 0.1660
0.6000 136.3060 0.1826
0.7000 146.1529 0.1984
0.8000 152.5995 0.2117
0.9000 156.5648 0.2247
1.0000 159.0245 0.2416
#TI average gradients and standard deviation in kcal/mol
0.0000 363.8272 23.6329
0.1000 307.9361 18.1357
0.2000 259.4086 17.2172
0.3000 217.8866 15.7895
0.4000 186.7834 18.0799
0.5000 152.8207 18.3393
0.6000 115.7961 17.9266
0.7000 80.8538 18.5042
0.8000 51.7396 18.1741
0.9000 27.5556 18.5310
1.0000 23.0920 20.9945
#PMF from TI in kcal/mol
0.0000 0.0000
0.1000 33.5882
0.2000 61.9554
0.3000 85.8202
0.4000 106.0537
0.5000 123.0339
0.6000 136.4647
0.7000 146.2972
0.8000 152.9269
0.9000 156.8916
1.0000 159.4240
#MBAR free energy difference in kcal/mol: 
159.024514, 0.241553 
#TI free energy difference in kcal/mol: 
159.424006  
Starting /export/users/common/BioSimSpace/sire.app/bin/analyse_freenrg: number of threads equals 32
