# Analysing data contained in file(s) ['lambda_0.0000/simfile.dat', 'lambda_0.1000/simfile.dat', 'lambda_0.2000/simfile.dat', 'lambda_0.3000/simfile.dat', 'lambda_0.4000/simfile.dat', 'lambda_0.5000/simfile.dat', 'lambda_0.6000/simfile.dat', 'lambda_0.7000/simfile.dat', 'lambda_0.8000/simfile.dat', 'lambda_0.9000/simfile.dat', 'lambda_1.0000/simfile.dat']
#Overlap matrix
0.8065 0.1865 0.0068 0.0001 0.0000 0.0000 0.0000 0.0000 0.0000 0.0000 0.0000
0.1865 0.5986 0.2011 0.0136 0.0002 0.0000 0.0000 0.0000 0.0000 0.0000 0.0000
0.0068 0.2011 0.5558 0.2222 0.0138 0.0002 0.0000 0.0000 0.0000 0.0000 0.0000
0.0001 0.0136 0.2222 0.5317 0.2170 0.0152 0.0002 0.0000 0.0000 0.0000 0.0000
0.0000 0.0002 0.0138 0.2170 0.5355 0.2175 0.0157 0.0003 0.0000 0.0000 0.0000
0.0000 0.0000 0.0002 0.0152 0.2175 0.5280 0.2188 0.0199 0.0003 0.0000 0.0000
0.0000 0.0000 0.0000 0.0002 0.0157 0.2188 0.5188 0.2297 0.0166 0.0003 0.0000
0.0000 0.0000 0.0000 0.0000 0.0003 0.0199 0.2297 0.5199 0.2153 0.0148 0.0001
0.0000 0.0000 0.0000 0.0000 0.0000 0.0003 0.0166 0.2153 0.5571 0.2052 0.0055
0.0000 0.0000 0.0000 0.0000 0.0000 0.0000 0.0003 0.0148 0.2052 0.6303 0.1494
0.0000 0.0000 0.0000 0.0000 0.0000 0.0000 0.0000 0.0001 0.0055 0.1494 0.8450
#DG from neighbouring lambda in kcal/mol
0.0000 0.1000 7.8028 0.0428
0.1000 0.2000 6.4558 0.0382
0.2000 0.3000 5.0530 0.0342
0.3000 0.4000 3.3950 0.0347
0.4000 0.5000 1.6430 0.0343
0.5000 0.6000 -0.1399 0.0336
0.6000 0.7000 -1.7370 0.0321
0.7000 0.8000 -3.2363 0.0346
0.8000 0.9000 -4.3384 0.0376
0.9000 1.0000 -5.0626 0.0507
#PMF from MBAR in kcal/mol
0.0000 0.0000 0.0000
0.1000 7.8028 0.0428
0.2000 14.2587 0.0652
0.3000 19.3117 0.0793
0.4000 22.7067 0.0916
0.5000 24.3497 0.1022
0.6000 24.2099 0.1115
0.7000 22.4728 0.1195
0.8000 19.2366 0.1278
0.9000 14.8981 0.1364
1.0000 9.8356 0.1488
#TI average gradients and standard deviation in kcal/mol
0.0000 79.4748 14.2050
0.1000 71.9355 12.6364
0.2000 58.0454 12.0213
0.3000 42.7371 11.9807
0.4000 24.8425 11.6108
0.5000 7.2220 11.6269
0.6000 -9.2161 10.9744
0.7000 -24.7632 11.6096
0.8000 -38.4450 11.6830
0.9000 -47.6718 13.8100
1.0000 -51.6678 16.7782
#PMF from TI in kcal/mol
0.0000 0.0000
0.1000 7.5705
0.2000 14.0696
0.3000 19.1087
0.4000 22.4877
0.5000 24.0909
0.6000 23.9912
0.7000 22.2922
0.8000 19.1318
0.9000 14.8260
1.0000 9.8590
#MBAR free energy difference in kcal/mol: 
9.835551, 0.148842 
#TI free energy difference in kcal/mol: 
9.858990  
Starting /export/users/common/BioSimSpace/sire.app/bin/analyse_freenrg: number of threads equals 32
