# Analysing data contained in file(s) ['lambda_0.0000/simfile.dat', 'lambda_0.1000/simfile.dat', 'lambda_0.2000/simfile.dat', 'lambda_0.3000/simfile.dat', 'lambda_0.4000/simfile.dat', 'lambda_0.5000/simfile.dat', 'lambda_0.6000/simfile.dat', 'lambda_0.7000/simfile.dat', 'lambda_0.8000/simfile.dat', 'lambda_0.9000/simfile.dat', 'lambda_1.0000/simfile.dat']
#Overlap matrix
0.9164 0.0836 0.0000 0.0000 0.0000 0.0000 0.0000 0.0000 0.0000 0.0000 0.0000
0.0836 0.8553 0.0611 0.0000 0.0000 0.0000 0.0000 0.0000 0.0000 0.0000 0.0000
0.0000 0.0611 0.8777 0.0612 0.0000 0.0000 0.0000 0.0000 0.0000 0.0000 0.0000
0.0000 0.0000 0.0612 0.8927 0.0461 0.0000 0.0000 0.0000 0.0000 0.0000 0.0000
0.0000 0.0000 0.0000 0.0461 0.9316 0.0223 0.0000 0.0000 0.0000 0.0000 0.0000
0.0000 0.0000 0.0000 0.0000 0.0223 0.9624 0.0153 0.0000 0.0000 0.0000 0.0000
0.0000 0.0000 0.0000 0.0000 0.0000 0.0153 0.9685 0.0162 0.0000 0.0000 0.0000
0.0000 0.0000 0.0000 0.0000 0.0000 0.0000 0.0162 0.9760 0.0078 0.0000 0.0000
0.0000 0.0000 0.0000 0.0000 0.0000 0.0000 0.0000 0.0078 0.9801 0.0120 0.0000
0.0000 0.0000 0.0000 0.0000 0.0000 0.0000 0.0000 0.0000 0.0120 0.9834 0.0045
0.0000 0.0000 0.0000 0.0000 0.0000 0.0000 0.0000 0.0000 0.0000 0.0045 0.9955
#DG from neighbouring lambda in kcal/mol
0.0000 0.1000 -1.1476 0.0734
0.1000 0.2000 -1.7997 0.0881
0.2000 0.3000 -3.0220 0.0881
0.3000 0.4000 -3.2876 0.1032
0.4000 0.5000 -3.7474 0.1524
0.5000 0.6000 -4.6057 0.1852
0.6000 0.7000 -6.2208 0.1797
0.7000 0.8000 -7.3705 0.2609
0.8000 0.9000 -7.4359 0.2095
0.9000 1.0000 -5.1296 0.3441
#PMF from MBAR in kcal/mol
0.0000 0.0000 0.0000
0.1000 -1.1476 0.0734
0.2000 -2.9473 0.1193
0.3000 -5.9692 0.1519
0.4000 -9.2568 0.1865
0.5000 -13.0042 0.2431
0.6000 -17.6099 0.3073
0.7000 -23.8307 0.3576
0.8000 -31.2012 0.4438
0.9000 -38.6370 0.4919
1.0000 -43.7667 0.6012
#TI average gradients and standard deviation in kcal/mol
0.0000 -23.0895 20.5758
0.1000 -12.5126 19.4812
0.2000 -26.1451 20.7257
0.3000 -34.2807 22.9233
0.4000 -32.4568 25.1355
0.5000 -39.3254 26.7643
0.6000 -55.0907 28.5689
0.7000 -67.5913 29.0754
0.8000 -79.8490 29.2607
0.9000 -68.4894 35.4531
1.0000 -14.1366 36.2707
#PMF from TI in kcal/mol
0.0000 0.0000
0.1000 -1.7801
0.2000 -3.7130
0.3000 -6.7343
0.4000 -10.0712
0.5000 -13.6603
0.6000 -18.3811
0.7000 -24.5152
0.8000 -31.8872
0.9000 -39.3041
1.0000 -43.4354
#MBAR free energy difference in kcal/mol: 
-43.766672, 0.601201 
#TI free energy difference in kcal/mol: 
-43.435404  
Starting /export/users/common/BioSimSpace/sire.app/bin/analyse_freenrg: number of threads equals 32
