# Analysing data contained in file(s) ['lambda_0.0000/simfile.dat', 'lambda_0.1000/simfile.dat', 'lambda_0.2000/simfile.dat', 'lambda_0.3000/simfile.dat', 'lambda_0.4000/simfile.dat', 'lambda_0.5000/simfile.dat', 'lambda_0.6000/simfile.dat', 'lambda_0.7000/simfile.dat', 'lambda_0.8000/simfile.dat', 'lambda_0.9000/simfile.dat', 'lambda_1.0000/simfile.dat']
#Overlap matrix
0.8843 0.1142 0.0015 0.0000 0.0000 0.0000 0.0000 0.0000 0.0000 0.0000 0.0000
0.1142 0.7239 0.1574 0.0044 0.0000 0.0000 0.0000 0.0000 0.0000 0.0000 0.0000
0.0015 0.1574 0.6543 0.1789 0.0078 0.0001 0.0000 0.0000 0.0000 0.0000 0.0000
0.0000 0.0044 0.1789 0.6079 0.1976 0.0109 0.0002 0.0000 0.0000 0.0000 0.0000
0.0000 0.0000 0.0078 0.1976 0.5785 0.2011 0.0147 0.0003 0.0000 0.0000 0.0000
0.0000 0.0000 0.0001 0.0109 0.2011 0.5544 0.2158 0.0174 0.0003 0.0000 0.0000
0.0000 0.0000 0.0000 0.0002 0.0147 0.2158 0.5255 0.2258 0.0178 0.0002 0.0000
0.0000 0.0000 0.0000 0.0000 0.0003 0.0174 0.2258 0.5315 0.2109 0.0140 0.0001
0.0000 0.0000 0.0000 0.0000 0.0000 0.0003 0.0178 0.2109 0.5489 0.2134 0.0087
0.0000 0.0000 0.0000 0.0000 0.0000 0.0000 0.0002 0.0140 0.2134 0.6007 0.1717
0.0000 0.0000 0.0000 0.0000 0.0000 0.0000 0.0000 0.0001 0.0087 0.1717 0.8194
#DG from neighbouring lambda in kcal/mol
0.0000 0.1000 3.1416 0.0661
0.1000 0.2000 3.8794 0.0521
0.2000 0.3000 4.0028 0.0462
0.3000 0.4000 3.8070 0.0416
0.4000 0.5000 3.5249 0.0400
0.5000 0.6000 3.2508 0.0368
0.6000 0.7000 3.0127 0.0350
0.7000 0.8000 2.8560 0.0376
0.8000 0.9000 2.9360 0.0385
0.9000 1.0000 3.3540 0.0483
#PMF from MBAR in kcal/mol
0.0000 0.0000 0.0000
0.1000 3.1416 0.0661
0.2000 7.0210 0.0911
0.3000 11.0237 0.1075
0.4000 14.8308 0.1198
0.5000 18.3557 0.1303
0.6000 21.6065 0.1390
0.7000 24.6193 0.1466
0.8000 27.4752 0.1545
0.9000 30.4113 0.1623
1.0000 33.7652 0.1725
#TI average gradients and standard deviation in kcal/mol
0.0000 21.1196 20.2476
0.1000 37.0785 14.7168
0.2000 40.8962 14.2843
0.3000 39.4532 12.9083
0.4000 37.2137 12.9398
0.5000 33.4826 11.9695
0.6000 30.6984 10.9039
0.7000 29.7190 11.3910
0.8000 28.6486 11.4842
0.9000 32.1451 13.3720
1.0000 40.2470 15.5279
#PMF from TI in kcal/mol
0.0000 0.0000
0.1000 2.9099
0.2000 6.8086
0.3000 10.8261
0.4000 14.6595
0.5000 18.1943
0.6000 21.4033
0.7000 24.4242
0.8000 27.3426
0.9000 30.3823
1.0000 34.0019
#MBAR free energy difference in kcal/mol: 
33.765230, 0.172461 
#TI free energy difference in kcal/mol: 
34.001863  
Starting /export/users/common/BioSimSpace/sire.app/bin/analyse_freenrg: number of threads equals 32
