# Analysing data contained in file(s) ['lambda_0.0000/simfile.dat', 'lambda_0.1000/simfile.dat', 'lambda_0.2000/simfile.dat', 'lambda_0.3000/simfile.dat', 'lambda_0.4000/simfile.dat', 'lambda_0.5000/simfile.dat', 'lambda_0.6000/simfile.dat', 'lambda_0.7000/simfile.dat', 'lambda_0.8000/simfile.dat', 'lambda_0.9000/simfile.dat', 'lambda_1.0000/simfile.dat']
#Overlap matrix
0.9767 0.0233 0.0000 0.0000 0.0000 0.0000 0.0000 0.0000 0.0000 0.0000 0.0000
0.0233 0.9380 0.0387 0.0000 0.0000 0.0000 0.0000 0.0000 0.0000 0.0000 0.0000
0.0000 0.0387 0.9156 0.0456 0.0000 0.0000 0.0000 0.0000 0.0000 0.0000 0.0000
0.0000 0.0000 0.0456 0.8970 0.0574 0.0000 0.0000 0.0000 0.0000 0.0000 0.0000
0.0000 0.0000 0.0000 0.0574 0.8830 0.0596 0.0000 0.0000 0.0000 0.0000 0.0000
0.0000 0.0000 0.0000 0.0000 0.0596 0.8969 0.0434 0.0001 0.0000 0.0000 0.0000
0.0000 0.0000 0.0000 0.0000 0.0000 0.0434 0.8638 0.0925 0.0002 0.0000 0.0000
0.0000 0.0000 0.0000 0.0000 0.0000 0.0001 0.0925 0.8048 0.1024 0.0002 0.0000
0.0000 0.0000 0.0000 0.0000 0.0000 0.0000 0.0002 0.1024 0.8057 0.0916 0.0001
0.0000 0.0000 0.0000 0.0000 0.0000 0.0000 0.0000 0.0002 0.0916 0.8394 0.0688
0.0000 0.0000 0.0000 0.0000 0.0000 0.0000 0.0000 0.0000 0.0001 0.0688 0.9311
#DG from neighbouring lambda in kcal/mol
0.0000 0.1000 -6.2957 0.1514
0.1000 0.2000 -3.1980 0.1154
0.2000 0.3000 -2.2410 0.1056
0.3000 0.4000 -1.8207 0.0929
0.4000 0.5000 -1.9400 0.0910
0.5000 0.6000 -2.2100 0.1084
0.6000 0.7000 -0.9456 0.0701
0.7000 0.8000 -0.4456 0.0658
0.8000 0.9000 -1.0281 0.0705
0.9000 1.0000 -1.8248 0.0837
#PMF from MBAR in kcal/mol
0.0000 0.0000 0.0000
0.1000 -6.2957 0.1514
0.2000 -9.4937 0.1933
0.3000 -11.7347 0.2228
0.4000 -13.5554 0.2437
0.5000 -15.4954 0.2622
0.6000 -17.7054 0.2857
0.7000 -18.6510 0.2960
0.8000 -19.0966 0.3050
0.9000 -20.1247 0.3148
1.0000 -21.9494 0.3275
#TI average gradients and standard deviation in kcal/mol
0.0000 -90.6035 31.9664
0.1000 -43.9865 24.1653
0.2000 -25.5624 24.3873
0.3000 -22.7968 22.3554
0.4000 -19.6535 21.7108
0.5000 -17.0285 22.5921
0.6000 -27.3544 21.8772
0.7000 -1.7445 18.0286
0.8000 -7.6876 18.8051
0.9000 -12.2418 18.5504
1.0000 -16.8889 28.5419
#PMF from TI in kcal/mol
0.0000 0.0000
0.1000 -6.7295
0.2000 -10.2069
0.3000 -12.6249
0.4000 -14.7474
0.5000 -16.5815
0.6000 -18.8007
0.7000 -20.2556
0.8000 -20.7272
0.9000 -21.7237
1.0000 -23.1802
#MBAR free energy difference in kcal/mol: 
-21.949424, 0.327454 
#TI free energy difference in kcal/mol: 
-23.180219  
Starting /export/users/common/BioSimSpace/sire.app/bin/analyse_freenrg: number of threads equals 32
