# Analysing data contained in file(s) ['lambda_0.0000/simfile.dat', 'lambda_0.1000/simfile.dat', 'lambda_0.2000/simfile.dat', 'lambda_0.3000/simfile.dat', 'lambda_0.4000/simfile.dat', 'lambda_0.5000/simfile.dat', 'lambda_0.6000/simfile.dat', 'lambda_0.7000/simfile.dat', 'lambda_0.8000/simfile.dat', 'lambda_0.9000/simfile.dat', 'lambda_1.0000/simfile.dat']
#Overlap matrix
0.9923 0.0077 0.0000 0.0000 0.0000 0.0000 0.0000 0.0000 0.0000 0.0000 0.0000
0.0077 0.9802 0.0121 0.0000 0.0000 0.0000 0.0000 0.0000 0.0000 0.0000 0.0000
0.0000 0.0121 0.9731 0.0148 0.0000 0.0000 0.0000 0.0000 0.0000 0.0000 0.0000
0.0000 0.0000 0.0148 0.9644 0.0207 0.0000 0.0000 0.0000 0.0000 0.0000 0.0000
0.0000 0.0000 0.0000 0.0207 0.9533 0.0259 0.0000 0.0000 0.0000 0.0000 0.0000
0.0000 0.0000 0.0000 0.0000 0.0259 0.9390 0.0351 0.0000 0.0000 0.0000 0.0000
0.0000 0.0000 0.0000 0.0000 0.0000 0.0351 0.9166 0.0483 0.0000 0.0000 0.0000
0.0000 0.0000 0.0000 0.0000 0.0000 0.0000 0.0483 0.8912 0.0604 0.0000 0.0000
0.0000 0.0000 0.0000 0.0000 0.0000 0.0000 0.0000 0.0604 0.8813 0.0583 0.0000
0.0000 0.0000 0.0000 0.0000 0.0000 0.0000 0.0000 0.0000 0.0583 0.8621 0.0796
0.0000 0.0000 0.0000 0.0000 0.0000 0.0000 0.0000 0.0000 0.0000 0.0796 0.9204
#DG from neighbouring lambda in kcal/mol
0.0000 0.1000 -9.6315 0.2822
0.1000 0.2000 -5.8596 0.2235
0.2000 0.3000 -4.9071 0.2015
0.3000 0.4000 -4.5814 0.1693
0.4000 0.5000 -4.0435 0.1506
0.5000 0.6000 -3.3854 0.1282
0.6000 0.7000 -3.0485 0.1077
0.7000 0.8000 -3.2708 0.0950
0.8000 0.9000 -3.0952 0.0970
0.9000 1.0000 -3.2094 0.0809
#PMF from MBAR in kcal/mol
0.0000 0.0000 0.0000
0.1000 -9.6315 0.2822
0.2000 -15.4911 0.3617
0.3000 -20.3982 0.4155
0.4000 -24.9796 0.4501
0.5000 -29.0231 0.4759
0.6000 -32.4085 0.4942
0.7000 -35.4570 0.5070
0.8000 -38.7278 0.5170
0.9000 -41.8229 0.5272
1.0000 -45.0323 0.5345
#TI average gradients and standard deviation in kcal/mol
0.0000 -125.6914 33.9563
0.1000 -72.8093 30.6412
0.2000 -55.1630 28.7902
0.3000 -47.2571 27.9767
0.4000 -41.2242 26.3209
0.5000 -36.6823 24.9044
0.6000 -33.1016 23.6635
0.7000 -32.1090 23.1140
0.8000 -31.0904 21.4857
0.9000 -32.5703 21.4678
1.0000 -20.0175 19.6854
#PMF from TI in kcal/mol
0.0000 0.0000
0.1000 -9.9250
0.2000 -16.3237
0.3000 -21.4447
0.4000 -25.8687
0.5000 -29.7640
0.6000 -33.2532
0.7000 -36.5138
0.8000 -39.6737
0.9000 -42.8568
1.0000 -45.4862
#MBAR free energy difference in kcal/mol: 
-45.032350, 0.534530 
#TI free energy difference in kcal/mol: 
-45.486163  
Starting /export/users/common/BioSimSpace/sire.app/bin/analyse_freenrg: number of threads equals 32
