# Analysing data contained in file(s) ['lambda_0.0000/simfile.dat', 'lambda_0.1000/simfile.dat', 'lambda_0.2000/simfile.dat', 'lambda_0.3000/simfile.dat', 'lambda_0.4000/simfile.dat', 'lambda_0.5000/simfile.dat', 'lambda_0.6000/simfile.dat', 'lambda_0.7000/simfile.dat', 'lambda_0.8000/simfile.dat', 'lambda_0.9000/simfile.dat', 'lambda_1.0000/simfile.dat']
#Overlap matrix
0.9080 0.0917 0.0003 0.0000 0.0000 0.0000 0.0000 0.0000 0.0000 0.0000 0.0000
0.0917 0.8082 0.0997 0.0004 0.0000 0.0000 0.0000 0.0000 0.0000 0.0000 0.0000
0.0003 0.0997 0.8070 0.0927 0.0004 0.0000 0.0000 0.0000 0.0000 0.0000 0.0000
0.0000 0.0004 0.0927 0.8493 0.0576 0.0000 0.0000 0.0000 0.0000 0.0000 0.0000
0.0000 0.0000 0.0004 0.0576 0.9019 0.0402 0.0000 0.0000 0.0000 0.0000 0.0000
0.0000 0.0000 0.0000 0.0000 0.0402 0.8930 0.0663 0.0005 0.0000 0.0000 0.0000
0.0000 0.0000 0.0000 0.0000 0.0000 0.0663 0.9076 0.0261 0.0000 0.0000 0.0000
0.0000 0.0000 0.0000 0.0000 0.0000 0.0005 0.0261 0.9701 0.0034 0.0000 0.0000
0.0000 0.0000 0.0000 0.0000 0.0000 0.0000 0.0000 0.0034 0.9902 0.0064 0.0000
0.0000 0.0000 0.0000 0.0000 0.0000 0.0000 0.0000 0.0000 0.0064 0.9823 0.0113
0.0000 0.0000 0.0000 0.0000 0.0000 0.0000 0.0000 0.0000 0.0000 0.0113 0.9887
#DG from neighbouring lambda in kcal/mol
0.0000 0.1000 5.1241 0.0714
0.1000 0.2000 2.6651 0.0677
0.2000 0.3000 0.2421 0.0707
0.3000 0.4000 -1.5537 0.0937
0.4000 0.5000 -5.8965 0.1147
0.5000 0.6000 -8.4753 0.0863
0.6000 0.7000 -4.7752 0.1433
0.7000 0.8000 -2.5644 0.4124
0.8000 0.9000 -4.8800 0.2970
0.9000 1.0000 -5.6626 0.2233
#PMF from MBAR in kcal/mol
0.0000 0.0000 0.0000
0.1000 5.1241 0.0714
0.2000 7.7891 0.1039
0.3000 8.0313 0.1300
0.4000 6.4776 0.1636
0.5000 0.5811 0.2026
0.6000 -7.8943 0.2228
0.7000 -12.6694 0.2665
0.8000 -15.2338 0.4922
0.9000 -20.1138 0.5759
1.0000 -25.7764 0.6186
#TI average gradients and standard deviation in kcal/mol
0.0000 4246571634856.9663 177455019234491.3438
0.1000 39.4357 18.6406
0.2000 14.2654 17.9503
0.3000 -7.5143 18.5178
0.4000 -32.8053 24.9658
0.5000 -80.0400 22.3291
0.6000 -74.2928 21.3992
0.7000 -27.8354 33.9658
0.8000 -32.5061 35.6994
0.9000 -55.8363 29.7967
1.0000 -76.0629 728.7758
#PMF from TI in kcal/mol
0.0000 0.0000
0.1000 212328581744.8201
0.2000 212328581747.5052
0.3000 212328581747.8427
0.4000 212328581745.8268
0.5000 212328581740.1845
0.6000 212328581732.4679
0.7000 212328581727.3614
0.8000 212328581724.3444
0.9000 212328581719.9272
1.0000 212328581713.3323
#MBAR free energy difference in kcal/mol: 
-25.776422, 0.618623 
#TI free energy difference in kcal/mol: 
212328581713.332275  
Starting /export/users/common/BioSimSpace/sire.app/bin/analyse_freenrg: number of threads equals 32
