# Analysing data contained in file(s) ['lambda_0.0000/simfile.dat', 'lambda_0.1000/simfile.dat', 'lambda_0.2000/simfile.dat', 'lambda_0.3000/simfile.dat', 'lambda_0.4000/simfile.dat', 'lambda_0.5000/simfile.dat', 'lambda_0.6000/simfile.dat', 'lambda_0.7000/simfile.dat', 'lambda_0.8000/simfile.dat', 'lambda_0.9000/simfile.dat', 'lambda_1.0000/simfile.dat']
#Overlap matrix
0.8596 0.1375 0.0029 0.0000 0.0000 0.0000 0.0000 0.0000 0.0000 0.0000 0.0000
0.1375 0.6778 0.1783 0.0063 0.0000 0.0000 0.0000 0.0000 0.0000 0.0000 0.0000
0.0029 0.1783 0.6147 0.1983 0.0059 0.0000 0.0000 0.0000 0.0000 0.0000 0.0000
0.0000 0.0063 0.1983 0.6068 0.1837 0.0049 0.0000 0.0000 0.0000 0.0000 0.0000
0.0000 0.0000 0.0059 0.1837 0.6217 0.1838 0.0049 0.0000 0.0000 0.0000 0.0000
0.0000 0.0000 0.0000 0.0049 0.1838 0.6183 0.1889 0.0040 0.0000 0.0000 0.0000
0.0000 0.0000 0.0000 0.0000 0.0049 0.1889 0.6297 0.1736 0.0029 0.0000 0.0000
0.0000 0.0000 0.0000 0.0000 0.0000 0.0040 0.1736 0.6540 0.1665 0.0019 0.0000
0.0000 0.0000 0.0000 0.0000 0.0000 0.0000 0.0029 0.1665 0.6619 0.1669 0.0019
0.0000 0.0000 0.0000 0.0000 0.0000 0.0000 0.0000 0.0019 0.1669 0.6721 0.1590
0.0000 0.0000 0.0000 0.0000 0.0000 0.0000 0.0000 0.0000 0.0019 0.1590 0.8391
#DG from neighbouring lambda in kcal/mol
0.0000 0.1000 0.8653 0.0556
0.1000 0.2000 1.8375 0.0449
0.2000 0.3000 2.5451 0.0408
0.3000 0.4000 2.8698 0.0436
0.4000 0.5000 3.0017 0.0437
0.5000 0.6000 3.2136 0.0430
0.6000 0.7000 3.4681 0.0463
0.7000 0.8000 3.6887 0.0481
0.8000 0.9000 3.8457 0.0483
0.9000 1.0000 4.1658 0.0504
#PMF from MBAR in kcal/mol
0.0000 0.0000 0.0000
0.1000 0.8653 0.0556
0.2000 2.7029 0.0786
0.3000 5.2480 0.0941
0.4000 8.1178 0.1086
0.5000 11.1195 0.1215
0.6000 14.3330 0.1329
0.7000 17.8012 0.1445
0.8000 21.4899 0.1559
0.9000 25.3356 0.1666
1.0000 29.5014 0.1773
#TI average gradients and standard deviation in kcal/mol
0.0000 3.1742 16.5358
0.1000 13.7745 15.0062
0.2000 22.5405 13.8649
0.3000 26.7122 13.1913
0.4000 28.2772 13.2892
0.5000 31.0373 13.5884
0.6000 32.6905 14.2435
0.7000 35.8893 14.4689
0.8000 37.4609 14.5159
0.9000 39.9378 15.2455
1.0000 46.4222 14.9659
#PMF from TI in kcal/mol
0.0000 0.0000
0.1000 0.8474
0.2000 2.6632
0.3000 5.1258
0.4000 7.8753
0.5000 10.8410
0.6000 14.0274
0.7000 17.4564
0.8000 21.1239
0.9000 24.9938
1.0000 29.3118
#MBAR free energy difference in kcal/mol: 
29.501400, 0.177257 
#TI free energy difference in kcal/mol: 
29.311848  
Starting /export/users/common/BioSimSpace/sire.app/bin/analyse_freenrg: number of threads equals 32
