# Analysing data contained in file(s) ['lambda_0.0000/simfile.dat', 'lambda_0.1000/simfile.dat', 'lambda_0.2000/simfile.dat', 'lambda_0.3000/simfile.dat', 'lambda_0.4000/simfile.dat', 'lambda_0.5000/simfile.dat', 'lambda_0.6000/simfile.dat', 'lambda_0.7000/simfile.dat', 'lambda_0.8000/simfile.dat', 'lambda_0.9000/simfile.dat', 'lambda_1.0000/simfile.dat']
#Overlap matrix
0.9846 0.0154 0.0000 0.0000 0.0000 0.0000 0.0000 0.0000 0.0000 0.0000 0.0000
0.0154 0.9749 0.0097 0.0000 0.0000 0.0000 0.0000 0.0000 0.0000 0.0000 0.0000
0.0000 0.0097 0.9759 0.0144 0.0000 0.0000 0.0000 0.0000 0.0000 0.0000 0.0000
0.0000 0.0000 0.0144 0.9856 0.0000 0.0000 0.0000 0.0000 0.0000 0.0000 0.0000
0.0000 0.0000 0.0000 0.0000 0.8993 0.1002 0.0005 0.0000 0.0000 0.0000 0.0000
0.0000 0.0000 0.0000 0.0000 0.1002 0.8361 0.0632 0.0005 0.0000 0.0000 0.0000
0.0000 0.0000 0.0000 0.0000 0.0005 0.0632 0.8135 0.1223 0.0005 0.0000 0.0000
0.0000 0.0000 0.0000 0.0000 0.0000 0.0005 0.1223 0.7450 0.1300 0.0021 0.0000
0.0000 0.0000 0.0000 0.0000 0.0000 0.0000 0.0005 0.1300 0.6870 0.1800 0.0025
0.0000 0.0000 0.0000 0.0000 0.0000 0.0000 0.0000 0.0021 0.1800 0.6587 0.1592
0.0000 0.0000 0.0000 0.0000 0.0000 0.0000 0.0000 0.0000 0.0025 0.1592 0.8383
#DG from neighbouring lambda in kcal/mol
0.0000 0.1000 -0.4033 0.1915
0.1000 0.2000 1.6360 0.2429
0.2000 0.3000 3.8074 0.1984
0.3000 0.4000 1.1092 6.0765
0.4000 0.5000 11.0536 0.0680
0.5000 0.6000 13.8344 0.0889
0.6000 0.7000 13.0549 0.0597
0.7000 0.8000 11.3237 0.0568
0.8000 0.9000 10.0856 0.0446
0.9000 1.0000 9.0903 0.0494
#PMF from MBAR in kcal/mol
0.0000 0.0000 0.0000
0.1000 -0.4033 0.1915
0.2000 1.2327 0.3111
0.3000 5.0401 0.3706
0.4000 6.1493 6.0879
0.5000 17.2029 6.0883
0.6000 31.0373 6.0891
0.7000 44.0922 6.0894
0.8000 55.4159 6.0898
0.9000 65.5016 6.0900
1.0000 74.5919 6.0903
#TI average gradients and standard deviation in kcal/mol
0.0000 -32.7012 28.5274
0.1000 9.2654 30.8786
0.2000 27.0038 30.8723
0.3000 54.5765 26.2701
0.4000 49.5600 22.5986
0.5000 143.0600 18.3405
0.6000 130.8135 18.6357
0.7000 125.7426 17.7179
0.8000 105.2846 14.3030
0.9000 94.2213 13.8815
1.0000 90.1467 17.7345
#PMF from TI in kcal/mol
0.0000 0.0000
0.1000 -1.1718
0.2000 0.6417
0.3000 4.7207
0.4000 9.9275
0.5000 19.5585
0.6000 33.2522
0.7000 46.0800
0.8000 57.6314
0.9000 67.6066
1.0000 76.8250
#MBAR free energy difference in kcal/mol: 
74.591890, 6.090332 
#TI free energy difference in kcal/mol: 
76.825047  
Starting /export/users/common/BioSimSpace/sire.app/bin/analyse_freenrg: number of threads equals 32
