# Analysing data contained in file(s) ['lambda_0.0000/simfile.dat', 'lambda_0.1000/simfile.dat', 'lambda_0.2000/simfile.dat', 'lambda_0.3000/simfile.dat', 'lambda_0.4000/simfile.dat', 'lambda_0.5000/simfile.dat', 'lambda_0.6000/simfile.dat', 'lambda_0.7000/simfile.dat', 'lambda_0.8000/simfile.dat', 'lambda_0.9000/simfile.dat', 'lambda_1.0000/simfile.dat']
#Overlap matrix
0.8506 0.1467 0.0027 0.0000 0.0000 0.0000 0.0000 0.0000 0.0000 0.0000 0.0000
0.1467 0.6798 0.1714 0.0021 0.0000 0.0000 0.0000 0.0000 0.0000 0.0000 0.0000
0.0027 0.1714 0.6695 0.1532 0.0032 0.0000 0.0000 0.0000 0.0000 0.0000 0.0000
0.0000 0.0021 0.1532 0.7073 0.1369 0.0004 0.0000 0.0000 0.0000 0.0000 0.0000
0.0000 0.0000 0.0032 0.1369 0.8376 0.0222 0.0000 0.0000 0.0000 0.0000 0.0000
0.0000 0.0000 0.0000 0.0004 0.0222 0.9495 0.0278 0.0000 0.0000 0.0000 0.0000
0.0000 0.0000 0.0000 0.0000 0.0000 0.0278 0.9464 0.0258 0.0000 0.0000 0.0000
0.0000 0.0000 0.0000 0.0000 0.0000 0.0000 0.0258 0.9467 0.0276 0.0000 0.0000
0.0000 0.0000 0.0000 0.0000 0.0000 0.0000 0.0000 0.0276 0.9565 0.0159 0.0000
0.0000 0.0000 0.0000 0.0000 0.0000 0.0000 0.0000 0.0000 0.0159 0.9677 0.0164
0.0000 0.0000 0.0000 0.0000 0.0000 0.0000 0.0000 0.0000 0.0000 0.0164 0.9836
#DG from neighbouring lambda in kcal/mol
0.0000 0.1000 -0.9073 0.0548
0.1000 0.2000 -2.3473 0.0485
0.2000 0.3000 -4.2422 0.0525
0.3000 0.4000 -4.2294 0.0572
0.4000 0.5000 -1.9123 0.1643
0.5000 0.6000 -2.9024 0.1474
0.6000 0.7000 -3.6677 0.1535
0.7000 0.8000 -4.5576 0.1482
0.8000 0.9000 -4.3748 0.1972
0.9000 1.0000 -0.4727 0.1945
#PMF from MBAR in kcal/mol
0.0000 0.0000 0.0000
0.1000 -0.9073 0.0548
0.2000 -3.2546 0.0807
0.3000 -7.4967 0.1023
0.4000 -11.7261 0.1218
0.5000 -13.6385 0.2072
0.6000 -16.5408 0.2568
0.7000 -20.2085 0.3013
0.8000 -24.7661 0.3377
0.9000 -29.1408 0.3927
1.0000 -29.6135 0.4396
#TI average gradients and standard deviation in kcal/mol
0.0000 5447181.1657 167059025.8263
0.1000 -14.3662 14.1861
0.2000 -33.8650 15.3109
0.3000 -48.4673 15.3442
0.4000 -27.4575 20.5734
0.5000 -24.1610 27.6138
0.6000 -31.9249 25.6892
0.7000 -43.4874 25.3332
0.8000 -44.1070 26.4521
0.9000 -35.6973 28.3024
1.0000 56.2709 29.5403
#PMF from TI in kcal/mol
0.0000 0.0000
0.1000 272358.3400
0.2000 272355.9284
0.3000 272351.8118
0.4000 272348.0156
0.5000 272345.4346
0.6000 272342.6303
0.7000 272338.8597
0.8000 272334.4800
0.9000 272330.4898
1.0000 272331.5185
#MBAR free energy difference in kcal/mol: 
-29.613510, 0.439644 
#TI free energy difference in kcal/mol: 
272331.518468  
Starting /export/users/common/BioSimSpace/sire.app/bin/analyse_freenrg: number of threads equals 32
