# Analysing data contained in file(s) ['lambda_0.0000/simfile.dat', 'lambda_0.1000/simfile.dat', 'lambda_0.2000/simfile.dat', 'lambda_0.3000/simfile.dat', 'lambda_0.4000/simfile.dat', 'lambda_0.5000/simfile.dat', 'lambda_0.6000/simfile.dat', 'lambda_0.7000/simfile.dat', 'lambda_0.8000/simfile.dat', 'lambda_0.9000/simfile.dat', 'lambda_1.0000/simfile.dat']
#Overlap matrix
1.0000 0.0000 0.0000 0.0000 0.0000 0.0000 0.0000 0.0000 0.0000 0.0000 0.0000
0.0000 0.9903 0.0097 0.0000 0.0000 0.0000 0.0000 0.0000 0.0000 0.0000 0.0000
0.0000 0.0097 0.8720 0.1168 0.0015 0.0000 0.0000 0.0000 0.0000 0.0000 0.0000
0.0000 0.0000 0.1168 0.6936 0.1817 0.0077 0.0000 0.0000 0.0000 0.0000 0.0000
0.0000 0.0000 0.0015 0.1817 0.5952 0.2120 0.0095 0.0000 0.0000 0.0000 0.0000
0.0000 0.0000 0.0000 0.0077 0.2120 0.5689 0.2045 0.0067 0.0000 0.0000 0.0000
0.0000 0.0000 0.0000 0.0000 0.0095 0.2045 0.6057 0.1788 0.0014 0.0000 0.0000
0.0000 0.0000 0.0000 0.0000 0.0000 0.0067 0.1788 0.6942 0.1202 0.0000 0.0000
0.0000 0.0000 0.0000 0.0000 0.0000 0.0000 0.0014 0.1202 0.8676 0.0107 0.0000
0.0000 0.0000 0.0000 0.0000 0.0000 0.0000 0.0000 0.0000 0.0107 0.9893 0.0000
0.0000 0.0000 0.0000 0.0000 0.0000 0.0000 0.0000 0.0000 0.0000 0.0000 1.0000
#DG from neighbouring lambda in kcal/mol
0.0000 0.1000 62.8519 0.2318
0.1000 0.2000 20.2256 0.2429
0.2000 0.3000 11.6266 0.0613
0.3000 0.4000 7.8618 0.0435
0.4000 0.5000 5.0808 0.0372
0.5000 0.6000 2.4281 0.0385
0.6000 0.7000 -0.4281 0.0442
0.7000 0.8000 -4.1651 0.0602
0.8000 0.9000 -12.2870 0.2304
0.9000 1.0000 -184.4691 0.2216
#PMF from MBAR in kcal/mol
0.0000 0.0000 0.0000
0.1000 62.8519 0.2318
0.2000 83.0775 0.0832
0.3000 94.7041 0.0651
0.4000 102.5659 0.0576
0.5000 107.6467 0.0553
0.6000 110.0748 0.0576
0.7000 109.6467 0.0654
0.8000 105.4816 0.0830
0.9000 93.1946 0.2216
1.0000 -91.2745 0.0000
#TI average gradients and standard deviation in kcal/mol
0.0000 2334.7872 78.3003
0.1000 291.9622 44.3927
0.2000 142.8357 21.1513
0.3000 95.4418 14.5629
0.4000 63.4751 12.8513
0.5000 37.5166 12.4063
0.6000 10.8268 12.3300
0.7000 -20.7201 14.5841
0.8000 -67.8500 21.0230
0.9000 -215.0396 46.3280
1.0000 -2262.1440 82.8406
#PMF from TI in kcal/mol
0.0000 0.0000
0.1000 131.3375
0.2000 153.0774
0.3000 164.9912
0.4000 172.9371
0.5000 177.9867
0.6000 180.4038
0.7000 179.9092
0.8000 175.4807
0.9000 161.3362
1.0000 37.4770
#MBAR free energy difference in kcal/mol: 
-91.274456, 0.000000 
#TI free energy difference in kcal/mol: 
37.477001  
Starting /export/users/common/BioSimSpace/sire.app/bin/analyse_freenrg: number of threads equals 32
