# Analysing data contained in file(s) ['lambda_0.0000/simfile.dat', 'lambda_0.1000/simfile.dat', 'lambda_0.2000/simfile.dat', 'lambda_0.3000/simfile.dat', 'lambda_0.4000/simfile.dat', 'lambda_0.5000/simfile.dat', 'lambda_0.6000/simfile.dat', 'lambda_0.7000/simfile.dat', 'lambda_0.8000/simfile.dat', 'lambda_0.9000/simfile.dat', 'lambda_1.0000/simfile.dat']
#Overlap matrix
0.9422 0.0577 0.0000 0.0000 0.0000 0.0000 0.0000 0.0000 0.0000 0.0000 0.0000
0.0577 0.8879 0.0543 0.0000 0.0000 0.0000 0.0000 0.0000 0.0000 0.0000 0.0000
0.0000 0.0543 0.9020 0.0435 0.0001 0.0000 0.0000 0.0000 0.0000 0.0000 0.0000
0.0000 0.0000 0.0435 0.8803 0.0745 0.0016 0.0000 0.0000 0.0000 0.0000 0.0000
0.0000 0.0000 0.0001 0.0745 0.7866 0.1358 0.0030 0.0000 0.0000 0.0000 0.0000
0.0000 0.0000 0.0000 0.0016 0.1358 0.7065 0.1535 0.0026 0.0000 0.0000 0.0000
0.0000 0.0000 0.0000 0.0000 0.0030 0.1535 0.7004 0.1401 0.0030 0.0000 0.0000
0.0000 0.0000 0.0000 0.0000 0.0000 0.0026 0.1401 0.6745 0.1777 0.0050 0.0000
0.0000 0.0000 0.0000 0.0000 0.0000 0.0000 0.0030 0.1777 0.6221 0.1911 0.0061
0.0000 0.0000 0.0000 0.0000 0.0000 0.0000 0.0000 0.0050 0.1911 0.5990 0.2049
0.0000 0.0000 0.0000 0.0000 0.0000 0.0000 0.0000 0.0000 0.0061 0.2049 0.7890
#DG from neighbouring lambda in kcal/mol
0.0000 0.1000 -3.2741 0.0886
0.1000 0.2000 -2.3464 0.0917
0.2000 0.3000 -2.0450 0.1034
0.3000 0.4000 -0.8431 0.0755
0.4000 0.5000 1.2549 0.0513
0.5000 0.6000 1.9522 0.0469
0.6000 0.7000 1.5398 0.0499
0.7000 0.8000 1.1788 0.0417
0.8000 0.9000 0.8830 0.0389
0.9000 1.0000 0.7204 0.0375
#PMF from MBAR in kcal/mol
0.0000 0.0000 0.0000
0.1000 -3.2741 0.0886
0.2000 -5.6205 0.1314
0.3000 -7.6655 0.1702
0.4000 -8.5086 0.1888
0.5000 -7.2537 0.1979
0.6000 -5.3015 0.2055
0.7000 -3.7617 0.2137
0.8000 -2.5829 0.2198
0.9000 -1.6999 0.2252
1.0000 -0.9795 0.2302
#TI average gradients and standard deviation in kcal/mol
0.0000 -42.0786 22.4413
0.1000 -25.7837 22.2964
0.2000 -21.4410 23.1003
0.3000 -17.0823 23.2014
0.4000 2.1887 18.0397
0.5000 19.6848 15.2893
0.6000 18.9151 15.5487
0.7000 12.4821 14.5233
0.8000 9.4598 13.7798
0.9000 8.0152 13.2515
1.0000 16.5221 13.0916
#PMF from TI in kcal/mol
0.0000 0.0000
0.1000 -3.3931
0.2000 -5.7544
0.3000 -7.6805
0.4000 -8.4252
0.5000 -7.3315
0.6000 -5.4015
0.7000 -3.8317
0.8000 -2.7346
0.9000 -1.8608
1.0000 -0.6340
#MBAR free energy difference in kcal/mol: 
-0.979506, 0.230212 
#TI free energy difference in kcal/mol: 
-0.633962  
Starting /export/users/common/BioSimSpace/sire.app/bin/analyse_freenrg: number of threads equals 32
