# Analysing data contained in file(s) ['lambda_0.0000/simfile.dat', 'lambda_0.1000/simfile.dat', 'lambda_0.2000/simfile.dat', 'lambda_0.3000/simfile.dat', 'lambda_0.4000/simfile.dat', 'lambda_0.5000/simfile.dat', 'lambda_0.6000/simfile.dat', 'lambda_0.7000/simfile.dat', 'lambda_0.8000/simfile.dat', 'lambda_0.9000/simfile.dat', 'lambda_1.0000/simfile.dat']
#Overlap matrix
0.9316 0.0683 0.0000 0.0000 0.0000 0.0000 0.0000 0.0000 0.0000 0.0000 0.0000
0.0683 0.8470 0.0846 0.0000 0.0000 0.0000 0.0000 0.0000 0.0000 0.0000 0.0000
0.0000 0.0846 0.8341 0.0811 0.0002 0.0000 0.0000 0.0000 0.0000 0.0000 0.0000
0.0000 0.0000 0.0811 0.8237 0.0951 0.0001 0.0000 0.0000 0.0000 0.0000 0.0000
0.0000 0.0000 0.0002 0.0951 0.9007 0.0041 0.0000 0.0000 0.0000 0.0000 0.0000
0.0000 0.0000 0.0000 0.0001 0.0041 0.9797 0.0161 0.0000 0.0000 0.0000 0.0000
0.0000 0.0000 0.0000 0.0000 0.0000 0.0161 0.9487 0.0352 0.0000 0.0000 0.0000
0.0000 0.0000 0.0000 0.0000 0.0000 0.0000 0.0352 0.9392 0.0256 0.0000 0.0000
0.0000 0.0000 0.0000 0.0000 0.0000 0.0000 0.0000 0.0256 0.9466 0.0278 0.0000
0.0000 0.0000 0.0000 0.0000 0.0000 0.0000 0.0000 0.0000 0.0278 0.9570 0.0152
0.0000 0.0000 0.0000 0.0000 0.0000 0.0000 0.0000 0.0000 0.0000 0.0152 0.9848
#DG from neighbouring lambda in kcal/mol
0.0000 0.1000 4.7385 0.0849
0.1000 0.2000 2.1862 0.0748
0.2000 0.3000 -0.6694 0.0767
0.3000 0.4000 0.0231 0.0696
0.4000 0.5000 4.6881 0.3683
0.5000 0.6000 2.2466 0.1850
0.6000 0.7000 2.0838 0.1227
0.7000 0.8000 2.4172 0.1454
0.8000 0.9000 3.4912 0.1392
0.9000 1.0000 8.9983 0.1908
#PMF from MBAR in kcal/mol
0.0000 0.0000 0.0000
0.1000 4.7385 0.0849
0.2000 6.9247 0.1180
0.3000 6.2554 0.1447
0.4000 6.2785 0.1640
0.5000 10.9666 0.4043
0.6000 13.2132 0.4459
0.7000 15.2970 0.4637
0.8000 17.7142 0.4872
0.9000 21.2055 0.5078
1.0000 30.2038 0.5435
#TI average gradients and standard deviation in kcal/mol
0.0000 1801.5621 59105.5581
0.1000 34.2020 19.3819
0.2000 6.6444 19.3118
0.3000 -16.0366 19.1204
0.4000 34.9225 23.4186
0.5000 29.8275 32.1430
0.6000 19.3569 26.5363
0.7000 23.4324 27.9530
0.8000 26.5197 26.6097
0.9000 49.3931 26.5316
1.0000 156.1594 29.9770
#PMF from TI in kcal/mol
0.0000 0.0000
0.1000 91.7882
0.2000 93.8305
0.3000 93.3609
0.4000 94.3052
0.5000 97.5427
0.6000 100.0019
0.7000 102.1414
0.8000 104.6390
0.9000 108.4346
1.0000 118.7123
#MBAR free energy difference in kcal/mol: 
30.203763, 0.543471 
#TI free energy difference in kcal/mol: 
118.712262  
Starting /export/users/common/BioSimSpace/sire.app/bin/analyse_freenrg: number of threads equals 32
