# Analysing data contained in file(s) ['lambda_0.0000/simfile.dat', 'lambda_0.1000/simfile.dat', 'lambda_0.2000/simfile.dat', 'lambda_0.3000/simfile.dat', 'lambda_0.4000/simfile.dat', 'lambda_0.5000/simfile.dat', 'lambda_0.6000/simfile.dat', 'lambda_0.7000/simfile.dat', 'lambda_0.8000/simfile.dat', 'lambda_0.9000/simfile.dat', 'lambda_1.0000/simfile.dat']
#Overlap matrix
0.9959 0.0041 0.0000 0.0000 0.0000 0.0000 0.0000 0.0000 0.0000 0.0000 0.0000
0.0041 0.9913 0.0046 0.0000 0.0000 0.0000 0.0000 0.0000 0.0000 0.0000 0.0000
0.0000 0.0046 0.9895 0.0059 0.0000 0.0000 0.0000 0.0000 0.0000 0.0000 0.0000
0.0000 0.0000 0.0059 0.9779 0.0161 0.0000 0.0000 0.0000 0.0000 0.0000 0.0000
0.0000 0.0000 0.0000 0.0161 0.9432 0.0407 0.0000 0.0000 0.0000 0.0000 0.0000
0.0000 0.0000 0.0000 0.0000 0.0407 0.9033 0.0560 0.0000 0.0000 0.0000 0.0000
0.0000 0.0000 0.0000 0.0000 0.0000 0.0560 0.8656 0.0782 0.0002 0.0000 0.0000
0.0000 0.0000 0.0000 0.0000 0.0000 0.0000 0.0782 0.8042 0.1171 0.0005 0.0000
0.0000 0.0000 0.0000 0.0000 0.0000 0.0000 0.0002 0.1171 0.7513 0.1307 0.0008
0.0000 0.0000 0.0000 0.0000 0.0000 0.0000 0.0000 0.0005 0.1307 0.7183 0.1505
0.0000 0.0000 0.0000 0.0000 0.0000 0.0000 0.0000 0.0000 0.0008 0.1505 0.8487
#DG from neighbouring lambda in kcal/mol
0.0000 0.1000 -0.6055 0.3776
0.1000 0.2000 1.2190 0.3568
0.2000 0.3000 1.2960 0.3140
0.3000 0.4000 1.7778 0.1879
0.4000 0.5000 3.3575 0.1153
0.5000 0.6000 2.4191 0.0967
0.6000 0.7000 0.2111 0.0796
0.7000 0.8000 -1.4251 0.0619
0.8000 0.9000 -3.2345 0.0573
0.9000 1.0000 -5.0881 0.0521
#PMF from MBAR in kcal/mol
0.0000 0.0000 0.0000
0.1000 -0.6055 0.3776
0.2000 0.6136 0.5206
0.3000 1.9095 0.6089
0.4000 3.6873 0.6382
0.5000 7.0448 0.6494
0.6000 9.4639 0.6575
0.7000 9.6750 0.6632
0.8000 8.2500 0.6669
0.9000 5.0154 0.6702
1.0000 -0.0727 0.6731
#TI average gradients and standard deviation in kcal/mol
0.0000 -31.0230 36.9982
0.1000 9.8181 33.8041
0.2000 15.0924 34.3704
0.3000 11.7530 32.6623
0.4000 32.0164 25.6711
0.5000 33.7621 22.9812
0.6000 12.9489 22.5345
0.7000 -8.2945 18.4380
0.8000 -24.0063 16.4511
0.9000 -42.9896 16.2188
1.0000 -40.6626 15.7287
#PMF from TI in kcal/mol
0.0000 0.0000
0.1000 -1.0602
0.2000 0.1853
0.3000 1.5275
0.4000 3.7160
0.5000 7.0049
0.6000 9.3405
0.7000 9.5732
0.8000 7.9582
0.9000 4.6084
1.0000 0.4258
#MBAR free energy difference in kcal/mol: 
-0.072680, 0.673084 
#TI free energy difference in kcal/mol: 
0.425760  
Starting /export/users/common/BioSimSpace/sire.app/bin/analyse_freenrg: number of threads equals 32
