# Analysing data contained in file(s) ['lambda_0.0000/simfile.dat', 'lambda_0.1000/simfile.dat', 'lambda_0.2000/simfile.dat', 'lambda_0.3000/simfile.dat', 'lambda_0.4000/simfile.dat', 'lambda_0.5000/simfile.dat', 'lambda_0.6000/simfile.dat', 'lambda_0.7000/simfile.dat', 'lambda_0.8000/simfile.dat', 'lambda_0.9000/simfile.dat', 'lambda_1.0000/simfile.dat']
#Overlap matrix
0.9763 0.0237 0.0000 0.0000 0.0000 0.0000 0.0000 0.0000 0.0000 0.0000 0.0000
0.0237 0.9510 0.0253 0.0000 0.0000 0.0000 0.0000 0.0000 0.0000 0.0000 0.0000
0.0000 0.0253 0.9471 0.0276 0.0000 0.0000 0.0000 0.0000 0.0000 0.0000 0.0000
0.0000 0.0000 0.0276 0.9426 0.0298 0.0000 0.0000 0.0000 0.0000 0.0000 0.0000
0.0000 0.0000 0.0000 0.0298 0.9597 0.0105 0.0000 0.0000 0.0000 0.0000 0.0000
0.0000 0.0000 0.0000 0.0000 0.0105 0.9840 0.0055 0.0000 0.0000 0.0000 0.0000
0.0000 0.0000 0.0000 0.0000 0.0000 0.0055 0.9268 0.0676 0.0000 0.0000 0.0000
0.0000 0.0000 0.0000 0.0000 0.0000 0.0000 0.0676 0.8814 0.0509 0.0000 0.0000
0.0000 0.0000 0.0000 0.0000 0.0000 0.0000 0.0000 0.0509 0.8736 0.0755 0.0000
0.0000 0.0000 0.0000 0.0000 0.0000 0.0000 0.0000 0.0000 0.0755 0.8389 0.0856
0.0000 0.0000 0.0000 0.0000 0.0000 0.0000 0.0000 0.0000 0.0000 0.0856 0.9143
#DG from neighbouring lambda in kcal/mol
0.0000 0.1000 -8.2470 0.1420
0.1000 0.2000 3.2380 0.1373
0.2000 0.3000 5.0756 0.1313
0.3000 0.4000 5.4527 0.1259
0.4000 0.5000 4.8406 0.2169
0.5000 0.6000 4.1463 0.3002
0.6000 0.7000 8.3618 0.0801
0.7000 0.8000 9.1283 0.0941
0.8000 0.9000 5.6278 0.0752
0.9000 1.0000 3.7533 0.0697
#PMF from MBAR in kcal/mol
0.0000 0.0000 0.0000
0.1000 -8.2470 0.1420
0.2000 -5.0089 0.2001
0.3000 0.0667 0.2414
0.4000 5.5194 0.2741
0.5000 10.3600 0.3509
0.6000 14.5063 0.4629
0.7000 22.8681 0.4709
0.8000 31.9965 0.4812
0.9000 37.6243 0.4881
1.0000 41.3776 0.4941
#TI average gradients and standard deviation in kcal/mol
0.0000 -239.4563 28.5423
0.1000 6.5193 26.7770
0.2000 46.3121 26.3092
0.3000 52.0416 25.7632
0.4000 52.7318 29.5502
0.5000 50.4375 29.7268
0.6000 49.6252 28.5275
0.7000 100.9066 21.3169
0.8000 71.1468 22.8595
0.9000 45.8024 19.1107
1.0000 65.6203 20.9130
#PMF from TI in kcal/mol
0.0000 0.0000
0.1000 -11.6468
0.2000 -9.0053
0.3000 -4.0876
0.4000 1.1511
0.5000 6.3096
0.6000 11.3127
0.7000 18.8393
0.8000 27.4419
0.9000 33.2894
1.0000 38.8605
#MBAR free energy difference in kcal/mol: 
41.377594, 0.494058 
#TI free energy difference in kcal/mol: 
38.860536  
Starting /export/users/common/BioSimSpace/sire.app/bin/analyse_freenrg: number of threads equals 32
