# Analysing data contained in file(s) ['lambda_0.0000/simfile.dat', 'lambda_0.1000/simfile.dat', 'lambda_0.2000/simfile.dat', 'lambda_0.3000/simfile.dat', 'lambda_0.4000/simfile.dat', 'lambda_0.5000/simfile.dat', 'lambda_0.6000/simfile.dat', 'lambda_0.7000/simfile.dat', 'lambda_0.8000/simfile.dat', 'lambda_0.9000/simfile.dat', 'lambda_1.0000/simfile.dat']
#Overlap matrix
0.9129 0.0866 0.0005 0.0000 0.0000 0.0000 0.0000 0.0000 0.0000 0.0000 0.0000
0.0866 0.8018 0.1104 0.0012 0.0000 0.0000 0.0000 0.0000 0.0000 0.0000 0.0000
0.0005 0.1104 0.7545 0.1321 0.0025 0.0000 0.0000 0.0000 0.0000 0.0000 0.0000
0.0000 0.0012 0.1321 0.7064 0.1554 0.0049 0.0000 0.0000 0.0000 0.0000 0.0000
0.0000 0.0000 0.0025 0.1554 0.6512 0.1853 0.0057 0.0000 0.0000 0.0000 0.0000
0.0000 0.0000 0.0000 0.0049 0.1853 0.6189 0.1859 0.0051 0.0000 0.0000 0.0000
0.0000 0.0000 0.0000 0.0000 0.0057 0.1859 0.6131 0.1901 0.0053 0.0000 0.0000
0.0000 0.0000 0.0000 0.0000 0.0000 0.0051 0.1901 0.6164 0.1839 0.0045 0.0000
0.0000 0.0000 0.0000 0.0000 0.0000 0.0000 0.0053 0.1839 0.6277 0.1804 0.0027
0.0000 0.0000 0.0000 0.0000 0.0000 0.0000 0.0000 0.0045 0.1804 0.6607 0.1543
0.0000 0.0000 0.0000 0.0000 0.0000 0.0000 0.0000 0.0000 0.0027 0.1543 0.8430
#DG from neighbouring lambda in kcal/mol
0.0000 0.1000 -0.0869 0.0766
0.1000 0.2000 -0.0097 0.0654
0.2000 0.3000 -1.0924 0.0576
0.3000 0.4000 -2.3500 0.0506
0.4000 0.5000 -3.9279 0.0439
0.5000 0.6000 -5.9423 0.0437
0.6000 0.7000 -8.1852 0.0430
0.7000 0.8000 -10.3427 0.0443
0.8000 0.9000 -12.4781 0.0454
0.9000 1.0000 -14.8046 0.0520
#PMF from MBAR in kcal/mol
0.0000 0.0000 0.0000
0.1000 -0.0869 0.0766
0.2000 -0.0967 0.1064
0.3000 -1.1890 0.1256
0.4000 -3.5390 0.1394
0.5000 -7.4669 0.1497
0.6000 -13.4092 0.1593
0.7000 -21.5943 0.1682
0.8000 -31.9371 0.1770
0.9000 -44.4152 0.1857
1.0000 -59.2198 0.1957
#TI average gradients and standard deviation in kcal/mol
0.0000 -5.5077 19.8833
0.1000 2.4703 17.8786
0.2000 -5.8054 17.3907
0.3000 -17.2522 14.9413
0.4000 -29.6663 13.9712
0.5000 -50.7730 12.9834
0.6000 -69.6547 13.2118
0.7000 -92.7785 13.7678
0.8000 -114.2176 14.2697
0.9000 -134.1115 14.7790
1.0000 -157.8191 15.0916
#PMF from TI in kcal/mol
0.0000 0.0000
0.1000 -0.1519
0.2000 -0.3186
0.3000 -1.4715
0.4000 -3.8174
0.5000 -7.8394
0.6000 -13.8608
0.7000 -21.9824
0.8000 -32.3322
0.9000 -44.7487
1.0000 -59.3452
#MBAR free energy difference in kcal/mol: 
-59.219771, 0.195734 
#TI free energy difference in kcal/mol: 
-59.345216  
Starting /export/users/common/BioSimSpace/sire.app/bin/analyse_freenrg: number of threads equals 32
