# Analysing data contained in file(s) ['lambda_0.0000/simfile.dat', 'lambda_0.1000/simfile.dat', 'lambda_0.2000/simfile.dat', 'lambda_0.3000/simfile.dat', 'lambda_0.4000/simfile.dat', 'lambda_0.5000/simfile.dat', 'lambda_0.6000/simfile.dat', 'lambda_0.7000/simfile.dat', 'lambda_0.8000/simfile.dat', 'lambda_0.9000/simfile.dat', 'lambda_1.0000/simfile.dat']
#Overlap matrix
0.9104 0.0893 0.0003 0.0000 0.0000 0.0000 0.0000 0.0000 0.0000 0.0000 0.0000
0.0893 0.7904 0.1198 0.0005 0.0000 0.0000 0.0000 0.0000 0.0000 0.0000 0.0000
0.0003 0.1198 0.7488 0.1306 0.0005 0.0000 0.0000 0.0000 0.0000 0.0000 0.0000
0.0000 0.0005 0.1306 0.7344 0.1339 0.0006 0.0000 0.0000 0.0000 0.0000 0.0000
0.0000 0.0000 0.0005 0.1339 0.7421 0.1229 0.0005 0.0000 0.0000 0.0000 0.0000
0.0000 0.0000 0.0000 0.0006 0.1229 0.7723 0.1039 0.0002 0.0000 0.0000 0.0000
0.0000 0.0000 0.0000 0.0000 0.0005 0.1039 0.7943 0.1009 0.0003 0.0000 0.0000
0.0000 0.0000 0.0000 0.0000 0.0000 0.0002 0.1009 0.8027 0.0960 0.0001 0.0000
0.0000 0.0000 0.0000 0.0000 0.0000 0.0000 0.0003 0.0960 0.8166 0.0870 0.0001
0.0000 0.0000 0.0000 0.0000 0.0000 0.0000 0.0000 0.0001 0.0870 0.8505 0.0624
0.0000 0.0000 0.0000 0.0000 0.0000 0.0000 0.0000 0.0000 0.0001 0.0624 0.9375
#DG from neighbouring lambda in kcal/mol
0.0000 0.1000 13.7582 0.0734
0.1000 0.2000 10.2910 0.0608
0.2000 0.3000 6.5324 0.0574
0.3000 0.4000 2.5562 0.0564
0.4000 0.5000 -1.1738 0.0597
0.5000 0.6000 -4.6983 0.0666
0.6000 0.7000 -8.4417 0.0679
0.7000 0.8000 -11.6211 0.0701
0.8000 0.9000 -14.8800 0.0746
0.9000 1.0000 -17.1153 0.0907
#PMF from MBAR in kcal/mol
0.0000 0.0000 0.0000
0.1000 13.7582 0.0734
0.2000 24.0492 0.1011
0.3000 30.5816 0.1211
0.4000 33.1379 0.1377
0.5000 31.9641 0.1538
0.6000 27.2657 0.1710
0.7000 18.8240 0.1871
0.8000 7.2029 0.2026
0.9000 -7.6771 0.2186
1.0000 -24.7924 0.2391
#TI average gradients and standard deviation in kcal/mol
0.0000 195.8780 1894.4353
0.1000 120.6018 18.1084
0.2000 84.3369 16.6367
0.3000 44.7692 16.4281
0.4000 6.6303 16.9716
0.5000 -30.1569 18.0132
0.6000 -66.7469 17.7831
0.7000 -102.6070 18.0249
0.8000 -132.7762 19.9731
0.9000 -160.7259 19.7645
1.0000 -181.0157 22.5557
#PMF from TI in kcal/mol
0.0000 0.0000
0.1000 15.8240
0.2000 26.0709
0.3000 32.5262
0.4000 35.0962
0.5000 33.9199
0.6000 29.0747
0.7000 20.6070
0.8000 8.8378
0.9000 -5.8373
1.0000 -22.9244
#MBAR free energy difference in kcal/mol: 
-24.792426, 0.239066 
#TI free energy difference in kcal/mol: 
-22.924360  
Starting /export/users/common/BioSimSpace/sire.app/bin/analyse_freenrg: number of threads equals 32
