# Analysing data contained in file(s) ['lambda_0.0000/simfile.dat', 'lambda_0.1000/simfile.dat', 'lambda_0.2000/simfile.dat', 'lambda_0.3000/simfile.dat', 'lambda_0.4000/simfile.dat', 'lambda_0.5000/simfile.dat', 'lambda_0.6000/simfile.dat', 'lambda_0.7000/simfile.dat', 'lambda_0.8000/simfile.dat', 'lambda_0.9000/simfile.dat', 'lambda_1.0000/simfile.dat']
#Overlap matrix
0.9921 0.0079 0.0000 0.0000 0.0000 0.0000 0.0000 0.0000 0.0000 0.0000 0.0000
0.0079 0.9797 0.0124 0.0000 0.0000 0.0000 0.0000 0.0000 0.0000 0.0000 0.0000
0.0000 0.0124 0.9737 0.0139 0.0000 0.0000 0.0000 0.0000 0.0000 0.0000 0.0000
0.0000 0.0000 0.0139 0.9637 0.0224 0.0000 0.0000 0.0000 0.0000 0.0000 0.0000
0.0000 0.0000 0.0000 0.0224 0.9505 0.0272 0.0000 0.0000 0.0000 0.0000 0.0000
0.0000 0.0000 0.0000 0.0000 0.0272 0.9426 0.0302 0.0000 0.0000 0.0000 0.0000
0.0000 0.0000 0.0000 0.0000 0.0000 0.0302 0.9294 0.0404 0.0000 0.0000 0.0000
0.0000 0.0000 0.0000 0.0000 0.0000 0.0000 0.0404 0.8957 0.0639 0.0000 0.0000
0.0000 0.0000 0.0000 0.0000 0.0000 0.0000 0.0000 0.0639 0.8684 0.0677 0.0000
0.0000 0.0000 0.0000 0.0000 0.0000 0.0000 0.0000 0.0000 0.0677 0.8619 0.0705
0.0000 0.0000 0.0000 0.0000 0.0000 0.0000 0.0000 0.0000 0.0000 0.0705 0.9295
#DG from neighbouring lambda in kcal/mol
0.0000 0.1000 0.7932 0.2913
0.1000 0.2000 1.8579 0.2312
0.2000 0.3000 2.3851 0.2182
0.3000 0.4000 2.1676 0.1705
0.4000 0.5000 2.8838 0.1539
0.5000 0.6000 2.6431 0.1455
0.6000 0.7000 3.0209 0.1244
0.7000 0.8000 2.9384 0.0964
0.8000 0.9000 3.0585 0.0933
0.9000 1.0000 2.7068 0.0911
#PMF from MBAR in kcal/mol
0.0000 0.0000 0.0000
0.1000 0.7932 0.2913
0.2000 2.6511 0.3738
0.3000 5.0362 0.4344
0.4000 7.2039 0.4681
0.5000 10.0877 0.4941
0.6000 12.7308 0.5164
0.7000 15.7517 0.5325
0.8000 18.6901 0.5424
0.9000 21.7486 0.5516
1.0000 24.4555 0.5603
#TI average gradients and standard deviation in kcal/mol
0.0000 4.6463 30.3581
0.1000 15.8939 30.7347
0.2000 21.2783 28.1606
0.3000 23.3349 27.2638
0.4000 27.0596 25.5717
0.5000 25.3736 25.3580
0.6000 27.7129 22.6839
0.7000 27.5405 23.0533
0.8000 29.1325 22.9799
0.9000 30.1321 21.5639
1.0000 35.3458 19.3825
#PMF from TI in kcal/mol
0.0000 0.0000
0.1000 1.0270
0.2000 2.8856
0.3000 5.1163
0.4000 7.6360
0.5000 10.2576
0.6000 12.9120
0.7000 15.6746
0.8000 18.5083
0.9000 21.4715
1.0000 24.7454
#MBAR free energy difference in kcal/mol: 
24.455456, 0.560300 
#TI free energy difference in kcal/mol: 
24.745424  
Starting /export/users/common/BioSimSpace/sire.app/bin/analyse_freenrg: number of threads equals 32
