# Analysing data contained in file(s) ['lambda_0.0000/simfile.dat', 'lambda_0.1000/simfile.dat', 'lambda_0.2000/simfile.dat', 'lambda_0.3000/simfile.dat', 'lambda_0.4000/simfile.dat', 'lambda_0.5000/simfile.dat', 'lambda_0.6000/simfile.dat', 'lambda_0.7000/simfile.dat', 'lambda_0.8000/simfile.dat', 'lambda_0.9000/simfile.dat', 'lambda_1.0000/simfile.dat']
#Overlap matrix
0.8513 0.1435 0.0051 0.0001 0.0000 0.0000 0.0000 0.0000 0.0000 0.0000 0.0000
0.1435 0.6202 0.2176 0.0183 0.0005 0.0000 0.0000 0.0000 0.0000 0.0000 0.0000
0.0051 0.2176 0.5233 0.2280 0.0252 0.0007 0.0000 0.0000 0.0000 0.0000 0.0000
0.0001 0.0183 0.2280 0.4908 0.2341 0.0278 0.0009 0.0000 0.0000 0.0000 0.0000
0.0000 0.0005 0.0252 0.2341 0.4741 0.2350 0.0302 0.0009 0.0000 0.0000 0.0000
0.0000 0.0000 0.0007 0.0278 0.2350 0.4709 0.2372 0.0275 0.0008 0.0000 0.0000
0.0000 0.0000 0.0000 0.0009 0.0302 0.2372 0.4776 0.2258 0.0273 0.0009 0.0000
0.0000 0.0000 0.0000 0.0000 0.0009 0.0275 0.2258 0.4794 0.2392 0.0266 0.0006
0.0000 0.0000 0.0000 0.0000 0.0000 0.0008 0.0273 0.2392 0.4886 0.2281 0.0159
0.0000 0.0000 0.0000 0.0000 0.0000 0.0000 0.0009 0.0266 0.2281 0.5478 0.1966
0.0000 0.0000 0.0000 0.0000 0.0000 0.0000 0.0000 0.0006 0.0159 0.1966 0.7870
#DG from neighbouring lambda in kcal/mol
0.0000 0.1000 6.1527 0.0533
0.1000 0.2000 5.2291 0.0361
0.2000 0.3000 4.8163 0.0321
0.3000 0.4000 4.4465 0.0303
0.4000 0.5000 4.0948 0.0296
0.5000 0.6000 3.8267 0.0294
0.6000 0.7000 3.5790 0.0310
0.7000 0.8000 3.5074 0.0295
0.8000 0.9000 3.7425 0.0322
0.9000 1.0000 4.1593 0.0404
#PMF from MBAR in kcal/mol
0.0000 0.0000 0.0000
0.1000 6.1527 0.0533
0.2000 11.3817 0.0719
0.3000 16.1980 0.0840
0.4000 20.6445 0.0938
0.5000 24.7393 0.1023
0.6000 28.5660 0.1101
0.7000 32.1450 0.1178
0.8000 35.6523 0.1247
0.9000 39.3949 0.1319
1.0000 43.5541 0.1411
#TI average gradients and standard deviation in kcal/mol
0.0000 68.1270 16.4764
0.1000 54.8148 13.4837
0.2000 50.0322 10.9933
0.3000 46.2574 10.2166
0.4000 42.5145 10.4234
0.5000 38.7207 10.1155
0.6000 36.7920 10.9301
0.7000 35.0769 10.4075
0.8000 35.9004 10.4083
0.9000 39.9918 11.9913
1.0000 44.5136 13.2462
#PMF from TI in kcal/mol
0.0000 0.0000
0.1000 6.1471
0.2000 11.3894
0.3000 16.2039
0.4000 20.6425
0.5000 24.7043
0.6000 28.4799
0.7000 32.0733
0.8000 35.6222
0.9000 39.4168
1.0000 43.6421
#MBAR free energy difference in kcal/mol: 
43.554143, 0.141072 
#TI free energy difference in kcal/mol: 
43.642089  
Starting /export/users/common/BioSimSpace/sire.app/bin/analyse_freenrg: number of threads equals 32
