# Analysing data contained in file(s) ['lambda_0.0000/simfile.dat', 'lambda_0.1000/simfile.dat', 'lambda_0.2000/simfile.dat', 'lambda_0.3000/simfile.dat', 'lambda_0.4000/simfile.dat', 'lambda_0.5000/simfile.dat', 'lambda_0.6000/simfile.dat', 'lambda_0.7000/simfile.dat', 'lambda_0.8000/simfile.dat', 'lambda_0.9000/simfile.dat', 'lambda_1.0000/simfile.dat']
#Overlap matrix
0.8670 0.1325 0.0005 0.0000 0.0000 0.0000 0.0000 0.0000 0.0000 0.0000 0.0000
0.1325 0.7344 0.1329 0.0003 0.0000 0.0000 0.0000 0.0000 0.0000 0.0000 0.0000
0.0005 0.1329 0.7585 0.1076 0.0004 0.0000 0.0000 0.0000 0.0000 0.0000 0.0000
0.0000 0.0003 0.1076 0.7433 0.1469 0.0019 0.0000 0.0000 0.0000 0.0000 0.0000
0.0000 0.0000 0.0004 0.1469 0.7315 0.1208 0.0003 0.0000 0.0000 0.0000 0.0000
0.0000 0.0000 0.0000 0.0019 0.1208 0.8441 0.0332 0.0000 0.0000 0.0000 0.0000
0.0000 0.0000 0.0000 0.0000 0.0003 0.0332 0.9379 0.0285 0.0000 0.0000 0.0000
0.0000 0.0000 0.0000 0.0000 0.0000 0.0000 0.0285 0.9516 0.0199 0.0000 0.0000
0.0000 0.0000 0.0000 0.0000 0.0000 0.0000 0.0000 0.0199 0.9587 0.0214 0.0000
0.0000 0.0000 0.0000 0.0000 0.0000 0.0000 0.0000 0.0000 0.0214 0.9554 0.0232
0.0000 0.0000 0.0000 0.0000 0.0000 0.0000 0.0000 0.0000 0.0000 0.0232 0.9768
#DG from neighbouring lambda in kcal/mol
0.0000 0.1000 5.7257 0.0626
0.1000 0.2000 3.0115 0.0623
0.2000 0.3000 -0.4275 0.0716
0.3000 0.4000 -3.6270 0.0578
0.4000 0.5000 -4.0677 0.0659
0.5000 0.6000 -3.4776 0.1403
0.6000 0.7000 -3.4465 0.1531
0.7000 0.8000 -3.6378 0.1851
0.8000 0.9000 -4.9785 0.1782
0.9000 1.0000 -4.7621 0.1707
#PMF from MBAR in kcal/mol
0.0000 0.0000 0.0000
0.1000 5.7257 0.0626
0.2000 8.7371 0.0958
0.3000 8.3096 0.1253
0.4000 4.6826 0.1429
0.5000 0.6150 0.1614
0.6000 -2.8626 0.2169
0.7000 -6.3091 0.2681
0.8000 -9.9469 0.3280
0.9000 -14.9255 0.3751
1.0000 -19.6875 0.4139
#TI average gradients and standard deviation in kcal/mol
0.0000 63.0423 15.5974
0.1000 44.9451 16.8007
0.2000 15.0892 16.8821
0.3000 -22.2079 16.9324
0.4000 -43.4963 16.0414
0.5000 -32.2329 21.6338
0.6000 -37.6631 23.9730
0.7000 -31.5020 27.6382
0.8000 -40.2193 29.2066
0.9000 -51.7635 25.3622
1.0000 -44.5114 28.8260
#PMF from TI in kcal/mol
0.0000 0.0000
0.1000 5.3994
0.2000 8.4011
0.3000 8.0451
0.4000 4.7599
0.5000 0.9735
0.6000 -2.5213
0.7000 -5.9796
0.8000 -9.5656
0.9000 -14.1648
1.0000 -18.9785
#MBAR free energy difference in kcal/mol: 
-19.687544, 0.413872 
#TI free energy difference in kcal/mol: 
-18.978523  
Starting /export/users/common/BioSimSpace/sire.app/bin/analyse_freenrg: number of threads equals 32
