# Analysing data contained in file(s) ['lambda_0.0000/simfile.dat', 'lambda_0.1000/simfile.dat', 'lambda_0.2000/simfile.dat', 'lambda_0.3000/simfile.dat', 'lambda_0.4000/simfile.dat', 'lambda_0.5000/simfile.dat', 'lambda_0.6000/simfile.dat', 'lambda_0.7000/simfile.dat', 'lambda_0.8000/simfile.dat', 'lambda_0.9000/simfile.dat', 'lambda_1.0000/simfile.dat']
#Overlap matrix
0.9653 0.0347 0.0000 0.0000 0.0000 0.0000 0.0000 0.0000 0.0000 0.0000 0.0000
0.0347 0.9278 0.0374 0.0000 0.0000 0.0000 0.0000 0.0000 0.0000 0.0000 0.0000
0.0000 0.0374 0.9327 0.0299 0.0000 0.0000 0.0000 0.0000 0.0000 0.0000 0.0000
0.0000 0.0000 0.0299 0.9137 0.0556 0.0007 0.0000 0.0000 0.0000 0.0000 0.0000
0.0000 0.0000 0.0000 0.0556 0.8586 0.0821 0.0035 0.0002 0.0000 0.0000 0.0000
0.0000 0.0000 0.0000 0.0007 0.0821 0.7260 0.1808 0.0103 0.0001 0.0000 0.0000
0.0000 0.0000 0.0000 0.0000 0.0035 0.1808 0.6222 0.1889 0.0045 0.0000 0.0000
0.0000 0.0000 0.0000 0.0000 0.0002 0.0103 0.1889 0.6179 0.1779 0.0048 0.0000
0.0000 0.0000 0.0000 0.0000 0.0000 0.0001 0.0045 0.1779 0.6242 0.1862 0.0071
0.0000 0.0000 0.0000 0.0000 0.0000 0.0000 0.0000 0.0048 0.1862 0.5917 0.2172
0.0000 0.0000 0.0000 0.0000 0.0000 0.0000 0.0000 0.0000 0.0071 0.2172 0.7757
#DG from neighbouring lambda in kcal/mol
0.0000 0.1000 -3.9509 0.1239
0.1000 0.2000 -1.0971 0.1190
0.2000 0.3000 0.9550 0.1342
0.3000 0.4000 3.3137 0.0950
0.4000 0.5000 6.7331 0.0741
0.5000 0.6000 9.5672 0.0425
0.6000 0.7000 11.2218 0.0409
0.7000 0.8000 11.2440 0.0438
0.8000 0.9000 11.4361 0.0418
0.9000 1.0000 12.1327 0.0376
#PMF from MBAR in kcal/mol
0.0000 0.0000 0.0000
0.1000 -3.9509 0.1239
0.2000 -5.0480 0.1751
0.3000 -4.0930 0.2231
0.4000 -0.7793 0.2448
0.5000 5.9538 0.2577
0.6000 15.5210 0.2628
0.7000 26.7428 0.2676
0.8000 37.9868 0.2730
0.9000 49.4229 0.2780
1.0000 61.5556 0.2822
#TI average gradients and standard deviation in kcal/mol
0.0000 -56.3205 24.1037
0.1000 -21.8551 24.4961
0.2000 1.3855 24.9986
0.3000 19.9413 25.4922
0.4000 52.7469 20.2339
0.5000 80.0591 18.1239
0.6000 108.6985 12.5629
0.7000 113.1685 14.1953
0.8000 112.9146 13.4173
0.9000 117.1181 12.4451
1.0000 133.1869 12.3927
#PMF from TI in kcal/mol
0.0000 0.0000
0.1000 -3.9088
0.2000 -4.9323
0.3000 -3.8659
0.4000 -0.2315
0.5000 6.4088
0.6000 15.8467
0.7000 26.9400
0.8000 38.2442
0.9000 49.7458
1.0000 62.2611
#MBAR free energy difference in kcal/mol: 
61.555590, 0.282239 
#TI free energy difference in kcal/mol: 
62.261066  
Starting /export/users/common/BioSimSpace/sire.app/bin/analyse_freenrg: number of threads equals 32
