# Analysing data contained in file(s) ['lambda_0.0000/simfile.dat', 'lambda_0.1000/simfile.dat', 'lambda_0.2000/simfile.dat', 'lambda_0.3000/simfile.dat', 'lambda_0.4000/simfile.dat', 'lambda_0.5000/simfile.dat', 'lambda_0.6000/simfile.dat', 'lambda_0.7000/simfile.dat', 'lambda_0.8000/simfile.dat', 'lambda_0.9000/simfile.dat', 'lambda_1.0000/simfile.dat']
#Overlap matrix
0.9035 0.0963 0.0002 0.0000 0.0000 0.0000 0.0000 0.0000 0.0000 0.0000 0.0000
0.0963 0.7908 0.1124 0.0005 0.0000 0.0000 0.0000 0.0000 0.0000 0.0000 0.0000
0.0002 0.1124 0.7701 0.1166 0.0006 0.0000 0.0000 0.0000 0.0000 0.0000 0.0000
0.0000 0.0005 0.1166 0.7647 0.1173 0.0009 0.0000 0.0000 0.0000 0.0000 0.0000
0.0000 0.0000 0.0006 0.1173 0.7477 0.1325 0.0018 0.0000 0.0000 0.0000 0.0000
0.0000 0.0000 0.0000 0.0009 0.1325 0.7036 0.1601 0.0028 0.0000 0.0000 0.0000
0.0000 0.0000 0.0000 0.0000 0.0018 0.1601 0.6765 0.1588 0.0027 0.0000 0.0000
0.0000 0.0000 0.0000 0.0000 0.0000 0.0028 0.1588 0.6620 0.1734 0.0029 0.0000
0.0000 0.0000 0.0000 0.0000 0.0000 0.0000 0.0027 0.1734 0.6373 0.1837 0.0029
0.0000 0.0000 0.0000 0.0000 0.0000 0.0000 0.0000 0.0029 0.1837 0.6554 0.1579
0.0000 0.0000 0.0000 0.0000 0.0000 0.0000 0.0000 0.0000 0.0029 0.1579 0.8392
#DG from neighbouring lambda in kcal/mol
0.0000 0.1000 4.2343 0.0672
0.1000 0.2000 -0.2417 0.0608
0.2000 0.3000 -5.0850 0.0592
0.3000 0.4000 -10.0987 0.0589
0.4000 0.5000 -15.0818 0.0540
0.5000 0.6000 -19.8639 0.0469
0.6000 0.7000 -24.7134 0.0470
0.7000 0.8000 -29.8682 0.0440
0.8000 0.9000 -35.1138 0.0421
0.9000 1.0000 -40.4463 0.0477
#PMF from MBAR in kcal/mol
0.0000 0.0000 0.0000
0.1000 4.2343 0.0672
0.2000 3.9926 0.0963
0.3000 -1.0924 0.1176
0.4000 -11.1911 0.1353
0.5000 -26.2728 0.1492
0.6000 -46.1367 0.1595
0.7000 -70.8501 0.1692
0.8000 -100.7183 0.1776
0.9000 -135.8320 0.1852
1.0000 -176.2784 0.1938
#TI average gradients and standard deviation in kcal/mol
0.0000 59.8770 19.3967
0.1000 20.3385 18.9400
0.2000 -26.1859 18.3864
0.3000 -75.8428 16.9025
0.4000 -125.8022 16.8077
0.5000 -174.9943 15.9806
0.6000 -222.2354 14.8074
0.7000 -273.1757 15.0966
0.8000 -325.0103 14.3570
0.9000 -377.3158 14.1169
1.0000 -425.0085 14.3030
#PMF from TI in kcal/mol
0.0000 0.0000
0.1000 4.0108
0.2000 3.7184
0.3000 -1.3830
0.4000 -11.4653
0.5000 -26.5051
0.6000 -46.3666
0.7000 -71.1371
0.8000 -101.0464
0.9000 -136.1628
1.0000 -176.2790
#MBAR free energy difference in kcal/mol: 
-176.278384, 0.193783 
#TI free energy difference in kcal/mol: 
-176.278970  
Starting /export/users/common/BioSimSpace/sire.app/bin/analyse_freenrg: number of threads equals 32
