# Analysing data contained in file(s) ['lambda_0.0000/simfile.dat', 'lambda_0.1000/simfile.dat', 'lambda_0.2000/simfile.dat', 'lambda_0.3000/simfile.dat', 'lambda_0.4000/simfile.dat', 'lambda_0.5000/simfile.dat', 'lambda_0.6000/simfile.dat', 'lambda_0.7000/simfile.dat', 'lambda_0.8000/simfile.dat', 'lambda_0.9000/simfile.dat', 'lambda_1.0000/simfile.dat']
#Overlap matrix
0.9799 0.0201 0.0000 0.0000 0.0000 0.0000 0.0000 0.0000 0.0000 0.0000 0.0000
0.0201 0.9556 0.0244 0.0000 0.0000 0.0000 0.0000 0.0000 0.0000 0.0000 0.0000
0.0000 0.0244 0.9424 0.0333 0.0000 0.0000 0.0000 0.0000 0.0000 0.0000 0.0000
0.0000 0.0000 0.0333 0.9253 0.0415 0.0000 0.0000 0.0000 0.0000 0.0000 0.0000
0.0000 0.0000 0.0000 0.0415 0.9062 0.0523 0.0000 0.0000 0.0000 0.0000 0.0000
0.0000 0.0000 0.0000 0.0000 0.0523 0.8842 0.0634 0.0000 0.0000 0.0000 0.0000
0.0000 0.0000 0.0000 0.0000 0.0000 0.0634 0.8363 0.1002 0.0001 0.0000 0.0000
0.0000 0.0000 0.0000 0.0000 0.0000 0.0000 0.1002 0.8109 0.0889 0.0001 0.0000
0.0000 0.0000 0.0000 0.0000 0.0000 0.0000 0.0001 0.0889 0.7962 0.1145 0.0004
0.0000 0.0000 0.0000 0.0000 0.0000 0.0000 0.0000 0.0001 0.1145 0.7555 0.1300
0.0000 0.0000 0.0000 0.0000 0.0000 0.0000 0.0000 0.0000 0.0004 0.1300 0.8697
#DG from neighbouring lambda in kcal/mol
0.0000 0.1000 -12.7570 0.1674
0.1000 0.2000 -8.8806 0.1512
0.2000 0.3000 -7.3223 0.1282
0.3000 0.4000 -6.5414 0.1138
0.4000 0.5000 -5.5932 0.1001
0.5000 0.6000 -5.0037 0.0898
0.6000 0.7000 -4.4934 0.0683
0.7000 0.8000 -3.6397 0.0735
0.8000 0.9000 -3.3757 0.0626
0.9000 1.0000 -2.6513 0.0576
#PMF from MBAR in kcal/mol
0.0000 0.0000 0.0000
0.1000 -12.7570 0.1674
0.2000 -21.6376 0.2282
0.3000 -28.9599 0.2639
0.4000 -35.5013 0.2894
0.5000 -41.0945 0.3082
0.6000 -46.0982 0.3228
0.7000 -50.5916 0.3317
0.8000 -54.2313 0.3414
0.9000 -57.6070 0.3488
1.0000 -60.2583 0.3552
#TI average gradients and standard deviation in kcal/mol
0.0000 -159.1614 28.3378
0.1000 -99.6725 26.3718
0.2000 -78.7524 26.1717
0.3000 -69.8621 24.7258
0.4000 -60.4951 22.8610
0.5000 -53.5110 20.0571
0.6000 -50.7533 19.1551
0.7000 -39.2264 18.8014
0.8000 -35.8837 19.0311
0.9000 -29.5387 17.2705
1.0000 -14.5495 16.0238
#PMF from TI in kcal/mol
0.0000 0.0000
0.1000 -12.9417
0.2000 -21.8629
0.3000 -29.2937
0.4000 -35.8115
0.5000 -41.5118
0.6000 -46.7250
0.7000 -51.2240
0.8000 -54.9795
0.9000 -58.2506
1.0000 -60.4551
#MBAR free energy difference in kcal/mol: 
-60.258331, 0.355154 
#TI free energy difference in kcal/mol: 
-60.455055  
Starting /export/users/common/BioSimSpace/sire.app/bin/analyse_freenrg: number of threads equals 32
