# Analysing data contained in file(s) ['lambda_0.0000/simfile.dat', 'lambda_0.1000/simfile.dat', 'lambda_0.2000/simfile.dat', 'lambda_0.3000/simfile.dat', 'lambda_0.4000/simfile.dat', 'lambda_0.5000/simfile.dat', 'lambda_0.6000/simfile.dat', 'lambda_0.7000/simfile.dat', 'lambda_0.8000/simfile.dat', 'lambda_0.9000/simfile.dat', 'lambda_1.0000/simfile.dat']
#Overlap matrix
0.9882 0.0118 0.0000 0.0000 0.0000 0.0000 0.0000 0.0000 0.0000 0.0000 0.0000
0.0118 0.9694 0.0188 0.0000 0.0000 0.0000 0.0000 0.0000 0.0000 0.0000 0.0000
0.0000 0.0188 0.9590 0.0222 0.0000 0.0000 0.0000 0.0000 0.0000 0.0000 0.0000
0.0000 0.0000 0.0222 0.9295 0.0482 0.0001 0.0000 0.0000 0.0000 0.0000 0.0000
0.0000 0.0000 0.0000 0.0482 0.8766 0.0752 0.0000 0.0000 0.0000 0.0000 0.0000
0.0000 0.0000 0.0000 0.0001 0.0752 0.8525 0.0722 0.0000 0.0000 0.0000 0.0000
0.0000 0.0000 0.0000 0.0000 0.0000 0.0722 0.8531 0.0746 0.0000 0.0000 0.0000
0.0000 0.0000 0.0000 0.0000 0.0000 0.0000 0.0746 0.8480 0.0774 0.0000 0.0000
0.0000 0.0000 0.0000 0.0000 0.0000 0.0000 0.0000 0.0774 0.8545 0.0681 0.0000
0.0000 0.0000 0.0000 0.0000 0.0000 0.0000 0.0000 0.0000 0.0681 0.8812 0.0507
0.0000 0.0000 0.0000 0.0000 0.0000 0.0000 0.0000 0.0000 0.0000 0.0507 0.9493
#DG from neighbouring lambda in kcal/mol
0.0000 0.1000 9.1048 0.2349
0.1000 0.2000 7.0755 0.1844
0.2000 0.3000 4.1797 0.1691
0.3000 0.4000 1.9776 0.1115
0.4000 0.5000 0.5174 0.0866
0.5000 0.6000 -3.0365 0.0887
0.6000 0.7000 -7.1469 0.0870
0.7000 0.8000 -10.9160 0.0851
0.8000 0.9000 -14.4099 0.0918
0.9000 1.0000 -17.5155 0.1085
#PMF from MBAR in kcal/mol
0.0000 0.0000 0.0000
0.1000 9.1048 0.2349
0.2000 16.1803 0.3008
0.3000 20.3600 0.3470
0.4000 22.3376 0.3663
0.5000 22.8550 0.3781
0.6000 19.8185 0.3900
0.7000 12.6716 0.4013
0.8000 1.7557 0.4118
0.9000 -12.6542 0.4235
1.0000 -30.1698 0.4387
#TI average gradients and standard deviation in kcal/mol
0.0000 33383.0530 1142475.9260
0.1000 83.5019 28.6167
0.2000 56.3827 27.8099
0.3000 27.1365 26.2866
0.4000 14.1234 20.6745
0.5000 -10.7094 20.6573
0.6000 -49.6268 20.5896
0.7000 -90.5567 20.1537
0.8000 -128.1701 21.2661
0.9000 -160.1334 21.3946
1.0000 -710051.1999 47486438.5607
#PMF from TI in kcal/mol
0.0000 0.0000
0.1000 1673.3277
0.2000 1680.3220
0.3000 1684.4979
0.4000 1686.5609
0.5000 1686.7316
0.6000 1683.7148
0.7000 1676.7056
0.8000 1665.7693
0.9000 1651.3541
1.0000 -33859.2125
#MBAR free energy difference in kcal/mol: 
-30.169778, 0.438685 
#TI free energy difference in kcal/mol: 
-33859.212550  
Starting /export/users/common/BioSimSpace/sire.app/bin/analyse_freenrg: number of threads equals 32
