# Analysing data contained in file(s) ['lambda_0.0000/simfile.dat', 'lambda_0.1000/simfile.dat', 'lambda_0.2000/simfile.dat', 'lambda_0.3000/simfile.dat', 'lambda_0.4000/simfile.dat', 'lambda_0.5000/simfile.dat', 'lambda_0.6000/simfile.dat', 'lambda_0.7000/simfile.dat', 'lambda_0.8000/simfile.dat', 'lambda_0.9000/simfile.dat', 'lambda_1.0000/simfile.dat']
#Overlap matrix
0.8400 0.1551 0.0048 0.0001 0.0000 0.0000 0.0000 0.0000 0.0000 0.0000 0.0000
0.1551 0.6608 0.1758 0.0081 0.0002 0.0000 0.0000 0.0000 0.0000 0.0000 0.0000
0.0048 0.1758 0.6230 0.1846 0.0114 0.0003 0.0000 0.0000 0.0000 0.0000 0.0000
0.0001 0.0081 0.1846 0.6012 0.1936 0.0119 0.0005 0.0000 0.0000 0.0000 0.0000
0.0000 0.0002 0.0114 0.1936 0.5935 0.1816 0.0186 0.0010 0.0000 0.0000 0.0000
0.0000 0.0000 0.0003 0.0119 0.1816 0.5677 0.2116 0.0261 0.0008 0.0000 0.0000
0.0000 0.0000 0.0000 0.0005 0.0186 0.2116 0.5182 0.2296 0.0212 0.0003 0.0000
0.0000 0.0000 0.0000 0.0000 0.0010 0.0261 0.2296 0.5131 0.2165 0.0136 0.0000
0.0000 0.0000 0.0000 0.0000 0.0000 0.0008 0.0212 0.2165 0.5582 0.1997 0.0036
0.0000 0.0000 0.0000 0.0000 0.0000 0.0000 0.0003 0.0136 0.1997 0.6507 0.1356
0.0000 0.0000 0.0000 0.0000 0.0000 0.0000 0.0000 0.0000 0.0036 0.1356 0.8607
#DG from neighbouring lambda in kcal/mol
0.0000 0.1000 3.0242 0.0483
0.1000 0.2000 4.6001 0.0425
0.2000 0.3000 5.0100 0.0399
0.3000 0.4000 5.1278 0.0379
0.4000 0.5000 5.0925 0.0386
0.5000 0.6000 5.4057 0.0326
0.6000 0.7000 5.7714 0.0300
0.7000 0.8000 5.7071 0.0331
0.8000 0.9000 5.4528 0.0379
0.9000 1.0000 4.5863 0.0533
#PMF from MBAR in kcal/mol
0.0000 0.0000 0.0000
0.1000 3.0242 0.0483
0.2000 7.6243 0.0711
0.3000 12.6343 0.0867
0.4000 17.7621 0.0988
0.5000 22.8545 0.1098
0.6000 28.2602 0.1175
0.7000 34.0316 0.1241
0.8000 39.7387 0.1314
0.9000 45.1914 0.1397
1.0000 49.7777 0.1528
#TI average gradients and standard deviation in kcal/mol
0.0000 12.9610 16.1512
0.1000 43.0124 14.6501
0.2000 49.7069 13.4313
0.3000 51.9802 12.6712
0.4000 51.6516 13.7099
0.5000 51.2186 13.5417
0.6000 57.8055 10.1613
0.7000 57.9487 11.3011
0.8000 55.9542 11.7517
0.9000 51.9067 14.2188
1.0000 38.9864 18.7340
#PMF from TI in kcal/mol
0.0000 0.0000
0.1000 2.7987
0.2000 7.4346
0.3000 12.5190
0.4000 17.7006
0.5000 22.8441
0.6000 28.2953
0.7000 34.0830
0.8000 39.7782
0.9000 45.1712
1.0000 49.7159
#MBAR free energy difference in kcal/mol: 
49.777696, 0.152758 
#TI free energy difference in kcal/mol: 
49.715853  
Starting /export/users/common/BioSimSpace/sire.app/bin/analyse_freenrg: number of threads equals 32
