# Analysing data contained in file(s) ['lambda_0.0000/simfile.dat', 'lambda_0.1000/simfile.dat', 'lambda_0.2000/simfile.dat', 'lambda_0.3000/simfile.dat', 'lambda_0.4000/simfile.dat', 'lambda_0.5000/simfile.dat', 'lambda_0.6000/simfile.dat', 'lambda_0.7000/simfile.dat', 'lambda_0.8000/simfile.dat', 'lambda_0.9000/simfile.dat', 'lambda_1.0000/simfile.dat']
#Overlap matrix
0.8139 0.1812 0.0049 0.0000 0.0000 0.0000 0.0000 0.0000 0.0000 0.0000 0.0000
0.1812 0.6240 0.1903 0.0046 0.0000 0.0000 0.0000 0.0000 0.0000 0.0000 0.0000
0.0049 0.1903 0.6084 0.1893 0.0071 0.0000 0.0000 0.0000 0.0000 0.0000 0.0000
0.0000 0.0046 0.1893 0.5993 0.1993 0.0074 0.0000 0.0000 0.0000 0.0000 0.0000
0.0000 0.0000 0.0071 0.1993 0.5858 0.1983 0.0094 0.0001 0.0000 0.0000 0.0000
0.0000 0.0000 0.0000 0.0074 0.1983 0.5759 0.2088 0.0094 0.0001 0.0000 0.0000
0.0000 0.0000 0.0000 0.0000 0.0094 0.2088 0.5705 0.2034 0.0079 0.0000 0.0000
0.0000 0.0000 0.0000 0.0000 0.0001 0.0094 0.2034 0.5948 0.1872 0.0051 0.0000
0.0000 0.0000 0.0000 0.0000 0.0000 0.0001 0.0079 0.1872 0.6260 0.1760 0.0029
0.0000 0.0000 0.0000 0.0000 0.0000 0.0000 0.0000 0.0051 0.1760 0.6817 0.1372
0.0000 0.0000 0.0000 0.0000 0.0000 0.0000 0.0000 0.0000 0.0029 0.1372 0.8599
#DG from neighbouring lambda in kcal/mol
0.0000 0.1000 0.8546 0.0454
0.1000 0.2000 0.8721 0.0429
0.2000 0.3000 0.7127 0.0426
0.3000 0.4000 0.6982 0.0405
0.4000 0.5000 0.6050 0.0403
0.5000 0.6000 0.5755 0.0383
0.6000 0.7000 0.5859 0.0394
0.7000 0.8000 0.7226 0.0428
0.8000 0.9000 1.1559 0.0458
0.9000 1.0000 2.3246 0.0560
#PMF from MBAR in kcal/mol
0.0000 0.0000 0.0000
0.1000 0.8546 0.0454
0.2000 1.7268 0.0704
0.3000 2.4394 0.0886
0.4000 3.1376 0.1025
0.5000 3.7427 0.1147
0.6000 4.3181 0.1250
0.7000 4.9040 0.1348
0.8000 5.6266 0.1449
0.9000 6.7825 0.1554
1.0000 9.1071 0.1684
#TI average gradients and standard deviation in kcal/mol
0.0000 3.8701 14.3653
0.1000 8.4906 14.3329
0.2000 7.5050 13.2961
0.3000 6.6595 12.7611
0.4000 7.2319 13.2072
0.5000 5.4707 12.5776
0.6000 6.3248 12.7871
0.7000 6.7120 12.8215
0.8000 8.7860 13.4912
0.9000 16.6994 15.6008
1.0000 32.2190 18.8604
#PMF from TI in kcal/mol
0.0000 0.0000
0.1000 0.6180
0.2000 1.4178
0.3000 2.1260
0.4000 2.8206
0.5000 3.4557
0.6000 4.0455
0.7000 4.6973
0.8000 5.4722
0.9000 6.7465
1.0000 9.1924
#MBAR free energy difference in kcal/mol: 
9.107102, 0.168418 
#TI free energy difference in kcal/mol: 
9.192430  
Starting /export/users/common/BioSimSpace/sire.app/bin/analyse_freenrg: number of threads equals 32
