# Analysing data contained in file(s) ['lambda_0.0000/simfile.dat', 'lambda_0.1000/simfile.dat', 'lambda_0.2000/simfile.dat', 'lambda_0.3000/simfile.dat', 'lambda_0.4000/simfile.dat', 'lambda_0.5000/simfile.dat', 'lambda_0.6000/simfile.dat', 'lambda_0.7000/simfile.dat', 'lambda_0.8000/simfile.dat', 'lambda_0.9000/simfile.dat', 'lambda_1.0000/simfile.dat']
#Overlap matrix
0.9864 0.0136 0.0000 0.0000 0.0000 0.0000 0.0000 0.0000 0.0000 0.0000 0.0000
0.0136 0.9798 0.0067 0.0000 0.0000 0.0000 0.0000 0.0000 0.0000 0.0000 0.0000
0.0000 0.0067 0.9902 0.0031 0.0000 0.0000 0.0000 0.0000 0.0000 0.0000 0.0000
0.0000 0.0000 0.0031 0.9969 0.0000 0.0000 0.0000 0.0000 0.0000 0.0000 0.0000
0.0000 0.0000 0.0000 0.0000 0.9431 0.0551 0.0016 0.0002 0.0000 0.0000 0.0000
0.0000 0.0000 0.0000 0.0000 0.0551 0.8073 0.1249 0.0122 0.0004 0.0000 0.0000
0.0000 0.0000 0.0000 0.0000 0.0016 0.1249 0.6524 0.2101 0.0110 0.0000 0.0000
0.0000 0.0000 0.0000 0.0000 0.0002 0.0122 0.2101 0.5907 0.1845 0.0023 0.0000
0.0000 0.0000 0.0000 0.0000 0.0000 0.0004 0.0110 0.1845 0.6740 0.1297 0.0004
0.0000 0.0000 0.0000 0.0000 0.0000 0.0000 0.0000 0.0023 0.1297 0.7413 0.1267
0.0000 0.0000 0.0000 0.0000 0.0000 0.0000 0.0000 0.0000 0.0004 0.1267 0.8729
#DG from neighbouring lambda in kcal/mol
0.0000 0.1000 -4.0891 0.1996
0.1000 0.2000 -3.2164 0.2865
0.2000 0.3000 -3.6114 0.4215
0.3000 0.4000 -14.1483 0.3655
0.4000 0.5000 3.2826 0.0930
0.5000 0.6000 10.5352 0.0538
0.6000 0.7000 9.9995 0.0358
0.7000 0.8000 7.2499 0.0412
0.8000 0.9000 3.3364 0.0555
0.9000 1.0000 -0.7027 0.0571
#PMF from MBAR in kcal/mol
0.0000 0.0000 0.0000
0.1000 -4.0891 0.1996
0.2000 -7.3055 0.3508
0.3000 -10.9169 0.5494
0.4000 -25.0652 0.2543
0.5000 -21.7826 0.2406
0.6000 -11.2474 0.2374
0.7000 -1.2480 0.2367
0.8000 6.0019 0.2373
0.9000 9.3383 0.2410
1.0000 8.6356 0.2473
#TI average gradients and standard deviation in kcal/mol
0.0000 -61.2090 26.5440
0.1000 -30.3497 32.4878
0.2000 -40.3465 35.8067
0.3000 -43.4537 37.8068
0.4000 -66.4411 32.4982
0.5000 94.0285 16.9522
0.6000 105.0878 15.3398
0.7000 89.5328 13.2286
0.8000 54.5590 14.8324
0.9000 10.2463 17.1393
1.0000 -12.1336 17.0348
#PMF from TI in kcal/mol
0.0000 0.0000
0.1000 -4.5779
0.2000 -8.1127
0.3000 -12.3028
0.4000 -17.7975
0.5000 -16.4181
0.6000 -6.4623
0.7000 3.2687
0.8000 10.4733
0.9000 13.7136
1.0000 13.6192
#MBAR free energy difference in kcal/mol: 
8.635585, 0.247338 
#TI free energy difference in kcal/mol: 
13.619204  
Starting /export/users/common/BioSimSpace/sire.app/bin/analyse_freenrg: number of threads equals 32
