# Analysing data contained in file(s) ['lambda_0.0000/simfile.dat', 'lambda_0.1000/simfile.dat', 'lambda_0.2000/simfile.dat', 'lambda_0.3000/simfile.dat', 'lambda_0.4000/simfile.dat', 'lambda_0.5000/simfile.dat', 'lambda_0.6000/simfile.dat', 'lambda_0.7000/simfile.dat', 'lambda_0.8000/simfile.dat', 'lambda_0.9000/simfile.dat', 'lambda_1.0000/simfile.dat']
#Overlap matrix
0.9902 0.0098 0.0000 0.0000 0.0000 0.0000 0.0000 0.0000 0.0000 0.0000 0.0000
0.0098 0.9563 0.0339 0.0000 0.0000 0.0000 0.0000 0.0000 0.0000 0.0000 0.0000
0.0000 0.0339 0.9292 0.0369 0.0000 0.0000 0.0000 0.0000 0.0000 0.0000 0.0000
0.0000 0.0000 0.0369 0.9247 0.0384 0.0000 0.0000 0.0000 0.0000 0.0000 0.0000
0.0000 0.0000 0.0000 0.0384 0.9270 0.0345 0.0000 0.0000 0.0000 0.0000 0.0000
0.0000 0.0000 0.0000 0.0000 0.0345 0.9488 0.0154 0.0008 0.0005 0.0000 0.0000
0.0000 0.0000 0.0000 0.0000 0.0000 0.0154 0.7926 0.1810 0.0109 0.0001 0.0000
0.0000 0.0000 0.0000 0.0000 0.0000 0.0008 0.1810 0.6409 0.1715 0.0057 0.0000
0.0000 0.0000 0.0000 0.0000 0.0000 0.0005 0.0109 0.1715 0.6131 0.1938 0.0103
0.0000 0.0000 0.0000 0.0000 0.0000 0.0000 0.0001 0.0057 0.1938 0.5702 0.2301
0.0000 0.0000 0.0000 0.0000 0.0000 0.0000 0.0000 0.0000 0.0103 0.2301 0.7595
#DG from neighbouring lambda in kcal/mol
0.0000 0.1000 -7.9666 0.2458
0.1000 0.2000 -1.6135 0.1289
0.2000 0.3000 -0.3210 0.1231
0.3000 0.4000 -0.2464 0.1205
0.4000 0.5000 -0.8067 0.1276
0.5000 0.6000 -2.0560 0.1872
0.6000 0.7000 2.1292 0.0439
0.7000 0.8000 3.6843 0.0448
0.8000 0.9000 2.2484 0.0410
0.9000 1.0000 1.1820 0.0362
#PMF from MBAR in kcal/mol
0.0000 0.0000 0.0000
0.1000 -7.9666 0.2458
0.2000 -9.5801 0.2798
0.3000 -9.9012 0.3076
0.4000 -10.1476 0.3322
0.5000 -10.9543 0.3575
0.6000 -13.0103 0.4051
0.7000 -10.8811 0.4084
0.8000 -7.1968 0.4116
0.9000 -4.9484 0.4149
1.0000 -3.7664 0.4176
#TI average gradients and standard deviation in kcal/mol
0.0000 -153.0767 32.0870
0.1000 -31.2396 26.5560
0.2000 -6.0641 24.7945
0.3000 -0.6753 22.9945
0.4000 -4.7082 24.2294
0.5000 -11.3583 26.7764
0.6000 -9.3474 22.5712
0.7000 40.3124 13.1996
0.8000 29.6535 14.5614
0.9000 15.6026 12.5502
1.0000 40.4808 11.9665
#PMF from TI in kcal/mol
0.0000 0.0000
0.1000 -9.2158
0.2000 -11.0810
0.3000 -11.4180
0.4000 -11.6871
0.5000 -12.4905
0.6000 -13.5258
0.7000 -11.9775
0.8000 -8.4792
0.9000 -6.2164
1.0000 -3.4122
#MBAR free energy difference in kcal/mol: 
-3.766406, 0.417643 
#TI free energy difference in kcal/mol: 
-3.412227  
Starting /export/users/common/BioSimSpace/sire.app/bin/analyse_freenrg: number of threads equals 32
