# Analysing data contained in file(s) ['lambda_0.0000/simfile.dat', 'lambda_0.1000/simfile.dat', 'lambda_0.2000/simfile.dat', 'lambda_0.3000/simfile.dat', 'lambda_0.4000/simfile.dat', 'lambda_0.5000/simfile.dat', 'lambda_0.6000/simfile.dat', 'lambda_0.7000/simfile.dat', 'lambda_0.8000/simfile.dat', 'lambda_0.9000/simfile.dat', 'lambda_1.0000/simfile.dat']
#Overlap matrix
0.9886 0.0114 0.0000 0.0000 0.0000 0.0000 0.0000 0.0000 0.0000 0.0000 0.0000
0.0114 0.9483 0.0402 0.0000 0.0000 0.0000 0.0000 0.0000 0.0000 0.0000 0.0000
0.0000 0.0402 0.8936 0.0661 0.0001 0.0000 0.0000 0.0000 0.0000 0.0000 0.0000
0.0000 0.0000 0.0661 0.8601 0.0736 0.0001 0.0000 0.0000 0.0000 0.0000 0.0000
0.0000 0.0000 0.0001 0.0736 0.8365 0.0896 0.0003 0.0000 0.0000 0.0000 0.0000
0.0000 0.0000 0.0000 0.0001 0.0896 0.7914 0.1183 0.0007 0.0000 0.0000 0.0000
0.0000 0.0000 0.0000 0.0000 0.0003 0.1183 0.7608 0.1202 0.0004 0.0000 0.0000
0.0000 0.0000 0.0000 0.0000 0.0000 0.0007 0.1202 0.7544 0.1242 0.0005 0.0000
0.0000 0.0000 0.0000 0.0000 0.0000 0.0000 0.0004 0.1242 0.7572 0.1178 0.0004
0.0000 0.0000 0.0000 0.0000 0.0000 0.0000 0.0000 0.0005 0.1178 0.7539 0.1279
0.0000 0.0000 0.0000 0.0000 0.0000 0.0000 0.0000 0.0000 0.0004 0.1279 0.8717
#DG from neighbouring lambda in kcal/mol
0.0000 0.1000 -5.5102 0.2274
0.1000 0.2000 -1.8422 0.1175
0.2000 0.3000 -1.5301 0.0890
0.3000 0.4000 -2.7798 0.0836
0.4000 0.5000 -4.3683 0.0742
0.5000 0.6000 -5.6098 0.0621
0.6000 0.7000 -6.7067 0.0614
0.7000 0.8000 -8.2485 0.0602
0.8000 0.9000 -9.8558 0.0623
0.9000 1.0000 -11.1711 0.0592
#PMF from MBAR in kcal/mol
0.0000 0.0000 0.0000
0.1000 -5.5102 0.2274
0.2000 -7.3523 0.2583
0.3000 -8.8824 0.2754
0.4000 -11.6623 0.2898
0.5000 -16.0306 0.3012
0.6000 -21.6405 0.3094
0.7000 -28.3472 0.3173
0.8000 -36.5957 0.3247
0.9000 -46.4516 0.3324
1.0000 -57.6227 0.3394
#TI average gradients and standard deviation in kcal/mol
0.0000 -102.6050 34.5482
0.1000 -28.4212 26.9972
0.2000 -13.8669 22.1246
0.3000 -19.6907 20.2907
0.4000 -34.7470 19.4695
0.5000 -48.9634 18.8256
0.6000 -61.6942 17.6585
0.7000 -74.6989 16.9440
0.8000 -90.5751 17.0174
0.9000 -107.2768 17.0932
1.0000 -100.1926 17.3285
#PMF from TI in kcal/mol
0.0000 0.0000
0.1000 -6.5513
0.2000 -8.6657
0.3000 -10.3436
0.4000 -13.0655
0.5000 -17.2510
0.6000 -22.7839
0.7000 -29.6035
0.8000 -37.8672
0.9000 -47.7598
1.0000 -58.1333
#MBAR free energy difference in kcal/mol: 
-57.622675, 0.339401 
#TI free energy difference in kcal/mol: 
-58.133309  
Starting /export/users/common/BioSimSpace/sire.app/bin/analyse_freenrg: number of threads equals 32
