# Analysing data contained in file(s) ['lambda_0.0000/simfile.dat', 'lambda_0.1000/simfile.dat', 'lambda_0.2000/simfile.dat', 'lambda_0.3000/simfile.dat', 'lambda_0.4000/simfile.dat', 'lambda_0.5000/simfile.dat', 'lambda_0.6000/simfile.dat', 'lambda_0.7000/simfile.dat', 'lambda_0.8000/simfile.dat', 'lambda_0.9000/simfile.dat', 'lambda_1.0000/simfile.dat']
#Overlap matrix
0.8423 0.1533 0.0043 0.0000 0.0000 0.0000 0.0000 0.0000 0.0000 0.0000 0.0000
0.1533 0.6434 0.1980 0.0052 0.0000 0.0000 0.0000 0.0000 0.0000 0.0000 0.0000
0.0043 0.1980 0.6189 0.1727 0.0060 0.0001 0.0000 0.0000 0.0000 0.0000 0.0000
0.0000 0.0052 0.1727 0.5948 0.2135 0.0135 0.0003 0.0000 0.0000 0.0000 0.0000
0.0000 0.0000 0.0060 0.2135 0.5821 0.1874 0.0108 0.0002 0.0000 0.0000 0.0000
0.0000 0.0000 0.0001 0.0135 0.1874 0.6160 0.1745 0.0083 0.0001 0.0000 0.0000
0.0000 0.0000 0.0000 0.0003 0.0108 0.1745 0.6344 0.1723 0.0076 0.0001 0.0000
0.0000 0.0000 0.0000 0.0000 0.0002 0.0083 0.1723 0.6324 0.1791 0.0076 0.0001
0.0000 0.0000 0.0000 0.0000 0.0000 0.0001 0.0076 0.1791 0.6393 0.1699 0.0040
0.0000 0.0000 0.0000 0.0000 0.0000 0.0000 0.0001 0.0076 0.1699 0.6860 0.1364
0.0000 0.0000 0.0000 0.0000 0.0000 0.0000 0.0000 0.0001 0.0040 0.1364 0.8596
#DG from neighbouring lambda in kcal/mol
0.0000 0.1000 8.1591 0.0548
0.1000 0.2000 6.8165 0.0442
0.2000 0.3000 5.1079 0.0488
0.3000 0.4000 3.5093 0.0399
0.4000 0.5000 2.9724 0.0436
0.5000 0.6000 2.5501 0.0469
0.6000 0.7000 2.0770 0.0479
0.7000 0.8000 1.7587 0.0467
0.8000 0.9000 2.0609 0.0493
0.9000 1.0000 3.4383 0.0595
#PMF from MBAR in kcal/mol
0.0000 0.0000 0.0000
0.1000 8.1591 0.0548
0.2000 14.9756 0.0785
0.3000 20.0835 0.0987
0.4000 23.5928 0.1119
0.5000 26.5651 0.1242
0.6000 29.1153 0.1365
0.7000 31.1923 0.1483
0.8000 32.9510 0.1590
0.9000 35.0119 0.1697
1.0000 38.4502 0.1830
#TI average gradients and standard deviation in kcal/mol
0.0000 84.4959 16.6250
0.1000 74.0530 14.6037
0.2000 60.5479 14.2355
0.3000 42.3198 12.9981
0.4000 33.5102 12.0293
0.5000 28.4026 13.9731
0.6000 22.6119 17.1298
0.7000 18.2413 14.8075
0.8000 17.0487 13.7591
0.9000 23.2946 15.2782
1.0000 47.1051 18.3621
#PMF from TI in kcal/mol
0.0000 0.0000
0.1000 7.9274
0.2000 14.6575
0.3000 19.8009
0.4000 23.5924
0.5000 26.6880
0.6000 29.2387
0.7000 31.2814
0.8000 33.0459
0.9000 35.0631
1.0000 38.5830
#MBAR free energy difference in kcal/mol: 
38.450173, 0.183022 
#TI free energy difference in kcal/mol: 
38.583040  
Starting /export/users/common/BioSimSpace/sire.app/bin/analyse_freenrg: number of threads equals 32
