# Analysing data contained in file(s) ['lambda_0.0000/simfile.dat', 'lambda_0.1000/simfile.dat', 'lambda_0.2000/simfile.dat', 'lambda_0.3000/simfile.dat', 'lambda_0.4000/simfile.dat', 'lambda_0.5000/simfile.dat', 'lambda_0.6000/simfile.dat', 'lambda_0.7000/simfile.dat', 'lambda_0.8000/simfile.dat', 'lambda_0.9000/simfile.dat', 'lambda_1.0000/simfile.dat']
#Overlap matrix
0.9078 0.0918 0.0005 0.0000 0.0000 0.0000 0.0000 0.0000 0.0000 0.0000 0.0000
0.0918 0.7964 0.1104 0.0015 0.0000 0.0000 0.0000 0.0000 0.0000 0.0000 0.0000
0.0005 0.1104 0.7711 0.1167 0.0013 0.0000 0.0000 0.0000 0.0000 0.0000 0.0000
0.0000 0.0015 0.1167 0.7494 0.1309 0.0015 0.0000 0.0000 0.0000 0.0000 0.0000
0.0000 0.0000 0.0013 0.1309 0.7598 0.1076 0.0004 0.0000 0.0000 0.0000 0.0000
0.0000 0.0000 0.0000 0.0015 0.1076 0.8297 0.0595 0.0017 0.0000 0.0000 0.0000
0.0000 0.0000 0.0000 0.0000 0.0004 0.0595 0.7980 0.1403 0.0018 0.0000 0.0000
0.0000 0.0000 0.0000 0.0000 0.0000 0.0017 0.1403 0.7510 0.1068 0.0002 0.0000
0.0000 0.0000 0.0000 0.0000 0.0000 0.0000 0.0018 0.1068 0.7791 0.1114 0.0009
0.0000 0.0000 0.0000 0.0000 0.0000 0.0000 0.0000 0.0002 0.1114 0.7670 0.1213
0.0000 0.0000 0.0000 0.0000 0.0000 0.0000 0.0000 0.0000 0.0009 0.1213 0.8778
#DG from neighbouring lambda in kcal/mol
0.0000 0.1000 -6.2379 0.0715
0.1000 0.2000 -2.0824 0.0632
0.2000 0.3000 -1.3143 0.0607
0.3000 0.4000 -1.8182 0.0563
0.4000 0.5000 -2.4572 0.0643
0.5000 0.6000 -3.7155 0.0908
0.6000 0.7000 -3.2906 0.0536
0.7000 0.8000 -3.7082 0.0645
0.8000 0.9000 -6.2714 0.0631
0.9000 1.0000 -7.5610 0.0598
#PMF from MBAR in kcal/mol
0.0000 0.0000 0.0000
0.1000 -6.2379 0.0715
0.2000 -8.3203 0.1011
0.3000 -9.6346 0.1222
0.4000 -11.4528 0.1385
0.5000 -13.9100 0.1560
0.6000 -17.6255 0.1835
0.7000 -20.9162 0.1936
0.8000 -24.6243 0.2066
0.9000 -30.8958 0.2186
1.0000 -38.4568 0.2290
#TI average gradients and standard deviation in kcal/mol
0.0000 -116.7445 19.7656
0.1000 -30.1373 18.6362
0.2000 -15.5407 18.7818
0.3000 -16.2407 17.5504
0.4000 -20.4801 16.7460
0.5000 -27.5288 18.3812
0.6000 -41.4147 19.0258
0.7000 -28.6289 14.7869
0.8000 -50.8007 17.8155
0.9000 -71.9283 15.9739
1.0000 -67.2880 17.9901
#PMF from TI in kcal/mol
0.0000 0.0000
0.1000 -7.3441
0.2000 -9.6280
0.3000 -11.2171
0.4000 -13.0531
0.5000 -15.4535
0.6000 -18.9007
0.7000 -22.4029
0.8000 -26.3744
0.9000 -32.5108
1.0000 -39.4716
#MBAR free energy difference in kcal/mol: 
-38.456812, 0.229047 
#TI free energy difference in kcal/mol: 
-39.471641  
Starting /export/users/common/BioSimSpace/sire.app/bin/analyse_freenrg: number of threads equals 32
