# Analysing data contained in file(s) ['lambda_0.0000/simfile.dat', 'lambda_0.1000/simfile.dat', 'lambda_0.2000/simfile.dat', 'lambda_0.3000/simfile.dat', 'lambda_0.4000/simfile.dat', 'lambda_0.5000/simfile.dat', 'lambda_0.6000/simfile.dat', 'lambda_0.7000/simfile.dat', 'lambda_0.8000/simfile.dat', 'lambda_0.9000/simfile.dat', 'lambda_1.0000/simfile.dat']
#Overlap matrix
0.9459 0.0540 0.0000 0.0000 0.0000 0.0000 0.0000 0.0000 0.0000 0.0000 0.0000
0.0540 0.8494 0.0966 0.0001 0.0000 0.0000 0.0000 0.0000 0.0000 0.0000 0.0000
0.0000 0.0966 0.8061 0.0969 0.0004 0.0000 0.0000 0.0000 0.0000 0.0000 0.0000
0.0000 0.0001 0.0969 0.8451 0.0578 0.0001 0.0000 0.0000 0.0000 0.0000 0.0000
0.0000 0.0000 0.0004 0.0578 0.8519 0.0896 0.0003 0.0000 0.0000 0.0000 0.0000
0.0000 0.0000 0.0000 0.0001 0.0896 0.8435 0.0667 0.0001 0.0000 0.0000 0.0000
0.0000 0.0000 0.0000 0.0000 0.0003 0.0667 0.8873 0.0456 0.0000 0.0000 0.0000
0.0000 0.0000 0.0000 0.0000 0.0000 0.0001 0.0456 0.8965 0.0577 0.0001 0.0000
0.0000 0.0000 0.0000 0.0000 0.0000 0.0000 0.0000 0.0577 0.8792 0.0631 0.0000
0.0000 0.0000 0.0000 0.0000 0.0000 0.0000 0.0000 0.0001 0.0631 0.8890 0.0479
0.0000 0.0000 0.0000 0.0000 0.0000 0.0000 0.0000 0.0000 0.0000 0.0479 0.9521
#DG from neighbouring lambda in kcal/mol
0.0000 0.1000 13.6618 0.1014
0.1000 0.2000 10.2784 0.0722
0.2000 0.3000 7.5617 0.0718
0.3000 0.4000 7.3975 0.0972
0.4000 0.5000 5.8120 0.0754
0.5000 0.6000 5.6077 0.0897
0.6000 0.7000 5.6562 0.1113
0.7000 0.8000 4.8060 0.0976
0.8000 0.9000 4.8303 0.0929
0.9000 1.0000 5.4906 0.1085
#PMF from MBAR in kcal/mol
0.0000 0.0000 0.0000
0.1000 13.6618 0.1014
0.2000 23.9402 0.1294
0.3000 31.5019 0.1521
0.4000 38.8994 0.1837
0.5000 44.7114 0.2016
0.6000 50.3190 0.2233
0.7000 55.9752 0.2519
0.8000 60.7812 0.2725
0.9000 65.6115 0.2900
1.0000 71.1021 0.3116
#TI average gradients and standard deviation in kcal/mol
0.0000 151.9728 24.8283
0.1000 117.8464 21.4814
0.2000 85.5847 19.2756
0.3000 75.0926 16.3611
0.4000 66.6097 25.3776
0.5000 52.3813 19.5696
0.6000 58.5888 22.4101
0.7000 55.4078 23.2812
0.8000 48.6460 22.4932
0.9000 47.7905 22.8406
1.0000 66.3339 21.1602
#PMF from TI in kcal/mol
0.0000 0.0000
0.1000 13.4910
0.2000 23.6625
0.3000 31.6964
0.4000 38.7815
0.5000 44.7310
0.6000 50.2795
0.7000 55.9794
0.8000 61.1821
0.9000 66.0039
1.0000 71.7101
#MBAR free energy difference in kcal/mol: 
71.102139, 0.311596 
#TI free energy difference in kcal/mol: 
71.710112  
Starting /export/users/common/BioSimSpace/sire.app/bin/analyse_freenrg: number of threads equals 32
