# Analysing data contained in file(s) ['lambda_0.0000/simfile.dat', 'lambda_0.1000/simfile.dat', 'lambda_0.2000/simfile.dat', 'lambda_0.3000/simfile.dat', 'lambda_0.4000/simfile.dat', 'lambda_0.5000/simfile.dat', 'lambda_0.6000/simfile.dat', 'lambda_0.7000/simfile.dat', 'lambda_0.8000/simfile.dat', 'lambda_0.9000/simfile.dat', 'lambda_1.0000/simfile.dat']
#Overlap matrix
0.8014 0.1977 0.0008 0.0000 0.0000 0.0000 0.0000 0.0000 0.0000 0.0000 0.0000
0.1977 0.6828 0.1170 0.0025 0.0000 0.0000 0.0000 0.0000 0.0000 0.0000 0.0000
0.0008 0.1170 0.6691 0.2031 0.0096 0.0002 0.0000 0.0000 0.0000 0.0000 0.0000
0.0000 0.0025 0.2031 0.6179 0.1740 0.0025 0.0000 0.0000 0.0000 0.0000 0.0000
0.0000 0.0000 0.0096 0.1740 0.7410 0.0752 0.0000 0.0000 0.0000 0.0000 0.0000
0.0000 0.0000 0.0002 0.0025 0.0752 0.9001 0.0219 0.0000 0.0000 0.0000 0.0000
0.0000 0.0000 0.0000 0.0000 0.0000 0.0219 0.9781 0.0000 0.0000 0.0000 0.0000
0.0000 0.0000 0.0000 0.0000 0.0000 0.0000 0.0000 0.9998 0.0002 0.0000 0.0000
0.0000 0.0000 0.0000 0.0000 0.0000 0.0000 0.0000 0.0002 0.9981 0.0017 0.0000
0.0000 0.0000 0.0000 0.0000 0.0000 0.0000 0.0000 0.0000 0.0017 0.9962 0.0021
0.0000 0.0000 0.0000 0.0000 0.0000 0.0000 0.0000 0.0000 0.0000 0.0021 0.9979
#DG from neighbouring lambda in kcal/mol
0.0000 0.1000 1.4016 0.0426
0.1000 0.2000 -2.2147 0.0614
0.2000 0.3000 -6.2704 0.0398
0.3000 0.4000 -8.7630 0.0450
0.4000 0.5000 -9.1325 0.0805
0.5000 0.6000 -2.8599 0.1615
0.6000 0.7000 18.4002 1.4013
0.7000 0.8000 4.5127 1.8045
0.8000 0.9000 2.9397 0.5944
0.9000 1.0000 9.6191 0.5346
#PMF from MBAR in kcal/mol
0.0000 0.0000 0.0000
0.1000 1.4016 0.0426
0.2000 -0.8131 0.0821
0.3000 -7.0834 0.0970
0.4000 -15.8465 0.1111
0.5000 -24.9789 0.1406
0.6000 -27.8388 0.2169
0.7000 -9.4386 1.3947
0.8000 -4.9259 0.5625
0.9000 -1.9862 0.5625
1.0000 7.6329 0.6782
#TI average gradients and standard deviation in kcal/mol
0.0000 -13.6529 13.4493
0.1000 1.5831 15.5215
0.2000 -44.8184 14.7349
0.3000 -77.6942 12.9407
0.4000 -93.2069 17.4911
0.5000 -80.2529 24.2480
0.6000 62.2874 33.7227
0.7000 38.8914 41.6786
0.8000 27.6310 38.1524
0.9000 35.8057 35.3504
1.0000 209.2340 38.7898
#PMF from TI in kcal/mol
0.0000 0.0000
0.1000 -0.6035
0.2000 -2.7653
0.3000 -8.8909
0.4000 -17.4359
0.5000 -26.1089
0.6000 -27.0072
0.7000 -21.9483
0.8000 -18.6221
0.9000 -15.4503
1.0000 -3.1983
#MBAR free energy difference in kcal/mol: 
7.632897, 0.678180 
#TI free energy difference in kcal/mol: 
-3.198310  
Starting /export/users/common/BioSimSpace/sire.app/bin/analyse_freenrg: number of threads equals 32
