# Analysing data contained in file(s) ['lambda_0.0000/simfile.dat', 'lambda_0.1000/simfile.dat', 'lambda_0.2000/simfile.dat', 'lambda_0.3000/simfile.dat', 'lambda_0.4000/simfile.dat', 'lambda_0.5000/simfile.dat', 'lambda_0.6000/simfile.dat', 'lambda_0.7000/simfile.dat', 'lambda_0.8000/simfile.dat', 'lambda_0.9000/simfile.dat', 'lambda_1.0000/simfile.dat']
#Overlap matrix
0.8798 0.1196 0.0005 0.0000 0.0000 0.0000 0.0000 0.0000 0.0000 0.0000 0.0000
0.1196 0.7456 0.1337 0.0011 0.0000 0.0000 0.0000 0.0000 0.0000 0.0000 0.0000
0.0005 0.1337 0.7223 0.1427 0.0008 0.0000 0.0000 0.0000 0.0000 0.0000 0.0000
0.0000 0.0011 0.1427 0.7183 0.1372 0.0007 0.0000 0.0000 0.0000 0.0000 0.0000
0.0000 0.0000 0.0008 0.1372 0.7174 0.1434 0.0011 0.0000 0.0000 0.0000 0.0000
0.0000 0.0000 0.0000 0.0007 0.1434 0.7092 0.1457 0.0009 0.0000 0.0000 0.0000
0.0000 0.0000 0.0000 0.0000 0.0011 0.1457 0.7062 0.1459 0.0010 0.0000 0.0000
0.0000 0.0000 0.0000 0.0000 0.0000 0.0009 0.1459 0.7072 0.1446 0.0014 0.0000
0.0000 0.0000 0.0000 0.0000 0.0000 0.0000 0.0010 0.1446 0.6945 0.1588 0.0011
0.0000 0.0000 0.0000 0.0000 0.0000 0.0000 0.0000 0.0014 0.1588 0.6935 0.1462
0.0000 0.0000 0.0000 0.0000 0.0000 0.0000 0.0000 0.0000 0.0011 0.1462 0.8527
#DG from neighbouring lambda in kcal/mol
0.0000 0.1000 -4.3462 0.0612
0.1000 0.2000 -6.0747 0.0566
0.2000 0.3000 -7.9422 0.0540
0.3000 0.4000 -10.2298 0.0556
0.4000 0.5000 -12.6790 0.0538
0.5000 0.6000 -14.9087 0.0532
0.6000 0.7000 -17.2390 0.0532
0.7000 0.8000 -19.4822 0.0534
0.8000 0.9000 -21.5077 0.0499
0.9000 1.0000 -23.6795 0.0533
#PMF from MBAR in kcal/mol
0.0000 0.0000 0.0000
0.1000 -4.3462 0.0612
0.2000 -10.4209 0.0900
0.3000 -18.3631 0.1102
0.4000 -28.5929 0.1279
0.5000 -41.2720 0.1429
0.6000 -56.1807 0.1561
0.7000 -73.4197 0.1683
0.8000 -92.9019 0.1798
0.9000 -114.4097 0.1895
1.0000 -138.0891 0.1997
#TI average gradients and standard deviation in kcal/mol
0.0000 -36.1060 17.3891
0.1000 -51.2053 16.2292
0.2000 -68.4054 15.4453
0.3000 -89.9839 15.2624
0.4000 -113.4469 15.8043
0.5000 -136.7720 15.3473
0.6000 -161.3316 14.7773
0.7000 -185.1208 15.1480
0.8000 -204.8591 15.5480
0.9000 -225.6985 14.9434
1.0000 -247.6611 15.6867
#PMF from TI in kcal/mol
0.0000 0.0000
0.1000 -4.3656
0.2000 -10.3461
0.3000 -18.2656
0.4000 -28.4371
0.5000 -40.9481
0.6000 -55.8532
0.7000 -73.1759
0.8000 -92.6749
0.9000 -114.2027
1.0000 -137.8707
#MBAR free energy difference in kcal/mol: 
-138.089133, 0.199749 
#TI free energy difference in kcal/mol: 
-137.870721  
Starting /export/users/common/BioSimSpace/sire.app/bin/analyse_freenrg: number of threads equals 32
