# Analysing data contained in file(s) ['lambda_0.0000/simfile.dat', 'lambda_0.1000/simfile.dat', 'lambda_0.2000/simfile.dat', 'lambda_0.3000/simfile.dat', 'lambda_0.4000/simfile.dat', 'lambda_0.5000/simfile.dat', 'lambda_0.6000/simfile.dat', 'lambda_0.7000/simfile.dat', 'lambda_0.8000/simfile.dat', 'lambda_0.9000/simfile.dat', 'lambda_1.0000/simfile.dat']
#Overlap matrix
0.8274 0.1708 0.0018 0.0000 0.0000 0.0000 0.0000 0.0000 0.0000 0.0000 0.0000
0.1708 0.6654 0.1621 0.0017 0.0000 0.0000 0.0000 0.0000 0.0000 0.0000 0.0000
0.0018 0.1621 0.6819 0.1522 0.0019 0.0000 0.0000 0.0000 0.0000 0.0000 0.0000
0.0000 0.0017 0.1522 0.6894 0.1552 0.0015 0.0000 0.0000 0.0000 0.0000 0.0000
0.0000 0.0000 0.0019 0.1552 0.6817 0.1582 0.0029 0.0000 0.0000 0.0000 0.0000
0.0000 0.0000 0.0000 0.0015 0.1582 0.6586 0.1786 0.0030 0.0000 0.0000 0.0000
0.0000 0.0000 0.0000 0.0000 0.0029 0.1786 0.6437 0.1715 0.0033 0.0000 0.0000
0.0000 0.0000 0.0000 0.0000 0.0000 0.0030 0.1715 0.6380 0.1822 0.0052 0.0000
0.0000 0.0000 0.0000 0.0000 0.0000 0.0000 0.0033 0.1822 0.6246 0.1842 0.0057
0.0000 0.0000 0.0000 0.0000 0.0000 0.0000 0.0000 0.0052 0.1842 0.6282 0.1824
0.0000 0.0000 0.0000 0.0000 0.0000 0.0000 0.0000 0.0000 0.0057 0.1824 0.8119
#DG from neighbouring lambda in kcal/mol
0.0000 0.1000 5.2428 0.0467
0.1000 0.2000 4.6031 0.0482
0.2000 0.3000 3.7527 0.0504
0.3000 0.4000 2.8294 0.0497
0.4000 0.5000 1.6703 0.0488
0.5000 0.6000 0.8287 0.0443
0.6000 0.7000 -0.0897 0.0456
0.7000 0.8000 -0.9958 0.0432
0.8000 0.9000 -1.4943 0.0424
0.9000 1.0000 -1.5094 0.0437
#PMF from MBAR in kcal/mol
0.0000 0.0000 0.0000
0.1000 5.2428 0.0467
0.2000 9.8459 0.0746
0.3000 13.5986 0.0958
0.4000 16.4280 0.1127
0.5000 18.0983 0.1272
0.6000 18.9271 0.1385
0.7000 18.8373 0.1493
0.8000 17.8415 0.1588
0.9000 16.3472 0.1673
1.0000 14.8378 0.1757
#TI average gradients and standard deviation in kcal/mol
0.0000 52.8220 14.6010
0.1000 49.6948 15.9862
0.2000 42.1486 15.0854
0.3000 32.3966 14.0877
0.4000 22.3075 14.7567
0.5000 12.0138 14.1829
0.6000 3.3058 14.5145
0.7000 -5.7275 14.7354
0.8000 -13.4698 13.1536
0.9000 -16.0086 13.4073
1.0000 -13.0332 15.1614
#PMF from TI in kcal/mol
0.0000 0.0000
0.1000 5.1258
0.2000 9.7180
0.3000 13.4453
0.4000 16.1805
0.5000 17.8965
0.6000 18.6625
0.7000 18.5414
0.8000 17.5816
0.9000 16.1076
1.0000 14.6556
#MBAR free energy difference in kcal/mol: 
14.837834, 0.175704 
#TI free energy difference in kcal/mol: 
14.655558  
Starting /export/users/common/BioSimSpace/sire.app/bin/analyse_freenrg: number of threads equals 32
