# Analysing data contained in file(s) ['lambda_0.0000/simfile.dat', 'lambda_0.1000/simfile.dat', 'lambda_0.2000/simfile.dat', 'lambda_0.3000/simfile.dat', 'lambda_0.4000/simfile.dat', 'lambda_0.5000/simfile.dat', 'lambda_0.6000/simfile.dat', 'lambda_0.7000/simfile.dat', 'lambda_0.8000/simfile.dat', 'lambda_0.9000/simfile.dat', 'lambda_1.0000/simfile.dat']
#Overlap matrix
0.9972 0.0028 0.0000 0.0000 0.0000 0.0000 0.0000 0.0000 0.0000 0.0000 0.0000
0.0028 0.9935 0.0037 0.0000 0.0000 0.0000 0.0000 0.0000 0.0000 0.0000 0.0000
0.0000 0.0037 0.9948 0.0015 0.0000 0.0000 0.0000 0.0000 0.0000 0.0000 0.0000
0.0000 0.0000 0.0015 0.9985 0.0000 0.0000 0.0000 0.0000 0.0000 0.0000 0.0000
0.0000 0.0000 0.0000 0.0000 0.9773 0.0227 0.0000 0.0000 0.0000 0.0000 0.0000
0.0000 0.0000 0.0000 0.0000 0.0227 0.9190 0.0583 0.0000 0.0000 0.0000 0.0000
0.0000 0.0000 0.0000 0.0000 0.0000 0.0583 0.8510 0.0906 0.0001 0.0000 0.0000
0.0000 0.0000 0.0000 0.0000 0.0000 0.0000 0.0906 0.8265 0.0829 0.0000 0.0000
0.0000 0.0000 0.0000 0.0000 0.0000 0.0000 0.0001 0.0829 0.8651 0.0520 0.0000
0.0000 0.0000 0.0000 0.0000 0.0000 0.0000 0.0000 0.0000 0.0520 0.8341 0.1139
0.0000 0.0000 0.0000 0.0000 0.0000 0.0000 0.0000 0.0000 0.0000 0.1139 0.8861
#DG from neighbouring lambda in kcal/mol
0.0000 0.1000 -1.3115 0.4954
0.1000 0.2000 1.5831 0.4321
0.2000 0.3000 0.3217 0.6808
0.3000 0.4000 -14.7122 0.5972
0.4000 0.5000 7.2349 0.1710
0.5000 0.6000 13.5909 0.1025
0.6000 0.7000 11.8294 0.0792
0.7000 0.8000 8.8881 0.0835
0.8000 0.9000 4.7543 0.1094
0.9000 1.0000 1.3418 0.0686
#PMF from MBAR in kcal/mol
0.0000 0.0000 0.0000
0.1000 -1.3115 0.4954
0.2000 0.2716 0.6584
0.3000 0.5933 0.9479
0.4000 -14.1189 0.4976
0.5000 -6.8841 0.4751
0.6000 6.7068 0.4697
0.7000 18.5362 0.4686
0.8000 27.4244 0.4698
0.9000 32.1786 0.4759
1.0000 33.5205 0.4804
#TI average gradients and standard deviation in kcal/mol
0.0000 -52.0302 38.3198
0.1000 8.4324 36.9578
0.2000 -0.1475 42.3824
0.3000 0.3933 41.5917
0.4000 -26.4557 37.1764
0.5000 129.5432 23.0049
0.6000 130.6383 20.9556
0.7000 104.4496 18.8382
0.8000 71.7097 19.5245
0.9000 23.5154 20.9170
1.0000 23.2965 16.8099
#PMF from TI in kcal/mol
0.0000 0.0000
0.1000 -2.1799
0.2000 -1.7656
0.3000 -1.7534
0.4000 -3.0565
0.5000 2.0979
0.6000 15.1070
0.7000 26.8614
0.8000 35.6693
0.9000 40.4306
1.0000 42.7712
#MBAR free energy difference in kcal/mol: 
33.520469, 0.480421 
#TI free energy difference in kcal/mol: 
42.771183  
Starting /export/users/common/BioSimSpace/sire.app/bin/analyse_freenrg: number of threads equals 32
