# Analysing data contained in file(s) ['lambda_0.0000/simfile.dat', 'lambda_0.1000/simfile.dat', 'lambda_0.2000/simfile.dat', 'lambda_0.3000/simfile.dat', 'lambda_0.4000/simfile.dat', 'lambda_0.5000/simfile.dat', 'lambda_0.6000/simfile.dat', 'lambda_0.7000/simfile.dat', 'lambda_0.8000/simfile.dat', 'lambda_0.9000/simfile.dat', 'lambda_1.0000/simfile.dat']
#Overlap matrix
0.8969 0.1015 0.0015 0.0000 0.0000 0.0000 0.0000 0.0000 0.0000 0.0000 0.0000
0.1015 0.7552 0.1397 0.0036 0.0001 0.0000 0.0000 0.0000 0.0000 0.0000 0.0000
0.0015 0.1397 0.7040 0.1483 0.0065 0.0001 0.0000 0.0000 0.0000 0.0000 0.0000
0.0000 0.0036 0.1483 0.6767 0.1651 0.0064 0.0000 0.0000 0.0000 0.0000 0.0000
0.0000 0.0001 0.0065 0.1651 0.6629 0.1624 0.0028 0.0003 0.0000 0.0000 0.0000
0.0000 0.0000 0.0001 0.0064 0.1624 0.7369 0.0778 0.0133 0.0029 0.0001 0.0000
0.0000 0.0000 0.0000 0.0000 0.0028 0.0778 0.6622 0.2291 0.0268 0.0012 0.0000
0.0000 0.0000 0.0000 0.0000 0.0003 0.0133 0.2291 0.5191 0.2122 0.0249 0.0011
0.0000 0.0000 0.0000 0.0000 0.0000 0.0029 0.0268 0.2122 0.4884 0.2316 0.0380
0.0000 0.0000 0.0000 0.0000 0.0000 0.0001 0.0012 0.0249 0.2316 0.4541 0.2881
0.0000 0.0000 0.0000 0.0000 0.0000 0.0000 0.0000 0.0011 0.0380 0.2881 0.6728
#DG from neighbouring lambda in kcal/mol
0.0000 0.1000 -2.7653 0.0713
0.1000 0.2000 -1.0138 0.0569
0.2000 0.3000 -0.4531 0.0534
0.3000 0.4000 -0.1373 0.0490
0.4000 0.5000 -0.2508 0.0502
0.5000 0.6000 -0.9819 0.0744
0.6000 0.7000 0.3111 0.0339
0.7000 0.8000 0.8428 0.0345
0.8000 0.9000 0.2228 0.0310
0.9000 1.0000 -0.1779 0.0270
#PMF from MBAR in kcal/mol
0.0000 0.0000 0.0000
0.1000 -2.7653 0.0713
0.2000 -3.7791 0.0975
0.3000 -4.2322 0.1161
0.4000 -4.3695 0.1300
0.5000 -4.6203 0.1431
0.6000 -5.6022 0.1646
0.7000 -5.2911 0.1695
0.8000 -4.4483 0.1750
0.9000 -4.2255 0.1802
1.0000 -4.4034 0.1844
#TI average gradients and standard deviation in kcal/mol
0.0000 -43.8479 19.7023
0.1000 -15.3861 16.8958
0.2000 -5.1209 15.4908
0.3000 -2.3770 14.1846
0.4000 -3.0824 15.7816
0.5000 -3.5609 16.2208
0.6000 -8.9493 14.6271
0.7000 9.9745 11.3447
0.8000 4.4965 10.8557
0.9000 -1.5008 9.0380
1.0000 4.3104 9.7938
#PMF from TI in kcal/mol
0.0000 0.0000
0.1000 -2.9617
0.2000 -3.9870
0.3000 -4.3619
0.4000 -4.6349
0.5000 -4.9671
0.6000 -5.5926
0.7000 -5.5413
0.8000 -4.8178
0.9000 -4.6680
1.0000 -4.5275
#MBAR free energy difference in kcal/mol: 
-4.403443, 0.184417 
#TI free energy difference in kcal/mol: 
-4.527499  
Starting /export/users/common/BioSimSpace/sire.app/bin/analyse_freenrg: number of threads equals 32
