# Analysing data contained in file(s) ['lambda_0.0000/simfile.dat', 'lambda_0.1000/simfile.dat', 'lambda_0.2000/simfile.dat', 'lambda_0.3000/simfile.dat', 'lambda_0.4000/simfile.dat', 'lambda_0.5000/simfile.dat', 'lambda_0.6000/simfile.dat', 'lambda_0.7000/simfile.dat', 'lambda_0.8000/simfile.dat', 'lambda_0.9000/simfile.dat', 'lambda_1.0000/simfile.dat']
#Overlap matrix
0.9228 0.0771 0.0001 0.0000 0.0000 0.0000 0.0000 0.0000 0.0000 0.0000 0.0000
0.0771 0.8130 0.1094 0.0006 0.0000 0.0000 0.0000 0.0000 0.0000 0.0000 0.0000
0.0001 0.1094 0.7606 0.1290 0.0009 0.0000 0.0000 0.0000 0.0000 0.0000 0.0000
0.0000 0.0006 0.1290 0.7369 0.1327 0.0008 0.0000 0.0000 0.0000 0.0000 0.0000
0.0000 0.0000 0.0009 0.1327 0.7320 0.1336 0.0008 0.0000 0.0000 0.0000 0.0000
0.0000 0.0000 0.0000 0.0008 0.1336 0.7266 0.1380 0.0010 0.0000 0.0000 0.0000
0.0000 0.0000 0.0000 0.0000 0.0008 0.1380 0.7212 0.1395 0.0004 0.0000 0.0000
0.0000 0.0000 0.0000 0.0000 0.0000 0.0010 0.1395 0.7394 0.1200 0.0002 0.0000
0.0000 0.0000 0.0000 0.0000 0.0000 0.0000 0.0004 0.1200 0.7729 0.1066 0.0000
0.0000 0.0000 0.0000 0.0000 0.0000 0.0000 0.0000 0.0002 0.1066 0.8918 0.0013
0.0000 0.0000 0.0000 0.0000 0.0000 0.0000 0.0000 0.0000 0.0000 0.0013 0.9987
#DG from neighbouring lambda in kcal/mol
0.0000 0.1000 -3.0251 0.0763
0.1000 0.2000 -0.6769 0.0613
0.2000 0.3000 0.7278 0.0549
0.3000 0.4000 1.5707 0.0538
0.4000 0.5000 1.9864 0.0535
0.5000 0.6000 2.3295 0.0523
0.6000 0.7000 2.6932 0.0520
0.7000 0.8000 2.6872 0.0578
0.8000 0.9000 2.7120 0.0625
0.9000 1.0000 -1.3020 0.6277
#PMF from MBAR in kcal/mol
0.0000 0.0000 0.0000
0.1000 -3.0251 0.0763
0.2000 -3.7020 0.1031
0.3000 -2.9742 0.1211
0.4000 -1.4035 0.1362
0.5000 0.5829 0.1498
0.6000 2.9124 0.1618
0.7000 5.6056 0.1729
0.8000 8.2928 0.1852
0.9000 11.0048 0.1981
1.0000 9.7028 0.6590
#TI average gradients and standard deviation in kcal/mol
0.0000 -47.6905 22.7824
0.1000 -18.1397 18.6919
0.2000 1.7525 16.9869
0.3000 14.2115 15.5571
0.4000 17.6655 14.5995
0.5000 21.7700 16.5402
0.6000 24.7213 15.8798
0.7000 26.3728 17.8150
0.8000 26.5677 16.0401
0.9000 26.2138 19.1471
1.0000 -833.9523 475.8703
#PMF from TI in kcal/mol
0.0000 0.0000
0.1000 -3.2915
0.2000 -4.1109
0.3000 -3.3127
0.4000 -1.7188
0.5000 0.2530
0.6000 2.5775
0.7000 5.1322
0.8000 7.7792
0.9000 10.4183
1.0000 -29.9686
#MBAR free energy difference in kcal/mol: 
9.702829, 0.658974 
#TI free energy difference in kcal/mol: 
-29.968599  
Starting /export/users/common/BioSimSpace/sire.app/bin/analyse_freenrg: number of threads equals 32
