# Analysing data contained in file(s) ['lambda_0.0000/simfile.dat', 'lambda_0.1000/simfile.dat', 'lambda_0.2000/simfile.dat', 'lambda_0.3000/simfile.dat', 'lambda_0.4000/simfile.dat', 'lambda_0.5000/simfile.dat', 'lambda_0.6000/simfile.dat', 'lambda_0.7000/simfile.dat', 'lambda_0.8000/simfile.dat', 'lambda_0.9000/simfile.dat', 'lambda_1.0000/simfile.dat']
#Overlap matrix
0.8177 0.1713 0.0102 0.0007 0.0001 0.0000 0.0000 0.0000 0.0000 0.0000 0.0000
0.1713 0.6179 0.1876 0.0212 0.0019 0.0002 0.0000 0.0000 0.0000 0.0000 0.0000
0.0102 0.1876 0.5491 0.2208 0.0288 0.0031 0.0004 0.0000 0.0000 0.0000 0.0000
0.0007 0.0212 0.2208 0.5149 0.1995 0.0345 0.0070 0.0012 0.0001 0.0000 0.0000
0.0001 0.0019 0.0288 0.1995 0.4698 0.2197 0.0635 0.0146 0.0020 0.0002 0.0000
0.0000 0.0002 0.0031 0.0345 0.2197 0.4080 0.2372 0.0791 0.0161 0.0020 0.0002
0.0000 0.0000 0.0004 0.0070 0.0635 0.2372 0.3540 0.2336 0.0838 0.0181 0.0025
0.0000 0.0000 0.0000 0.0012 0.0146 0.0791 0.2336 0.3263 0.2303 0.0923 0.0227
0.0000 0.0000 0.0000 0.0001 0.0020 0.0161 0.0838 0.2303 0.3176 0.2407 0.1094
0.0000 0.0000 0.0000 0.0000 0.0002 0.0020 0.0181 0.0923 0.2407 0.3443 0.3025
0.0000 0.0000 0.0000 0.0000 0.0000 0.0002 0.0025 0.0227 0.1094 0.3025 0.5628
#DG from neighbouring lambda in kcal/mol
0.0000 0.1000 -1.1234 0.0431
0.1000 0.2000 -0.4462 0.0369
0.2000 0.3000 -0.0404 0.0300
0.3000 0.4000 0.0052 0.0305
0.4000 0.5000 0.0260 0.0244
0.5000 0.6000 0.2422 0.0190
0.6000 0.7000 0.2305 0.0172
0.7000 0.8000 0.0230 0.0163
0.8000 0.9000 -0.1776 0.0153
0.9000 1.0000 -0.3139 0.0163
#PMF from MBAR in kcal/mol
0.0000 0.0000 0.0000
0.1000 -1.1234 0.0431
0.2000 -1.5696 0.0632
0.3000 -1.6101 0.0744
0.4000 -1.6049 0.0840
0.5000 -1.5789 0.0905
0.6000 -1.3366 0.0946
0.7000 -1.1061 0.0982
0.8000 -1.0832 0.1016
0.9000 -1.2608 0.1047
1.0000 -1.5747 0.1078
#TI average gradients and standard deviation in kcal/mol
0.0000 -16.8846 14.6867
0.1000 -7.5553 13.3786
0.2000 -1.7641 12.7597
0.3000 0.3032 10.9079
0.4000 0.2619 10.9674
0.5000 1.2262 8.8557
0.6000 3.2527 6.9898
0.7000 0.9512 6.6411
0.8000 -1.1320 6.9762
0.9000 -2.3863 6.5617
1.0000 -0.3084 6.4733
#PMF from TI in kcal/mol
0.0000 0.0000
0.1000 -1.2220
0.2000 -1.6880
0.3000 -1.7610
0.4000 -1.7328
0.5000 -1.6584
0.6000 -1.4344
0.7000 -1.2242
0.8000 -1.2333
0.9000 -1.4092
1.0000 -1.5439
#MBAR free energy difference in kcal/mol: 
-1.574691, 0.107758 
#TI free energy difference in kcal/mol: 
-1.543907  
Starting /export/users/common/BioSimSpace/sire.app/bin/analyse_freenrg: number of threads equals 32
