# Analysing data contained in file(s) ['lambda_0.0000/simfile.dat', 'lambda_0.1000/simfile.dat', 'lambda_0.2000/simfile.dat', 'lambda_0.3000/simfile.dat', 'lambda_0.4000/simfile.dat', 'lambda_0.5000/simfile.dat', 'lambda_0.6000/simfile.dat', 'lambda_0.7000/simfile.dat', 'lambda_0.8000/simfile.dat', 'lambda_0.9000/simfile.dat', 'lambda_1.0000/simfile.dat']
#Overlap matrix
0.9350 0.0650 0.0000 0.0000 0.0000 0.0000 0.0000 0.0000 0.0000 0.0000 0.0000
0.0650 0.8630 0.0720 0.0000 0.0000 0.0000 0.0000 0.0000 0.0000 0.0000 0.0000
0.0000 0.0720 0.8508 0.0772 0.0000 0.0000 0.0000 0.0000 0.0000 0.0000 0.0000
0.0000 0.0000 0.0772 0.8639 0.0589 0.0000 0.0000 0.0000 0.0000 0.0000 0.0000
0.0000 0.0000 0.0000 0.0589 0.8902 0.0508 0.0000 0.0000 0.0000 0.0000 0.0000
0.0000 0.0000 0.0000 0.0000 0.0508 0.8898 0.0594 0.0000 0.0000 0.0000 0.0000
0.0000 0.0000 0.0000 0.0000 0.0000 0.0594 0.9187 0.0219 0.0000 0.0000 0.0000
0.0000 0.0000 0.0000 0.0000 0.0000 0.0000 0.0219 0.9691 0.0089 0.0000 0.0000
0.0000 0.0000 0.0000 0.0000 0.0000 0.0000 0.0000 0.0089 0.9851 0.0060 0.0000
0.0000 0.0000 0.0000 0.0000 0.0000 0.0000 0.0000 0.0000 0.0060 0.9905 0.0035
0.0000 0.0000 0.0000 0.0000 0.0000 0.0000 0.0000 0.0000 0.0000 0.0035 0.9965
#DG from neighbouring lambda in kcal/mol
0.0000 0.1000 0.6798 0.0924
0.1000 0.2000 0.9937 0.0871
0.2000 0.3000 1.2996 0.0836
0.3000 0.4000 1.6127 0.0977
0.4000 0.5000 1.3982 0.1062
0.5000 0.6000 3.1775 0.0973
0.6000 0.7000 7.1532 0.1667
0.7000 0.8000 11.1097 0.2648
0.8000 0.9000 13.5958 0.3250
0.9000 1.0000 18.1340 0.4227
#PMF from MBAR in kcal/mol
0.0000 0.0000 0.0000
0.1000 0.6798 0.0924
0.2000 1.6735 0.1319
0.3000 2.9731 0.1602
0.4000 4.5858 0.1910
0.5000 5.9840 0.2214
0.6000 9.1615 0.2445
0.7000 16.3147 0.2980
0.8000 27.4244 0.4003
0.9000 41.0202 0.5168
1.0000 59.1542 0.6686
#TI average gradients and standard deviation in kcal/mol
0.0000 -10.0346 20.7667
0.1000 6.8346 20.9647
0.2000 10.4637 19.7992
0.3000 14.6107 20.8632
0.4000 16.6958 22.6457
0.5000 16.8632 21.5925
0.6000 49.0754 24.8034
0.7000 91.6201 30.2273
0.8000 122.6788 32.8623
0.9000 154.0506 35.2013
1.0000 202.4075 36.3200
#PMF from TI in kcal/mol
0.0000 0.0000
0.1000 -0.1600
0.2000 0.7049
0.3000 1.9586
0.4000 3.5240
0.5000 5.2019
0.6000 8.4988
0.7000 15.5336
0.8000 26.2486
0.9000 40.0850
1.0000 57.9079
#MBAR free energy difference in kcal/mol: 
59.154233, 0.668625 
#TI free energy difference in kcal/mol: 
57.907943  
Starting /export/users/common/BioSimSpace/sire.app/bin/analyse_freenrg: number of threads equals 32
