# Analysing data contained in file(s) ['lambda_0.0000/simfile.dat', 'lambda_0.1000/simfile.dat', 'lambda_0.2000/simfile.dat', 'lambda_0.3000/simfile.dat', 'lambda_0.4000/simfile.dat', 'lambda_0.5000/simfile.dat', 'lambda_0.6000/simfile.dat', 'lambda_0.7000/simfile.dat', 'lambda_0.8000/simfile.dat', 'lambda_0.9000/simfile.dat', 'lambda_1.0000/simfile.dat']
#Overlap matrix
0.8388 0.1548 0.0063 0.0001 0.0000 0.0000 0.0000 0.0000 0.0000 0.0000 0.0000
0.1548 0.6333 0.1982 0.0135 0.0002 0.0000 0.0000 0.0000 0.0000 0.0000 0.0000
0.0063 0.1982 0.5746 0.2066 0.0140 0.0003 0.0000 0.0000 0.0000 0.0000 0.0000
0.0001 0.0135 0.2066 0.5454 0.2142 0.0196 0.0006 0.0000 0.0000 0.0000 0.0000
0.0000 0.0002 0.0140 0.2142 0.5262 0.2193 0.0252 0.0008 0.0000 0.0000 0.0000
0.0000 0.0000 0.0003 0.0196 0.2193 0.5022 0.2324 0.0255 0.0007 0.0000 0.0000
0.0000 0.0000 0.0000 0.0006 0.0252 0.2324 0.4905 0.2257 0.0250 0.0006 0.0000
0.0000 0.0000 0.0000 0.0000 0.0008 0.0255 0.2257 0.4895 0.2342 0.0241 0.0002
0.0000 0.0000 0.0000 0.0000 0.0000 0.0007 0.0250 0.2342 0.5067 0.2247 0.0088
0.0000 0.0000 0.0000 0.0000 0.0000 0.0000 0.0006 0.0241 0.2247 0.5861 0.1645
0.0000 0.0000 0.0000 0.0000 0.0000 0.0000 0.0000 0.0002 0.0088 0.1645 0.8265
#DG from neighbouring lambda in kcal/mol
0.0000 0.1000 3.1789 0.0500
0.1000 0.2000 4.1193 0.0393
0.2000 0.3000 4.4532 0.0369
0.3000 0.4000 4.2975 0.0350
0.4000 0.5000 4.1490 0.0329
0.5000 0.6000 4.1073 0.0306
0.6000 0.7000 3.9977 0.0314
0.7000 0.8000 3.8046 0.0306
0.8000 0.9000 3.7375 0.0337
0.9000 1.0000 3.3317 0.0474
#PMF from MBAR in kcal/mol
0.0000 0.0000 0.0000
0.1000 3.1789 0.0500
0.2000 7.2983 0.0709
0.3000 11.7514 0.0852
0.4000 16.0489 0.0969
0.5000 20.1978 0.1063
0.6000 24.3051 0.1141
0.7000 28.3028 0.1217
0.8000 32.1074 0.1287
0.9000 35.8449 0.1360
1.0000 39.1766 0.1473
#TI average gradients and standard deviation in kcal/mol
0.0000 22.6910 16.4876
0.1000 38.2433 14.0771
0.2000 43.1434 12.3676
0.3000 43.6438 12.0434
0.4000 42.7541 11.7206
0.5000 41.2636 11.1077
0.6000 40.6691 10.5017
0.7000 39.2196 10.4438
0.8000 37.9358 10.5528
0.9000 36.0980 12.5342
1.0000 29.8329 17.9529
#PMF from TI in kcal/mol
0.0000 0.0000
0.1000 3.0467
0.2000 7.1161
0.3000 11.4554
0.4000 15.7753
0.5000 19.9762
0.6000 24.0728
0.7000 28.0673
0.8000 31.9250
0.9000 35.6267
1.0000 38.9233
#MBAR free energy difference in kcal/mol: 
39.176636, 0.147305 
#TI free energy difference in kcal/mol: 
38.923278  
Starting /export/users/common/BioSimSpace/sire.app/bin/analyse_freenrg: number of threads equals 32
