# Analysing data contained in file(s) ['lambda_0.0000/simfile.dat', 'lambda_0.1000/simfile.dat', 'lambda_0.2000/simfile.dat', 'lambda_0.3000/simfile.dat', 'lambda_0.4000/simfile.dat', 'lambda_0.5000/simfile.dat', 'lambda_0.6000/simfile.dat', 'lambda_0.7000/simfile.dat', 'lambda_0.8000/simfile.dat', 'lambda_0.9000/simfile.dat', 'lambda_1.0000/simfile.dat']
#Overlap matrix
0.7294 0.2462 0.0240 0.0004 0.0000 0.0000 0.0000 0.0000 0.0000 0.0000 0.0000
0.2462 0.5065 0.2304 0.0167 0.0002 0.0000 0.0000 0.0000 0.0000 0.0000 0.0000
0.0240 0.2304 0.5293 0.2030 0.0131 0.0003 0.0000 0.0000 0.0000 0.0000 0.0000
0.0004 0.0167 0.2030 0.5615 0.2081 0.0102 0.0001 0.0000 0.0000 0.0000 0.0000
0.0000 0.0002 0.0131 0.2081 0.6212 0.1533 0.0041 0.0000 0.0000 0.0000 0.0000
0.0000 0.0000 0.0003 0.0102 0.1533 0.7033 0.1303 0.0026 0.0000 0.0000 0.0000
0.0000 0.0000 0.0000 0.0001 0.0041 0.1303 0.7379 0.1260 0.0015 0.0000 0.0000
0.0000 0.0000 0.0000 0.0000 0.0000 0.0026 0.1260 0.7601 0.1103 0.0009 0.0000
0.0000 0.0000 0.0000 0.0000 0.0000 0.0000 0.0015 0.1103 0.7979 0.0901 0.0002
0.0000 0.0000 0.0000 0.0000 0.0000 0.0000 0.0000 0.0009 0.0901 0.8508 0.0582
0.0000 0.0000 0.0000 0.0000 0.0000 0.0000 0.0000 0.0000 0.0002 0.0582 0.9416
#DG from neighbouring lambda in kcal/mol
0.0000 0.1000 1.0242 0.0295
0.1000 0.2000 0.7780 0.0295
0.2000 0.3000 0.1926 0.0341
0.3000 0.4000 -0.1297 0.0343
0.4000 0.5000 -0.0276 0.0447
0.5000 0.6000 -0.2408 0.0516
0.6000 0.7000 -0.5670 0.0535
0.7000 0.8000 -0.8789 0.0588
0.8000 0.9000 -0.4009 0.0672
0.9000 1.0000 1.4276 0.0872
#PMF from MBAR in kcal/mol
0.0000 0.0000 0.0000
0.1000 1.0242 0.0295
0.2000 1.8022 0.0490
0.3000 1.9948 0.0657
0.4000 1.8651 0.0791
0.5000 1.8375 0.0948
0.6000 1.5967 0.1117
0.7000 1.0297 0.1272
0.8000 0.1507 0.1433
0.9000 -0.2502 0.1611
1.0000 1.1774 0.1859
#TI average gradients and standard deviation in kcal/mol
0.0000 -5.2137 11.8883
0.1000 11.0428 13.0388
0.2000 5.9908 11.0086
0.3000 -2.6834 11.8631
0.4000 -0.0231 13.5766
0.5000 -1.3185 18.1695
0.6000 -3.2912 15.8877
0.7000 -5.9198 20.0390
0.8000 -9.4189 17.5678
0.9000 -0.4052 20.9549
1.0000 36.3645 24.8119
#PMF from TI in kcal/mol
0.0000 0.0000
0.1000 0.2915
0.2000 1.1431
0.3000 1.3085
0.4000 1.1732
0.5000 1.1061
0.6000 0.8756
0.7000 0.4151
0.8000 -0.3519
0.9000 -0.8431
1.0000 0.9549
#MBAR free energy difference in kcal/mol: 
1.177432, 0.185859 
#TI free energy difference in kcal/mol: 
0.954911  
Starting /export/users/common/BioSimSpace/sire.app/bin/analyse_freenrg: number of threads equals 32
