# Analysing data contained in file(s) ['lambda_0.0000/simfile.dat', 'lambda_0.1000/simfile.dat', 'lambda_0.2000/simfile.dat', 'lambda_0.3000/simfile.dat', 'lambda_0.4000/simfile.dat', 'lambda_0.5000/simfile.dat', 'lambda_0.6000/simfile.dat', 'lambda_0.7000/simfile.dat', 'lambda_0.8000/simfile.dat', 'lambda_0.9000/simfile.dat', 'lambda_1.0000/simfile.dat']
#Overlap matrix
0.7671 0.2292 0.0037 0.0000 0.0000 0.0000 0.0000 0.0000 0.0000 0.0000 0.0000
0.2292 0.6082 0.1535 0.0088 0.0004 0.0000 0.0000 0.0000 0.0000 0.0000 0.0000
0.0037 0.1535 0.5739 0.2418 0.0264 0.0007 0.0000 0.0000 0.0000 0.0000 0.0000
0.0000 0.0088 0.2418 0.5512 0.1916 0.0066 0.0000 0.0000 0.0000 0.0000 0.0000
0.0000 0.0004 0.0264 0.1916 0.6659 0.1154 0.0003 0.0000 0.0000 0.0000 0.0000
0.0000 0.0000 0.0007 0.0066 0.1154 0.8567 0.0206 0.0000 0.0000 0.0000 0.0000
0.0000 0.0000 0.0000 0.0000 0.0003 0.0206 0.9791 0.0000 0.0000 0.0000 0.0000
0.0000 0.0000 0.0000 0.0000 0.0000 0.0000 0.0000 1.0000 0.0000 0.0000 0.0000
0.0000 0.0000 0.0000 0.0000 0.0000 0.0000 0.0000 0.0000 0.9986 0.0014 0.0000
0.0000 0.0000 0.0000 0.0000 0.0000 0.0000 0.0000 0.0000 0.0014 0.9936 0.0050
0.0000 0.0000 0.0000 0.0000 0.0000 0.0000 0.0000 0.0000 0.0000 0.0050 0.9950
#DG from neighbouring lambda in kcal/mol
0.0000 0.1000 -0.9255 0.0363
0.1000 0.2000 -4.1221 0.0480
0.2000 0.3000 -7.6619 0.0307
0.3000 0.4000 -9.9448 0.0378
0.4000 0.5000 -10.3564 0.0594
0.5000 0.6000 -0.8747 0.1620
0.6000 0.7000 19.4520 1605.8365
0.7000 0.8000 12.3733 71.0805
0.8000 0.9000 6.8591 0.6354
0.9000 1.0000 7.6382 0.3378
#PMF from MBAR in kcal/mol
0.0000 0.0000 0.0000
0.1000 -0.9255 0.0363
0.2000 -5.0476 0.0683
0.3000 -12.7095 0.0808
0.4000 -22.6543 0.0928
0.5000 -33.0107 0.1139
0.6000 -33.8854 0.2005
0.7000 -14.4334 1605.8365
0.8000 -2.0601 1607.4089
0.9000 4.7990 1607.4090
1.0000 12.4372 1607.4090
#TI average gradients and standard deviation in kcal/mol
0.0000 -25.9608 12.7030
0.1000 -22.1054 14.4568
0.2000 -61.4539 12.5392
0.3000 -90.4593 11.2508
0.4000 -107.3304 15.9401
0.5000 -88.2989 18.5232
0.6000 100.9241 47.1033
0.7000 146.5439 56.2720
0.8000 68.5337 37.6974
0.9000 55.4824 34.3579
1.0000 115.5992 31.0670
#PMF from TI in kcal/mol
0.0000 0.0000
0.1000 -2.4033
0.2000 -6.5813
0.3000 -14.1769
0.4000 -24.0664
0.5000 -33.8479
0.6000 -33.2166
0.7000 -20.8432
0.8000 -10.0894
0.9000 -3.8886
1.0000 4.6655
#MBAR free energy difference in kcal/mol: 
12.437243, 1607.409044 
#TI free energy difference in kcal/mol: 
4.665524  
Starting /export/users/common/BioSimSpace/sire.app/bin/analyse_freenrg: number of threads equals 32
