# Analysing data contained in file(s) ['lambda_0.0000/simfile.dat', 'lambda_0.1000/simfile.dat', 'lambda_0.2000/simfile.dat', 'lambda_0.3000/simfile.dat', 'lambda_0.4000/simfile.dat', 'lambda_0.5000/simfile.dat', 'lambda_0.6000/simfile.dat', 'lambda_0.7000/simfile.dat', 'lambda_0.8000/simfile.dat', 'lambda_0.9000/simfile.dat', 'lambda_1.0000/simfile.dat']
#Overlap matrix
1.0000 0.0000 0.0000 0.0000 0.0000 0.0000 0.0000 0.0000 0.0000 0.0000 0.0000
0.0000 0.9845 0.0155 0.0000 0.0000 0.0000 0.0000 0.0000 0.0000 0.0000 0.0000
0.0000 0.0155 0.8896 0.0945 0.0005 0.0000 0.0000 0.0000 0.0000 0.0000 0.0000
0.0000 0.0000 0.0945 0.7650 0.1400 0.0006 0.0000 0.0000 0.0000 0.0000 0.0000
0.0000 0.0000 0.0005 0.1400 0.7342 0.1245 0.0009 0.0000 0.0000 0.0000 0.0000
0.0000 0.0000 0.0000 0.0006 0.1245 0.7109 0.1582 0.0058 0.0000 0.0000 0.0000
0.0000 0.0000 0.0000 0.0000 0.0009 0.1582 0.6157 0.2148 0.0104 0.0001 0.0000
0.0000 0.0000 0.0000 0.0000 0.0000 0.0058 0.2148 0.5623 0.2069 0.0102 0.0000
0.0000 0.0000 0.0000 0.0000 0.0000 0.0000 0.0104 0.2069 0.5753 0.2047 0.0026
0.0000 0.0000 0.0000 0.0000 0.0000 0.0000 0.0001 0.0102 0.2047 0.6612 0.1239
0.0000 0.0000 0.0000 0.0000 0.0000 0.0000 0.0000 0.0000 0.0026 0.1239 0.8735
#DG from neighbouring lambda in kcal/mol
0.0000 0.1000 35.9840 0.2136
0.1000 0.2000 4.6888 0.2062
0.2000 0.3000 0.9396 0.0762
0.3000 0.4000 -0.6772 0.0589
0.4000 0.5000 -3.0311 0.0636
0.5000 0.6000 -5.5208 0.0526
0.6000 0.7000 -6.9525 0.0399
0.7000 0.8000 -7.9814 0.0405
0.8000 0.9000 -8.9072 0.0421
0.9000 1.0000 -10.4440 0.0634
#PMF from MBAR in kcal/mol
0.0000 0.0000 0.0000
0.1000 35.9840 0.2136
0.2000 40.6728 0.1026
0.3000 41.6124 0.0791
0.4000 40.9352 0.0659
0.5000 37.9041 0.0573
0.6000 32.3833 0.0578
0.7000 25.4307 0.0625
0.8000 17.4493 0.0707
0.9000 8.5421 0.0819
1.0000 -1.9019 0.1045
#TI average gradients and standard deviation in kcal/mol
0.0000 8394.5020 786.2888
0.1000 54.2098 23.3616
0.2000 19.2736 14.4878
0.3000 7.9800 21.1642
0.4000 -16.5296 13.1271
0.5000 -39.3957 26.1272
0.6000 -62.6784 11.4792
0.7000 -72.0148 11.3302
0.8000 -89.0740 16.4500
0.9000 -91.0847 15.5359
1.0000 -118.7976 19.8214
#PMF from TI in kcal/mol
0.0000 0.0000
0.1000 422.4356
0.2000 426.1098
0.3000 427.4724
0.4000 427.0450
0.5000 424.2487
0.6000 419.1450
0.7000 412.4103
0.8000 404.3559
0.9000 395.3480
1.0000 384.8538
#MBAR free energy difference in kcal/mol: 
-1.901897, 0.104459 
#TI free energy difference in kcal/mol: 
384.853838  #WARNING SUBSAMPLING GRADIENTS RESULTED IN LESS THAN 50 SAMPLES, CONSIDER RERUN WITHOUT SUBSAMPLE OPTION 
Starting /export/users/common/BioSimSpace/sire.app/bin/analyse_freenrg: number of threads equals 32
