# Analysing data contained in file(s) ['lambda_0.0000/simfile.dat', 'lambda_0.1000/simfile.dat', 'lambda_0.2000/simfile.dat', 'lambda_0.3000/simfile.dat', 'lambda_0.4000/simfile.dat', 'lambda_0.5000/simfile.dat', 'lambda_0.6000/simfile.dat', 'lambda_0.7000/simfile.dat', 'lambda_0.8000/simfile.dat', 'lambda_0.9000/simfile.dat', 'lambda_1.0000/simfile.dat']
#Overlap matrix
0.9845 0.0155 0.0000 0.0000 0.0000 0.0000 0.0000 0.0000 0.0000 0.0000 0.0000
0.0155 0.9762 0.0083 0.0000 0.0000 0.0000 0.0000 0.0000 0.0000 0.0000 0.0000
0.0000 0.0083 0.9844 0.0072 0.0000 0.0000 0.0000 0.0000 0.0000 0.0000 0.0000
0.0000 0.0000 0.0072 0.9928 0.0000 0.0000 0.0000 0.0000 0.0000 0.0000 0.0000
0.0000 0.0000 0.0000 0.0000 0.9210 0.0788 0.0002 0.0000 0.0000 0.0000 0.0000
0.0000 0.0000 0.0000 0.0000 0.0788 0.8244 0.0968 0.0000 0.0000 0.0000 0.0000
0.0000 0.0000 0.0000 0.0000 0.0002 0.0968 0.8273 0.0756 0.0000 0.0000 0.0000
0.0000 0.0000 0.0000 0.0000 0.0000 0.0000 0.0756 0.8798 0.0445 0.0000 0.0000
0.0000 0.0000 0.0000 0.0000 0.0000 0.0000 0.0000 0.0445 0.9207 0.0348 0.0000
0.0000 0.0000 0.0000 0.0000 0.0000 0.0000 0.0000 0.0000 0.0348 0.9432 0.0220
0.0000 0.0000 0.0000 0.0000 0.0000 0.0000 0.0000 0.0000 0.0000 0.0220 0.9780
#DG from neighbouring lambda in kcal/mol
0.0000 0.1000 -3.2880 0.2062
0.1000 0.2000 -3.0049 0.2829
0.2000 0.3000 -3.0842 0.3039
0.3000 0.4000 -8.2324 96.0760
0.4000 0.5000 4.1610 0.0850
0.5000 0.6000 8.3998 0.0751
0.6000 0.7000 6.7243 0.0872
0.7000 0.8000 4.5348 0.1179
0.8000 0.9000 3.5489 0.1347
0.9000 1.0000 4.8700 0.1718
#PMF from MBAR in kcal/mol
0.0000 0.0000 0.0000
0.1000 -3.2880 0.2062
0.2000 -6.2929 0.3521
0.3000 -9.3771 0.4665
0.4000 -17.6095 96.0772
0.5000 -13.4485 96.0772
0.6000 -5.0486 96.0773
0.7000 1.6757 96.0773
0.8000 6.2105 96.0774
0.9000 9.7594 96.0775
1.0000 14.6294 96.0776
#TI average gradients and standard deviation in kcal/mol
0.0000 -37.2190 29.6170
0.1000 -34.1225 32.0886
0.2000 -35.9777 35.0375
0.3000 -21.7059 30.5444
0.4000 -25.7232 26.3014
0.5000 80.7260 19.1897
0.6000 78.8128 19.5871
0.7000 56.8506 21.1956
0.8000 32.9909 24.2119
0.9000 39.4765 23.5158
1.0000 -1673.8262 30319.9783
#PMF from TI in kcal/mol
0.0000 0.0000
0.1000 -3.5671
0.2000 -7.0721
0.3000 -9.9563
0.4000 -12.3277
0.5000 -9.5776
0.6000 -1.6006
0.7000 5.1825
0.8000 9.6746
0.9000 13.2980
1.0000 -68.4195
#MBAR free energy difference in kcal/mol: 
14.629416, 96.077646 
#TI free energy difference in kcal/mol: 
-68.419512  
Starting /export/users/common/BioSimSpace/sire.app/bin/analyse_freenrg: number of threads equals 32
