# Analysing data contained in file(s) ['lambda_0.0000/simfile.dat', 'lambda_0.1000/simfile.dat', 'lambda_0.2000/simfile.dat', 'lambda_0.3000/simfile.dat', 'lambda_0.4000/simfile.dat', 'lambda_0.5000/simfile.dat', 'lambda_0.6000/simfile.dat', 'lambda_0.7000/simfile.dat', 'lambda_0.8000/simfile.dat', 'lambda_0.9000/simfile.dat', 'lambda_1.0000/simfile.dat']
#Overlap matrix
0.9967 0.0033 0.0000 0.0000 0.0000 0.0000 0.0000 0.0000 0.0000 0.0000 0.0000
0.0033 0.9910 0.0057 0.0000 0.0000 0.0000 0.0000 0.0000 0.0000 0.0000 0.0000
0.0000 0.0057 0.9891 0.0052 0.0000 0.0000 0.0000 0.0000 0.0000 0.0000 0.0000
0.0000 0.0000 0.0052 0.9829 0.0119 0.0000 0.0000 0.0000 0.0000 0.0000 0.0000
0.0000 0.0000 0.0000 0.0119 0.9676 0.0205 0.0000 0.0000 0.0000 0.0000 0.0000
0.0000 0.0000 0.0000 0.0000 0.0205 0.9486 0.0309 0.0000 0.0000 0.0000 0.0000
0.0000 0.0000 0.0000 0.0000 0.0000 0.0309 0.9343 0.0348 0.0000 0.0000 0.0000
0.0000 0.0000 0.0000 0.0000 0.0000 0.0000 0.0348 0.9187 0.0465 0.0000 0.0000
0.0000 0.0000 0.0000 0.0000 0.0000 0.0000 0.0000 0.0465 0.8880 0.0654 0.0000
0.0000 0.0000 0.0000 0.0000 0.0000 0.0000 0.0000 0.0000 0.0654 0.8632 0.0714
0.0000 0.0000 0.0000 0.0000 0.0000 0.0000 0.0000 0.0000 0.0000 0.0714 0.9286
#DG from neighbouring lambda in kcal/mol
0.0000 0.1000 -7.7527 0.4665
0.1000 0.2000 -5.1538 0.3530
0.2000 0.3000 -4.3293 0.3714
0.3000 0.4000 -1.5679 0.2440
0.4000 0.5000 0.1961 0.1839
0.5000 0.6000 0.7796 0.1482
0.6000 0.7000 0.4613 0.1391
0.7000 0.8000 0.5938 0.1188
0.8000 0.9000 0.8432 0.0980
0.9000 1.0000 1.2209 0.0932
#PMF from MBAR in kcal/mol
0.0000 0.0000 0.0000
0.1000 -7.7527 0.4665
0.2000 -12.9065 0.5862
0.3000 -17.2358 0.6950
0.4000 -18.8037 0.7376
0.5000 -18.6077 0.7611
0.6000 -17.8281 0.7764
0.7000 -17.3668 0.7897
0.8000 -16.7730 0.7994
0.9000 -15.9298 0.8063
1.0000 -14.7089 0.8126
#TI average gradients and standard deviation in kcal/mol
0.0000 -95.8758 36.2124
0.1000 -59.2883 34.4431
0.2000 -43.6946 34.8591
0.3000 -34.5311 32.4244
0.4000 -7.6113 26.9934
0.5000 7.7709 25.2577
0.6000 6.5540 25.3946
0.7000 3.4095 22.5860
0.8000 6.5818 22.0255
0.9000 9.1811 21.0150
1.0000 27.7539 19.2211
#PMF from TI in kcal/mol
0.0000 0.0000
0.1000 -7.7582
0.2000 -12.9073
0.3000 -16.8186
0.4000 -18.9258
0.5000 -18.9178
0.6000 -18.2015
0.7000 -17.7033
0.8000 -17.2038
0.9000 -16.4156
1.0000 -14.5689
#MBAR free energy difference in kcal/mol: 
-14.708862, 0.812597 
#TI free energy difference in kcal/mol: 
-14.568885  
Starting /export/users/common/BioSimSpace/sire.app/bin/analyse_freenrg: number of threads equals 32
