# Analysing data contained in file(s) ['lambda_0.0000/simfile.dat', 'lambda_0.1000/simfile.dat', 'lambda_0.2000/simfile.dat', 'lambda_0.3000/simfile.dat', 'lambda_0.4000/simfile.dat', 'lambda_0.5000/simfile.dat', 'lambda_0.6000/simfile.dat', 'lambda_0.7000/simfile.dat', 'lambda_0.8000/simfile.dat', 'lambda_0.9000/simfile.dat', 'lambda_1.0000/simfile.dat']
#Overlap matrix
0.9939 0.0061 0.0000 0.0000 0.0000 0.0000 0.0000 0.0000 0.0000 0.0000 0.0000
0.0061 0.9908 0.0031 0.0000 0.0000 0.0000 0.0000 0.0000 0.0000 0.0000 0.0000
0.0000 0.0031 0.9968 0.0001 0.0000 0.0000 0.0000 0.0000 0.0000 0.0000 0.0000
0.0000 0.0000 0.0001 0.9999 0.0000 0.0000 0.0000 0.0000 0.0000 0.0000 0.0000
0.0000 0.0000 0.0000 0.0000 0.9562 0.0435 0.0003 0.0000 0.0000 0.0000 0.0000
0.0000 0.0000 0.0000 0.0000 0.0435 0.8408 0.1138 0.0019 0.0000 0.0000 0.0000
0.0000 0.0000 0.0000 0.0000 0.0003 0.1138 0.7393 0.1449 0.0017 0.0000 0.0000
0.0000 0.0000 0.0000 0.0000 0.0000 0.0019 0.1449 0.7065 0.1465 0.0003 0.0000
0.0000 0.0000 0.0000 0.0000 0.0000 0.0000 0.0017 0.1465 0.7763 0.0754 0.0001
0.0000 0.0000 0.0000 0.0000 0.0000 0.0000 0.0000 0.0003 0.0754 0.8284 0.0959
0.0000 0.0000 0.0000 0.0000 0.0000 0.0000 0.0000 0.0000 0.0001 0.0959 0.9040
#DG from neighbouring lambda in kcal/mol
0.0000 0.1000 -5.3809 0.3122
0.1000 0.2000 -4.7651 0.4391
0.2000 0.3000 -7.4991 2.3712
0.3000 0.4000 -15.1248 1916.4454
0.4000 0.5000 3.4467 0.1121
0.5000 0.6000 10.2220 0.0632
0.6000 0.7000 9.3610 0.0535
0.7000 0.8000 7.1033 0.0535
0.8000 0.9000 4.1572 0.0822
0.9000 1.0000 1.9327 0.0713
#PMF from MBAR in kcal/mol
0.0000 0.0000 0.0000
0.1000 -5.3809 0.3122
0.2000 -10.1460 0.5399
0.3000 -17.6451 2.4321
0.4000 -32.7699 1916.4469
0.5000 -29.3232 1916.4469
0.6000 -19.1012 1916.4469
0.7000 -9.7402 1916.4469
0.8000 -2.6369 1916.4469
0.9000 1.5203 1916.4469
1.0000 3.4530 1916.4469
#TI average gradients and standard deviation in kcal/mol
0.0000 -76.0447 33.4127
0.1000 -47.1253 34.3490
0.2000 -57.7072 39.9606
0.3000 -59.2790 39.5013
0.4000 -65.7036 34.6594
0.5000 92.9914 19.5456
0.6000 101.8844 15.8234
0.7000 82.0721 14.8829
0.8000 58.6737 17.4267
0.9000 25.5884 18.8958
1.0000 -76218.8609 1661113.4382
#PMF from TI in kcal/mol
0.0000 0.0000
0.1000 -6.1585
0.2000 -11.4001
0.3000 -17.2494
0.4000 -23.4986
0.5000 -22.1342
0.6000 -12.3904
0.7000 -3.1926
0.8000 3.8447
0.9000 8.0578
1.0000 -3801.6058
#MBAR free energy difference in kcal/mol: 
3.452982, 1916.446935 
#TI free energy difference in kcal/mol: 
-3801.605788  
Starting /export/users/common/BioSimSpace/sire.app/bin/analyse_freenrg: number of threads equals 32
