# Analysing data contained in file(s) ['lambda_0.0000/simfile.dat', 'lambda_0.1000/simfile.dat', 'lambda_0.2000/simfile.dat', 'lambda_0.3000/simfile.dat', 'lambda_0.4000/simfile.dat', 'lambda_0.5000/simfile.dat', 'lambda_0.6000/simfile.dat', 'lambda_0.7000/simfile.dat', 'lambda_0.8000/simfile.dat', 'lambda_0.9000/simfile.dat', 'lambda_1.0000/simfile.dat']
#Overlap matrix
1.0000 0.0000 0.0000 0.0000 0.0000 0.0000 0.0000 0.0000 0.0000 0.0000 0.0000
0.0000 0.9752 0.0248 0.0000 0.0000 0.0000 0.0000 0.0000 0.0000 0.0000 0.0000
0.0000 0.0248 0.9148 0.0604 0.0000 0.0000 0.0000 0.0000 0.0000 0.0000 0.0000
0.0000 0.0000 0.0604 0.8617 0.0778 0.0000 0.0000 0.0000 0.0000 0.0000 0.0000
0.0000 0.0000 0.0000 0.0778 0.8820 0.0401 0.0000 0.0000 0.0000 0.0000 0.0000
0.0000 0.0000 0.0000 0.0000 0.0401 0.8973 0.0626 0.0000 0.0000 0.0000 0.0000
0.0000 0.0000 0.0000 0.0000 0.0000 0.0626 0.8831 0.0543 0.0000 0.0000 0.0000
0.0000 0.0000 0.0000 0.0000 0.0000 0.0000 0.0543 0.8843 0.0613 0.0000 0.0000
0.0000 0.0000 0.0000 0.0000 0.0000 0.0000 0.0000 0.0613 0.8718 0.0669 0.0000
0.0000 0.0000 0.0000 0.0000 0.0000 0.0000 0.0000 0.0000 0.0669 0.8733 0.0598
0.0000 0.0000 0.0000 0.0000 0.0000 0.0000 0.0000 0.0000 0.0000 0.0598 0.9402
#DG from neighbouring lambda in kcal/mol
0.0000 0.1000 22.5123 0.2242
0.1000 0.2000 5.4256 0.1698
0.2000 0.3000 5.7102 0.1047
0.3000 0.4000 5.7820 0.0903
0.4000 0.5000 5.9987 0.1313
0.5000 0.6000 5.1372 0.1026
0.6000 0.7000 4.4928 0.1111
0.7000 0.8000 3.9820 0.1038
0.8000 0.9000 4.2610 0.0987
0.9000 1.0000 6.6431 0.1053
#PMF from MBAR in kcal/mol
0.0000 0.0000 0.0000
0.1000 22.5123 0.2242
0.2000 27.9379 0.1612
0.3000 33.6481 0.1360
0.4000 39.4301 0.1210
0.5000 45.4288 0.1044
0.6000 50.5660 0.1044
0.7000 55.0588 0.1169
0.8000 59.0408 0.1363
0.9000 63.3018 0.1591
1.0000 69.9449 0.1881
#TI average gradients and standard deviation in kcal/mol
0.0000 2408.0590 1238.9023
0.1000 57.9579 32.2312
0.2000 57.8965 23.1563
0.3000 55.8994 21.0141
0.4000 66.8593 25.3875
0.5000 60.7207 19.5808
0.6000 45.8932 21.3738
0.7000 46.6780 20.7277
0.8000 43.0696 25.0921
0.9000 51.7609 22.6172
1.0000 105.5508 26.2112
#PMF from TI in kcal/mol
0.0000 0.0000
0.1000 123.3008
0.2000 129.0936
0.3000 134.7834
0.4000 140.9213
0.5000 147.3003
0.6000 152.6310
0.7000 157.2595
0.8000 161.7469
0.9000 166.4885
1.0000 174.3540
#MBAR free energy difference in kcal/mol: 
69.944919, 0.188110 
#TI free energy difference in kcal/mol: 
174.354039  
Starting /export/users/common/BioSimSpace/sire.app/bin/analyse_freenrg: number of threads equals 32
