# Analysing data contained in file(s) ['lambda_0.0000/simfile.dat', 'lambda_0.1000/simfile.dat', 'lambda_0.2000/simfile.dat', 'lambda_0.3000/simfile.dat', 'lambda_0.4000/simfile.dat', 'lambda_0.5000/simfile.dat', 'lambda_0.6000/simfile.dat', 'lambda_0.7000/simfile.dat', 'lambda_0.8000/simfile.dat', 'lambda_0.9000/simfile.dat', 'lambda_1.0000/simfile.dat']
#Overlap matrix
0.9902 0.0098 0.0000 0.0000 0.0000 0.0000 0.0000 0.0000 0.0000 0.0000 0.0000
0.0098 0.9571 0.0331 0.0000 0.0000 0.0000 0.0000 0.0000 0.0000 0.0000 0.0000
0.0000 0.0331 0.9189 0.0480 0.0000 0.0000 0.0000 0.0000 0.0000 0.0000 0.0000
0.0000 0.0000 0.0480 0.9153 0.0367 0.0000 0.0000 0.0000 0.0000 0.0000 0.0000
0.0000 0.0000 0.0000 0.0367 0.9397 0.0236 0.0000 0.0000 0.0000 0.0000 0.0000
0.0000 0.0000 0.0000 0.0000 0.0236 0.9555 0.0208 0.0000 0.0000 0.0000 0.0000
0.0000 0.0000 0.0000 0.0000 0.0000 0.0208 0.9606 0.0185 0.0000 0.0000 0.0000
0.0000 0.0000 0.0000 0.0000 0.0000 0.0000 0.0185 0.9656 0.0159 0.0000 0.0000
0.0000 0.0000 0.0000 0.0000 0.0000 0.0000 0.0000 0.0159 0.9775 0.0066 0.0000
0.0000 0.0000 0.0000 0.0000 0.0000 0.0000 0.0000 0.0000 0.0066 0.9922 0.0012
0.0000 0.0000 0.0000 0.0000 0.0000 0.0000 0.0000 0.0000 0.0000 0.0012 0.9988
#DG from neighbouring lambda in kcal/mol
0.0000 0.1000 16.1816 0.2450
0.1000 0.2000 7.6191 0.1299
0.2000 0.3000 2.5948 0.1062
0.3000 0.4000 -0.4145 0.1229
0.4000 0.5000 -3.1896 0.1553
0.5000 0.6000 -6.5960 0.1659
0.6000 0.7000 -11.1710 0.1764
0.7000 0.8000 -16.5022 0.1908
0.8000 0.9000 -21.5687 0.2994
0.9000 1.0000 -26.6217 0.7097
#PMF from MBAR in kcal/mol
0.0000 0.0000 0.0000
0.1000 16.1816 0.2450
0.2000 23.8007 0.2794
0.3000 26.3956 0.3009
0.4000 25.9811 0.3268
0.5000 22.7915 0.3635
0.6000 16.1955 0.4011
0.7000 5.0244 0.4395
0.8000 -11.4778 0.4804
0.9000 -33.0465 0.5671
1.0000 -59.6682 0.9091
#TI average gradients and standard deviation in kcal/mol
0.0000 183.7338 32.5040
0.1000 107.1588 26.6089
0.2000 49.7293 23.6448
0.3000 4.8847 24.9923
0.4000 -17.6278 24.3141
0.5000 -45.8001 28.4314
0.6000 -86.8787 29.7035
0.7000 -138.3453 29.1907
0.8000 -188.9688 31.5407
0.9000 -243.9478 34.5104
1.0000 -265.4828 40.2920
#PMF from TI in kcal/mol
0.0000 0.0000
0.1000 14.5446
0.2000 22.3890
0.3000 25.1197
0.4000 24.4826
0.5000 21.3112
0.6000 14.6772
0.7000 3.4160
0.8000 -12.9497
0.9000 -34.5955
1.0000 -60.0670
#MBAR free energy difference in kcal/mol: 
-59.668193, 0.909079 
#TI free energy difference in kcal/mol: 
-60.067018  
Starting /export/users/common/BioSimSpace/sire.app/bin/analyse_freenrg: number of threads equals 32
