# Analysing data contained in file(s) ['lambda_0.0000/simfile.dat', 'lambda_0.1000/simfile.dat', 'lambda_0.2000/simfile.dat', 'lambda_0.3000/simfile.dat', 'lambda_0.4000/simfile.dat', 'lambda_0.5000/simfile.dat', 'lambda_0.6000/simfile.dat', 'lambda_0.7000/simfile.dat', 'lambda_0.8000/simfile.dat', 'lambda_0.9000/simfile.dat', 'lambda_1.0000/simfile.dat']
#Overlap matrix
0.9423 0.0577 0.0000 0.0000 0.0000 0.0000 0.0000 0.0000 0.0000 0.0000 0.0000
0.0577 0.8725 0.0698 0.0000 0.0000 0.0000 0.0000 0.0000 0.0000 0.0000 0.0000
0.0000 0.0698 0.8382 0.0919 0.0001 0.0000 0.0000 0.0000 0.0000 0.0000 0.0000
0.0000 0.0000 0.0919 0.8233 0.0847 0.0001 0.0000 0.0000 0.0000 0.0000 0.0000
0.0000 0.0000 0.0001 0.0847 0.8707 0.0445 0.0000 0.0000 0.0000 0.0000 0.0000
0.0000 0.0000 0.0000 0.0001 0.0445 0.8901 0.0652 0.0000 0.0000 0.0000 0.0000
0.0000 0.0000 0.0000 0.0000 0.0000 0.0652 0.8645 0.0701 0.0001 0.0000 0.0000
0.0000 0.0000 0.0000 0.0000 0.0000 0.0000 0.0701 0.8467 0.0830 0.0001 0.0000
0.0000 0.0000 0.0000 0.0000 0.0000 0.0000 0.0001 0.0830 0.8430 0.0738 0.0001
0.0000 0.0000 0.0000 0.0000 0.0000 0.0000 0.0000 0.0001 0.0738 0.8526 0.0735
0.0000 0.0000 0.0000 0.0000 0.0000 0.0000 0.0000 0.0000 0.0001 0.0735 0.9264
#DG from neighbouring lambda in kcal/mol
0.0000 0.1000 0.3182 0.0936
0.1000 0.2000 -0.2182 0.0839
0.2000 0.3000 -0.8795 0.0712
0.3000 0.4000 -0.4097 0.0748
0.4000 0.5000 0.8140 0.1080
0.5000 0.6000 0.3549 0.0872
0.6000 0.7000 0.0634 0.0836
0.7000 0.8000 0.2799 0.0757
0.8000 0.9000 0.7756 0.0811
0.9000 1.0000 2.8296 0.0814
#PMF from MBAR in kcal/mol
0.0000 0.0000 0.0000
0.1000 0.3182 0.0936
0.2000 0.1000 0.1302
0.3000 -0.7795 0.1522
0.4000 -1.1891 0.1729
0.5000 -0.3751 0.2065
0.6000 -0.0203 0.2267
0.7000 0.0432 0.2440
0.8000 0.3230 0.2576
0.9000 1.0987 0.2721
1.0000 3.9283 0.2860
#TI average gradients and standard deviation in kcal/mol
0.0000 4.9164 22.9015
0.1000 1.3242 20.0748
0.2000 -4.8157 19.1343
0.3000 -9.9382 18.9846
0.4000 5.2955 20.9309
0.5000 4.7751 21.6631
0.6000 2.2410 21.2149
0.7000 1.3699 20.6915
0.8000 5.6700 19.8644
0.9000 13.6849 20.0415
1.0000 51.3794 21.0789
#PMF from TI in kcal/mol
0.0000 0.0000
0.1000 0.3120
0.2000 0.1375
0.3000 -0.6002
0.4000 -0.8324
0.5000 -0.3288
0.6000 0.0220
0.7000 0.2025
0.8000 0.5545
0.9000 1.5222
1.0000 4.7755
#MBAR free energy difference in kcal/mol: 
3.928300, 0.286013 
#TI free energy difference in kcal/mol: 
4.775454  
Starting /export/users/common/BioSimSpace/sire.app/bin/analyse_freenrg: number of threads equals 32
