# Analysing data contained in file(s) ['lambda_0.0000/simfile.dat', 'lambda_0.1000/simfile.dat', 'lambda_0.2000/simfile.dat', 'lambda_0.3000/simfile.dat', 'lambda_0.4000/simfile.dat', 'lambda_0.5000/simfile.dat', 'lambda_0.6000/simfile.dat', 'lambda_0.7000/simfile.dat', 'lambda_0.8000/simfile.dat', 'lambda_0.9000/simfile.dat', 'lambda_1.0000/simfile.dat']
#Overlap matrix
0.9009 0.0987 0.0004 0.0000 0.0000 0.0000 0.0000 0.0000 0.0000 0.0000 0.0000
0.0987 0.8077 0.0933 0.0002 0.0000 0.0000 0.0000 0.0000 0.0000 0.0000 0.0000
0.0004 0.0933 0.8196 0.0864 0.0003 0.0000 0.0000 0.0000 0.0000 0.0000 0.0000
0.0000 0.0002 0.0864 0.8064 0.1065 0.0005 0.0000 0.0000 0.0000 0.0000 0.0000
0.0000 0.0000 0.0003 0.1065 0.7724 0.1206 0.0003 0.0000 0.0000 0.0000 0.0000
0.0000 0.0000 0.0000 0.0005 0.1206 0.7821 0.0967 0.0001 0.0000 0.0000 0.0000
0.0000 0.0000 0.0000 0.0000 0.0003 0.0967 0.7764 0.1264 0.0003 0.0000 0.0000
0.0000 0.0000 0.0000 0.0000 0.0000 0.0001 0.1264 0.7571 0.1162 0.0003 0.0000
0.0000 0.0000 0.0000 0.0000 0.0000 0.0000 0.0003 0.1162 0.7639 0.1193 0.0003
0.0000 0.0000 0.0000 0.0000 0.0000 0.0000 0.0000 0.0003 0.1193 0.7766 0.1038
0.0000 0.0000 0.0000 0.0000 0.0000 0.0000 0.0000 0.0000 0.0003 0.1038 0.8959
#DG from neighbouring lambda in kcal/mol
0.0000 0.1000 -0.7195 0.0649
0.1000 0.2000 1.0742 0.0671
0.2000 0.3000 2.3339 0.0704
0.3000 0.4000 3.7822 0.0618
0.4000 0.5000 5.1843 0.0570
0.5000 0.6000 5.4897 0.0658
0.6000 0.7000 5.1133 0.0554
0.7000 0.8000 5.3379 0.0585
0.8000 0.9000 5.8346 0.0575
0.9000 1.0000 7.1757 0.0630
#PMF from MBAR in kcal/mol
0.0000 0.0000 0.0000
0.1000 -0.7195 0.0649
0.2000 0.3547 0.0986
0.3000 2.6885 0.1252
0.4000 6.4707 0.1432
0.5000 11.6550 0.1574
0.6000 17.1448 0.1735
0.7000 22.2581 0.1850
0.8000 27.5960 0.1966
0.9000 33.4306 0.2073
1.0000 40.6063 0.2190
#TI average gradients and standard deviation in kcal/mol
0.0000 -17.9356 18.6360
0.1000 1.8845 18.4148
0.2000 17.0972 19.3574
0.3000 30.2925 19.2501
0.4000 46.0273 17.7500
0.5000 55.7763 17.5454
0.6000 52.3136 18.6746
0.7000 52.5862 17.5973
0.8000 55.6586 17.4520
0.9000 63.9172 17.9170
1.0000 83.1458 19.2209
#PMF from TI in kcal/mol
0.0000 0.0000
0.1000 -0.8026
0.2000 0.1465
0.3000 2.5160
0.4000 6.3320
0.5000 11.4222
0.6000 16.8267
0.7000 22.0717
0.8000 27.4839
0.9000 33.4627
1.0000 40.8158
#MBAR free energy difference in kcal/mol: 
40.606275, 0.219011 
#TI free energy difference in kcal/mol: 
40.815844  
Starting /export/users/common/BioSimSpace/sire.app/bin/analyse_freenrg: number of threads equals 32
