# Analysing data contained in file(s) ['lambda_0.0000/simfile.dat', 'lambda_0.1000/simfile.dat', 'lambda_0.2000/simfile.dat', 'lambda_0.3000/simfile.dat', 'lambda_0.4000/simfile.dat', 'lambda_0.5000/simfile.dat', 'lambda_0.6000/simfile.dat', 'lambda_0.7000/simfile.dat', 'lambda_0.8000/simfile.dat', 'lambda_0.9000/simfile.dat', 'lambda_1.0000/simfile.dat']
#Overlap matrix
0.9178 0.0821 0.0001 0.0000 0.0000 0.0000 0.0000 0.0000 0.0000 0.0000 0.0000
0.0821 0.8180 0.0997 0.0002 0.0000 0.0000 0.0000 0.0000 0.0000 0.0000 0.0000
0.0001 0.0997 0.7814 0.1185 0.0003 0.0000 0.0000 0.0000 0.0000 0.0000 0.0000
0.0000 0.0002 0.1185 0.7676 0.1134 0.0003 0.0000 0.0000 0.0000 0.0000 0.0000
0.0000 0.0000 0.0003 0.1134 0.7549 0.1310 0.0005 0.0000 0.0000 0.0000 0.0000
0.0000 0.0000 0.0000 0.0003 0.1310 0.7485 0.1196 0.0005 0.0000 0.0000 0.0000
0.0000 0.0000 0.0000 0.0000 0.0005 0.1196 0.7494 0.1299 0.0005 0.0000 0.0000
0.0000 0.0000 0.0000 0.0000 0.0000 0.0005 0.1299 0.7448 0.1244 0.0004 0.0000
0.0000 0.0000 0.0000 0.0000 0.0000 0.0000 0.0005 0.1244 0.7641 0.1109 0.0001
0.0000 0.0000 0.0000 0.0000 0.0000 0.0000 0.0000 0.0004 0.1109 0.8234 0.0653
0.0000 0.0000 0.0000 0.0000 0.0000 0.0000 0.0000 0.0000 0.0001 0.0653 0.9346
#DG from neighbouring lambda in kcal/mol
0.0000 0.1000 -3.4499 0.0774
0.1000 0.2000 -2.2049 0.0687
0.2000 0.3000 -1.7470 0.0614
0.3000 0.4000 -1.8674 0.0632
0.4000 0.5000 -2.2132 0.0574
0.5000 0.6000 -2.4686 0.0609
0.6000 0.7000 -2.8118 0.0576
0.7000 0.8000 -3.0759 0.0594
0.8000 0.9000 -2.9955 0.0641
0.9000 1.0000 -2.4324 0.0885
#PMF from MBAR in kcal/mol
0.0000 0.0000 0.0000
0.1000 -3.4499 0.0774
0.2000 -5.6547 0.1090
0.3000 -7.4017 0.1296
0.4000 -9.2691 0.1481
0.5000 -11.4823 0.1624
0.6000 -13.9510 0.1767
0.7000 -16.7628 0.1889
0.8000 -19.8387 0.2009
0.9000 -22.8341 0.2136
1.0000 -25.2665 0.2337
#TI average gradients and standard deviation in kcal/mol
0.0000 -48.3835 20.6826
0.1000 -25.6832 19.0578
0.2000 -19.2151 18.3127
0.3000 -17.6594 17.9172
0.4000 -20.7323 17.3672
0.5000 -23.3252 17.6440
0.6000 -27.4186 16.5547
0.7000 -29.7399 16.8407
0.8000 -30.6660 16.9445
0.9000 -28.4602 18.8196
1.0000 -20.1086 24.2766
#PMF from TI in kcal/mol
0.0000 0.0000
0.1000 -3.7033
0.2000 -5.9482
0.3000 -7.7920
0.4000 -9.7116
0.5000 -11.9144
0.6000 -14.4516
0.7000 -17.3095
0.8000 -20.3298
0.9000 -23.2862
1.0000 -25.7146
#MBAR free energy difference in kcal/mol: 
-25.266512, 0.233716 
#TI free energy difference in kcal/mol: 
-25.714589  
Starting /export/users/common/BioSimSpace/sire.app/bin/analyse_freenrg: number of threads equals 32
