# Analysing data contained in file(s) ['lambda_0.0000/simfile.dat', 'lambda_0.1000/simfile.dat', 'lambda_0.2000/simfile.dat', 'lambda_0.3000/simfile.dat', 'lambda_0.4000/simfile.dat', 'lambda_0.5000/simfile.dat', 'lambda_0.6000/simfile.dat', 'lambda_0.7000/simfile.dat', 'lambda_0.8000/simfile.dat', 'lambda_0.9000/simfile.dat', 'lambda_1.0000/simfile.dat']
#Overlap matrix
0.8685 0.1308 0.0007 0.0000 0.0000 0.0000 0.0000 0.0000 0.0000 0.0000 0.0000
0.1308 0.7241 0.1441 0.0010 0.0000 0.0000 0.0000 0.0000 0.0000 0.0000 0.0000
0.0007 0.1441 0.7131 0.1409 0.0012 0.0000 0.0000 0.0000 0.0000 0.0000 0.0000
0.0000 0.0010 0.1409 0.7069 0.1494 0.0018 0.0000 0.0000 0.0000 0.0000 0.0000
0.0000 0.0000 0.0012 0.1494 0.6801 0.1669 0.0024 0.0000 0.0000 0.0000 0.0000
0.0000 0.0000 0.0000 0.0018 0.1669 0.6602 0.1665 0.0046 0.0000 0.0000 0.0000
0.0000 0.0000 0.0000 0.0000 0.0024 0.1665 0.6226 0.2026 0.0059 0.0000 0.0000
0.0000 0.0000 0.0000 0.0000 0.0000 0.0046 0.2026 0.6106 0.1773 0.0050 0.0000
0.0000 0.0000 0.0000 0.0000 0.0000 0.0000 0.0059 0.1773 0.6196 0.1889 0.0084
0.0000 0.0000 0.0000 0.0000 0.0000 0.0000 0.0000 0.0050 0.1889 0.5844 0.2217
0.0000 0.0000 0.0000 0.0000 0.0000 0.0000 0.0000 0.0000 0.0084 0.2217 0.7699
#DG from neighbouring lambda in kcal/mol
0.0000 0.1000 5.0792 0.0542
0.1000 0.2000 4.4148 0.0505
0.2000 0.3000 3.7153 0.0512
0.3000 0.4000 2.9638 0.0489
0.4000 0.5000 2.2959 0.0449
0.5000 0.6000 1.6218 0.0444
0.6000 0.7000 1.1844 0.0376
0.7000 0.8000 0.6968 0.0417
0.8000 0.9000 -0.0749 0.0393
0.9000 1.0000 -0.6594 0.0351
#PMF from MBAR in kcal/mol
0.0000 0.0000 0.0000
0.1000 5.0792 0.0542
0.2000 9.4940 0.0806
0.3000 13.2092 0.1005
0.4000 16.1730 0.1162
0.5000 18.4690 0.1284
0.6000 20.0908 0.1394
0.7000 21.2752 0.1475
0.8000 21.9720 0.1562
0.9000 21.8971 0.1639
1.0000 21.2378 0.1702
#TI average gradients and standard deviation in kcal/mol
0.0000 54.5001 16.6740
0.1000 47.2613 15.9411
0.2000 39.5876 16.1421
0.3000 33.3993 15.4150
0.4000 26.5046 14.4847
0.5000 20.0864 14.7289
0.6000 13.9410 13.6833
0.7000 8.8753 13.5465
0.8000 3.0278 13.3299
0.9000 -4.6974 12.5933
1.0000 -9.3272 12.3133
#PMF from TI in kcal/mol
0.0000 0.0000
0.1000 5.0881
0.2000 9.4305
0.3000 13.0799
0.4000 16.0750
0.5000 18.4046
0.6000 20.1060
0.7000 21.2468
0.8000 21.8419
0.9000 21.7585
1.0000 21.0572
#MBAR free energy difference in kcal/mol: 
21.237752, 0.170172 
#TI free energy difference in kcal/mol: 
21.057229  
Starting /export/users/common/BioSimSpace/sire.app/bin/analyse_freenrg: number of threads equals 32
