# Analysing data contained in file(s) ['lambda_0.0000/simfile.dat', 'lambda_0.1000/simfile.dat', 'lambda_0.2000/simfile.dat', 'lambda_0.3000/simfile.dat', 'lambda_0.4000/simfile.dat', 'lambda_0.5000/simfile.dat', 'lambda_0.6000/simfile.dat', 'lambda_0.7000/simfile.dat', 'lambda_0.8000/simfile.dat', 'lambda_0.9000/simfile.dat', 'lambda_1.0000/simfile.dat']
#Overlap matrix
0.9759 0.0241 0.0000 0.0000 0.0000 0.0000 0.0000 0.0000 0.0000 0.0000 0.0000
0.0241 0.9281 0.0479 0.0000 0.0000 0.0000 0.0000 0.0000 0.0000 0.0000 0.0000
0.0000 0.0479 0.8956 0.0565 0.0000 0.0000 0.0000 0.0000 0.0000 0.0000 0.0000
0.0000 0.0000 0.0565 0.8926 0.0508 0.0000 0.0000 0.0000 0.0000 0.0000 0.0000
0.0000 0.0000 0.0000 0.0508 0.8968 0.0523 0.0001 0.0000 0.0000 0.0000 0.0000
0.0000 0.0000 0.0000 0.0000 0.0523 0.8624 0.0853 0.0000 0.0000 0.0000 0.0000
0.0000 0.0000 0.0000 0.0000 0.0001 0.0853 0.9143 0.0004 0.0000 0.0000 0.0000
0.0000 0.0000 0.0000 0.0000 0.0000 0.0000 0.0004 0.9756 0.0240 0.0000 0.0000
0.0000 0.0000 0.0000 0.0000 0.0000 0.0000 0.0000 0.0240 0.9646 0.0114 0.0000
0.0000 0.0000 0.0000 0.0000 0.0000 0.0000 0.0000 0.0000 0.0114 0.9795 0.0091
0.0000 0.0000 0.0000 0.0000 0.0000 0.0000 0.0000 0.0000 0.0000 0.0091 0.9909
#DG from neighbouring lambda in kcal/mol
0.0000 0.1000 -8.5898 0.1591
0.1000 0.2000 -5.8783 0.1100
0.2000 0.3000 -6.4198 0.1003
0.3000 0.4000 -8.5971 0.1063
0.4000 0.5000 -12.3708 0.1047
0.5000 0.6000 -11.6777 0.0789
0.6000 0.7000 -0.5926 1.2923
0.7000 0.8000 -7.2110 0.1594
0.8000 0.9000 -6.5995 0.2341
0.9000 1.0000 -7.9190 0.2627
#PMF from MBAR in kcal/mol
0.0000 0.0000 0.0000
0.1000 -8.5898 0.1591
0.2000 -14.4681 0.1967
0.3000 -20.8879 0.2237
0.4000 -29.4850 0.2502
0.5000 -41.8558 0.2736
0.6000 -53.5335 0.2869
0.7000 -54.1261 1.3242
0.8000 -61.3371 1.3343
0.9000 -67.9366 1.3551
1.0000 -75.8556 1.3808
#TI average gradients and standard deviation in kcal/mol
0.0000 -120.4709 28.4537
0.1000 -54.4399 27.9486
0.2000 -61.3483 21.5877
0.3000 -74.7634 18.2010
0.4000 -108.2576 18.4880
0.5000 -132.9619 20.2426
0.6000 -71.1086 21.2765
0.7000 -69.1322 29.0010
0.8000 -62.1629 24.7790
0.9000 -85.5559 22.3969
1.0000 -75.8181 37.3540
#PMF from TI in kcal/mol
0.0000 0.0000
0.1000 -8.7455
0.2000 -14.5350
0.3000 -21.3405
0.4000 -30.4916
0.5000 -42.5526
0.6000 -52.7561
0.7000 -59.7681
0.8000 -66.3329
0.9000 -73.7188
1.0000 -81.7875
#MBAR free energy difference in kcal/mol: 
-75.855601, 1.380817 
#TI free energy difference in kcal/mol: 
-81.787539  #WARNING SUBSAMPLING GRADIENTS RESULTED IN LESS THAN 50 SAMPLES, CONSIDER RERUN WITHOUT SUBSAMPLE OPTION 
Starting /export/users/common/BioSimSpace/sire.app/bin/analyse_freenrg: number of threads equals 32
