# Analysing data contained in file(s) ['lambda_0.0000/simfile.dat', 'lambda_0.1000/simfile.dat', 'lambda_0.2000/simfile.dat', 'lambda_0.3000/simfile.dat', 'lambda_0.4000/simfile.dat', 'lambda_0.5000/simfile.dat', 'lambda_0.6000/simfile.dat', 'lambda_0.7000/simfile.dat', 'lambda_0.8000/simfile.dat', 'lambda_0.9000/simfile.dat', 'lambda_1.0000/simfile.dat']
#Overlap matrix
0.9665 0.0335 0.0000 0.0000 0.0000 0.0000 0.0000 0.0000 0.0000 0.0000 0.0000
0.0335 0.9226 0.0439 0.0000 0.0000 0.0000 0.0000 0.0000 0.0000 0.0000 0.0000
0.0000 0.0439 0.9137 0.0424 0.0000 0.0000 0.0000 0.0000 0.0000 0.0000 0.0000
0.0000 0.0000 0.0424 0.9004 0.0572 0.0000 0.0000 0.0000 0.0000 0.0000 0.0000
0.0000 0.0000 0.0000 0.0572 0.8863 0.0565 0.0000 0.0000 0.0000 0.0000 0.0000
0.0000 0.0000 0.0000 0.0000 0.0565 0.8822 0.0610 0.0003 0.0000 0.0000 0.0000
0.0000 0.0000 0.0000 0.0000 0.0000 0.0610 0.8237 0.1147 0.0006 0.0000 0.0000
0.0000 0.0000 0.0000 0.0000 0.0000 0.0003 0.1147 0.7587 0.1255 0.0008 0.0000
0.0000 0.0000 0.0000 0.0000 0.0000 0.0000 0.0006 0.1255 0.7182 0.1534 0.0023
0.0000 0.0000 0.0000 0.0000 0.0000 0.0000 0.0000 0.0008 0.1534 0.6787 0.1671
0.0000 0.0000 0.0000 0.0000 0.0000 0.0000 0.0000 0.0000 0.0023 0.1671 0.8305
#DG from neighbouring lambda in kcal/mol
0.0000 0.1000 -3.4395 0.1389
0.1000 0.2000 -1.9394 0.1200
0.2000 0.3000 -1.0546 0.1223
0.3000 0.4000 -1.0605 0.1035
0.4000 0.5000 -0.9856 0.1043
0.5000 0.6000 -0.8490 0.0996
0.6000 0.7000 0.3550 0.0679
0.7000 0.8000 0.4795 0.0638
0.8000 0.9000 -0.1173 0.0552
0.9000 1.0000 -0.4269 0.0520
#PMF from MBAR in kcal/mol
0.0000 0.0000 0.0000
0.1000 -3.4395 0.1389
0.2000 -5.3789 0.1873
0.3000 -6.4335 0.2267
0.4000 -7.4940 0.2520
0.5000 -8.4797 0.2752
0.6000 -9.3286 0.2950
0.7000 -8.9737 0.3049
0.8000 -8.4942 0.3137
0.9000 -8.6115 0.3206
1.0000 -9.0383 0.3267
#TI average gradients and standard deviation in kcal/mol
0.0000 -47.1735 25.1329
0.1000 -24.5876 24.5627
0.2000 -12.9938 22.7549
0.3000 -12.0796 23.3890
0.4000 -10.0938 23.1481
0.5000 -7.2671 21.7609
0.6000 -4.0528 18.8695
0.7000 7.1189 16.7091
0.8000 1.3841 16.0456
0.9000 -3.1931 15.3563
1.0000 -0.5604 13.8810
#PMF from TI in kcal/mol
0.0000 0.0000
0.1000 -3.5881
0.2000 -5.4671
0.3000 -6.7208
0.4000 -7.8295
0.5000 -8.6975
0.6000 -9.2635
0.7000 -9.1102
0.8000 -8.6850
0.9000 -8.7755
1.0000 -8.9632
#MBAR free energy difference in kcal/mol: 
-9.038347, 0.326709 
#TI free energy difference in kcal/mol: 
-8.963153  
Starting /export/users/common/BioSimSpace/sire.app/bin/analyse_freenrg: number of threads equals 32
