# Analysing data contained in file(s) ['lambda_0.0000/simfile.dat', 'lambda_0.1000/simfile.dat', 'lambda_0.2000/simfile.dat', 'lambda_0.3000/simfile.dat', 'lambda_0.4000/simfile.dat', 'lambda_0.5000/simfile.dat', 'lambda_0.6000/simfile.dat', 'lambda_0.7000/simfile.dat', 'lambda_0.8000/simfile.dat', 'lambda_0.9000/simfile.dat', 'lambda_1.0000/simfile.dat']
#Overlap matrix
0.9130 0.0869 0.0001 0.0000 0.0000 0.0000 0.0000 0.0000 0.0000 0.0000 0.0000
0.0869 0.8121 0.1008 0.0002 0.0000 0.0000 0.0000 0.0000 0.0000 0.0000 0.0000
0.0001 0.1008 0.7916 0.1072 0.0003 0.0000 0.0000 0.0000 0.0000 0.0000 0.0000
0.0000 0.0002 0.1072 0.7789 0.1134 0.0002 0.0000 0.0000 0.0000 0.0000 0.0000
0.0000 0.0000 0.0003 0.1134 0.7848 0.1013 0.0002 0.0000 0.0000 0.0000 0.0000
0.0000 0.0000 0.0000 0.0002 0.1013 0.8168 0.0815 0.0002 0.0000 0.0000 0.0000
0.0000 0.0000 0.0000 0.0000 0.0002 0.0815 0.8208 0.0974 0.0001 0.0000 0.0000
0.0000 0.0000 0.0000 0.0000 0.0000 0.0002 0.0974 0.8256 0.0768 0.0001 0.0000
0.0000 0.0000 0.0000 0.0000 0.0000 0.0000 0.0001 0.0768 0.8576 0.0655 0.0000
0.0000 0.0000 0.0000 0.0000 0.0000 0.0000 0.0000 0.0001 0.0655 0.8842 0.0503
0.0000 0.0000 0.0000 0.0000 0.0000 0.0000 0.0000 0.0000 0.0000 0.0503 0.9497
#DG from neighbouring lambda in kcal/mol
0.0000 0.1000 -0.7606 0.0748
0.1000 0.2000 -0.1604 0.0682
0.2000 0.3000 0.2211 0.0655
0.3000 0.4000 0.5034 0.0632
0.4000 0.5000 0.6661 0.0679
0.5000 0.6000 0.4894 0.0776
0.6000 0.7000 0.2656 0.0697
0.7000 0.8000 0.3305 0.0805
0.8000 0.9000 0.7027 0.0884
0.9000 1.0000 2.7968 0.1027
#PMF from MBAR in kcal/mol
0.0000 0.0000 0.0000
0.1000 -0.7606 0.0748
0.2000 -0.9210 0.1068
0.3000 -0.6999 0.1298
0.4000 -0.1965 0.1483
0.5000 0.4696 0.1666
0.6000 0.9590 0.1869
0.7000 1.2246 0.2024
0.8000 1.5552 0.2204
0.9000 2.2579 0.2399
1.0000 5.0547 0.2632
#TI average gradients and standard deviation in kcal/mol
0.0000 57614169462.3066 3859649757224.3550
0.1000 -3.1489 19.6677
0.2000 0.6078 18.2996
0.3000 2.7369 17.7417
0.4000 5.8339 18.4424
0.5000 6.9764 19.9797
0.6000 2.1531 19.3851
0.7000 2.5680 19.2943
0.8000 4.9387 20.1630
0.9000 11.4119 21.4259
1.0000 51.0170 26.1412
#PMF from TI in kcal/mol
0.0000 0.0000
0.1000 2880708472.9579
0.2000 2880708472.8308
0.3000 2880708472.9981
0.4000 2880708473.4266
0.5000 2880708474.0671
0.6000 2880708474.5236
0.7000 2880708474.7597
0.8000 2880708475.1350
0.9000 2880708475.9525
1.0000 2880708479.0740
#MBAR free energy difference in kcal/mol: 
5.054737, 0.263219 
#TI free energy difference in kcal/mol: 
2880708479.073963  
Starting /export/users/common/BioSimSpace/sire.app/bin/analyse_freenrg: number of threads equals 32
