# Analysing data contained in file(s) ['lambda_0.0000/simfile.dat', 'lambda_0.1000/simfile.dat', 'lambda_0.2000/simfile.dat', 'lambda_0.3000/simfile.dat', 'lambda_0.4000/simfile.dat', 'lambda_0.5000/simfile.dat', 'lambda_0.6000/simfile.dat', 'lambda_0.7000/simfile.dat', 'lambda_0.8000/simfile.dat', 'lambda_0.9000/simfile.dat', 'lambda_1.0000/simfile.dat']
#Overlap matrix
0.9729 0.0271 0.0000 0.0000 0.0000 0.0000 0.0000 0.0000 0.0000 0.0000 0.0000
0.0271 0.9439 0.0290 0.0000 0.0000 0.0000 0.0000 0.0000 0.0000 0.0000 0.0000
0.0000 0.0290 0.9461 0.0248 0.0000 0.0000 0.0000 0.0000 0.0000 0.0000 0.0000
0.0000 0.0000 0.0248 0.9192 0.0559 0.0000 0.0000 0.0000 0.0000 0.0000 0.0000
0.0000 0.0000 0.0000 0.0559 0.9307 0.0134 0.0000 0.0000 0.0000 0.0000 0.0000
0.0000 0.0000 0.0000 0.0000 0.0134 0.9583 0.0283 0.0000 0.0000 0.0000 0.0000
0.0000 0.0000 0.0000 0.0000 0.0000 0.0283 0.9324 0.0394 0.0000 0.0000 0.0000
0.0000 0.0000 0.0000 0.0000 0.0000 0.0000 0.0394 0.9239 0.0368 0.0000 0.0000
0.0000 0.0000 0.0000 0.0000 0.0000 0.0000 0.0000 0.0368 0.9310 0.0322 0.0000
0.0000 0.0000 0.0000 0.0000 0.0000 0.0000 0.0000 0.0000 0.0322 0.9363 0.0315
0.0000 0.0000 0.0000 0.0000 0.0000 0.0000 0.0000 0.0000 0.0000 0.0315 0.9685
#DG from neighbouring lambda in kcal/mol
0.0000 0.1000 21.6724 0.1591
0.1000 0.2000 17.6722 0.1533
0.2000 0.3000 14.6898 0.1664
0.3000 0.4000 15.8047 0.1071
0.4000 0.5000 18.8199 0.2290
0.5000 0.6000 15.2640 0.1554
0.6000 0.7000 12.4232 0.1302
0.7000 0.8000 9.5614 0.1350
0.8000 0.9000 7.9454 0.1450
0.9000 1.0000 10.4041 0.1467
#PMF from MBAR in kcal/mol
0.0000 0.0000 0.0000
0.1000 21.6724 0.1591
0.2000 39.3445 0.2242
0.3000 54.0344 0.2818
0.4000 69.8391 0.3038
0.5000 88.6590 0.3822
0.6000 103.9230 0.4144
0.7000 116.3462 0.4360
0.8000 125.9076 0.4580
0.9000 133.8530 0.4819
1.0000 144.2571 0.5052
#TI average gradients and standard deviation in kcal/mol
0.0000 224.4517 26.4149
0.1000 192.6429 21.2707
0.2000 160.6446 26.2527
0.3000 134.2599 24.8651
0.4000 191.1357 24.4903
0.5000 170.7747 29.8829
0.6000 142.0969 26.6409
0.7000 112.4597 28.0421
0.8000 84.6055 20.7263
0.9000 77.9656 28.8563
1.0000 150.4646 23.3647
#PMF from TI in kcal/mol
0.0000 0.0000
0.1000 20.8547
0.2000 38.5191
0.3000 53.2643
0.4000 69.5341
0.5000 87.6296
0.6000 103.2732
0.7000 116.0010
0.8000 125.8543
0.9000 133.9829
1.0000 145.4044
#MBAR free energy difference in kcal/mol: 
144.257130, 0.505161 
#TI free energy difference in kcal/mol: 
145.404369  #WARNING SUBSAMPLING GRADIENTS RESULTED IN LESS THAN 50 SAMPLES, CONSIDER RERUN WITHOUT SUBSAMPLE OPTION 
Starting /export/users/common/BioSimSpace/sire.app/bin/analyse_freenrg: number of threads equals 32
