# Analysing data contained in file(s) ['lambda_0.0000/simfile.dat', 'lambda_0.1000/simfile.dat', 'lambda_0.2000/simfile.dat', 'lambda_0.3000/simfile.dat', 'lambda_0.4000/simfile.dat', 'lambda_0.5000/simfile.dat', 'lambda_0.6000/simfile.dat', 'lambda_0.7000/simfile.dat', 'lambda_0.8000/simfile.dat', 'lambda_0.9000/simfile.dat', 'lambda_1.0000/simfile.dat']
#Overlap matrix
0.9889 0.0111 0.0000 0.0000 0.0000 0.0000 0.0000 0.0000 0.0000 0.0000 0.0000
0.0111 0.9826 0.0063 0.0000 0.0000 0.0000 0.0000 0.0000 0.0000 0.0000 0.0000
0.0000 0.0063 0.9807 0.0130 0.0000 0.0000 0.0000 0.0000 0.0000 0.0000 0.0000
0.0000 0.0000 0.0130 0.9468 0.0402 0.0000 0.0000 0.0000 0.0000 0.0000 0.0000
0.0000 0.0000 0.0000 0.0402 0.8878 0.0720 0.0000 0.0000 0.0000 0.0000 0.0000
0.0000 0.0000 0.0000 0.0000 0.0720 0.8269 0.1007 0.0004 0.0000 0.0000 0.0000
0.0000 0.0000 0.0000 0.0000 0.0000 0.1007 0.7915 0.1076 0.0001 0.0000 0.0000
0.0000 0.0000 0.0000 0.0000 0.0000 0.0004 0.1076 0.8468 0.0452 0.0000 0.0000
0.0000 0.0000 0.0000 0.0000 0.0000 0.0000 0.0001 0.0452 0.9127 0.0420 0.0000
0.0000 0.0000 0.0000 0.0000 0.0000 0.0000 0.0000 0.0000 0.0420 0.9230 0.0350
0.0000 0.0000 0.0000 0.0000 0.0000 0.0000 0.0000 0.0000 0.0000 0.0350 0.9650
#DG from neighbouring lambda in kcal/mol
0.0000 0.1000 23.9713 0.2345
0.1000 0.2000 15.7296 0.3135
0.2000 0.3000 4.4713 0.2167
0.3000 0.4000 -2.2801 0.1196
0.4000 0.5000 -5.9583 0.0862
0.5000 0.6000 -7.7661 0.0702
0.6000 0.7000 -6.8129 0.0673
0.7000 0.8000 -5.2316 0.1121
0.8000 0.9000 -4.4122 0.1168
0.9000 1.0000 -4.2163 0.1290
#PMF from MBAR in kcal/mol
0.0000 0.0000 0.0000
0.1000 23.9713 0.2345
0.2000 39.7009 0.3931
0.3000 44.1722 0.4503
0.4000 41.8921 0.4672
0.5000 35.9338 0.4764
0.6000 28.1677 0.4829
0.7000 21.3548 0.4888
0.8000 16.1232 0.5027
0.9000 11.7111 0.5173
1.0000 7.4948 0.5343
#TI average gradients and standard deviation in kcal/mol
0.0000 283.7383 31.6307
0.1000 207.6515 30.1581
0.2000 95.4973 31.8652
0.3000 3.5763 26.8270
0.4000 -44.5089 21.4533
0.5000 -71.8789 19.9338
0.6000 -77.5404 17.3702
0.7000 -57.4237 21.1088
0.8000 -49.4565 23.3297
0.9000 -43.2751 24.3110
1.0000 -36.8597 24.1855
#PMF from TI in kcal/mol
0.0000 0.0000
0.1000 24.5695
0.2000 39.7269
0.3000 44.6806
0.4000 42.6340
0.5000 36.8146
0.6000 29.3436
0.7000 22.5954
0.8000 17.2514
0.9000 12.6148
1.0000 8.6081
#MBAR free energy difference in kcal/mol: 
7.494757, 0.534264 
#TI free energy difference in kcal/mol: 
8.608084  
Starting /export/users/common/BioSimSpace/sire.app/bin/analyse_freenrg: number of threads equals 32
