# Analysing data contained in file(s) ['lambda_0.0000/simfile.dat', 'lambda_0.1000/simfile.dat', 'lambda_0.2000/simfile.dat', 'lambda_0.3000/simfile.dat', 'lambda_0.4000/simfile.dat', 'lambda_0.5000/simfile.dat', 'lambda_0.6000/simfile.dat', 'lambda_0.7000/simfile.dat', 'lambda_0.8000/simfile.dat', 'lambda_0.9000/simfile.dat', 'lambda_1.0000/simfile.dat']
#Overlap matrix
1.0000 0.0000 0.0000 0.0000 0.0000 0.0000 0.0000 0.0000 0.0000 0.0000 0.0000
0.0000 0.8833 0.1156 0.0011 0.0000 0.0000 0.0000 0.0000 0.0000 0.0000 0.0000
0.0000 0.1156 0.7183 0.1645 0.0016 0.0000 0.0000 0.0000 0.0000 0.0000 0.0000
0.0000 0.0011 0.1645 0.6838 0.1496 0.0009 0.0000 0.0000 0.0000 0.0000 0.0000
0.0000 0.0000 0.0016 0.1496 0.7132 0.1350 0.0006 0.0000 0.0000 0.0000 0.0000
0.0000 0.0000 0.0000 0.0009 0.1350 0.7428 0.1210 0.0002 0.0000 0.0000 0.0000
0.0000 0.0000 0.0000 0.0000 0.0006 0.1210 0.7790 0.0993 0.0000 0.0000 0.0000
0.0000 0.0000 0.0000 0.0000 0.0000 0.0002 0.0993 0.8298 0.0707 0.0000 0.0000
0.0000 0.0000 0.0000 0.0000 0.0000 0.0000 0.0000 0.0707 0.9215 0.0078 0.0000
0.0000 0.0000 0.0000 0.0000 0.0000 0.0000 0.0000 0.0000 0.0078 0.9922 0.0000
0.0000 0.0000 0.0000 0.0000 0.0000 0.0000 0.0000 0.0000 0.0000 0.0000 1.0000
#DG from neighbouring lambda in kcal/mol
0.0000 0.1000 30.0197 0.1084
0.1000 0.2000 7.8964 0.0629
0.2000 0.3000 6.9881 0.0490
0.3000 0.4000 6.0444 0.0525
0.4000 0.5000 4.6713 0.0566
0.5000 0.6000 3.0097 0.0612
0.6000 0.7000 0.7676 0.0696
0.7000 0.8000 -2.2878 0.0855
0.8000 0.9000 -9.4991 0.2760
0.9000 1.0000 -139.5646 0.2674
#PMF from MBAR in kcal/mol
0.0000 0.0000 0.0000
0.1000 30.0197 0.1084
0.2000 37.9160 0.0882
0.3000 44.9041 0.0763
0.4000 50.9485 0.0672
0.5000 55.6198 0.0635
0.6000 58.6295 0.0676
0.7000 59.3971 0.0811
0.8000 57.1093 0.1063
0.9000 47.6102 0.2674
1.0000 -91.9544 0.0000
#TI average gradients and standard deviation in kcal/mol
0.0000 3073.4147 388.6978
0.1000 92.3011 17.3681
0.2000 69.9554 14.8679
0.3000 66.5134 18.2736
0.4000 56.4102 15.9103
0.5000 40.7597 15.8151
0.6000 23.7570 17.3799
0.7000 -6.7946 17.6942
0.8000 -43.2099 22.6635
0.9000 -161.7584 46.7847
1.0000 -3324.6275 290.0719
#PMF from TI in kcal/mol
0.0000 0.0000
0.1000 158.2858
0.2000 166.3986
0.3000 173.2221
0.4000 179.3682
0.5000 184.2267
0.6000 187.4526
0.7000 188.3007
0.8000 185.8005
0.9000 175.5521
1.0000 1.2328
#MBAR free energy difference in kcal/mol: 
-91.954387, 0.000000 
#TI free energy difference in kcal/mol: 
1.232762  #WARNING SUBSAMPLING GRADIENTS RESULTED IN LESS THAN 50 SAMPLES, CONSIDER RERUN WITHOUT SUBSAMPLE OPTION 
Starting /export/users/common/BioSimSpace/sire.app/bin/analyse_freenrg: number of threads equals 32
