# Analysing data contained in file(s) ['lambda_0.0000/simfile.dat', 'lambda_0.1000/simfile.dat', 'lambda_0.2000/simfile.dat', 'lambda_0.3000/simfile.dat', 'lambda_0.4000/simfile.dat', 'lambda_0.5000/simfile.dat', 'lambda_0.6000/simfile.dat', 'lambda_0.7000/simfile.dat', 'lambda_0.8000/simfile.dat', 'lambda_0.9000/simfile.dat', 'lambda_1.0000/simfile.dat']
#Overlap matrix
0.8390 0.1571 0.0039 0.0000 0.0000 0.0000 0.0000 0.0000 0.0000 0.0000 0.0000
0.1571 0.6503 0.1867 0.0059 0.0000 0.0000 0.0000 0.0000 0.0000 0.0000 0.0000
0.0039 0.1867 0.6037 0.1969 0.0087 0.0001 0.0000 0.0000 0.0000 0.0000 0.0000
0.0000 0.0059 0.1969 0.5821 0.2066 0.0084 0.0000 0.0000 0.0000 0.0000 0.0000
0.0000 0.0000 0.0087 0.2066 0.5758 0.1998 0.0090 0.0001 0.0000 0.0000 0.0000
0.0000 0.0000 0.0001 0.0084 0.1998 0.5741 0.2084 0.0091 0.0000 0.0000 0.0000
0.0000 0.0000 0.0000 0.0000 0.0090 0.2084 0.5798 0.1961 0.0066 0.0000 0.0000
0.0000 0.0000 0.0000 0.0000 0.0001 0.0091 0.1961 0.6004 0.1876 0.0066 0.0000
0.0000 0.0000 0.0000 0.0000 0.0000 0.0000 0.0066 0.1876 0.6212 0.1815 0.0031
0.0000 0.0000 0.0000 0.0000 0.0000 0.0000 0.0000 0.0066 0.1815 0.6552 0.1566
0.0000 0.0000 0.0000 0.0000 0.0000 0.0000 0.0000 0.0000 0.0031 0.1566 0.8403
#DG from neighbouring lambda in kcal/mol
0.0000 0.1000 -0.1927 0.0507
0.1000 0.2000 0.4279 0.0435
0.2000 0.3000 0.6935 0.0409
0.3000 0.4000 0.8211 0.0389
0.4000 0.5000 0.7515 0.0399
0.5000 0.6000 0.6957 0.0385
0.6000 0.7000 0.7330 0.0408
0.7000 0.8000 0.7418 0.0427
0.8000 0.9000 1.1814 0.0445
0.9000 1.0000 1.7447 0.0510
#PMF from MBAR in kcal/mol
0.0000 0.0000 0.0000
0.1000 -0.1927 0.0507
0.2000 0.2352 0.0744
0.3000 0.9287 0.0909
0.4000 1.7498 0.1038
0.5000 2.5013 0.1157
0.6000 3.1970 0.1260
0.7000 3.9300 0.1361
0.8000 4.6718 0.1463
0.9000 5.8532 0.1561
1.0000 7.5979 0.1676
#TI average gradients and standard deviation in kcal/mol
0.0000 -7.5042 15.7689
0.1000 2.1870 14.4712
0.2000 6.6996 13.2799
0.3000 7.5727 12.6037
0.4000 7.8178 12.6260
0.5000 6.7740 12.8273
0.6000 7.4426 12.6178
0.7000 7.5216 13.1959
0.8000 9.2133 13.4863
0.9000 14.2441 14.8015
1.0000 22.1306 17.9986
#PMF from TI in kcal/mol
0.0000 0.0000
0.1000 -0.2659
0.2000 0.1785
0.3000 0.8921
0.4000 1.6616
0.5000 2.3912
0.6000 3.1020
0.7000 3.8502
0.8000 4.6870
0.9000 5.8599
1.0000 7.6786
#MBAR free energy difference in kcal/mol: 
7.597937, 0.167581 
#TI free energy difference in kcal/mol: 
7.678589  
Starting /export/users/common/BioSimSpace/sire.app/bin/analyse_freenrg: number of threads equals 32
