# Analysing data contained in file(s) ['lambda_0.0000/simfile.dat', 'lambda_0.1000/simfile.dat', 'lambda_0.2000/simfile.dat', 'lambda_0.3000/simfile.dat', 'lambda_0.4000/simfile.dat', 'lambda_0.5000/simfile.dat', 'lambda_0.6000/simfile.dat', 'lambda_0.7000/simfile.dat', 'lambda_0.8000/simfile.dat', 'lambda_0.9000/simfile.dat', 'lambda_1.0000/simfile.dat']
#Overlap matrix
0.9994 0.0006 0.0000 0.0000 0.0000 0.0000 0.0000 0.0000 0.0000 0.0000 0.0000
0.0006 0.9955 0.0039 0.0000 0.0000 0.0000 0.0000 0.0000 0.0000 0.0000 0.0000
0.0000 0.0039 0.9917 0.0044 0.0000 0.0000 0.0000 0.0000 0.0000 0.0000 0.0000
0.0000 0.0000 0.0044 0.9770 0.0186 0.0000 0.0000 0.0000 0.0000 0.0000 0.0000
0.0000 0.0000 0.0000 0.0186 0.9462 0.0353 0.0000 0.0000 0.0000 0.0000 0.0000
0.0000 0.0000 0.0000 0.0000 0.0353 0.9151 0.0496 0.0000 0.0000 0.0000 0.0000
0.0000 0.0000 0.0000 0.0000 0.0000 0.0496 0.8841 0.0663 0.0000 0.0000 0.0000
0.0000 0.0000 0.0000 0.0000 0.0000 0.0000 0.0663 0.9145 0.0192 0.0000 0.0000
0.0000 0.0000 0.0000 0.0000 0.0000 0.0000 0.0000 0.0192 0.9668 0.0140 0.0000
0.0000 0.0000 0.0000 0.0000 0.0000 0.0000 0.0000 0.0000 0.0140 0.9657 0.0202
0.0000 0.0000 0.0000 0.0000 0.0000 0.0000 0.0000 0.0000 0.0000 0.0202 0.9798
#DG from neighbouring lambda in kcal/mol
0.0000 0.1000 40.1247 1.0533
0.1000 0.2000 28.2896 0.4082
0.2000 0.3000 17.8102 0.3839
0.3000 0.4000 3.5277 0.1847
0.4000 0.5000 -2.5497 0.1316
0.5000 0.6000 -6.3414 0.1092
0.6000 0.7000 -8.9949 0.0927
0.7000 0.8000 -16.5215 0.1814
0.8000 0.9000 -27.7049 0.2133
0.9000 1.0000 -37.3371 0.1765
#PMF from MBAR in kcal/mol
0.0000 0.0000 0.0000
0.1000 40.1247 1.0533
0.2000 68.4143 1.1302
0.3000 86.2245 1.1942
0.4000 89.7521 1.2090
0.5000 87.2025 1.2166
0.6000 80.8611 1.2221
0.7000 71.8661 1.2261
0.8000 55.3446 1.2400
0.9000 27.6397 1.2587
1.0000 -9.6974 1.2716
#TI average gradients and standard deviation in kcal/mol
0.0000 454.7428 46.3729
0.1000 343.7809 36.8104
0.2000 238.9064 31.7585
0.3000 90.7047 39.0902
0.4000 -2.8216 26.3572
0.5000 -46.7914 24.4607
0.6000 -78.5107 22.2303
0.7000 -114.8212 26.0737
0.8000 -214.4784 28.5309
0.9000 -327.7396 26.9357
1.0000 -394.9076 29.0319
#PMF from TI in kcal/mol
0.0000 0.0000
0.1000 39.9262
0.2000 69.0606
0.3000 85.5411
0.4000 89.9353
0.5000 87.4546
0.6000 81.1895
0.7000 71.5229
0.8000 55.0579
0.9000 27.9470
1.0000 -8.1853
#MBAR free energy difference in kcal/mol: 
-9.697421, 1.271552 
#TI free energy difference in kcal/mol: 
-8.185320  
Starting /export/users/common/BioSimSpace/sire.app/bin/analyse_freenrg: number of threads equals 32
