# Analysing data contained in file(s) ['lambda_0.0000/simfile.dat', 'lambda_0.1000/simfile.dat', 'lambda_0.2000/simfile.dat', 'lambda_0.3000/simfile.dat', 'lambda_0.4000/simfile.dat', 'lambda_0.5000/simfile.dat', 'lambda_0.6000/simfile.dat', 'lambda_0.7000/simfile.dat', 'lambda_0.8000/simfile.dat', 'lambda_0.9000/simfile.dat', 'lambda_1.0000/simfile.dat']
#Overlap matrix
0.7950 0.1993 0.0058 0.0000 0.0000 0.0000 0.0000 0.0000 0.0000 0.0000 0.0000
0.1993 0.5987 0.1936 0.0084 0.0000 0.0000 0.0000 0.0000 0.0000 0.0000 0.0000
0.0058 0.1936 0.5939 0.1985 0.0082 0.0001 0.0000 0.0000 0.0000 0.0000 0.0000
0.0000 0.0084 0.1985 0.5795 0.2016 0.0119 0.0001 0.0000 0.0000 0.0000 0.0000
0.0000 0.0000 0.0082 0.2016 0.5600 0.2193 0.0108 0.0001 0.0000 0.0000 0.0000
0.0000 0.0000 0.0001 0.0119 0.2193 0.5543 0.2029 0.0116 0.0001 0.0000 0.0000
0.0000 0.0000 0.0000 0.0001 0.0108 0.2029 0.5643 0.2121 0.0099 0.0001 0.0000
0.0000 0.0000 0.0000 0.0000 0.0001 0.0116 0.2121 0.5755 0.1933 0.0074 0.0000
0.0000 0.0000 0.0000 0.0000 0.0000 0.0001 0.0099 0.1933 0.6153 0.1786 0.0029
0.0000 0.0000 0.0000 0.0000 0.0000 0.0000 0.0001 0.0074 0.1786 0.6780 0.1359
0.0000 0.0000 0.0000 0.0000 0.0000 0.0000 0.0000 0.0000 0.0029 0.1359 0.8612
#DG from neighbouring lambda in kcal/mol
0.0000 0.1000 5.8929 0.0443
0.1000 0.2000 4.8432 0.0439
0.2000 0.3000 3.9227 0.0426
0.3000 0.4000 2.9216 0.0415
0.4000 0.5000 2.0791 0.0383
0.5000 0.6000 1.1479 0.0409
0.6000 0.7000 0.2949 0.0396
0.7000 0.8000 -0.3615 0.0434
0.8000 0.9000 -0.5846 0.0475
0.9000 1.0000 -0.1360 0.0596
#PMF from MBAR in kcal/mol
0.0000 0.0000 0.0000
0.1000 5.8929 0.0443
0.2000 10.7361 0.0712
0.3000 14.6588 0.0894
0.4000 17.5804 0.1042
0.5000 19.6596 0.1157
0.6000 20.8075 0.1271
0.7000 21.1024 0.1371
0.8000 20.7409 0.1476
0.9000 20.1564 0.1586
1.0000 20.0204 0.1730
#TI average gradients and standard deviation in kcal/mol
0.0000 60.0245 13.1762
0.1000 52.8034 13.6196
0.2000 43.5898 12.9622
0.3000 33.7251 12.5603
0.4000 24.4619 12.6184
0.5000 15.8570 12.3548
0.6000 6.8979 12.0931
0.7000 -0.6126 12.5910
0.8000 -5.1952 13.2977
0.9000 -4.1003 15.1304
1.0000 4.9701 18.1985
#PMF from TI in kcal/mol
0.0000 0.0000
0.1000 5.6414
0.2000 10.4611
0.3000 14.3268
0.4000 17.2362
0.5000 19.2521
0.6000 20.3899
0.7000 20.7041
0.8000 20.4137
0.9000 19.9490
1.0000 19.9924
#MBAR free energy difference in kcal/mol: 
20.020371, 0.172978 
#TI free energy difference in kcal/mol: 
19.992448  
Starting /export/users/common/BioSimSpace/sire.app/bin/analyse_freenrg: number of threads equals 32
