# Analysing data contained in file(s) ['lambda_0.0000/simfile.dat', 'lambda_0.1000/simfile.dat', 'lambda_0.2000/simfile.dat', 'lambda_0.3000/simfile.dat', 'lambda_0.4000/simfile.dat', 'lambda_0.5000/simfile.dat', 'lambda_0.6000/simfile.dat', 'lambda_0.7000/simfile.dat', 'lambda_0.8000/simfile.dat', 'lambda_0.9000/simfile.dat', 'lambda_1.0000/simfile.dat']
#Overlap matrix
0.8808 0.1176 0.0016 0.0000 0.0000 0.0000 0.0000 0.0000 0.0000 0.0000 0.0000
0.1176 0.7361 0.1430 0.0033 0.0000 0.0000 0.0000 0.0000 0.0000 0.0000 0.0000
0.0016 0.1430 0.6759 0.1729 0.0065 0.0001 0.0000 0.0000 0.0000 0.0000 0.0000
0.0000 0.0033 0.1729 0.6327 0.1822 0.0088 0.0001 0.0000 0.0000 0.0000 0.0000
0.0000 0.0000 0.0065 0.1822 0.6099 0.1904 0.0108 0.0002 0.0000 0.0000 0.0000
0.0000 0.0000 0.0001 0.0088 0.1904 0.5805 0.2023 0.0175 0.0004 0.0000 0.0000
0.0000 0.0000 0.0000 0.0001 0.0108 0.2023 0.5330 0.2325 0.0208 0.0004 0.0000
0.0000 0.0000 0.0000 0.0000 0.0002 0.0175 0.2325 0.5060 0.2236 0.0199 0.0003
0.0000 0.0000 0.0000 0.0000 0.0000 0.0004 0.0208 0.2236 0.5215 0.2186 0.0150
0.0000 0.0000 0.0000 0.0000 0.0000 0.0000 0.0004 0.0199 0.2186 0.5416 0.2194
0.0000 0.0000 0.0000 0.0000 0.0000 0.0000 0.0000 0.0003 0.0150 0.2194 0.7653
#DG from neighbouring lambda in kcal/mol
0.0000 0.1000 -3.6684 0.0631
0.1000 0.2000 -2.1132 0.0545
0.2000 0.3000 -1.2908 0.0466
0.3000 0.4000 -0.7258 0.0438
0.4000 0.5000 -0.2179 0.0416
0.5000 0.6000 0.1787 0.0383
0.6000 0.7000 0.6202 0.0328
0.7000 0.8000 0.9422 0.0337
0.8000 0.9000 1.2369 0.0351
0.9000 1.0000 1.5440 0.0377
#PMF from MBAR in kcal/mol
0.0000 0.0000 0.0000
0.1000 -3.6684 0.0631
0.2000 -5.7817 0.0900
0.3000 -7.0725 0.1066
0.4000 -7.7983 0.1196
0.5000 -8.0163 0.1304
0.6000 -7.8376 0.1394
0.7000 -7.2174 0.1463
0.8000 -6.2752 0.1531
0.9000 -5.0383 0.1598
1.0000 -3.4944 0.1671
#TI average gradients and standard deviation in kcal/mol
0.0000 -47.1425 20.9520
0.1000 -27.0236 15.6128
0.2000 -15.3427 14.8817
0.3000 -9.2296 13.9426
0.4000 -3.4442 13.4430
0.5000 0.8696 13.3252
0.6000 2.9758 11.4394
0.7000 8.1773 10.7233
0.8000 10.9234 11.2190
0.9000 13.2483 11.0582
1.0000 20.9630 12.3292
#PMF from TI in kcal/mol
0.0000 0.0000
0.1000 -3.7083
0.2000 -5.8266
0.3000 -7.0552
0.4000 -7.6889
0.5000 -7.8177
0.6000 -7.6254
0.7000 -7.0677
0.8000 -6.1127
0.9000 -4.9041
1.0000 -3.1935
#MBAR free energy difference in kcal/mol: 
-3.494355, 0.167065 
#TI free energy difference in kcal/mol: 
-3.193549  
Starting /export/users/common/BioSimSpace/sire.app/bin/analyse_freenrg: number of threads equals 32
