# Analysing data contained in file(s) ['lambda_0.0000/simfile.dat', 'lambda_0.1000/simfile.dat', 'lambda_0.2000/simfile.dat', 'lambda_0.3000/simfile.dat', 'lambda_0.4000/simfile.dat', 'lambda_0.5000/simfile.dat', 'lambda_0.6000/simfile.dat', 'lambda_0.7000/simfile.dat', 'lambda_0.8000/simfile.dat', 'lambda_0.9000/simfile.dat', 'lambda_1.0000/simfile.dat']
#Overlap matrix
0.9210 0.0788 0.0001 0.0000 0.0000 0.0000 0.0000 0.0000 0.0000 0.0000 0.0000
0.0788 0.8213 0.0993 0.0005 0.0000 0.0000 0.0000 0.0000 0.0000 0.0000 0.0000
0.0001 0.0993 0.7742 0.1258 0.0006 0.0000 0.0000 0.0000 0.0000 0.0000 0.0000
0.0000 0.0005 0.1258 0.7321 0.1406 0.0011 0.0000 0.0000 0.0000 0.0000 0.0000
0.0000 0.0000 0.0006 0.1406 0.7263 0.1319 0.0006 0.0000 0.0000 0.0000 0.0000
0.0000 0.0000 0.0000 0.0011 0.1319 0.7339 0.1324 0.0008 0.0000 0.0000 0.0000
0.0000 0.0000 0.0000 0.0000 0.0006 0.1324 0.7401 0.1261 0.0007 0.0000 0.0000
0.0000 0.0000 0.0000 0.0000 0.0000 0.0008 0.1261 0.7560 0.1169 0.0002 0.0000
0.0000 0.0000 0.0000 0.0000 0.0000 0.0000 0.0007 0.1169 0.8009 0.0815 0.0000
0.0000 0.0000 0.0000 0.0000 0.0000 0.0000 0.0000 0.0002 0.0815 0.8888 0.0295
0.0000 0.0000 0.0000 0.0000 0.0000 0.0000 0.0000 0.0000 0.0000 0.0295 0.9705
#DG from neighbouring lambda in kcal/mol
0.0000 0.1000 -7.8184 0.0752
0.1000 0.2000 -5.9912 0.0652
0.2000 0.3000 -5.0950 0.0559
0.3000 0.4000 -5.0842 0.0517
0.4000 0.5000 -5.0898 0.0539
0.5000 0.6000 -5.4266 0.0539
0.6000 0.7000 -5.5581 0.0557
0.7000 0.8000 -5.3599 0.0587
0.8000 0.9000 -4.2448 0.0737
0.9000 1.0000 -1.2379 0.1300
#PMF from MBAR in kcal/mol
0.0000 0.0000 0.0000
0.1000 -7.8184 0.0752
0.2000 -13.8096 0.1046
0.3000 -18.9046 0.1228
0.4000 -23.9888 0.1371
0.5000 -29.0786 0.1507
0.6000 -34.5053 0.1632
0.7000 -40.0634 0.1753
0.8000 -45.4233 0.1876
0.9000 -49.6682 0.2041
1.0000 -50.9061 0.2442
#TI average gradients and standard deviation in kcal/mol
0.0000 -99.4265 31.3028
0.1000 -65.1691 19.6089
0.2000 -54.4815 16.9941
0.3000 -50.2996 16.4191
0.4000 -50.1033 16.4960
0.5000 -52.9301 16.5816
0.6000 -55.1385 16.7549
0.7000 -56.0884 16.9122
0.8000 -50.8759 18.5617
0.9000 -32.1296 22.5884
1.0000 17.8942 33.2733
#PMF from TI in kcal/mol
0.0000 0.0000
0.1000 -8.2298
0.2000 -14.2123
0.3000 -19.4514
0.4000 -24.4715
0.5000 -29.6232
0.6000 -35.0266
0.7000 -40.5880
0.8000 -45.9362
0.9000 -50.0864
1.0000 -50.7982
#MBAR free energy difference in kcal/mol: 
-50.906099, 0.244158 
#TI free energy difference in kcal/mol: 
-50.798212  
Starting /export/users/common/BioSimSpace/sire.app/bin/analyse_freenrg: number of threads equals 32
