# Analysing data contained in file(s) ['lambda_0.0000/simfile.dat', 'lambda_0.1000/simfile.dat', 'lambda_0.2000/simfile.dat', 'lambda_0.3000/simfile.dat', 'lambda_0.4000/simfile.dat', 'lambda_0.5000/simfile.dat', 'lambda_0.6000/simfile.dat', 'lambda_0.7000/simfile.dat', 'lambda_0.8000/simfile.dat', 'lambda_0.9000/simfile.dat', 'lambda_1.0000/simfile.dat']
#Overlap matrix
0.7087 0.2588 0.0312 0.0012 0.0000 0.0000 0.0000 0.0000 0.0000 0.0000 0.0000
0.2588 0.4692 0.2376 0.0329 0.0015 0.0000 0.0000 0.0000 0.0000 0.0000 0.0000
0.0312 0.2376 0.4684 0.2340 0.0276 0.0010 0.0000 0.0000 0.0000 0.0000 0.0000
0.0012 0.0329 0.2340 0.5107 0.2101 0.0109 0.0002 0.0000 0.0000 0.0000 0.0000
0.0000 0.0015 0.0276 0.2101 0.6260 0.1325 0.0022 0.0000 0.0000 0.0000 0.0000
0.0000 0.0000 0.0010 0.0109 0.1325 0.7481 0.1062 0.0012 0.0000 0.0000 0.0000
0.0000 0.0000 0.0000 0.0002 0.0022 0.1062 0.7863 0.1040 0.0011 0.0000 0.0000
0.0000 0.0000 0.0000 0.0000 0.0000 0.0012 0.1040 0.7980 0.0963 0.0005 0.0000
0.0000 0.0000 0.0000 0.0000 0.0000 0.0000 0.0011 0.0963 0.8267 0.0758 0.0001
0.0000 0.0000 0.0000 0.0000 0.0000 0.0000 0.0000 0.0005 0.0758 0.8764 0.0474
0.0000 0.0000 0.0000 0.0000 0.0000 0.0000 0.0000 0.0000 0.0001 0.0474 0.9526
#DG from neighbouring lambda in kcal/mol
0.0000 0.1000 0.4350 0.0268
0.1000 0.2000 0.1755 0.0259
0.2000 0.3000 -0.0910 0.0265
0.3000 0.4000 0.2023 0.0316
0.4000 0.5000 0.8492 0.0486
0.5000 0.6000 0.7677 0.0589
0.6000 0.7000 0.3583 0.0601
0.7000 0.8000 0.2163 0.0633
0.8000 0.9000 0.5958 0.0736
0.9000 1.0000 3.5131 0.0964
#PMF from MBAR in kcal/mol
0.0000 0.0000 0.0000
0.1000 0.4350 0.0268
0.2000 0.6105 0.0447
0.3000 0.5195 0.0575
0.4000 0.7218 0.0700
0.5000 1.5710 0.0890
0.6000 2.3387 0.1105
0.7000 2.6970 0.1292
0.8000 2.9133 0.1469
0.9000 3.5091 0.1671
1.0000 7.0222 0.1953
#TI average gradients and standard deviation in kcal/mol
0.0000 -17.1330 10.9093
0.1000 2.5147 10.5422
0.2000 -0.6531 10.3226
0.3000 -1.3295 10.6222
0.4000 4.7614 14.2653
0.5000 9.1220 16.6199
0.6000 5.7009 18.4271
0.7000 3.0073 20.3145
0.8000 2.2226 19.5642
0.9000 13.1741 22.8568
1.0000 72.3122 26.4819
#PMF from TI in kcal/mol
0.0000 0.0000
0.1000 -0.7309
0.2000 -0.6378
0.3000 -0.7370
0.4000 -0.5654
0.5000 0.1288
0.6000 0.8699
0.7000 1.3054
0.8000 1.5669
0.9000 2.3367
1.0000 6.6110
#MBAR free energy difference in kcal/mol: 
7.022180, 0.195342 
#TI free energy difference in kcal/mol: 
6.611002  
Starting /export/users/common/BioSimSpace/sire.app/bin/analyse_freenrg: number of threads equals 32
