# Analysing data contained in file(s) ['lambda_0.0000/simfile.dat', 'lambda_0.1000/simfile.dat', 'lambda_0.2000/simfile.dat', 'lambda_0.3000/simfile.dat', 'lambda_0.4000/simfile.dat', 'lambda_0.5000/simfile.dat', 'lambda_0.6000/simfile.dat', 'lambda_0.7000/simfile.dat', 'lambda_0.8000/simfile.dat', 'lambda_0.9000/simfile.dat', 'lambda_1.0000/simfile.dat']
#Overlap matrix
0.8635 0.1364 0.0001 0.0000 0.0000 0.0000 0.0000 0.0000 0.0000 0.0000 0.0000
0.1364 0.7742 0.0890 0.0004 0.0000 0.0000 0.0000 0.0000 0.0000 0.0000 0.0000
0.0001 0.0890 0.7494 0.1595 0.0020 0.0000 0.0000 0.0000 0.0000 0.0000 0.0000
0.0000 0.0004 0.1595 0.6795 0.1567 0.0039 0.0000 0.0000 0.0000 0.0000 0.0000
0.0000 0.0000 0.0020 0.1567 0.6568 0.1814 0.0031 0.0000 0.0000 0.0000 0.0000
0.0000 0.0000 0.0000 0.0039 0.1814 0.7375 0.0772 0.0000 0.0000 0.0000 0.0000
0.0000 0.0000 0.0000 0.0000 0.0031 0.0772 0.9197 0.0000 0.0000 0.0000 0.0000
0.0000 0.0000 0.0000 0.0000 0.0000 0.0000 0.0000 0.9973 0.0027 0.0000 0.0000
0.0000 0.0000 0.0000 0.0000 0.0000 0.0000 0.0000 0.0027 0.9918 0.0055 0.0000
0.0000 0.0000 0.0000 0.0000 0.0000 0.0000 0.0000 0.0000 0.0055 0.9813 0.0132
0.0000 0.0000 0.0000 0.0000 0.0000 0.0000 0.0000 0.0000 0.0000 0.0132 0.9868
#DG from neighbouring lambda in kcal/mol
0.0000 0.1000 0.8938 0.0569
0.1000 0.2000 -2.3275 0.0747
0.2000 0.3000 -5.8342 0.0504
0.3000 0.4000 -8.9130 0.0503
0.4000 0.5000 -10.5083 0.0449
0.5000 0.6000 -3.8517 0.0798
0.6000 0.7000 17.2192 0.4087
0.7000 0.8000 4.5587 0.4757
0.8000 0.9000 4.1562 0.3304
0.9000 1.0000 3.3134 0.2122
#PMF from MBAR in kcal/mol
0.0000 0.0000 0.0000
0.1000 0.8938 0.0569
0.2000 -1.4338 0.1001
0.3000 -7.2680 0.1173
0.4000 -16.1811 0.1319
0.5000 -26.6894 0.1431
0.6000 -30.5411 0.1668
0.7000 -13.3219 0.4080
0.8000 -8.7632 0.2296
0.9000 -4.6070 0.2296
1.0000 -1.2936 0.2754
#TI average gradients and standard deviation in kcal/mol
0.0000 10.3925 14.8951
0.1000 -3.1314 18.6876
0.2000 -42.3705 16.6047
0.3000 -72.8773 14.7876
0.4000 -101.9129 14.0704
0.5000 -96.1997 15.7404
0.6000 61.9864 32.0797
0.7000 38.2243 37.2595
0.8000 45.4231 35.3926
0.9000 30.8887 33.2284
1.0000 42.3311 27.7658
#PMF from TI in kcal/mol
0.0000 0.0000
0.1000 0.3631
0.2000 -1.9120
0.3000 -7.6744
0.4000 -16.4140
0.5000 -26.3196
0.6000 -28.0302
0.7000 -23.0197
0.8000 -18.8373
0.9000 -15.0218
1.0000 -11.3608
#MBAR free energy difference in kcal/mol: 
-1.293630, 0.275426 
#TI free energy difference in kcal/mol: 
-11.360771  
Starting /export/users/common/BioSimSpace/sire.app/bin/analyse_freenrg: number of threads equals 32
