# Analysing data contained in file(s) ['lambda_0.0000/simfile.dat', 'lambda_0.1000/simfile.dat', 'lambda_0.2000/simfile.dat', 'lambda_0.3000/simfile.dat', 'lambda_0.4000/simfile.dat', 'lambda_0.5000/simfile.dat', 'lambda_0.6000/simfile.dat', 'lambda_0.7000/simfile.dat', 'lambda_0.8000/simfile.dat', 'lambda_0.9000/simfile.dat', 'lambda_1.0000/simfile.dat']
#Overlap matrix
0.9374 0.0626 0.0000 0.0000 0.0000 0.0000 0.0000 0.0000 0.0000 0.0000 0.0000
0.0626 0.8565 0.0809 0.0001 0.0000 0.0000 0.0000 0.0000 0.0000 0.0000 0.0000
0.0000 0.0809 0.8182 0.1007 0.0001 0.0000 0.0000 0.0000 0.0000 0.0000 0.0000
0.0000 0.0001 0.1007 0.8088 0.0904 0.0001 0.0000 0.0000 0.0000 0.0000 0.0000
0.0000 0.0000 0.0001 0.0904 0.8422 0.0673 0.0000 0.0000 0.0000 0.0000 0.0000
0.0000 0.0000 0.0000 0.0001 0.0673 0.8569 0.0756 0.0001 0.0000 0.0000 0.0000
0.0000 0.0000 0.0000 0.0000 0.0000 0.0756 0.8552 0.0691 0.0000 0.0000 0.0000
0.0000 0.0000 0.0000 0.0000 0.0000 0.0001 0.0691 0.8593 0.0714 0.0000 0.0000
0.0000 0.0000 0.0000 0.0000 0.0000 0.0000 0.0000 0.0714 0.8700 0.0585 0.0000
0.0000 0.0000 0.0000 0.0000 0.0000 0.0000 0.0000 0.0000 0.0585 0.9016 0.0399
0.0000 0.0000 0.0000 0.0000 0.0000 0.0000 0.0000 0.0000 0.0000 0.0399 0.9601
#DG from neighbouring lambda in kcal/mol
0.0000 0.1000 40.9297 0.0834
0.1000 0.2000 34.7998 0.0718
0.2000 0.3000 29.5556 0.0628
0.3000 0.4000 25.0644 0.0671
0.4000 0.5000 21.1074 0.0799
0.5000 0.6000 16.3998 0.0747
0.6000 0.7000 12.1247 0.0787
0.7000 0.8000 7.8830 0.0772
0.8000 0.9000 5.0995 0.0867
0.9000 1.0000 4.6800 0.1072
#PMF from MBAR in kcal/mol
0.0000 0.0000 0.0000
0.1000 40.9297 0.0834
0.2000 75.7294 0.1145
0.3000 105.2850 0.1343
0.4000 130.3494 0.1533
0.5000 151.4568 0.1757
0.6000 167.8566 0.1935
0.7000 179.9813 0.2112
0.8000 187.8643 0.2271
0.9000 192.9639 0.2451
1.0000 197.6439 0.2694
#TI average gradients and standard deviation in kcal/mol
0.0000 435.4761 25.6060
0.1000 376.5966 20.5866
0.2000 318.9206 18.8153
0.3000 270.1604 18.5413
0.4000 231.1390 20.1348
0.5000 187.9179 20.7063
0.6000 142.0047 20.3907
0.7000 99.8346 20.4352
0.8000 62.1920 21.5439
0.9000 42.8651 23.1992
1.0000 57.9362 26.4956
#PMF from TI in kcal/mol
0.0000 0.0000
0.1000 40.6036
0.2000 75.3795
0.3000 104.8335
0.4000 129.8985
0.5000 150.8514
0.6000 167.3475
0.7000 179.4395
0.8000 187.5408
0.9000 192.7936
1.0000 197.8337
#MBAR free energy difference in kcal/mol: 
197.643864, 0.269380 
#TI free energy difference in kcal/mol: 
197.833708  
Starting /export/users/common/BioSimSpace/sire.app/bin/analyse_freenrg: number of threads equals 32
