# Analysing data contained in file(s) ['lambda_0.0000/simfile.dat', 'lambda_0.1000/simfile.dat', 'lambda_0.2000/simfile.dat', 'lambda_0.3000/simfile.dat', 'lambda_0.4000/simfile.dat', 'lambda_0.5000/simfile.dat', 'lambda_0.6000/simfile.dat', 'lambda_0.7000/simfile.dat', 'lambda_0.8000/simfile.dat', 'lambda_0.9000/simfile.dat', 'lambda_1.0000/simfile.dat']
#Overlap matrix
0.8332 0.1662 0.0006 0.0000 0.0000 0.0000 0.0000 0.0000 0.0000 0.0000 0.0000
0.1662 0.7041 0.1283 0.0014 0.0000 0.0000 0.0000 0.0000 0.0000 0.0000 0.0000
0.0006 0.1283 0.7166 0.1507 0.0038 0.0001 0.0000 0.0000 0.0000 0.0000 0.0000
0.0000 0.0014 0.1507 0.6679 0.1758 0.0042 0.0000 0.0000 0.0000 0.0000 0.0000
0.0000 0.0000 0.0038 0.1758 0.7472 0.0729 0.0003 0.0000 0.0000 0.0000 0.0000
0.0000 0.0000 0.0001 0.0042 0.0729 0.8970 0.0259 0.0000 0.0000 0.0000 0.0000
0.0000 0.0000 0.0000 0.0000 0.0003 0.0259 0.9738 0.0000 0.0000 0.0000 0.0000
0.0000 0.0000 0.0000 0.0000 0.0000 0.0000 0.0000 0.9998 0.0002 0.0000 0.0000
0.0000 0.0000 0.0000 0.0000 0.0000 0.0000 0.0000 0.0002 0.9963 0.0035 0.0000
0.0000 0.0000 0.0000 0.0000 0.0000 0.0000 0.0000 0.0000 0.0035 0.9809 0.0156
0.0000 0.0000 0.0000 0.0000 0.0000 0.0000 0.0000 0.0000 0.0000 0.0156 0.9844
#DG from neighbouring lambda in kcal/mol
0.0000 0.1000 -1.5933 0.0487
0.1000 0.2000 -5.9606 0.0581
0.2000 0.3000 -10.7306 0.0512
0.3000 0.4000 -14.3455 0.0453
0.4000 0.5000 -14.0267 0.0806
0.5000 0.6000 -1.1234 0.1465
0.6000 0.7000 27.4952 1.2798
0.7000 0.8000 3.1397 1.6712
0.8000 0.9000 -0.2172 0.4093
0.9000 1.0000 0.5873 0.1920
#PMF from MBAR in kcal/mol
0.0000 0.0000 0.0000
0.1000 -1.5933 0.0487
0.2000 -7.5539 0.0831
0.3000 -18.2845 0.1031
0.4000 -32.6300 0.1171
0.5000 -46.6567 0.1451
0.6000 -47.7801 0.2085
0.7000 -20.2849 1.2740
0.8000 -17.1453 0.4754
0.9000 -17.3624 0.4754
1.0000 -16.7751 0.4950
#TI average gradients and standard deviation in kcal/mol
0.0000 -16.1528 13.8477
0.1000 -34.5717 17.1719
0.2000 -83.6027 15.2893
0.3000 -130.3695 14.2043
0.4000 -147.8971 17.2844
0.5000 -118.7385 19.3541
0.6000 144.2841 48.0731
0.7000 38.6294 49.7630
0.8000 21.5023 41.5003
0.9000 -3.7878 33.7287
1.0000 45.9948 27.1575
#PMF from TI in kcal/mol
0.0000 0.0000
0.1000 -2.5362
0.2000 -8.4449
0.3000 -19.1436
0.4000 -33.0569
0.5000 -46.3887
0.6000 -45.1114
0.7000 -35.9657
0.8000 -32.9591
0.9000 -32.0734
1.0000 -29.9631
#MBAR free energy difference in kcal/mol: 
-16.775079, 0.494979 
#TI free energy difference in kcal/mol: 
-29.963057  
Starting /export/users/common/BioSimSpace/sire.app/bin/analyse_freenrg: number of threads equals 32
