# Analysing data contained in file(s) ['lambda_0.0000/simfile.dat', 'lambda_0.1000/simfile.dat', 'lambda_0.2000/simfile.dat', 'lambda_0.3000/simfile.dat', 'lambda_0.4000/simfile.dat', 'lambda_0.5000/simfile.dat', 'lambda_0.6000/simfile.dat', 'lambda_0.7000/simfile.dat', 'lambda_0.8000/simfile.dat', 'lambda_0.9000/simfile.dat', 'lambda_1.0000/simfile.dat']
#Overlap matrix
0.9792 0.0208 0.0000 0.0000 0.0000 0.0000 0.0000 0.0000 0.0000 0.0000 0.0000
0.0208 0.9375 0.0417 0.0000 0.0000 0.0000 0.0000 0.0000 0.0000 0.0000 0.0000
0.0000 0.0417 0.9118 0.0466 0.0000 0.0000 0.0000 0.0000 0.0000 0.0000 0.0000
0.0000 0.0000 0.0466 0.9049 0.0486 0.0000 0.0000 0.0000 0.0000 0.0000 0.0000
0.0000 0.0000 0.0000 0.0486 0.8969 0.0546 0.0000 0.0000 0.0000 0.0000 0.0000
0.0000 0.0000 0.0000 0.0000 0.0546 0.8846 0.0608 0.0000 0.0000 0.0000 0.0000
0.0000 0.0000 0.0000 0.0000 0.0000 0.0608 0.8579 0.0813 0.0001 0.0000 0.0000
0.0000 0.0000 0.0000 0.0000 0.0000 0.0000 0.0813 0.8438 0.0749 0.0000 0.0000
0.0000 0.0000 0.0000 0.0000 0.0000 0.0000 0.0001 0.0749 0.8756 0.0495 0.0000
0.0000 0.0000 0.0000 0.0000 0.0000 0.0000 0.0000 0.0000 0.0495 0.9314 0.0191
0.0000 0.0000 0.0000 0.0000 0.0000 0.0000 0.0000 0.0000 0.0000 0.0191 0.9809
#DG from neighbouring lambda in kcal/mol
0.0000 0.1000 -0.8919 0.1638
0.1000 0.2000 0.9619 0.1132
0.2000 0.3000 0.6374 0.1065
0.3000 0.4000 0.1187 0.1041
0.4000 0.5000 -0.7093 0.0975
0.5000 0.6000 -1.3755 0.0917
0.6000 0.7000 -1.3669 0.0774
0.7000 0.8000 -0.9211 0.0813
0.8000 0.9000 -0.2170 0.1030
0.9000 1.0000 1.6611 0.1715
#PMF from MBAR in kcal/mol
0.0000 0.0000 0.0000
0.1000 -0.8919 0.1638
0.2000 0.0700 0.2020
0.3000 0.7074 0.2309
0.4000 0.8262 0.2556
0.5000 0.1169 0.2757
0.6000 -1.2587 0.2925
0.7000 -2.6255 0.3045
0.8000 -3.5466 0.3170
0.9000 -3.7636 0.3350
1.0000 -2.1025 0.3779
#TI average gradients and standard deviation in kcal/mol
0.0000 -41.3948 29.4420
0.1000 5.0987 25.8982
0.2000 10.5137 25.2476
0.3000 5.1138 22.5409
0.4000 -1.4357 22.5144
0.5000 -10.0239 22.1633
0.6000 -14.9127 19.9393
0.7000 -11.9791 19.8627
0.8000 -7.0291 21.2266
0.9000 5.6376 24.2297
1.0000 -193997524704.9130 8180203804843.6396
#PMF from TI in kcal/mol
0.0000 0.0000
0.1000 -1.8148
0.2000 -1.0342
0.3000 -0.2528
0.4000 -0.0689
0.5000 -0.6419
0.6000 -1.8887
0.7000 -3.2333
0.8000 -4.1837
0.9000 -4.2533
1.0000 -9699876239.2170
#MBAR free energy difference in kcal/mol: 
-2.102504, 0.377914 
#TI free energy difference in kcal/mol: 
-9699876239.217049  
Starting /export/users/common/BioSimSpace/sire.app/bin/analyse_freenrg: number of threads equals 32
