# Analysing data contained in file(s) ['lambda_0.0000/simfile.dat', 'lambda_0.1000/simfile.dat', 'lambda_0.2000/simfile.dat', 'lambda_0.3000/simfile.dat', 'lambda_0.4000/simfile.dat', 'lambda_0.5000/simfile.dat', 'lambda_0.6000/simfile.dat', 'lambda_0.7000/simfile.dat', 'lambda_0.8000/simfile.dat', 'lambda_0.9000/simfile.dat', 'lambda_1.0000/simfile.dat']
#Overlap matrix
0.9697 0.0303 0.0000 0.0000 0.0000 0.0000 0.0000 0.0000 0.0000 0.0000 0.0000
0.0303 0.9359 0.0338 0.0000 0.0000 0.0000 0.0000 0.0000 0.0000 0.0000 0.0000
0.0000 0.0338 0.9241 0.0421 0.0000 0.0000 0.0000 0.0000 0.0000 0.0000 0.0000
0.0000 0.0000 0.0421 0.9076 0.0504 0.0000 0.0000 0.0000 0.0000 0.0000 0.0000
0.0000 0.0000 0.0000 0.0504 0.8906 0.0590 0.0000 0.0000 0.0000 0.0000 0.0000
0.0000 0.0000 0.0000 0.0000 0.0590 0.8744 0.0666 0.0000 0.0000 0.0000 0.0000
0.0000 0.0000 0.0000 0.0000 0.0000 0.0666 0.8594 0.0739 0.0000 0.0000 0.0000
0.0000 0.0000 0.0000 0.0000 0.0000 0.0000 0.0739 0.8277 0.0983 0.0001 0.0000
0.0000 0.0000 0.0000 0.0000 0.0000 0.0000 0.0000 0.0983 0.8055 0.0962 0.0000
0.0000 0.0000 0.0000 0.0000 0.0000 0.0000 0.0000 0.0001 0.0962 0.8277 0.0761
0.0000 0.0000 0.0000 0.0000 0.0000 0.0000 0.0000 0.0000 0.0000 0.0761 0.9239
#DG from neighbouring lambda in kcal/mol
0.0000 0.1000 -1.6973 0.1377
0.1000 0.2000 -0.9599 0.1298
0.2000 0.3000 -0.5553 0.1154
0.3000 0.4000 -0.4130 0.1045
0.4000 0.5000 -0.4587 0.0956
0.5000 0.6000 -0.3470 0.0892
0.6000 0.7000 -0.5051 0.0839
0.7000 0.8000 -0.8609 0.0707
0.8000 0.9000 -1.0560 0.0716
0.9000 1.0000 -2.1290 0.0826
#PMF from MBAR in kcal/mol
0.0000 0.0000 0.0000
0.1000 -1.6973 0.1377
0.2000 -2.6571 0.1925
0.3000 -3.2124 0.2271
0.4000 -3.6254 0.2525
0.5000 -4.0841 0.2722
0.6000 -4.4312 0.2886
0.7000 -4.9363 0.3026
0.8000 -5.7971 0.3127
0.9000 -6.8531 0.3226
1.0000 -8.9822 0.3348
#TI average gradients and standard deviation in kcal/mol
0.0000 -20.3959 28.0111
0.1000 -10.8322 25.9335
0.2000 -5.1468 23.9120
0.3000 -4.3799 22.7435
0.4000 -4.1663 21.7316
0.5000 -5.0562 21.1738
0.6000 -3.6399 20.4056
0.7000 -6.8501 19.3479
0.8000 -10.0654 18.5484
0.9000 -15.6669 18.3587
1.0000 -33.2258 23.3014
#PMF from TI in kcal/mol
0.0000 0.0000
0.1000 -1.5614
0.2000 -2.3604
0.3000 -2.8367
0.4000 -3.2640
0.5000 -3.7251
0.6000 -4.1599
0.7000 -4.6844
0.8000 -5.5302
0.9000 -6.8168
1.0000 -9.2615
#MBAR free energy difference in kcal/mol: 
-8.982150, 0.334845 
#TI free energy difference in kcal/mol: 
-9.261453  
Starting /export/users/common/BioSimSpace/sire.app/bin/analyse_freenrg: number of threads equals 32
