# Analysing data contained in file(s) ['lambda_0.0000/simfile.dat', 'lambda_0.1000/simfile.dat', 'lambda_0.2000/simfile.dat', 'lambda_0.3000/simfile.dat', 'lambda_0.4000/simfile.dat', 'lambda_0.5000/simfile.dat', 'lambda_0.6000/simfile.dat', 'lambda_0.7000/simfile.dat', 'lambda_0.8000/simfile.dat', 'lambda_0.9000/simfile.dat', 'lambda_1.0000/simfile.dat']
#Overlap matrix
0.9397 0.0601 0.0001 0.0000 0.0000 0.0000 0.0000 0.0000 0.0000 0.0000 0.0000
0.0601 0.8344 0.1049 0.0006 0.0000 0.0000 0.0000 0.0000 0.0000 0.0000 0.0000
0.0001 0.1049 0.7620 0.1316 0.0014 0.0000 0.0000 0.0000 0.0000 0.0000 0.0000
0.0000 0.0006 0.1316 0.7080 0.1584 0.0015 0.0000 0.0000 0.0000 0.0000 0.0000
0.0000 0.0000 0.0014 0.1584 0.6914 0.1476 0.0012 0.0000 0.0000 0.0000 0.0000
0.0000 0.0000 0.0000 0.0015 0.1476 0.7023 0.1473 0.0013 0.0000 0.0000 0.0000
0.0000 0.0000 0.0000 0.0000 0.0012 0.1473 0.6978 0.1525 0.0013 0.0000 0.0000
0.0000 0.0000 0.0000 0.0000 0.0000 0.0013 0.1525 0.7028 0.1429 0.0005 0.0000
0.0000 0.0000 0.0000 0.0000 0.0000 0.0000 0.0013 0.1429 0.7426 0.1131 0.0001
0.0000 0.0000 0.0000 0.0000 0.0000 0.0000 0.0000 0.0005 0.1131 0.8183 0.0682
0.0000 0.0000 0.0000 0.0000 0.0000 0.0000 0.0000 0.0000 0.0001 0.0682 0.9317
#DG from neighbouring lambda in kcal/mol
0.0000 0.1000 2.0268 0.0924
0.1000 0.2000 2.4347 0.0662
0.2000 0.3000 1.2848 0.0567
0.3000 0.4000 -0.3954 0.0496
0.4000 0.5000 -2.6892 0.0522
0.5000 0.6000 -5.3586 0.0523
0.6000 0.7000 -8.0285 0.0510
0.7000 0.8000 -10.6623 0.0536
0.8000 0.9000 -13.6299 0.0631
0.9000 1.0000 -16.8709 0.0861
#PMF from MBAR in kcal/mol
0.0000 0.0000 0.0000
0.1000 2.0268 0.0924
0.2000 4.4615 0.1186
0.3000 5.7463 0.1357
0.4000 5.3509 0.1482
0.5000 2.6617 0.1606
0.6000 -2.6970 0.1722
0.7000 -10.7254 0.1826
0.8000 -21.3878 0.1932
0.9000 -35.0177 0.2060
1.0000 -51.8886 0.2258
#TI average gradients and standard deviation in kcal/mol
0.0000 11.6576 21.7568
0.1000 25.8633 19.7562
0.2000 21.4652 16.9841
0.3000 2.9812 15.2131
0.4000 -15.3924 15.2342
0.5000 -39.3425 15.8737
0.6000 -66.6420 15.9824
0.7000 -91.4064 15.7502
0.8000 -123.5336 16.4381
0.9000 -149.9559 17.8422
1.0000 -184.0081 22.2865
#PMF from TI in kcal/mol
0.0000 0.0000
0.1000 1.8760
0.2000 4.2425
0.3000 5.4648
0.4000 4.8442
0.5000 2.1075
0.6000 -3.1917
0.7000 -11.0942
0.8000 -21.8412
0.9000 -35.5156
1.0000 -52.2138
#MBAR free energy difference in kcal/mol: 
-51.888590, 0.225847 
#TI free energy difference in kcal/mol: 
-52.213837  
Starting /export/users/common/BioSimSpace/sire.app/bin/analyse_freenrg: number of threads equals 32
