# Analysing data contained in file(s) ['lambda_0.0000/simfile.dat', 'lambda_0.1000/simfile.dat', 'lambda_0.2000/simfile.dat', 'lambda_0.3000/simfile.dat', 'lambda_0.4000/simfile.dat', 'lambda_0.5000/simfile.dat', 'lambda_0.6000/simfile.dat', 'lambda_0.7000/simfile.dat', 'lambda_0.8000/simfile.dat', 'lambda_0.9000/simfile.dat', 'lambda_1.0000/simfile.dat']
#Overlap matrix
0.8338 0.1650 0.0012 0.0000 0.0000 0.0000 0.0000 0.0000 0.0000 0.0000 0.0000
0.1650 0.7014 0.1328 0.0007 0.0000 0.0000 0.0000 0.0000 0.0000 0.0000 0.0000
0.0012 0.1328 0.7377 0.1279 0.0003 0.0000 0.0000 0.0000 0.0000 0.0000 0.0000
0.0000 0.0007 0.1279 0.7558 0.1153 0.0002 0.0000 0.0000 0.0000 0.0000 0.0000
0.0000 0.0000 0.0003 0.1153 0.7882 0.0961 0.0001 0.0000 0.0000 0.0000 0.0000
0.0000 0.0000 0.0000 0.0002 0.0961 0.8311 0.0726 0.0000 0.0000 0.0000 0.0000
0.0000 0.0000 0.0000 0.0000 0.0001 0.0726 0.9055 0.0219 0.0000 0.0000 0.0000
0.0000 0.0000 0.0000 0.0000 0.0000 0.0000 0.0219 0.9781 0.0001 0.0000 0.0000
0.0000 0.0000 0.0000 0.0000 0.0000 0.0000 0.0000 0.0001 0.9853 0.0146 0.0000
0.0000 0.0000 0.0000 0.0000 0.0000 0.0000 0.0000 0.0000 0.0146 0.9722 0.0132
0.0000 0.0000 0.0000 0.0000 0.0000 0.0000 0.0000 0.0000 0.0000 0.0132 0.9868
#DG from neighbouring lambda in kcal/mol
0.0000 0.1000 0.7535 0.0467
0.1000 0.2000 -0.9532 0.0543
0.2000 0.3000 -3.2066 0.0559
0.3000 0.4000 -6.0249 0.0600
0.4000 0.5000 -8.9158 0.0675
0.5000 0.6000 -11.8654 0.0800
0.6000 0.7000 -15.1108 0.1542
0.7000 0.8000 -27.2038 2.8785
0.8000 0.9000 -38.7783 0.1900
0.9000 1.0000 -44.9069 0.2002
#PMF from MBAR in kcal/mol
0.0000 0.0000 0.0000
0.1000 0.7535 0.0467
0.2000 -0.1997 0.0785
0.3000 -3.4063 0.1016
0.4000 -9.4313 0.1224
0.5000 -18.3471 0.1436
0.6000 -30.2125 0.1676
0.7000 -45.3233 0.2301
0.8000 -72.5271 2.8878
0.9000 -111.3054 2.8943
1.0000 -156.2123 2.9014
#TI average gradients and standard deviation in kcal/mol
0.0000 11.8629 14.5080
0.1000 -0.1939 15.2176
0.2000 -19.6011 15.4697
0.3000 -44.4165 16.7315
0.4000 -74.0376 17.1658
0.5000 -106.2444 19.9868
0.6000 -131.1181 22.9752
0.7000 -178.5553 32.0009
0.8000 -356.8008 30.5757
0.9000 -418.2760 29.6459
1.0000 -472.1379 27.6751
#PMF from TI in kcal/mol
0.0000 0.0000
0.1000 0.5835
0.2000 -0.4063
0.3000 -3.6072
0.4000 -9.5299
0.5000 -18.5440
0.6000 -30.4121
0.7000 -45.8958
0.8000 -72.6636
0.9000 -111.4174
1.0000 -155.9381
#MBAR free energy difference in kcal/mol: 
-156.212325, 2.901384 
#TI free energy difference in kcal/mol: 
-155.938124  
Starting /export/users/common/BioSimSpace/sire.app/bin/analyse_freenrg: number of threads equals 32
