# Analysing data contained in file(s) ['lambda_0.0000/simfile.dat', 'lambda_0.1000/simfile.dat', 'lambda_0.2000/simfile.dat', 'lambda_0.3000/simfile.dat', 'lambda_0.4000/simfile.dat', 'lambda_0.5000/simfile.dat', 'lambda_0.6000/simfile.dat', 'lambda_0.7000/simfile.dat', 'lambda_0.8000/simfile.dat', 'lambda_0.9000/simfile.dat', 'lambda_1.0000/simfile.dat']
#Overlap matrix
0.9979 0.0021 0.0000 0.0000 0.0000 0.0000 0.0000 0.0000 0.0000 0.0000 0.0000
0.0021 0.9941 0.0038 0.0000 0.0000 0.0000 0.0000 0.0000 0.0000 0.0000 0.0000
0.0000 0.0038 0.9923 0.0038 0.0000 0.0000 0.0000 0.0000 0.0000 0.0000 0.0000
0.0000 0.0000 0.0038 0.9933 0.0029 0.0000 0.0000 0.0000 0.0000 0.0000 0.0000
0.0000 0.0000 0.0000 0.0029 0.9895 0.0077 0.0000 0.0000 0.0000 0.0000 0.0000
0.0000 0.0000 0.0000 0.0000 0.0077 0.9848 0.0076 0.0000 0.0000 0.0000 0.0000
0.0000 0.0000 0.0000 0.0000 0.0000 0.0076 0.9830 0.0094 0.0000 0.0000 0.0000
0.0000 0.0000 0.0000 0.0000 0.0000 0.0000 0.0094 0.9827 0.0079 0.0000 0.0000
0.0000 0.0000 0.0000 0.0000 0.0000 0.0000 0.0000 0.0079 0.9814 0.0107 0.0000
0.0000 0.0000 0.0000 0.0000 0.0000 0.0000 0.0000 0.0000 0.0107 0.9862 0.0031
0.0000 0.0000 0.0000 0.0000 0.0000 0.0000 0.0000 0.0000 0.0000 0.0031 0.9969
#DG from neighbouring lambda in kcal/mol
0.0000 0.1000 6.7954 0.6280
0.1000 0.2000 6.2244 0.4668
0.2000 0.3000 6.2206 0.4646
0.3000 0.4000 5.6214 0.5384
0.4000 0.5000 6.4113 0.3276
0.5000 0.6000 5.3653 0.3299
0.6000 0.7000 2.4465 0.2953
0.7000 0.8000 -0.1629 0.3221
0.8000 0.9000 -1.3541 0.2771
0.9000 1.0000 -3.1597 0.5158
#PMF from MBAR in kcal/mol
0.0000 0.0000 0.0000
0.1000 6.7954 0.6280
0.2000 13.0199 0.7836
0.3000 19.2405 0.9119
0.4000 24.8618 1.0598
0.5000 31.2731 1.1100
0.6000 36.6384 1.1587
0.7000 39.0849 1.1964
0.8000 38.9219 1.2397
0.9000 37.5678 1.2710
1.0000 34.4081 1.3723
#TI average gradients and standard deviation in kcal/mol
0.0000 56.0998 43.5433
0.1000 62.0493 33.3752
0.2000 59.5707 40.8697
0.3000 49.6060 25.5732
0.4000 56.3303 27.8183
0.5000 56.2120 20.9638
0.6000 43.7305 34.7485
0.7000 28.6415 27.7759
0.8000 -2.6327 35.4571
0.9000 -15.4925 44.5116
1.0000 -18.0879 34.4719
#PMF from TI in kcal/mol
0.0000 0.0000
0.1000 5.9075
0.2000 11.9885
0.3000 17.4473
0.4000 22.7441
0.5000 28.3712
0.6000 33.3683
0.7000 36.9869
0.8000 38.2874
0.9000 37.3811
1.0000 35.7021
#MBAR free energy difference in kcal/mol: 
34.408085, 1.372253 
#TI free energy difference in kcal/mol: 
35.702105  #WARNING SUBSAMPLING GRADIENTS RESULTED IN LESS THAN 50 SAMPLES, CONSIDER RERUN WITHOUT SUBSAMPLE OPTION 
Starting /export/users/common/BioSimSpace/sire.app/bin/analyse_freenrg: number of threads equals 32
