# Analysing data contained in file(s) ['lambda_0.0000/simfile.dat', 'lambda_0.1000/simfile.dat', 'lambda_0.2000/simfile.dat', 'lambda_0.3000/simfile.dat', 'lambda_0.4000/simfile.dat', 'lambda_0.5000/simfile.dat', 'lambda_0.6000/simfile.dat', 'lambda_0.7000/simfile.dat', 'lambda_0.8000/simfile.dat', 'lambda_0.9000/simfile.dat', 'lambda_1.0000/simfile.dat']
#Overlap matrix
0.8847 0.1149 0.0004 0.0000 0.0000 0.0000 0.0000 0.0000 0.0000 0.0000 0.0000
0.1149 0.7562 0.1282 0.0006 0.0000 0.0000 0.0000 0.0000 0.0000 0.0000 0.0000
0.0004 0.1282 0.7374 0.1326 0.0013 0.0000 0.0000 0.0000 0.0000 0.0000 0.0000
0.0000 0.0006 0.1326 0.7047 0.1604 0.0016 0.0000 0.0000 0.0000 0.0000 0.0000
0.0000 0.0000 0.0013 0.1604 0.6780 0.1579 0.0024 0.0000 0.0000 0.0000 0.0000
0.0000 0.0000 0.0000 0.0016 0.1579 0.6590 0.1748 0.0067 0.0000 0.0000 0.0000
0.0000 0.0000 0.0000 0.0000 0.0024 0.1748 0.6180 0.1979 0.0068 0.0001 0.0000
0.0000 0.0000 0.0000 0.0000 0.0000 0.0067 0.1979 0.5931 0.1910 0.0111 0.0002
0.0000 0.0000 0.0000 0.0000 0.0000 0.0000 0.0068 0.1910 0.5798 0.2112 0.0112
0.0000 0.0000 0.0000 0.0000 0.0000 0.0000 0.0001 0.0111 0.2112 0.5841 0.1935
0.0000 0.0000 0.0000 0.0000 0.0000 0.0000 0.0000 0.0002 0.0112 0.1935 0.7951
#DG from neighbouring lambda in kcal/mol
0.0000 0.1000 14.0350 0.0609
0.1000 0.2000 13.1150 0.0564
0.2000 0.3000 12.1423 0.0549
0.3000 0.4000 11.2967 0.0479
0.4000 0.5000 10.2707 0.0482
0.5000 0.6000 9.2218 0.0437
0.6000 0.7000 8.5367 0.0390
0.7000 0.8000 7.7042 0.0394
0.8000 0.9000 7.2685 0.0358
0.9000 1.0000 7.2384 0.0401
#PMF from MBAR in kcal/mol
0.0000 0.0000 0.0000
0.1000 14.0350 0.0609
0.2000 27.1500 0.0893
0.3000 39.2923 0.1098
0.4000 50.5890 0.1241
0.5000 60.8598 0.1370
0.6000 70.0815 0.1473
0.7000 78.6182 0.1554
0.8000 86.3224 0.1632
0.9000 93.5910 0.1696
1.0000 100.8294 0.1767
#TI average gradients and standard deviation in kcal/mol
0.0000 144.2958 17.8763
0.1000 136.0899 16.9784
0.2000 126.5661 15.8728
0.3000 116.7227 15.6681
0.4000 107.8000 15.0218
0.5000 98.1804 14.2252
0.6000 89.0807 13.0458
0.7000 81.1185 12.9819
0.8000 74.4089 12.0438
0.9000 71.9646 12.2893
1.0000 75.0210 14.0772
#PMF from TI in kcal/mol
0.0000 0.0000
0.1000 14.0193
0.2000 27.1521
0.3000 39.3165
0.4000 50.5427
0.5000 60.8417
0.6000 70.2047
0.7000 78.7147
0.8000 86.4911
0.9000 93.8097
1.0000 101.1590
#MBAR free energy difference in kcal/mol: 
100.829382, 0.176711 
#TI free energy difference in kcal/mol: 
101.159010  
Starting /export/users/common/BioSimSpace/sire.app/bin/analyse_freenrg: number of threads equals 32
