# Analysing data contained in file(s) ['lambda_0.0000/simfile.dat', 'lambda_0.1000/simfile.dat', 'lambda_0.2000/simfile.dat', 'lambda_0.3000/simfile.dat', 'lambda_0.4000/simfile.dat', 'lambda_0.5000/simfile.dat', 'lambda_0.6000/simfile.dat', 'lambda_0.7000/simfile.dat', 'lambda_0.8000/simfile.dat', 'lambda_0.9000/simfile.dat', 'lambda_1.0000/simfile.dat']
#Overlap matrix
0.9127 0.0871 0.0001 0.0000 0.0000 0.0000 0.0000 0.0000 0.0000 0.0000 0.0000
0.0871 0.8103 0.1023 0.0003 0.0000 0.0000 0.0000 0.0000 0.0000 0.0000 0.0000
0.0001 0.1023 0.7659 0.1310 0.0007 0.0000 0.0000 0.0000 0.0000 0.0000 0.0000
0.0000 0.0003 0.1310 0.7410 0.1265 0.0012 0.0000 0.0000 0.0000 0.0000 0.0000
0.0000 0.0000 0.0007 0.1265 0.7233 0.1476 0.0019 0.0000 0.0000 0.0000 0.0000
0.0000 0.0000 0.0000 0.0012 0.1476 0.6863 0.1611 0.0039 0.0000 0.0000 0.0000
0.0000 0.0000 0.0000 0.0000 0.0019 0.1611 0.6616 0.1709 0.0046 0.0000 0.0000
0.0000 0.0000 0.0000 0.0000 0.0000 0.0039 0.1709 0.6171 0.1990 0.0089 0.0001
0.0000 0.0000 0.0000 0.0000 0.0000 0.0000 0.0046 0.1990 0.5818 0.2017 0.0129
0.0000 0.0000 0.0000 0.0000 0.0000 0.0000 0.0000 0.0089 0.2017 0.5554 0.2340
0.0000 0.0000 0.0000 0.0000 0.0000 0.0000 0.0000 0.0001 0.0129 0.2340 0.7531
#DG from neighbouring lambda in kcal/mol
0.0000 0.1000 -0.4015 0.0828
0.1000 0.2000 -0.1878 0.0748
0.2000 0.3000 -0.0251 0.0635
0.3000 0.4000 0.0445 0.0647
0.4000 0.5000 0.0643 0.0580
0.5000 0.6000 0.0231 0.0538
0.6000 0.7000 0.0925 0.0509
0.7000 0.8000 -0.1163 0.0443
0.8000 0.9000 -0.1440 0.0425
0.9000 1.0000 -0.1542 0.0386
#PMF from MBAR in kcal/mol
0.0000 0.0000 0.0000
0.1000 -0.4015 0.0828
0.2000 -0.5893 0.1178
0.3000 -0.6144 0.1390
0.4000 -0.5699 0.1578
0.5000 -0.5057 0.1721
0.6000 -0.4826 0.1840
0.7000 -0.3900 0.1942
0.8000 -0.5063 0.2023
0.9000 -0.6503 0.2096
1.0000 -0.8045 0.2157
#TI average gradients and standard deviation in kcal/mol
0.0000 -4.9940 20.3278
0.1000 -1.6487 18.9939
0.2000 -1.2650 17.6681
0.3000 0.5847 16.7168
0.4000 0.1845 15.5554
0.5000 0.1227 15.4788
0.6000 1.0229 14.1334
0.7000 -0.4266 13.9241
0.8000 -0.7578 12.2425
0.9000 -2.4042 11.6924
1.0000 -0.3114 11.5867
#PMF from TI in kcal/mol
0.0000 0.0000
0.1000 -0.3321
0.2000 -0.4778
0.3000 -0.5118
0.4000 -0.4734
0.5000 -0.4580
0.6000 -0.4007
0.7000 -0.3709
0.8000 -0.4301
0.9000 -0.5882
1.0000 -0.7240
#MBAR free energy difference in kcal/mol: 
-0.804535, 0.215720 
#TI free energy difference in kcal/mol: 
-0.724012  
Starting /export/users/common/BioSimSpace/sire.app/bin/analyse_freenrg: number of threads equals 32
