# Analysing data contained in file(s) ['lambda_0.0000/simfile.dat', 'lambda_0.1000/simfile.dat', 'lambda_0.2000/simfile.dat', 'lambda_0.3000/simfile.dat', 'lambda_0.4000/simfile.dat', 'lambda_0.5000/simfile.dat', 'lambda_0.6000/simfile.dat', 'lambda_0.7000/simfile.dat', 'lambda_0.8000/simfile.dat', 'lambda_0.9000/simfile.dat', 'lambda_1.0000/simfile.dat']
#Overlap matrix
0.6349 0.2924 0.0658 0.0066 0.0003 0.0000 0.0000 0.0000 0.0000 0.0000 0.0000
0.2924 0.3987 0.2439 0.0597 0.0051 0.0001 0.0000 0.0000 0.0000 0.0000 0.0000
0.0658 0.2439 0.3914 0.2422 0.0529 0.0037 0.0001 0.0000 0.0000 0.0000 0.0000
0.0066 0.0597 0.2422 0.4006 0.2416 0.0471 0.0023 0.0000 0.0000 0.0000 0.0000
0.0003 0.0051 0.0529 0.2416 0.4219 0.2413 0.0357 0.0013 0.0000 0.0000 0.0000
0.0000 0.0001 0.0037 0.0471 0.2413 0.4404 0.2360 0.0306 0.0008 0.0000 0.0000
0.0000 0.0000 0.0001 0.0023 0.0357 0.2360 0.4713 0.2299 0.0243 0.0004 0.0000
0.0000 0.0000 0.0000 0.0000 0.0013 0.0306 0.2299 0.4916 0.2279 0.0185 0.0002
0.0000 0.0000 0.0000 0.0000 0.0000 0.0008 0.0243 0.2279 0.5102 0.2250 0.0118
0.0000 0.0000 0.0000 0.0000 0.0000 0.0000 0.0004 0.0185 0.2250 0.5513 0.2048
0.0000 0.0000 0.0000 0.0000 0.0000 0.0000 0.0000 0.0002 0.0118 0.2048 0.7832
#DG from neighbouring lambda in kcal/mol
0.0000 0.1000 0.3135 0.0242
0.1000 0.2000 0.1614 0.0240
0.2000 0.3000 0.0450 0.0248
0.3000 0.4000 -0.0550 0.0262
0.4000 0.5000 -0.1508 0.0281
0.5000 0.6000 -0.3338 0.0306
0.6000 0.7000 -0.5547 0.0328
0.7000 0.8000 -0.8461 0.0346
0.8000 0.9000 -1.2314 0.0366
0.9000 1.0000 -1.8280 0.0426
#PMF from MBAR in kcal/mol
0.0000 0.0000 0.0000
0.1000 0.3135 0.0242
0.2000 0.4749 0.0422
0.3000 0.5200 0.0557
0.4000 0.4649 0.0674
0.5000 0.3141 0.0782
0.6000 -0.0197 0.0890
0.7000 -0.5744 0.0995
0.8000 -1.4205 0.1098
0.9000 -2.6519 0.1201
1.0000 -4.4800 0.1317
#TI average gradients and standard deviation in kcal/mol
0.0000 3.3457 7.7394
0.1000 2.4781 8.1044
0.2000 1.5464 8.2027
0.3000 0.0599 8.3435
0.4000 -1.3548 8.9467
0.5000 -2.5492 9.7276
0.6000 -4.3613 9.9691
0.7000 -6.6298 10.2755
0.8000 -9.7213 10.9560
0.9000 -14.1479 12.2161
1.0000 -21.9473 13.2176
#PMF from TI in kcal/mol
0.0000 0.0000
0.1000 0.2912
0.2000 0.4924
0.3000 0.5727
0.4000 0.5080
0.5000 0.3128
0.6000 -0.0327
0.7000 -0.5823
0.8000 -1.3999
0.9000 -2.5933
1.0000 -4.3981
#MBAR free energy difference in kcal/mol: 
-4.479961, 0.131677 
#TI free energy difference in kcal/mol: 
-4.398073  
Starting /export/users/common/BioSimSpace/sire.app/bin/analyse_freenrg: number of threads equals 32
