# Analysing data contained in file(s) ['lambda_0.0000/simfile.dat', 'lambda_0.1000/simfile.dat', 'lambda_0.2000/simfile.dat', 'lambda_0.3000/simfile.dat', 'lambda_0.4000/simfile.dat', 'lambda_0.5000/simfile.dat', 'lambda_0.6000/simfile.dat', 'lambda_0.7000/simfile.dat', 'lambda_0.8000/simfile.dat', 'lambda_0.9000/simfile.dat', 'lambda_1.0000/simfile.dat']
#Overlap matrix
0.9971 0.0029 0.0000 0.0000 0.0000 0.0000 0.0000 0.0000 0.0000 0.0000 0.0000
0.0029 0.9557 0.0414 0.0000 0.0000 0.0000 0.0000 0.0000 0.0000 0.0000 0.0000
0.0000 0.0414 0.8691 0.0895 0.0001 0.0000 0.0000 0.0000 0.0000 0.0000 0.0000
0.0000 0.0000 0.0895 0.7927 0.1171 0.0007 0.0000 0.0000 0.0000 0.0000 0.0000
0.0000 0.0000 0.0001 0.1171 0.7172 0.1621 0.0035 0.0000 0.0000 0.0000 0.0000
0.0000 0.0000 0.0000 0.0007 0.1621 0.6446 0.1925 0.0002 0.0000 0.0000 0.0000
0.0000 0.0000 0.0000 0.0000 0.0035 0.1925 0.7798 0.0242 0.0000 0.0000 0.0000
0.0000 0.0000 0.0000 0.0000 0.0000 0.0002 0.0242 0.8570 0.1186 0.0000 0.0000
0.0000 0.0000 0.0000 0.0000 0.0000 0.0000 0.0000 0.1186 0.8344 0.0470 0.0000
0.0000 0.0000 0.0000 0.0000 0.0000 0.0000 0.0000 0.0000 0.0470 0.9529 0.0000
0.0000 0.0000 0.0000 0.0000 0.0000 0.0000 0.0000 0.0000 0.0000 0.0000 1.0000
#DG from neighbouring lambda in kcal/mol
0.0000 0.1000 24.9285 0.4226
0.1000 0.2000 12.7843 0.1075
0.2000 0.3000 7.0066 0.0691
0.3000 0.4000 3.3497 0.0581
0.4000 0.5000 0.9358 0.0458
0.5000 0.6000 -0.1811 0.0402
0.6000 0.7000 -2.2765 0.1427
0.7000 0.8000 -6.6769 0.0579
0.8000 0.9000 -10.5162 0.1002
0.9000 1.0000 -76.7215 0.1643
#PMF from MBAR in kcal/mol
0.0000 0.0000 0.0000
0.1000 24.9285 0.4226
0.2000 37.7128 0.4372
0.3000 44.7194 0.4438
0.4000 48.0691 0.4488
0.5000 49.0049 0.4522
0.6000 48.8238 0.4550
0.7000 46.5473 0.4779
0.8000 39.8704 0.4825
0.9000 29.3542 0.4938
1.0000 -47.3673 0.4011
#TI average gradients and standard deviation in kcal/mol
0.0000 349.4720 38.9893
0.1000 171.7211 26.9552
0.2000 94.2518 15.7647
0.3000 43.6743 19.6537
0.4000 23.1848 13.9476
0.5000 4.8049 11.5250
0.6000 -5.6774 13.8173
0.7000 -53.5369 13.3667
0.8000 -80.3916 21.8944
0.9000 -136.6278 24.0416
1.0000 -1901.0442 512.8501
#PMF from TI in kcal/mol
0.0000 0.0000
0.1000 26.0597
0.2000 39.3583
0.3000 46.2546
0.4000 49.5976
0.5000 50.9970
0.6000 50.9534
0.7000 47.9927
0.8000 41.2963
0.9000 30.4453
1.0000 -71.4383
#MBAR free energy difference in kcal/mol: 
-47.367275, 0.401113 
#TI free energy difference in kcal/mol: 
-71.438296  #WARNING SUBSAMPLING GRADIENTS RESULTED IN LESS THAN 50 SAMPLES, CONSIDER RERUN WITHOUT SUBSAMPLE OPTION 
Starting /export/users/common/BioSimSpace/sire.app/bin/analyse_freenrg: number of threads equals 32
