# Analysing data contained in file(s) ['lambda_0.0000/simfile.dat', 'lambda_0.1000/simfile.dat', 'lambda_0.2000/simfile.dat', 'lambda_0.3000/simfile.dat', 'lambda_0.4000/simfile.dat', 'lambda_0.5000/simfile.dat', 'lambda_0.6000/simfile.dat', 'lambda_0.7000/simfile.dat', 'lambda_0.8000/simfile.dat', 'lambda_0.9000/simfile.dat', 'lambda_1.0000/simfile.dat']
#Overlap matrix
0.8131 0.1802 0.0066 0.0001 0.0000 0.0000 0.0000 0.0000 0.0000 0.0000 0.0000
0.1802 0.6031 0.2023 0.0142 0.0002 0.0000 0.0000 0.0000 0.0000 0.0000 0.0000
0.0066 0.2023 0.5554 0.2200 0.0155 0.0002 0.0000 0.0000 0.0000 0.0000 0.0000
0.0001 0.0142 0.2200 0.5359 0.2145 0.0152 0.0002 0.0000 0.0000 0.0000 0.0000
0.0000 0.0002 0.0155 0.2145 0.5474 0.2108 0.0115 0.0001 0.0000 0.0000 0.0000
0.0000 0.0000 0.0002 0.0152 0.2108 0.5606 0.2029 0.0102 0.0001 0.0000 0.0000
0.0000 0.0000 0.0000 0.0002 0.0115 0.2029 0.5886 0.1902 0.0067 0.0000 0.0000
0.0000 0.0000 0.0000 0.0000 0.0001 0.0102 0.1902 0.6248 0.1718 0.0030 0.0000
0.0000 0.0000 0.0000 0.0000 0.0000 0.0001 0.0067 0.1718 0.6808 0.1396 0.0010
0.0000 0.0000 0.0000 0.0000 0.0000 0.0000 0.0000 0.0030 0.1396 0.7571 0.1004
0.0000 0.0000 0.0000 0.0000 0.0000 0.0000 0.0000 0.0000 0.0010 0.1004 0.8986
#DG from neighbouring lambda in kcal/mol
0.0000 0.1000 3.7947 0.0447
0.1000 0.2000 3.3114 0.0385
0.2000 0.3000 2.7727 0.0347
0.3000 0.4000 2.0406 0.0354
0.4000 0.5000 1.2853 0.0364
0.5000 0.6000 0.4143 0.0383
0.6000 0.7000 -0.3348 0.0411
0.7000 0.8000 -0.9506 0.0457
0.8000 0.9000 -1.1993 0.0543
0.9000 1.0000 -0.4263 0.0684
#PMF from MBAR in kcal/mol
0.0000 0.0000 0.0000
0.1000 3.7947 0.0447
0.2000 7.1061 0.0669
0.3000 9.8788 0.0811
0.4000 11.9193 0.0933
0.5000 13.2046 0.1045
0.6000 13.6189 0.1154
0.7000 13.2841 0.1263
0.8000 12.3335 0.1379
0.9000 11.1342 0.1517
1.0000 10.7079 0.1697
#TI average gradients and standard deviation in kcal/mol
0.0000 34.5344 21.8775
0.1000 36.0635 12.9764
0.2000 30.5959 12.4352
0.3000 23.9020 10.9540
0.4000 16.3546 12.1063
0.5000 9.2737 12.2410
0.6000 -0.6200 12.9467
0.7000 -7.4090 13.7528
0.8000 -11.9390 14.6679
0.9000 -11.7270 16.1263
1.0000 8.0600 20.3751
#PMF from TI in kcal/mol
0.0000 0.0000
0.1000 3.5299
0.2000 6.8629
0.3000 9.5878
0.4000 11.6006
0.5000 12.8820
0.6000 13.3147
0.7000 12.9132
0.8000 11.9458
0.9000 10.7625
1.0000 10.5792
#MBAR free energy difference in kcal/mol: 
10.707866, 0.169731 
#TI free energy difference in kcal/mol: 
10.579173  
Starting /export/users/common/BioSimSpace/sire.app/bin/analyse_freenrg: number of threads equals 32
