# Analysing data contained in file(s) ['lambda_0.0000/simfile.dat', 'lambda_0.1000/simfile.dat', 'lambda_0.2000/simfile.dat', 'lambda_0.3000/simfile.dat', 'lambda_0.4000/simfile.dat', 'lambda_0.5000/simfile.dat', 'lambda_0.6000/simfile.dat', 'lambda_0.7000/simfile.dat', 'lambda_0.8000/simfile.dat', 'lambda_0.9000/simfile.dat', 'lambda_1.0000/simfile.dat']
#Overlap matrix
0.8829 0.1162 0.0009 0.0000 0.0000 0.0000 0.0000 0.0000 0.0000 0.0000 0.0000
0.1162 0.7225 0.1587 0.0026 0.0000 0.0000 0.0000 0.0000 0.0000 0.0000 0.0000
0.0009 0.1587 0.6666 0.1712 0.0025 0.0000 0.0000 0.0000 0.0000 0.0000 0.0000
0.0000 0.0026 0.1712 0.6584 0.1644 0.0034 0.0000 0.0000 0.0000 0.0000 0.0000
0.0000 0.0000 0.0025 0.1644 0.6488 0.1797 0.0046 0.0000 0.0000 0.0000 0.0000
0.0000 0.0000 0.0000 0.0034 0.1797 0.6303 0.1829 0.0038 0.0000 0.0000 0.0000
0.0000 0.0000 0.0000 0.0000 0.0046 0.1829 0.6487 0.1611 0.0026 0.0000 0.0000
0.0000 0.0000 0.0000 0.0000 0.0000 0.0038 0.1611 0.6692 0.1639 0.0020 0.0000
0.0000 0.0000 0.0000 0.0000 0.0000 0.0000 0.0026 0.1639 0.7014 0.1315 0.0006
0.0000 0.0000 0.0000 0.0000 0.0000 0.0000 0.0000 0.0020 0.1315 0.7536 0.1130
0.0000 0.0000 0.0000 0.0000 0.0000 0.0000 0.0000 0.0000 0.0006 0.1130 0.8864
#DG from neighbouring lambda in kcal/mol
0.0000 0.1000 -3.3300 0.0636
0.1000 0.2000 -3.9133 0.0508
0.2000 0.3000 -3.8205 0.0477
0.3000 0.4000 -3.7408 0.0490
0.4000 0.5000 -3.4296 0.0454
0.5000 0.6000 -2.7565 0.0447
0.6000 0.7000 -1.9834 0.0496
0.7000 0.8000 -1.1641 0.0494
0.8000 0.9000 0.1286 0.0581
0.9000 1.0000 1.5236 0.0649
#PMF from MBAR in kcal/mol
0.0000 0.0000 0.0000
0.1000 -3.3300 0.0636
0.2000 -7.2433 0.0883
0.3000 -11.0638 0.1059
0.4000 -14.8046 0.1214
0.5000 -18.2342 0.1338
0.6000 -20.9907 0.1449
0.7000 -22.9740 0.1567
0.8000 -24.1382 0.1677
0.9000 -24.0096 0.1806
1.0000 -22.4860 0.1950
#TI average gradients and standard deviation in kcal/mol
0.0000 -27.1266 18.6608
0.1000 -38.4609 15.3810
0.2000 -39.2576 14.8288
0.3000 -38.1470 14.5198
0.4000 -36.8448 14.1344
0.5000 -30.3691 13.9784
0.6000 -23.3766 14.4137
0.7000 -17.8637 14.3634
0.8000 -5.9413 15.7127
0.9000 7.5825 17.0964
1.0000 26.0619 18.6030
#PMF from TI in kcal/mol
0.0000 0.0000
0.1000 -3.2794
0.2000 -7.1653
0.3000 -11.0355
0.4000 -14.7851
0.5000 -18.1458
0.6000 -20.8331
0.7000 -22.8951
0.8000 -24.0854
0.9000 -24.0033
1.0000 -22.3211
#MBAR free energy difference in kcal/mol: 
-22.485967, 0.194987 
#TI free energy difference in kcal/mol: 
-22.321087  
Starting /export/users/common/BioSimSpace/sire.app/bin/analyse_freenrg: number of threads equals 32
