# Analysing data contained in file(s) ['lambda_0.0000/simfile.dat', 'lambda_0.1000/simfile.dat', 'lambda_0.2000/simfile.dat', 'lambda_0.3000/simfile.dat', 'lambda_0.4000/simfile.dat', 'lambda_0.5000/simfile.dat', 'lambda_0.6000/simfile.dat', 'lambda_0.7000/simfile.dat', 'lambda_0.8000/simfile.dat', 'lambda_0.9000/simfile.dat', 'lambda_1.0000/simfile.dat']
#Overlap matrix
0.9257 0.0743 0.0000 0.0000 0.0000 0.0000 0.0000 0.0000 0.0000 0.0000 0.0000
0.0743 0.8383 0.0873 0.0001 0.0000 0.0000 0.0000 0.0000 0.0000 0.0000 0.0000
0.0000 0.0873 0.8257 0.0869 0.0000 0.0000 0.0000 0.0000 0.0000 0.0000 0.0000
0.0000 0.0001 0.0869 0.9014 0.0116 0.0000 0.0000 0.0000 0.0000 0.0000 0.0000
0.0000 0.0000 0.0000 0.0116 0.9049 0.0833 0.0001 0.0000 0.0000 0.0000 0.0000
0.0000 0.0000 0.0000 0.0000 0.0833 0.7890 0.1271 0.0006 0.0000 0.0000 0.0000
0.0000 0.0000 0.0000 0.0000 0.0001 0.1271 0.7342 0.1382 0.0004 0.0000 0.0000
0.0000 0.0000 0.0000 0.0000 0.0000 0.0006 0.1382 0.7551 0.1061 0.0000 0.0000
0.0000 0.0000 0.0000 0.0000 0.0000 0.0000 0.0004 0.1061 0.8644 0.0291 0.0000
0.0000 0.0000 0.0000 0.0000 0.0000 0.0000 0.0000 0.0000 0.0291 0.9708 0.0001
0.0000 0.0000 0.0000 0.0000 0.0000 0.0000 0.0000 0.0000 0.0000 0.0001 0.9999
#DG from neighbouring lambda in kcal/mol
0.0000 0.1000 24.1405 0.0770
0.1000 0.2000 19.6006 0.0699
0.2000 0.3000 15.4295 0.0701
0.3000 0.4000 6.7764 0.2088
0.4000 0.5000 -1.0984 0.0718
0.5000 0.6000 -4.9025 0.0549
0.6000 0.7000 -7.8130 0.0518
0.7000 0.8000 -10.9151 0.0618
0.8000 0.9000 -16.6778 0.1294
0.9000 1.0000 -33.6078 2.0962
#PMF from MBAR in kcal/mol
0.0000 0.0000 0.0000
0.1000 24.1405 0.0770
0.2000 43.7411 0.1088
0.3000 59.1706 0.1333
0.4000 65.9470 0.2498
0.5000 64.8486 0.2619
0.6000 59.9461 0.2695
0.7000 52.1331 0.2763
0.8000 41.2180 0.2849
0.9000 24.5402 0.3145
1.0000 -9.0676 2.1199
#TI average gradients and standard deviation in kcal/mol
0.0000 263.1519 21.5470
0.1000 217.4343 20.7407
0.2000 175.3932 19.1375
0.3000 129.0444 22.6966
0.4000 15.5924 22.8181
0.5000 -32.6904 17.9921
0.6000 -64.4297 15.8568
0.7000 -92.5943 16.5174
0.8000 -130.3454 21.0082
0.9000 -218.5766 31.5077
1.0000 -492.5951 51.6504
#PMF from TI in kcal/mol
0.0000 0.0000
0.1000 24.0293
0.2000 43.6707
0.3000 58.8926
0.4000 66.1244
0.5000 65.2695
0.6000 60.4135
0.7000 52.5623
0.8000 41.4153
0.9000 23.9692
1.0000 -11.5894
#MBAR free energy difference in kcal/mol: 
-9.067617, 2.119939 
#TI free energy difference in kcal/mol: 
-11.589379  
Starting /export/users/common/BioSimSpace/sire.app/bin/analyse_freenrg: number of threads equals 32
