# Analysing data contained in file(s) ['lambda_0.0000/simfile.dat', 'lambda_0.1000/simfile.dat', 'lambda_0.2000/simfile.dat', 'lambda_0.3000/simfile.dat', 'lambda_0.4000/simfile.dat', 'lambda_0.5000/simfile.dat', 'lambda_0.6000/simfile.dat', 'lambda_0.7000/simfile.dat', 'lambda_0.8000/simfile.dat', 'lambda_0.9000/simfile.dat', 'lambda_1.0000/simfile.dat']
#Overlap matrix
0.7309 0.2427 0.0256 0.0008 0.0000 0.0000 0.0000 0.0000 0.0000 0.0000 0.0000
0.2427 0.5008 0.2273 0.0280 0.0012 0.0000 0.0000 0.0000 0.0000 0.0000 0.0000
0.0256 0.2273 0.4749 0.2350 0.0355 0.0018 0.0000 0.0000 0.0000 0.0000 0.0000
0.0008 0.0280 0.2350 0.4500 0.2450 0.0395 0.0017 0.0000 0.0000 0.0000 0.0000
0.0000 0.0012 0.0355 0.2450 0.4473 0.2339 0.0351 0.0020 0.0000 0.0000 0.0000
0.0000 0.0000 0.0018 0.0395 0.2339 0.4382 0.2398 0.0443 0.0026 0.0000 0.0000
0.0000 0.0000 0.0000 0.0017 0.0351 0.2398 0.4334 0.2442 0.0435 0.0023 0.0000
0.0000 0.0000 0.0000 0.0000 0.0020 0.0443 0.2442 0.4299 0.2398 0.0383 0.0016
0.0000 0.0000 0.0000 0.0000 0.0000 0.0026 0.0435 0.2398 0.4480 0.2372 0.0288
0.0000 0.0000 0.0000 0.0000 0.0000 0.0000 0.0023 0.0383 0.2372 0.4844 0.2377
0.0000 0.0000 0.0000 0.0000 0.0000 0.0000 0.0000 0.0016 0.0288 0.2377 0.7319
#DG from neighbouring lambda in kcal/mol
0.0000 0.1000 -2.7668 0.0303
0.1000 0.2000 -2.3062 0.0290
0.2000 0.3000 -1.9259 0.0271
0.3000 0.4000 -1.5362 0.0250
0.4000 0.5000 -1.1932 0.0261
0.5000 0.6000 -0.9821 0.0250
0.6000 0.7000 -0.6695 0.0238
0.7000 0.8000 -0.3330 0.0248
0.8000 0.9000 0.0751 0.0265
0.9000 1.0000 0.6472 0.0305
#PMF from MBAR in kcal/mol
0.0000 0.0000 0.0000
0.1000 -2.7668 0.0303
0.2000 -5.0730 0.0494
0.3000 -6.9989 0.0622
0.4000 -8.5351 0.0717
0.5000 -9.7283 0.0803
0.6000 -10.7104 0.0880
0.7000 -11.3799 0.0944
0.8000 -11.7129 0.1007
0.9000 -11.6378 0.1071
1.0000 -10.9906 0.1144
#TI average gradients and standard deviation in kcal/mol
0.0000 -30.6427 11.1456
0.1000 -25.5178 10.5833
0.2000 -21.9286 10.2851
0.3000 -17.0153 9.7428
0.4000 -14.0109 9.3420
0.5000 -10.5584 9.5628
0.6000 -7.8466 9.5036
0.7000 -5.2929 9.2321
0.8000 -1.6144 9.3027
0.9000 3.8633 10.1514
1.0000 10.7341 11.3273
#PMF from TI in kcal/mol
0.0000 0.0000
0.1000 -2.8080
0.2000 -5.1803
0.3000 -7.1275
0.4000 -8.6788
0.5000 -9.9073
0.6000 -10.8276
0.7000 -11.4845
0.8000 -11.8299
0.9000 -11.7175
1.0000 -10.9876
#MBAR free energy difference in kcal/mol: 
-10.990597, 0.114408 
#TI free energy difference in kcal/mol: 
-10.987578  
Starting /export/users/common/BioSimSpace/sire.app/bin/analyse_freenrg: number of threads equals 32
