# Analysing data contained in file(s) ['lambda_0.0000/simfile.dat', 'lambda_0.1000/simfile.dat', 'lambda_0.2000/simfile.dat', 'lambda_0.3000/simfile.dat', 'lambda_0.4000/simfile.dat', 'lambda_0.5000/simfile.dat', 'lambda_0.6000/simfile.dat', 'lambda_0.7000/simfile.dat', 'lambda_0.8000/simfile.dat', 'lambda_0.9000/simfile.dat', 'lambda_1.0000/simfile.dat']
#Overlap matrix
0.9487 0.0513 0.0000 0.0000 0.0000 0.0000 0.0000 0.0000 0.0000 0.0000 0.0000
0.0513 0.8842 0.0644 0.0001 0.0000 0.0000 0.0000 0.0000 0.0000 0.0000 0.0000
0.0000 0.0644 0.8478 0.0875 0.0003 0.0000 0.0000 0.0000 0.0000 0.0000 0.0000
0.0000 0.0001 0.0875 0.7957 0.1160 0.0007 0.0000 0.0000 0.0000 0.0000 0.0000
0.0000 0.0000 0.0003 0.1160 0.7628 0.1198 0.0010 0.0000 0.0000 0.0000 0.0000
0.0000 0.0000 0.0000 0.0007 0.1198 0.7324 0.1436 0.0034 0.0000 0.0000 0.0000
0.0000 0.0000 0.0000 0.0000 0.0010 0.1436 0.6630 0.1844 0.0079 0.0001 0.0000
0.0000 0.0000 0.0000 0.0000 0.0000 0.0034 0.1844 0.5968 0.2065 0.0088 0.0001
0.0000 0.0000 0.0000 0.0000 0.0000 0.0000 0.0079 0.2065 0.5722 0.2005 0.0128
0.0000 0.0000 0.0000 0.0000 0.0000 0.0000 0.0001 0.0088 0.2005 0.5590 0.2316
0.0000 0.0000 0.0000 0.0000 0.0000 0.0000 0.0000 0.0001 0.0128 0.2316 0.7555
#DG from neighbouring lambda in kcal/mol
0.0000 0.1000 -1.3442 0.0991
0.1000 0.2000 -0.0666 0.0871
0.2000 0.3000 0.5102 0.0726
0.3000 0.4000 0.7042 0.0606
0.4000 0.5000 0.6956 0.0591
0.5000 0.6000 0.5167 0.0517
0.6000 0.7000 0.6605 0.0418
0.7000 0.8000 0.8141 0.0374
0.8000 0.9000 0.6060 0.0376
0.9000 1.0000 0.4419 0.0344
#PMF from MBAR in kcal/mol
0.0000 0.0000 0.0000
0.1000 -1.3442 0.0991
0.2000 -1.4107 0.1360
0.3000 -0.9006 0.1577
0.4000 -0.1964 0.1722
0.5000 0.4991 0.1850
0.6000 1.0158 0.1948
0.7000 1.6763 0.2017
0.8000 2.4904 0.2074
0.9000 3.0964 0.2129
1.0000 3.5383 0.2177
#TI average gradients and standard deviation in kcal/mol
0.0000 -22.5048 24.7015
0.1000 -3.8401 21.1997
0.2000 2.8680 19.5315
0.3000 6.0556 18.4207
0.4000 8.4183 16.8693
0.5000 6.1400 16.5563
0.6000 7.0037 15.1461
0.7000 7.9348 12.9739
0.8000 6.4650 13.2721
0.9000 4.6456 12.5072
1.0000 13.6672 11.5691
#PMF from TI in kcal/mol
0.0000 0.0000
0.1000 -1.3172
0.2000 -1.3658
0.3000 -0.9197
0.4000 -0.1960
0.5000 0.5319
0.6000 1.1891
0.7000 1.9360
0.8000 2.6560
0.9000 3.2116
1.0000 4.1272
#MBAR free energy difference in kcal/mol: 
3.538255, 0.217681 
#TI free energy difference in kcal/mol: 
4.127217  
Starting /export/users/common/BioSimSpace/sire.app/bin/analyse_freenrg: number of threads equals 32
