# Analysing data contained in file(s) ['lambda_0.0000/simfile.dat', 'lambda_0.1000/simfile.dat', 'lambda_0.2000/simfile.dat', 'lambda_0.3000/simfile.dat', 'lambda_0.4000/simfile.dat', 'lambda_0.5000/simfile.dat', 'lambda_0.6000/simfile.dat', 'lambda_0.7000/simfile.dat', 'lambda_0.8000/simfile.dat', 'lambda_0.9000/simfile.dat', 'lambda_1.0000/simfile.dat']
#Overlap matrix
0.8587 0.1382 0.0031 0.0000 0.0000 0.0000 0.0000 0.0000 0.0000 0.0000 0.0000
0.1382 0.6766 0.1825 0.0027 0.0000 0.0000 0.0000 0.0000 0.0000 0.0000 0.0000
0.0031 0.1825 0.6514 0.1589 0.0040 0.0000 0.0000 0.0000 0.0000 0.0000 0.0000
0.0000 0.0027 0.1589 0.6483 0.1850 0.0050 0.0000 0.0000 0.0000 0.0000 0.0000
0.0000 0.0000 0.0040 0.1850 0.6688 0.1397 0.0025 0.0000 0.0000 0.0000 0.0000
0.0000 0.0000 0.0000 0.0050 0.1397 0.7532 0.1017 0.0004 0.0000 0.0000 0.0000
0.0000 0.0000 0.0000 0.0000 0.0025 0.1017 0.8547 0.0411 0.0000 0.0000 0.0000
0.0000 0.0000 0.0000 0.0000 0.0000 0.0004 0.0411 0.9349 0.0236 0.0000 0.0000
0.0000 0.0000 0.0000 0.0000 0.0000 0.0000 0.0000 0.0236 0.9415 0.0349 0.0000
0.0000 0.0000 0.0000 0.0000 0.0000 0.0000 0.0000 0.0000 0.0349 0.9249 0.0402
0.0000 0.0000 0.0000 0.0000 0.0000 0.0000 0.0000 0.0000 0.0000 0.0402 0.9598
#DG from neighbouring lambda in kcal/mol
0.0000 0.1000 1.6788 0.0522
0.1000 0.2000 -0.3180 0.0422
0.2000 0.3000 -2.8301 0.0466
0.3000 0.4000 -5.1388 0.0412
0.4000 0.5000 -6.3494 0.0508
0.5000 0.6000 -6.3912 0.0637
0.6000 0.7000 -4.8831 0.1088
0.7000 0.8000 -4.9928 0.1473
0.8000 0.9000 -5.6062 0.1196
0.9000 1.0000 -4.4427 0.1109
#PMF from MBAR in kcal/mol
0.0000 0.0000 0.0000
0.1000 1.6788 0.0522
0.2000 1.3608 0.0739
0.3000 -1.4693 0.0928
0.4000 -6.6080 0.1060
0.5000 -12.9575 0.1213
0.6000 -19.3486 0.1402
0.7000 -24.2317 0.1802
0.8000 -29.2246 0.2350
0.9000 -34.8308 0.2657
1.0000 -39.2735 0.2897
#TI average gradients and standard deviation in kcal/mol
0.0000 20.3049 16.7310
0.1000 7.2414 10.1808
0.2000 -22.4338 13.4866
0.3000 -45.0759 10.8085
0.4000 -56.8462 12.1595
0.5000 -60.2774 17.2999
0.6000 -61.9392 20.7846
0.7000 -53.7072 22.0999
0.8000 -57.6171 21.2177
0.9000 -53.5614 24.6499
1.0000 -28.6116 26.6403
#PMF from TI in kcal/mol
0.0000 0.0000
0.1000 1.3773
0.2000 0.6177
0.3000 -2.7578
0.4000 -7.8539
0.5000 -13.7101
0.6000 -19.8209
0.7000 -25.6032
0.8000 -31.1694
0.9000 -36.7284
1.0000 -40.8370
#MBAR free energy difference in kcal/mol: 
-39.273514, 0.289746 
#TI free energy difference in kcal/mol: 
-40.837014  #WARNING SUBSAMPLING GRADIENTS RESULTED IN LESS THAN 50 SAMPLES, CONSIDER RERUN WITHOUT SUBSAMPLE OPTION 
Starting /export/users/common/BioSimSpace/sire.app/bin/analyse_freenrg: number of threads equals 32
