# Analysing data contained in file(s) ['lambda_0.0000/simfile.dat', 'lambda_0.1000/simfile.dat', 'lambda_0.2000/simfile.dat', 'lambda_0.3000/simfile.dat', 'lambda_0.4000/simfile.dat', 'lambda_0.5000/simfile.dat', 'lambda_0.6000/simfile.dat', 'lambda_0.7000/simfile.dat', 'lambda_0.8000/simfile.dat', 'lambda_0.9000/simfile.dat', 'lambda_1.0000/simfile.dat']
#Overlap matrix
0.8246 0.1746 0.0008 0.0000 0.0000 0.0000 0.0000 0.0000 0.0000 0.0000 0.0000
0.1746 0.6827 0.1386 0.0039 0.0001 0.0001 0.0000 0.0000 0.0000 0.0000 0.0000
0.0008 0.1386 0.6229 0.2111 0.0259 0.0007 0.0000 0.0000 0.0000 0.0000 0.0000
0.0000 0.0039 0.2111 0.5276 0.2573 0.0001 0.0000 0.0000 0.0000 0.0000 0.0000
0.0000 0.0001 0.0259 0.2573 0.7160 0.0005 0.0000 0.0000 0.0000 0.0000 0.0000
0.0000 0.0001 0.0007 0.0001 0.0005 0.9633 0.0352 0.0001 0.0000 0.0000 0.0000
0.0000 0.0000 0.0000 0.0000 0.0000 0.0352 0.9273 0.0374 0.0000 0.0000 0.0000
0.0000 0.0000 0.0000 0.0000 0.0000 0.0001 0.0374 0.9333 0.0293 0.0000 0.0000
0.0000 0.0000 0.0000 0.0000 0.0000 0.0000 0.0000 0.0293 0.9317 0.0390 0.0000
0.0000 0.0000 0.0000 0.0000 0.0000 0.0000 0.0000 0.0000 0.0390 0.9194 0.0416
0.0000 0.0000 0.0000 0.0000 0.0000 0.0000 0.0000 0.0000 0.0000 0.0416 0.9583
#DG from neighbouring lambda in kcal/mol
0.0000 0.1000 14.1945 0.0525
0.1000 0.2000 8.4325 0.0608
0.2000 0.3000 3.4676 0.0403
0.3000 0.4000 4.0206 0.0341
0.4000 0.5000 13.3036 0.7224
0.5000 0.6000 3.8441 0.1399
0.6000 0.7000 2.8633 0.1355
0.7000 0.8000 0.9653 0.1546
0.8000 0.9000 -1.2064 0.1325
0.9000 1.0000 -2.2525 0.1279
#PMF from MBAR in kcal/mol
0.0000 0.0000 0.0000
0.1000 14.1945 0.0525
0.2000 22.6270 0.0888
0.3000 26.0946 0.1041
0.4000 30.1152 0.1136
0.5000 43.4188 0.7278
0.6000 47.2629 0.7421
0.7000 50.1262 0.7553
0.8000 51.0915 0.7719
0.9000 49.8851 0.7842
1.0000 47.6326 0.7954
#TI average gradients and standard deviation in kcal/mol
0.0000 152.9337 10.9979
0.1000 115.1630 17.8256
0.2000 55.4630 12.7784
0.3000 21.3654 10.3644
0.4000 95.5675 15.5549
0.5000 63.3678 37.1087
0.6000 29.6760 24.6966
0.7000 19.6748 25.3382
0.8000 0.4438 25.2500
0.9000 -20.3509 21.4100
1.0000 -20.3673 23.3755
#PMF from TI in kcal/mol
0.0000 0.0000
0.1000 13.4048
0.2000 21.9361
0.3000 25.7776
0.4000 31.6242
0.5000 39.5710
0.6000 44.2232
0.7000 46.6907
0.8000 47.6966
0.9000 46.7013
1.0000 44.6654
#MBAR free energy difference in kcal/mol: 
47.632640, 0.795444 
#TI free energy difference in kcal/mol: 
44.665350  
Starting /export/users/common/BioSimSpace/sire.app/bin/analyse_freenrg: number of threads equals 32
