# Analysing data contained in file(s) ['lambda_0.0000/simfile.dat', 'lambda_0.1000/simfile.dat', 'lambda_0.2000/simfile.dat', 'lambda_0.3000/simfile.dat', 'lambda_0.4000/simfile.dat', 'lambda_0.5000/simfile.dat', 'lambda_0.6000/simfile.dat', 'lambda_0.7000/simfile.dat', 'lambda_0.8000/simfile.dat', 'lambda_0.9000/simfile.dat', 'lambda_1.0000/simfile.dat']
#Overlap matrix
0.7597 0.2158 0.0231 0.0014 0.0000 0.0000 0.0000 0.0000 0.0000 0.0000 0.0000
0.2158 0.5202 0.2251 0.0365 0.0024 0.0001 0.0000 0.0000 0.0000 0.0000 0.0000
0.0231 0.2251 0.4604 0.2442 0.0444 0.0027 0.0001 0.0000 0.0000 0.0000 0.0000
0.0014 0.0365 0.2442 0.4290 0.2422 0.0439 0.0027 0.0001 0.0000 0.0000 0.0000
0.0000 0.0024 0.0444 0.2422 0.4260 0.2368 0.0449 0.0031 0.0001 0.0000 0.0000
0.0000 0.0001 0.0027 0.0439 0.2368 0.4186 0.2466 0.0486 0.0027 0.0000 0.0000
0.0000 0.0000 0.0001 0.0027 0.0449 0.2466 0.4248 0.2381 0.0406 0.0022 0.0000
0.0000 0.0000 0.0000 0.0001 0.0031 0.0486 0.2381 0.4257 0.2416 0.0407 0.0022
0.0000 0.0000 0.0000 0.0000 0.0001 0.0027 0.0406 0.2416 0.4335 0.2392 0.0424
0.0000 0.0000 0.0000 0.0000 0.0000 0.0000 0.0022 0.0407 0.2392 0.4482 0.2697
0.0000 0.0000 0.0000 0.0000 0.0000 0.0000 0.0000 0.0022 0.0424 0.2697 0.6857
#DG from neighbouring lambda in kcal/mol
0.0000 0.1000 5.4479 0.0362
0.1000 0.2000 4.7564 0.0305
0.2000 0.3000 3.5102 0.0260
0.3000 0.4000 1.9626 0.0255
0.4000 0.5000 0.2532 0.0260
0.5000 0.6000 -1.4768 0.0246
0.6000 0.7000 -3.1716 0.0259
0.7000 0.8000 -4.9607 0.0262
0.8000 0.9000 -6.7485 0.0266
0.9000 1.0000 -8.5088 0.0273
#PMF from MBAR in kcal/mol
0.0000 0.0000 0.0000
0.1000 5.4479 0.0362
0.2000 10.2043 0.0548
0.3000 13.7145 0.0662
0.4000 15.6771 0.0756
0.5000 15.9302 0.0842
0.6000 14.4535 0.0916
0.7000 11.2818 0.0986
0.8000 6.3211 0.1055
0.9000 -0.4273 0.1120
1.0000 -8.9361 0.1183
#TI average gradients and standard deviation in kcal/mol
0.0000 55.0490 12.9135
0.1000 52.7532 11.1971
0.2000 41.8959 9.6474
0.3000 27.8015 9.3315
0.4000 11.2122 9.1504
0.5000 -6.4581 9.5117
0.6000 -23.4452 9.0263
0.7000 -40.5228 9.5840
0.8000 -58.6062 9.3239
0.9000 -76.6283 9.9042
1.0000 -91.0538 10.3497
#PMF from TI in kcal/mol
0.0000 0.0000
0.1000 5.3901
0.2000 10.1226
0.3000 13.6074
0.4000 15.5581
0.5000 15.7958
0.6000 14.3007
0.7000 11.1023
0.8000 6.1458
0.9000 -0.6159
1.0000 -9.0000
#MBAR free energy difference in kcal/mol: 
-8.936093, 0.118292 
#TI free energy difference in kcal/mol: 
-9.000016  
Starting /export/users/common/BioSimSpace/sire.app/bin/analyse_freenrg: number of threads equals 32
