# Analysing data contained in file(s) ['lambda_0.0000/simfile.dat', 'lambda_0.1000/simfile.dat', 'lambda_0.2000/simfile.dat', 'lambda_0.3000/simfile.dat', 'lambda_0.4000/simfile.dat', 'lambda_0.5000/simfile.dat', 'lambda_0.6000/simfile.dat', 'lambda_0.7000/simfile.dat', 'lambda_0.8000/simfile.dat', 'lambda_0.9000/simfile.dat', 'lambda_1.0000/simfile.dat']
#Overlap matrix
0.8102 0.1762 0.0131 0.0006 0.0000 0.0000 0.0000 0.0000 0.0000 0.0000 0.0000
0.1762 0.5779 0.2190 0.0257 0.0012 0.0000 0.0000 0.0000 0.0000 0.0000 0.0000
0.0131 0.2190 0.5073 0.2291 0.0302 0.0014 0.0000 0.0000 0.0000 0.0000 0.0000
0.0006 0.0257 0.2291 0.4720 0.2381 0.0332 0.0013 0.0000 0.0000 0.0000 0.0000
0.0000 0.0012 0.0302 0.2381 0.4663 0.2318 0.0312 0.0011 0.0000 0.0000 0.0000
0.0000 0.0000 0.0014 0.0332 0.2318 0.4667 0.2353 0.0305 0.0010 0.0000 0.0000
0.0000 0.0000 0.0000 0.0013 0.0312 0.2353 0.4643 0.2370 0.0301 0.0007 0.0000
0.0000 0.0000 0.0000 0.0000 0.0011 0.0305 0.2370 0.4739 0.2350 0.0223 0.0001
0.0000 0.0000 0.0000 0.0000 0.0000 0.0010 0.0301 0.2350 0.5073 0.2205 0.0060
0.0000 0.0000 0.0000 0.0000 0.0000 0.0000 0.0007 0.0223 0.2205 0.5926 0.1639
0.0000 0.0000 0.0000 0.0000 0.0000 0.0000 0.0000 0.0001 0.0060 0.1639 0.8300
#DG from neighbouring lambda in kcal/mol
0.0000 0.1000 -4.4722 0.0423
0.1000 0.2000 -1.9069 0.0322
0.2000 0.3000 -0.2696 0.0290
0.3000 0.4000 0.8731 0.0272
0.4000 0.5000 1.8297 0.0278
0.5000 0.6000 2.6784 0.0277
0.6000 0.7000 3.4605 0.0277
0.7000 0.8000 4.2623 0.0288
0.8000 0.9000 4.9636 0.0333
0.9000 1.0000 4.9572 0.0460
#PMF from MBAR in kcal/mol
0.0000 0.0000 0.0000
0.1000 -4.4722 0.0423
0.2000 -6.3792 0.0601
0.3000 -6.6487 0.0718
0.4000 -5.7756 0.0812
0.5000 -3.9460 0.0897
0.6000 -1.2676 0.0975
0.7000 2.1929 0.1048
0.8000 6.4552 0.1119
0.9000 11.4189 0.1200
1.0000 16.3761 0.1321
#TI average gradients and standard deviation in kcal/mol
0.0000 -64.5465 15.6908
0.1000 -31.3177 12.5514
0.2000 -8.8308 10.2661
0.3000 3.6629 10.1698
0.4000 14.3224 10.0696
0.5000 22.9659 9.9211
0.6000 31.7707 10.6408
0.7000 39.7463 9.4837
0.8000 47.7923 10.5831
0.9000 51.7800 12.5451
1.0000 48.7593 17.9255
#PMF from TI in kcal/mol
0.0000 0.0000
0.1000 -4.7932
0.2000 -6.8006
0.3000 -7.0590
0.4000 -6.1598
0.5000 -4.2953
0.6000 -1.5585
0.7000 2.0173
0.8000 6.3943
0.9000 11.3729
1.0000 16.3999
#MBAR free energy difference in kcal/mol: 
16.376113, 0.132128 
#TI free energy difference in kcal/mol: 
16.399851  
Starting /export/users/common/BioSimSpace/sire.app/bin/analyse_freenrg: number of threads equals 32
