# Analysing data contained in file(s) ['lambda_0.0000/simfile.dat', 'lambda_0.1000/simfile.dat', 'lambda_0.2000/simfile.dat', 'lambda_0.3000/simfile.dat', 'lambda_0.4000/simfile.dat', 'lambda_0.5000/simfile.dat', 'lambda_0.6000/simfile.dat', 'lambda_0.7000/simfile.dat', 'lambda_0.8000/simfile.dat', 'lambda_0.9000/simfile.dat', 'lambda_1.0000/simfile.dat']
#Overlap matrix
0.3455 0.2458 0.1639 0.1051 0.0647 0.0378 0.0205 0.0101 0.0044 0.0017 0.0005
0.2458 0.2169 0.1748 0.1320 0.0938 0.0622 0.0379 0.0209 0.0101 0.0042 0.0015
0.1639 0.1748 0.1688 0.1487 0.1208 0.0904 0.0618 0.0378 0.0202 0.0092 0.0035
0.1051 0.1320 0.1487 0.1502 0.1380 0.1159 0.0884 0.0602 0.0358 0.0181 0.0077
0.0647 0.0938 0.1208 0.1380 0.1424 0.1340 0.1142 0.0868 0.0575 0.0325 0.0154
0.0378 0.0622 0.0904 0.1159 0.1340 0.1409 0.1345 0.1148 0.0855 0.0545 0.0295
0.0205 0.0379 0.0618 0.0884 0.1142 0.1345 0.1444 0.1393 0.1182 0.0866 0.0543
0.0101 0.0209 0.0378 0.0602 0.0868 0.1148 0.1393 0.1535 0.1507 0.1295 0.0965
0.0044 0.0101 0.0202 0.0358 0.0575 0.0855 0.1182 0.1507 0.1745 0.1798 0.1633
0.0017 0.0042 0.0092 0.0181 0.0325 0.0545 0.0866 0.1295 0.1798 0.2270 0.2570
0.0005 0.0015 0.0035 0.0077 0.0154 0.0295 0.0543 0.0965 0.1633 0.2570 0.3708
#DG from neighbouring lambda in kcal/mol
0.0000 0.1000 1.4638 0.0075
0.1000 0.2000 1.3259 0.0060
0.2000 0.3000 1.1876 0.0050
0.3000 0.4000 1.0711 0.0046
0.4000 0.5000 0.9676 0.0045
0.5000 0.6000 0.8670 0.0047
0.6000 0.7000 0.7605 0.0051
0.7000 0.8000 0.6412 0.0057
0.8000 0.9000 0.5079 0.0067
0.9000 1.0000 0.3674 0.0083
#PMF from MBAR in kcal/mol
0.0000 0.0000 0.0000
0.1000 1.4638 0.0075
0.2000 2.7897 0.0129
0.3000 3.9773 0.0169
0.4000 5.0484 0.0201
0.5000 6.0160 0.0228
0.6000 6.8830 0.0253
0.7000 7.6435 0.0278
0.8000 8.2847 0.0305
0.9000 8.7926 0.0334
1.0000 9.1600 0.0369
#TI average gradients and standard deviation in kcal/mol
0.0000 15.1002 3.2117
0.1000 13.8497 3.2042
0.2000 12.5923 3.1206
0.3000 11.1261 2.8133
0.4000 10.3484 2.7975
0.5000 9.3526 2.8512
0.6000 8.1580 2.9333
0.7000 7.0460 3.2028
0.8000 6.0441 3.3848
0.9000 4.4559 3.5354
1.0000 3.2748 3.4207
#PMF from TI in kcal/mol
0.0000 0.0000
0.1000 1.4475
0.2000 2.7696
0.3000 3.9555
0.4000 5.0292
0.5000 6.0143
0.6000 6.8898
0.7000 7.6500
0.8000 8.3045
0.9000 8.8295
1.0000 9.2161
#MBAR free energy difference in kcal/mol: 
9.159962, 0.036933 
#TI free energy difference in kcal/mol: 
9.216052  
Starting /export/users/common/BioSimSpace/sire.app/bin/analyse_freenrg: number of threads equals 32
