# Analysing data contained in file(s) ['lambda_0.0000/simfile.dat', 'lambda_0.1000/simfile.dat', 'lambda_0.2000/simfile.dat', 'lambda_0.3000/simfile.dat', 'lambda_0.4000/simfile.dat', 'lambda_0.5000/simfile.dat', 'lambda_0.6000/simfile.dat', 'lambda_0.7000/simfile.dat', 'lambda_0.8000/simfile.dat', 'lambda_0.9000/simfile.dat', 'lambda_1.0000/simfile.dat']
#Overlap matrix
0.9940 0.0060 0.0000 0.0000 0.0000 0.0000 0.0000 0.0000 0.0000 0.0000 0.0000
0.0060 0.9832 0.0108 0.0000 0.0000 0.0000 0.0000 0.0000 0.0000 0.0000 0.0000
0.0000 0.0108 0.9764 0.0129 0.0000 0.0000 0.0000 0.0000 0.0000 0.0000 0.0000
0.0000 0.0000 0.0129 0.9764 0.0108 0.0000 0.0000 0.0000 0.0000 0.0000 0.0000
0.0000 0.0000 0.0000 0.0108 0.9820 0.0073 0.0000 0.0000 0.0000 0.0000 0.0000
0.0000 0.0000 0.0000 0.0000 0.0073 0.9870 0.0057 0.0000 0.0000 0.0000 0.0000
0.0000 0.0000 0.0000 0.0000 0.0000 0.0057 0.9886 0.0057 0.0000 0.0000 0.0000
0.0000 0.0000 0.0000 0.0000 0.0000 0.0000 0.0057 0.9871 0.0072 0.0000 0.0000
0.0000 0.0000 0.0000 0.0000 0.0000 0.0000 0.0000 0.0072 0.9870 0.0058 0.0000
0.0000 0.0000 0.0000 0.0000 0.0000 0.0000 0.0000 0.0000 0.0058 0.9908 0.0034
0.0000 0.0000 0.0000 0.0000 0.0000 0.0000 0.0000 0.0000 0.0000 0.0034 0.9966
#DG from neighbouring lambda in kcal/mol
0.0000 0.1000 -1.5736 0.3315
0.1000 0.2000 -2.3091 0.2460
0.2000 0.3000 -3.1392 0.2247
0.3000 0.4000 -2.6495 0.2462
0.4000 0.5000 -0.9995 0.3006
0.5000 0.6000 -0.6938 0.3406
0.6000 0.7000 -1.1241 0.3389
0.7000 0.8000 -1.7363 0.3030
0.8000 0.9000 -1.4036 0.3364
0.9000 1.0000 0.6313 0.4403
#PMF from MBAR in kcal/mol
0.0000 0.0000 0.0000
0.1000 -1.5736 0.3315
0.2000 -3.8827 0.4145
0.3000 -7.0219 0.4728
0.4000 -9.6714 0.5344
0.5000 -10.6709 0.6142
0.6000 -11.3646 0.7033
0.7000 -12.4887 0.7815
0.8000 -14.2250 0.8390
0.9000 -15.6286 0.9047
1.0000 -14.9973 1.0068
#TI average gradients and standard deviation in kcal/mol
0.0000 262326470.8099 11418152566.9116
0.1000 -21.5394 30.2105
0.2000 -27.2310 30.3739
0.3000 -30.2191 29.6684
0.4000 -17.0554 30.5082
0.5000 -9.9427 32.8477
0.6000 -14.4587 33.4477
0.7000 -19.3763 31.4991
0.8000 -17.3368 32.7551
0.9000 -6.5514 32.7483
1.0000 20.7119 35.5389
#PMF from TI in kcal/mol
0.0000 0.0000
0.1000 13116322.4635
0.2000 13116320.0250
0.3000 13116317.1525
0.4000 13116314.7888
0.5000 13116313.4389
0.6000 13116312.2188
0.7000 13116310.5271
0.8000 13116308.6914
0.9000 13116307.4970
1.0000 13116308.2050
#MBAR free energy difference in kcal/mol: 
-14.997269, 1.006824 
#TI free energy difference in kcal/mol: 
13116308.205015  
Starting /export/users/common/BioSimSpace/sire.app/bin/analyse_freenrg: number of threads equals 32
