# Analysing data contained in file(s) ['lambda_0.0000/simfile.dat', 'lambda_0.1000/simfile.dat', 'lambda_0.2000/simfile.dat', 'lambda_0.3000/simfile.dat', 'lambda_0.4000/simfile.dat', 'lambda_0.5000/simfile.dat', 'lambda_0.6000/simfile.dat', 'lambda_0.7000/simfile.dat', 'lambda_0.8000/simfile.dat', 'lambda_0.9000/simfile.dat', 'lambda_1.0000/simfile.dat']
#Overlap matrix
0.9380 0.0620 0.0000 0.0000 0.0000 0.0000 0.0000 0.0000 0.0000 0.0000 0.0000
0.0620 0.8624 0.0755 0.0000 0.0000 0.0000 0.0000 0.0000 0.0000 0.0000 0.0000
0.0000 0.0755 0.8395 0.0849 0.0001 0.0000 0.0000 0.0000 0.0000 0.0000 0.0000
0.0000 0.0000 0.0849 0.8300 0.0850 0.0001 0.0000 0.0000 0.0000 0.0000 0.0000
0.0000 0.0000 0.0001 0.0850 0.8208 0.0940 0.0001 0.0000 0.0000 0.0000 0.0000
0.0000 0.0000 0.0000 0.0001 0.0940 0.8146 0.0912 0.0002 0.0000 0.0000 0.0000
0.0000 0.0000 0.0000 0.0000 0.0001 0.0912 0.8241 0.0845 0.0001 0.0000 0.0000
0.0000 0.0000 0.0000 0.0000 0.0000 0.0002 0.0845 0.8309 0.0844 0.0001 0.0000
0.0000 0.0000 0.0000 0.0000 0.0000 0.0000 0.0001 0.0844 0.8329 0.0825 0.0001
0.0000 0.0000 0.0000 0.0000 0.0000 0.0000 0.0000 0.0001 0.0825 0.8509 0.0665
0.0000 0.0000 0.0000 0.0000 0.0000 0.0000 0.0000 0.0000 0.0001 0.0665 0.9335
#DG from neighbouring lambda in kcal/mol
0.0000 0.1000 0.8837 0.0971
0.1000 0.2000 0.8868 0.0866
0.2000 0.3000 0.6503 0.0808
0.3000 0.4000 0.1796 0.0807
0.4000 0.5000 -0.5001 0.0759
0.5000 0.6000 -0.7727 0.0772
0.6000 0.7000 -1.1085 0.0809
0.7000 0.8000 -1.8910 0.0810
0.8000 0.9000 -2.7081 0.0821
0.9000 1.0000 -3.4985 0.0933
#PMF from MBAR in kcal/mol
0.0000 0.0000 0.0000
0.1000 0.8837 0.0971
0.2000 1.7705 0.1352
0.3000 2.4208 0.1616
0.4000 2.6004 0.1843
0.5000 2.1003 0.2026
0.6000 1.3277 0.2198
0.7000 0.2192 0.2370
0.8000 -1.6718 0.2531
0.9000 -4.3799 0.2685
1.0000 -7.8784 0.2866
#TI average gradients and standard deviation in kcal/mol
0.0000 4.0456 23.0307
0.1000 9.6385 21.5129
0.2000 7.6916 19.6160
0.3000 3.2521 19.5792
0.4000 -2.1762 19.7594
0.5000 -6.7715 19.4409
0.6000 -9.2274 19.7247
0.7000 -14.1903 19.5103
0.8000 -23.9541 19.4923
0.9000 -29.8236 19.9694
1.0000 -36.7652 21.7107
#PMF from TI in kcal/mol
0.0000 0.0000
0.1000 0.6842
0.2000 1.5507
0.3000 2.0979
0.4000 2.1517
0.5000 1.7043
0.6000 0.9044
0.7000 -0.2665
0.8000 -2.1737
0.9000 -4.8626
1.0000 -8.1921
#MBAR free energy difference in kcal/mol: 
-7.878381, 0.286594 
#TI free energy difference in kcal/mol: 
-8.192067  
Starting /export/users/common/BioSimSpace/sire.app/bin/analyse_freenrg: number of threads equals 32
