# Analysing data contained in file(s) ['lambda_0.0000/simfile.dat', 'lambda_0.1000/simfile.dat', 'lambda_0.2000/simfile.dat', 'lambda_0.3000/simfile.dat', 'lambda_0.4000/simfile.dat', 'lambda_0.5000/simfile.dat', 'lambda_0.6000/simfile.dat', 'lambda_0.7000/simfile.dat', 'lambda_0.8000/simfile.dat', 'lambda_0.9000/simfile.dat', 'lambda_1.0000/simfile.dat']
#Overlap matrix
0.9865 0.0135 0.0000 0.0000 0.0000 0.0000 0.0000 0.0000 0.0000 0.0000 0.0000
0.0135 0.9644 0.0220 0.0000 0.0000 0.0000 0.0000 0.0000 0.0000 0.0000 0.0000
0.0000 0.0220 0.9438 0.0341 0.0000 0.0000 0.0000 0.0000 0.0000 0.0000 0.0000
0.0000 0.0000 0.0341 0.9141 0.0518 0.0000 0.0000 0.0000 0.0000 0.0000 0.0000
0.0000 0.0000 0.0000 0.0518 0.8970 0.0513 0.0000 0.0000 0.0000 0.0000 0.0000
0.0000 0.0000 0.0000 0.0000 0.0513 0.8977 0.0510 0.0000 0.0000 0.0000 0.0000
0.0000 0.0000 0.0000 0.0000 0.0000 0.0510 0.8870 0.0620 0.0000 0.0000 0.0000
0.0000 0.0000 0.0000 0.0000 0.0000 0.0000 0.0620 0.8654 0.0726 0.0000 0.0000
0.0000 0.0000 0.0000 0.0000 0.0000 0.0000 0.0000 0.0726 0.8605 0.0668 0.0000
0.0000 0.0000 0.0000 0.0000 0.0000 0.0000 0.0000 0.0000 0.0668 0.8738 0.0593
0.0000 0.0000 0.0000 0.0000 0.0000 0.0000 0.0000 0.0000 0.0000 0.0593 0.9407
#DG from neighbouring lambda in kcal/mol
0.0000 0.1000 -5.2769 0.2126
0.1000 0.2000 -2.4057 0.1653
0.2000 0.3000 -0.7908 0.1310
0.3000 0.4000 -0.2397 0.1043
0.4000 0.5000 -0.0086 0.1049
0.5000 0.6000 -0.2833 0.1052
0.6000 0.7000 -0.3957 0.0943
0.7000 0.8000 -0.3770 0.0860
0.8000 0.9000 -0.3419 0.0903
0.9000 1.0000 -0.5404 0.0967
#PMF from MBAR in kcal/mol
0.0000 0.0000 0.0000
0.1000 -5.2769 0.2126
0.2000 -7.6825 0.2716
0.3000 -8.4734 0.3036
0.4000 -8.7131 0.3230
0.5000 -8.7217 0.3415
0.6000 -9.0050 0.3591
0.7000 -9.4007 0.3729
0.8000 -9.7777 0.3844
0.9000 -10.1196 0.3964
1.0000 -10.6600 0.4096
#TI average gradients and standard deviation in kcal/mol
0.0000 -72.7152 33.6535
0.1000 -36.7603 29.2459
0.2000 -15.1204 24.5768
0.3000 -6.0729 23.8275
0.4000 -2.2016 22.8406
0.5000 -1.9620 22.8108
0.6000 -4.3571 21.6421
0.7000 -4.8412 21.6192
0.8000 -3.4937 21.0949
0.9000 -3.5962 20.1462
1.0000 2.0013 20.7498
#PMF from TI in kcal/mol
0.0000 0.0000
0.1000 -5.4738
0.2000 -8.0678
0.3000 -9.1275
0.4000 -9.5412
0.5000 -9.7494
0.6000 -10.0653
0.7000 -10.5253
0.8000 -10.9420
0.9000 -11.2965
1.0000 -11.3762
#MBAR free energy difference in kcal/mol: 
-10.660003, 0.409557 
#TI free energy difference in kcal/mol: 
-11.376246  
Starting /export/users/common/BioSimSpace/sire.app/bin/analyse_freenrg: number of threads equals 32
