# Analysing data contained in file(s) ['lambda_0.0000/simfile.dat', 'lambda_0.1000/simfile.dat', 'lambda_0.2000/simfile.dat', 'lambda_0.3000/simfile.dat', 'lambda_0.4000/simfile.dat', 'lambda_0.5000/simfile.dat', 'lambda_0.6000/simfile.dat', 'lambda_0.7000/simfile.dat', 'lambda_0.8000/simfile.dat', 'lambda_0.9000/simfile.dat', 'lambda_1.0000/simfile.dat']
#Overlap matrix
0.8774 0.1224 0.0003 0.0000 0.0000 0.0000 0.0000 0.0000 0.0000 0.0000 0.0000
0.1224 0.7553 0.1221 0.0003 0.0000 0.0000 0.0000 0.0000 0.0000 0.0000 0.0000
0.0003 0.1221 0.7638 0.1134 0.0004 0.0000 0.0000 0.0000 0.0000 0.0000 0.0000
0.0000 0.0003 0.1134 0.7621 0.1238 0.0004 0.0000 0.0000 0.0000 0.0000 0.0000
0.0000 0.0000 0.0004 0.1238 0.7633 0.1122 0.0004 0.0000 0.0000 0.0000 0.0000
0.0000 0.0000 0.0000 0.0004 0.1122 0.7716 0.1155 0.0004 0.0000 0.0000 0.0000
0.0000 0.0000 0.0000 0.0000 0.0004 0.1155 0.7793 0.1046 0.0002 0.0000 0.0000
0.0000 0.0000 0.0000 0.0000 0.0000 0.0004 0.1046 0.8108 0.0840 0.0002 0.0000
0.0000 0.0000 0.0000 0.0000 0.0000 0.0000 0.0002 0.0840 0.8409 0.0748 0.0000
0.0000 0.0000 0.0000 0.0000 0.0000 0.0000 0.0000 0.0002 0.0748 0.8902 0.0348
0.0000 0.0000 0.0000 0.0000 0.0000 0.0000 0.0000 0.0000 0.0000 0.0348 0.9651
#DG from neighbouring lambda in kcal/mol
0.0000 0.1000 -3.6262 0.0646
0.1000 0.2000 -3.0176 0.0646
0.2000 0.3000 -2.7040 0.0677
0.3000 0.4000 -2.3577 0.0639
0.4000 0.5000 -1.9678 0.0682
0.5000 0.6000 -1.7015 0.0669
0.6000 0.7000 -1.1917 0.0714
0.7000 0.8000 -0.5220 0.0817
0.8000 0.9000 0.9695 0.0877
0.9000 1.0000 3.9441 0.1346
#PMF from MBAR in kcal/mol
0.0000 0.0000 0.0000
0.1000 -3.6262 0.0646
0.2000 -6.6438 0.0984
0.3000 -9.3478 0.1249
0.4000 -11.7055 0.1449
0.5000 -13.6733 0.1642
0.6000 -15.3749 0.1810
0.7000 -16.5665 0.1979
0.8000 -17.0885 0.2172
0.9000 -16.1190 0.2370
1.0000 -12.1750 0.2750
#TI average gradients and standard deviation in kcal/mol
0.0000 -49.2413 16.8906
0.1000 -32.2022 18.1291
0.2000 -28.1608 17.4319
0.3000 -26.3905 18.5781
0.4000 -20.7866 16.7047
0.5000 -17.1978 17.7740
0.6000 -14.6832 18.4955
0.7000 -6.5990 18.1547
0.8000 0.3073 20.3617
0.9000 18.3000 20.3700
1.0000 69.3543 26.9199
#PMF from TI in kcal/mol
0.0000 0.0000
0.1000 -4.0722
0.2000 -7.0903
0.3000 -9.8179
0.4000 -12.1767
0.5000 -14.0760
0.6000 -15.6700
0.7000 -16.7341
0.8000 -17.0487
0.9000 -16.1183
1.0000 -11.7356
#MBAR free energy difference in kcal/mol: 
-12.174965, 0.275028 
#TI free energy difference in kcal/mol: 
-11.735615  
Starting /export/users/common/BioSimSpace/sire.app/bin/analyse_freenrg: number of threads equals 32
