# Analysing data contained in file(s) ['lambda_0.0000/simfile.dat', 'lambda_0.1000/simfile.dat', 'lambda_0.2000/simfile.dat', 'lambda_0.3000/simfile.dat', 'lambda_0.4000/simfile.dat', 'lambda_0.5000/simfile.dat', 'lambda_0.6000/simfile.dat', 'lambda_0.7000/simfile.dat', 'lambda_0.8000/simfile.dat', 'lambda_0.9000/simfile.dat', 'lambda_1.0000/simfile.dat']
#Overlap matrix
0.8362 0.1635 0.0004 0.0000 0.0000 0.0000 0.0000 0.0000 0.0000 0.0000 0.0000
0.1635 0.7393 0.0967 0.0006 0.0000 0.0000 0.0000 0.0000 0.0000 0.0000 0.0000
0.0004 0.0967 0.7503 0.1509 0.0017 0.0000 0.0000 0.0000 0.0000 0.0000 0.0000
0.0000 0.0006 0.1509 0.7102 0.1365 0.0018 0.0000 0.0000 0.0000 0.0000 0.0000
0.0000 0.0000 0.0017 0.1365 0.7349 0.1260 0.0009 0.0000 0.0000 0.0000 0.0000
0.0000 0.0000 0.0000 0.0018 0.1260 0.8218 0.0504 0.0000 0.0000 0.0000 0.0000
0.0000 0.0000 0.0000 0.0000 0.0009 0.0504 0.9487 0.0000 0.0000 0.0000 0.0000
0.0000 0.0000 0.0000 0.0000 0.0000 0.0000 0.0000 1.0000 0.0000 0.0000 0.0000
0.0000 0.0000 0.0000 0.0000 0.0000 0.0000 0.0000 0.0000 0.9982 0.0018 0.0000
0.0000 0.0000 0.0000 0.0000 0.0000 0.0000 0.0000 0.0000 0.0018 0.9951 0.0031
0.0000 0.0000 0.0000 0.0000 0.0000 0.0000 0.0000 0.0000 0.0000 0.0031 0.9969
#DG from neighbouring lambda in kcal/mol
0.0000 0.1000 0.7677 0.0459
0.1000 0.2000 -1.6737 0.0651
0.2000 0.3000 -5.0206 0.0483
0.3000 0.4000 -7.8438 0.0514
0.4000 0.5000 -9.0680 0.0545
0.5000 0.6000 -0.8917 0.0949
0.6000 0.7000 22.3222 4.6653
0.7000 0.8000 15.3560 6.2071
0.8000 0.9000 12.0498 0.5319
0.9000 1.0000 12.7212 0.4065
#PMF from MBAR in kcal/mol
0.0000 0.0000 0.0000
0.1000 0.7677 0.0459
0.2000 -0.9060 0.0858
0.3000 -5.9266 0.1033
0.4000 -13.7704 0.1194
0.5000 -22.8384 0.1347
0.6000 -23.7301 0.1675
0.7000 -1.4078 4.6648
0.8000 13.9482 1.5798
0.9000 25.9980 1.5798
1.0000 38.7192 1.6059
#TI average gradients and standard deviation in kcal/mol
0.0000 -4.1265 14.5089
0.1000 -0.9741 16.7045
0.2000 -35.7974 15.6618
0.3000 -64.7665 15.3676
0.4000 -89.9902 16.8277
0.5000 -77.4383 18.2787
0.6000 106.2030 34.5817
0.7000 129.2239 42.2737
0.8000 132.6847 43.5971
0.9000 120.5552 37.1823
1.0000 132.0247 32.3677
#PMF from TI in kcal/mol
0.0000 0.0000
0.1000 -0.2550
0.2000 -2.0936
0.3000 -7.1218
0.4000 -14.8596
0.5000 -23.2311
0.6000 -21.7928
0.7000 -10.0215
0.8000 3.0740
0.9000 15.7359
1.0000 28.3649
#MBAR free energy difference in kcal/mol: 
38.719228, 1.605919 
#TI free energy difference in kcal/mol: 
28.364944  
Starting /export/users/common/BioSimSpace/sire.app/bin/analyse_freenrg: number of threads equals 32
