# Analysing data contained in file(s) ['lambda_0.0000/simfile.dat', 'lambda_0.1000/simfile.dat', 'lambda_0.2000/simfile.dat', 'lambda_0.3000/simfile.dat', 'lambda_0.4000/simfile.dat', 'lambda_0.5000/simfile.dat', 'lambda_0.6000/simfile.dat', 'lambda_0.7000/simfile.dat', 'lambda_0.8000/simfile.dat', 'lambda_0.9000/simfile.dat', 'lambda_1.0000/simfile.dat']
#Overlap matrix
0.9999 0.0001 0.0000 0.0000 0.0000 0.0000 0.0000 0.0000 0.0000 0.0000 0.0000
0.0001 0.9573 0.0426 0.0000 0.0000 0.0000 0.0000 0.0000 0.0000 0.0000 0.0000
0.0000 0.0426 0.8906 0.0668 0.0000 0.0000 0.0000 0.0000 0.0000 0.0000 0.0000
0.0000 0.0000 0.0668 0.8370 0.0962 0.0001 0.0000 0.0000 0.0000 0.0000 0.0000
0.0000 0.0000 0.0000 0.0962 0.8685 0.0354 0.0000 0.0000 0.0000 0.0000 0.0000
0.0000 0.0000 0.0000 0.0001 0.0354 0.9153 0.0493 0.0000 0.0000 0.0000 0.0000
0.0000 0.0000 0.0000 0.0000 0.0000 0.0493 0.8915 0.0592 0.0000 0.0000 0.0000
0.0000 0.0000 0.0000 0.0000 0.0000 0.0000 0.0592 0.8943 0.0465 0.0000 0.0000
0.0000 0.0000 0.0000 0.0000 0.0000 0.0000 0.0000 0.0465 0.8950 0.0585 0.0000
0.0000 0.0000 0.0000 0.0000 0.0000 0.0000 0.0000 0.0000 0.0585 0.8865 0.0550
0.0000 0.0000 0.0000 0.0000 0.0000 0.0000 0.0000 0.0000 0.0000 0.0550 0.9450
#DG from neighbouring lambda in kcal/mol
0.0000 0.1000 19.4695 2.1749
0.1000 0.2000 9.4800 0.1096
0.2000 0.3000 5.4761 0.0851
0.3000 0.4000 3.9942 0.0685
0.4000 0.5000 4.3456 0.1210
0.5000 0.6000 2.8406 0.1011
0.6000 0.7000 2.0341 0.0912
0.7000 0.8000 1.2947 0.1044
0.8000 0.9000 1.2852 0.0918
0.9000 1.0000 3.6569 0.0951
#PMF from MBAR in kcal/mol
0.0000 0.0000 0.0000
0.1000 19.4695 2.1749
0.2000 28.9496 2.1779
0.3000 34.4257 2.1798
0.4000 38.4199 2.1811
0.5000 42.7655 2.1847
0.6000 45.6061 2.1873
0.7000 47.6402 2.1895
0.8000 48.9349 2.1922
0.9000 50.2201 2.1944
1.0000 53.8770 2.1967
#TI average gradients and standard deviation in kcal/mol
0.0000 2181.1786 839.7933
0.1000 119.6464 27.9386
0.2000 68.3506 23.0898
0.3000 39.4553 16.6604
0.4000 34.4363 32.6981
0.5000 17.8283 13.3075
0.6000 14.4197 22.7279
0.7000 21.8864 31.2228
0.8000 -1.3178 20.1982
0.9000 20.4342 24.9353
1.0000 58.3898 22.7871
#PMF from TI in kcal/mol
0.0000 0.0000
0.1000 115.0412
0.2000 124.4411
0.3000 129.8314
0.4000 133.5260
0.5000 136.1392
0.6000 137.7516
0.7000 139.5669
0.8000 140.5953
0.9000 141.5512
1.0000 145.4924
#MBAR free energy difference in kcal/mol: 
53.876954, 2.196714 
#TI free energy difference in kcal/mol: 
145.492359  #WARNING SUBSAMPLING GRADIENTS RESULTED IN LESS THAN 50 SAMPLES, CONSIDER RERUN WITHOUT SUBSAMPLE OPTION 
Starting /export/users/common/BioSimSpace/sire.app/bin/analyse_freenrg: number of threads equals 32
