# Analysing data contained in file(s) ['lambda_0.0000/simfile.dat', 'lambda_0.1000/simfile.dat', 'lambda_0.2000/simfile.dat', 'lambda_0.3000/simfile.dat', 'lambda_0.4000/simfile.dat', 'lambda_0.5000/simfile.dat', 'lambda_0.6000/simfile.dat', 'lambda_0.7000/simfile.dat', 'lambda_0.8000/simfile.dat', 'lambda_0.9000/simfile.dat', 'lambda_1.0000/simfile.dat']
#Overlap matrix
0.9706 0.0294 0.0000 0.0000 0.0000 0.0000 0.0000 0.0000 0.0000 0.0000 0.0000
0.0294 0.9228 0.0478 0.0000 0.0000 0.0000 0.0000 0.0000 0.0000 0.0000 0.0000
0.0000 0.0478 0.9024 0.0498 0.0000 0.0000 0.0000 0.0000 0.0000 0.0000 0.0000
0.0000 0.0000 0.0498 0.8886 0.0616 0.0000 0.0000 0.0000 0.0000 0.0000 0.0000
0.0000 0.0000 0.0000 0.0616 0.8768 0.0616 0.0000 0.0000 0.0000 0.0000 0.0000
0.0000 0.0000 0.0000 0.0000 0.0616 0.9063 0.0322 0.0000 0.0000 0.0000 0.0000
0.0000 0.0000 0.0000 0.0000 0.0000 0.0322 0.9603 0.0076 0.0000 0.0000 0.0000
0.0000 0.0000 0.0000 0.0000 0.0000 0.0000 0.0076 0.9909 0.0015 0.0000 0.0000
0.0000 0.0000 0.0000 0.0000 0.0000 0.0000 0.0000 0.0015 0.9969 0.0016 0.0000
0.0000 0.0000 0.0000 0.0000 0.0000 0.0000 0.0000 0.0000 0.0016 0.9980 0.0005
0.0000 0.0000 0.0000 0.0000 0.0000 0.0000 0.0000 0.0000 0.0000 0.0005 0.9995
#DG from neighbouring lambda in kcal/mol
0.0000 0.1000 3.9107 0.1327
0.1000 0.2000 0.0384 0.1019
0.2000 0.3000 -4.4685 0.0997
0.3000 0.4000 -9.0444 0.0884
0.4000 0.5000 -12.2042 0.0884
0.5000 0.6000 -12.4234 0.1264
0.6000 0.7000 -10.5781 0.2671
0.7000 0.8000 -6.6850 0.6001
0.8000 0.9000 -3.4225 0.5914
0.9000 1.0000 0.4365 1.0791
#PMF from MBAR in kcal/mol
0.0000 0.0000 0.0000
0.1000 3.9107 0.1327
0.2000 3.9491 0.1706
0.3000 -0.5194 0.2003
0.4000 -9.5638 0.2215
0.5000 -21.7680 0.2408
0.6000 -34.1913 0.2739
0.7000 -44.7694 0.3840
0.8000 -51.4544 0.7132
0.9000 -54.8769 0.9272
1.0000 -54.4404 1.4231
#TI average gradients and standard deviation in kcal/mol
0.0000 61.1645 26.5554
0.1000 18.5411 21.6391
0.2000 -19.5608 23.7954
0.3000 -68.6407 23.1907
0.4000 -108.9864 20.9971
0.5000 -133.2347 23.8998
0.6000 -117.4766 30.4199
0.7000 -87.7604 33.5564
0.8000 -48.2471 46.6758
0.9000 -41.5453 40.0118
1.0000 36.2230 38.5665
#PMF from TI in kcal/mol
0.0000 0.0000
0.1000 3.9853
0.2000 3.9343
0.3000 -0.4758
0.4000 -9.3571
0.5000 -21.4682
0.6000 -34.0038
0.7000 -44.2656
0.8000 -51.0660
0.9000 -55.5556
1.0000 -55.8217
#MBAR free energy difference in kcal/mol: 
-54.440417, 1.423112 
#TI free energy difference in kcal/mol: 
-55.821720  
Starting /export/users/common/BioSimSpace/sire.app/bin/analyse_freenrg: number of threads equals 32
