# Analysing data contained in file(s) ['lambda_0.0000/simfile.dat', 'lambda_0.1000/simfile.dat', 'lambda_0.2000/simfile.dat', 'lambda_0.3000/simfile.dat', 'lambda_0.4000/simfile.dat', 'lambda_0.5000/simfile.dat', 'lambda_0.6000/simfile.dat', 'lambda_0.7000/simfile.dat', 'lambda_0.8000/simfile.dat', 'lambda_0.9000/simfile.dat', 'lambda_1.0000/simfile.dat']
#Overlap matrix
0.9881 0.0119 0.0000 0.0000 0.0000 0.0000 0.0000 0.0000 0.0000 0.0000 0.0000
0.0119 0.9850 0.0031 0.0000 0.0000 0.0000 0.0000 0.0000 0.0000 0.0000 0.0000
0.0000 0.0031 0.9934 0.0035 0.0000 0.0000 0.0000 0.0000 0.0000 0.0000 0.0000
0.0000 0.0000 0.0035 0.9965 0.0000 0.0000 0.0000 0.0000 0.0000 0.0000 0.0000
0.0000 0.0000 0.0000 0.0000 0.9742 0.0256 0.0001 0.0000 0.0001 0.0000 0.0000
0.0000 0.0000 0.0000 0.0000 0.0256 0.9115 0.0524 0.0071 0.0033 0.0001 0.0000
0.0000 0.0000 0.0000 0.0000 0.0001 0.0524 0.6795 0.2369 0.0309 0.0003 0.0000
0.0000 0.0000 0.0000 0.0000 0.0000 0.0071 0.2369 0.5417 0.2099 0.0043 0.0000
0.0000 0.0000 0.0000 0.0000 0.0001 0.0033 0.0309 0.2099 0.6190 0.1330 0.0038
0.0000 0.0000 0.0000 0.0000 0.0000 0.0001 0.0003 0.0043 0.1330 0.5924 0.2699
0.0000 0.0000 0.0000 0.0000 0.0000 0.0000 0.0000 0.0000 0.0038 0.2699 0.7263
#DG from neighbouring lambda in kcal/mol
0.0000 0.1000 -3.2643 0.2211
0.1000 0.2000 -2.2239 0.4402
0.2000 0.3000 -1.9960 0.4091
0.3000 0.4000 -18.3783 760.3797
0.4000 0.5000 2.1449 0.1484
0.5000 0.6000 8.8762 0.0914
0.6000 0.7000 9.4850 0.0316
0.7000 0.8000 6.8774 0.0354
0.8000 0.9000 1.7862 0.0551
0.9000 1.0000 -2.4315 0.0315
#PMF from MBAR in kcal/mol
0.0000 0.0000 0.0000
0.1000 -3.2643 0.2211
0.2000 -5.4882 0.4939
0.3000 -7.4842 0.6422
0.4000 -25.8625 760.3799
0.5000 -23.7176 760.3799
0.6000 -14.8414 760.3799
0.7000 -5.3564 760.3799
0.8000 1.5210 760.3799
0.9000 3.3072 760.3799
1.0000 0.8757 760.3799
#TI average gradients and standard deviation in kcal/mol
0.0000 -74.9387 27.4460
0.1000 -15.8929 35.6998
0.2000 -23.3000 35.0474
0.3000 -36.4067 39.2773
0.4000 -73.3636 36.7411
0.5000 79.0139 23.5830
0.6000 91.4282 16.1299
0.7000 88.2126 10.4037
0.8000 46.0402 12.5020
0.9000 -9.3665 13.1317
1.0000 -15.0424 9.9095
#PMF from TI in kcal/mol
0.0000 0.0000
0.1000 -4.5416
0.2000 -6.5012
0.3000 -9.4866
0.4000 -14.9751
0.5000 -14.6926
0.6000 -6.1705
0.7000 2.8116
0.8000 9.5242
0.9000 11.3579
1.0000 10.1375
#MBAR free energy difference in kcal/mol: 
0.875732, 760.379933 
#TI free energy difference in kcal/mol: 
10.137470  
Starting /export/users/common/BioSimSpace/sire.app/bin/analyse_freenrg: number of threads equals 32
