# Analysing data contained in file(s) ['lambda_0.0000/simfile.dat', 'lambda_0.1000/simfile.dat', 'lambda_0.2000/simfile.dat', 'lambda_0.3000/simfile.dat', 'lambda_0.4000/simfile.dat', 'lambda_0.5000/simfile.dat', 'lambda_0.6000/simfile.dat', 'lambda_0.7000/simfile.dat', 'lambda_0.8000/simfile.dat', 'lambda_0.9000/simfile.dat', 'lambda_1.0000/simfile.dat']
#Overlap matrix
0.9805 0.0195 0.0000 0.0000 0.0000 0.0000 0.0000 0.0000 0.0000 0.0000 0.0000
0.0195 0.9400 0.0405 0.0000 0.0000 0.0000 0.0000 0.0000 0.0000 0.0000 0.0000
0.0000 0.0405 0.9148 0.0446 0.0000 0.0000 0.0000 0.0000 0.0000 0.0000 0.0000
0.0000 0.0000 0.0446 0.9225 0.0329 0.0000 0.0000 0.0000 0.0000 0.0000 0.0000
0.0000 0.0000 0.0000 0.0329 0.9167 0.0504 0.0000 0.0000 0.0000 0.0000 0.0000
0.0000 0.0000 0.0000 0.0000 0.0504 0.8992 0.0504 0.0000 0.0000 0.0000 0.0000
0.0000 0.0000 0.0000 0.0000 0.0000 0.0504 0.9496 0.0000 0.0000 0.0000 0.0000
0.0000 0.0000 0.0000 0.0000 0.0000 0.0000 0.0000 0.9974 0.0026 0.0000 0.0000
0.0000 0.0000 0.0000 0.0000 0.0000 0.0000 0.0000 0.0026 0.9930 0.0044 0.0000
0.0000 0.0000 0.0000 0.0000 0.0000 0.0000 0.0000 0.0000 0.0044 0.9927 0.0029
0.0000 0.0000 0.0000 0.0000 0.0000 0.0000 0.0000 0.0000 0.0000 0.0029 0.9971
#DG from neighbouring lambda in kcal/mol
0.0000 0.1000 15.0319 0.1910
0.1000 0.2000 12.4237 0.1294
0.2000 0.3000 8.8933 0.1228
0.3000 0.4000 3.6612 0.1449
0.4000 0.5000 -1.5408 0.1148
0.5000 0.6000 -0.5299 0.1148
0.6000 0.7000 11.0957 60.5460
0.7000 0.8000 5.2702 0.5331
0.8000 0.9000 5.5494 0.4076
0.9000 1.0000 8.7110 0.5068
#PMF from MBAR in kcal/mol
0.0000 0.0000 0.0000
0.1000 15.0319 0.1910
0.2000 27.4555 0.2339
0.3000 36.3489 0.2669
0.4000 40.0101 0.3061
0.5000 38.4693 0.3292
0.6000 37.9394 0.3507
0.7000 49.0351 60.5470
0.8000 54.3053 60.5493
0.9000 59.8547 60.5507
1.0000 68.5657 60.5529
#TI average gradients and standard deviation in kcal/mol
0.0000 53837.9150 2043532.3373
0.1000 137.7238 24.1937
0.2000 112.4323 23.6058
0.3000 66.9347 24.0069
0.4000 6.2956 24.4575
0.5000 -28.7694 22.9957
0.6000 51.7371 28.5807
0.7000 49.7688 34.7931
0.8000 58.7085 38.8169
0.9000 66.5851 34.8781
1.0000 93.7011 35.8963
#PMF from TI in kcal/mol
0.0000 0.0000
0.1000 2698.7819
0.2000 2711.2897
0.3000 2720.2581
0.4000 2723.9196
0.5000 2722.7959
0.6000 2723.9443
0.7000 2729.0196
0.8000 2734.4435
0.9000 2740.7081
1.0000 2748.7224
#MBAR free energy difference in kcal/mol: 
68.565738, 60.552856 
#TI free energy difference in kcal/mol: 
2748.722449  
Starting /export/users/common/BioSimSpace/sire.app/bin/analyse_freenrg: number of threads equals 32
