# Analysing data contained in file(s) ['lambda_0.0000/simfile.dat', 'lambda_0.1000/simfile.dat', 'lambda_0.2000/simfile.dat', 'lambda_0.3000/simfile.dat', 'lambda_0.4000/simfile.dat', 'lambda_0.5000/simfile.dat', 'lambda_0.6000/simfile.dat', 'lambda_0.7000/simfile.dat', 'lambda_0.8000/simfile.dat', 'lambda_0.9000/simfile.dat', 'lambda_1.0000/simfile.dat']
#Overlap matrix
0.9331 0.0669 0.0000 0.0000 0.0000 0.0000 0.0000 0.0000 0.0000 0.0000 0.0000
0.0669 0.8808 0.0523 0.0000 0.0000 0.0000 0.0000 0.0000 0.0000 0.0000 0.0000
0.0000 0.0523 0.9010 0.0467 0.0000 0.0000 0.0000 0.0000 0.0000 0.0000 0.0000
0.0000 0.0000 0.0467 0.9128 0.0405 0.0000 0.0000 0.0000 0.0000 0.0000 0.0000
0.0000 0.0000 0.0000 0.0405 0.9257 0.0338 0.0000 0.0000 0.0000 0.0000 0.0000
0.0000 0.0000 0.0000 0.0000 0.0338 0.9357 0.0305 0.0000 0.0000 0.0000 0.0000
0.0000 0.0000 0.0000 0.0000 0.0000 0.0305 0.9502 0.0193 0.0000 0.0000 0.0000
0.0000 0.0000 0.0000 0.0000 0.0000 0.0000 0.0193 0.9644 0.0164 0.0000 0.0000
0.0000 0.0000 0.0000 0.0000 0.0000 0.0000 0.0000 0.0164 0.9774 0.0063 0.0000
0.0000 0.0000 0.0000 0.0000 0.0000 0.0000 0.0000 0.0000 0.0063 0.9921 0.0016
0.0000 0.0000 0.0000 0.0000 0.0000 0.0000 0.0000 0.0000 0.0000 0.0016 0.9984
#DG from neighbouring lambda in kcal/mol
0.0000 0.1000 2.0426 0.0832
0.1000 0.2000 1.8498 0.0956
0.2000 0.3000 1.2208 0.1019
0.3000 0.4000 1.1182 0.1101
0.4000 0.5000 0.9113 0.1214
0.5000 0.6000 0.4856 0.1282
0.6000 0.7000 0.7223 0.1632
0.7000 0.8000 1.2182 0.1778
0.8000 0.9000 2.7374 0.2906
0.9000 1.0000 5.1552 0.5752
#PMF from MBAR in kcal/mol
0.0000 0.0000 0.0000
0.1000 2.0426 0.0832
0.2000 3.8923 0.1309
0.3000 5.1132 0.1691
0.4000 6.2313 0.2044
0.5000 7.1426 0.2400
0.6000 7.6282 0.2740
0.7000 8.3505 0.3206
0.8000 9.5687 0.3681
0.9000 12.3062 0.4701
1.0000 17.4614 0.7436
#TI average gradients and standard deviation in kcal/mol
0.0000 11.2918 20.4982
0.1000 20.5052 21.4183
0.2000 17.5556 22.6173
0.3000 13.0122 21.6755
0.4000 10.2076 23.5718
0.5000 6.2767 25.2156
0.6000 5.2998 26.4989
0.7000 5.2198 26.8912
0.8000 13.6150 30.4092
0.9000 35.2120 34.6471
1.0000 73.2914 38.7892
#PMF from TI in kcal/mol
0.0000 0.0000
0.1000 1.5898
0.2000 3.4929
0.3000 5.0213
0.4000 6.1823
0.5000 7.0065
0.6000 7.5853
0.7000 8.1113
0.8000 9.0530
0.9000 11.4944
1.0000 16.9195
#MBAR free energy difference in kcal/mol: 
17.461386, 0.743624 
#TI free energy difference in kcal/mol: 
16.919539  
Starting /export/users/common/BioSimSpace/sire.app/bin/analyse_freenrg: number of threads equals 32
