# Analysing data contained in file(s) ['lambda_0.0000/simfile.dat', 'lambda_0.1000/simfile.dat', 'lambda_0.2000/simfile.dat', 'lambda_0.3000/simfile.dat', 'lambda_0.4000/simfile.dat', 'lambda_0.5000/simfile.dat', 'lambda_0.6000/simfile.dat', 'lambda_0.7000/simfile.dat', 'lambda_0.8000/simfile.dat', 'lambda_0.9000/simfile.dat', 'lambda_1.0000/simfile.dat']
#Overlap matrix
0.9899 0.0101 0.0000 0.0000 0.0000 0.0000 0.0000 0.0000 0.0000 0.0000 0.0000
0.0101 0.9312 0.0587 0.0000 0.0000 0.0000 0.0000 0.0000 0.0000 0.0000 0.0000
0.0000 0.0587 0.8676 0.0736 0.0001 0.0000 0.0000 0.0000 0.0000 0.0000 0.0000
0.0000 0.0000 0.0736 0.8431 0.0832 0.0001 0.0000 0.0000 0.0000 0.0000 0.0000
0.0000 0.0000 0.0001 0.0832 0.8814 0.0353 0.0000 0.0000 0.0000 0.0000 0.0000
0.0000 0.0000 0.0000 0.0001 0.0353 0.9169 0.0477 0.0000 0.0000 0.0000 0.0000
0.0000 0.0000 0.0000 0.0000 0.0000 0.0477 0.8938 0.0585 0.0001 0.0000 0.0000
0.0000 0.0000 0.0000 0.0000 0.0000 0.0000 0.0585 0.8814 0.0600 0.0000 0.0000
0.0000 0.0000 0.0000 0.0000 0.0000 0.0000 0.0001 0.0600 0.8712 0.0687 0.0000
0.0000 0.0000 0.0000 0.0000 0.0000 0.0000 0.0000 0.0000 0.0687 0.8856 0.0457
0.0000 0.0000 0.0000 0.0000 0.0000 0.0000 0.0000 0.0000 0.0000 0.0457 0.9543
#DG from neighbouring lambda in kcal/mol
0.0000 0.1000 10.7102 0.2582
0.1000 0.2000 6.1095 0.1019
0.2000 0.3000 4.3837 0.0893
0.3000 0.4000 4.4361 0.0831
0.4000 0.5000 5.7928 0.1345
0.5000 0.6000 4.6988 0.1144
0.6000 0.7000 4.3485 0.1020
0.7000 0.8000 4.5267 0.1005
0.8000 0.9000 4.9698 0.0930
0.9000 1.0000 8.5849 0.1172
#PMF from MBAR in kcal/mol
0.0000 0.0000 0.0000
0.1000 10.7102 0.2582
0.2000 16.8197 0.2800
0.3000 21.2034 0.2963
0.4000 25.6394 0.3099
0.5000 31.4323 0.3398
0.6000 36.1310 0.3605
0.7000 40.4796 0.3764
0.8000 45.0063 0.3914
0.9000 49.9760 0.4040
1.0000 58.5609 0.4222
#TI average gradients and standard deviation in kcal/mol
0.0000 178.9520 61.9503
0.1000 76.3355 25.0095
0.2000 51.1463 20.4110
0.3000 38.3597 18.8130
0.4000 56.3279 22.7961
0.5000 51.8358 23.7604
0.6000 42.5057 22.8611
0.7000 42.1561 21.6997
0.8000 44.7142 22.2628
0.9000 60.6649 21.8321
1.0000 124.7263 24.3338
#PMF from TI in kcal/mol
0.0000 0.0000
0.1000 12.7644
0.2000 19.1385
0.3000 23.6138
0.4000 28.3481
0.5000 33.7563
0.6000 38.4734
0.7000 42.7065
0.8000 47.0500
0.9000 52.3190
1.0000 61.5885
#MBAR free energy difference in kcal/mol: 
58.560942, 0.422248 
#TI free energy difference in kcal/mol: 
61.588514  
Starting /export/users/common/BioSimSpace/sire.app/bin/analyse_freenrg: number of threads equals 32
