# Analysing data contained in file(s) ['lambda_0.0000/simfile.dat', 'lambda_0.1000/simfile.dat', 'lambda_0.2000/simfile.dat', 'lambda_0.3000/simfile.dat', 'lambda_0.4000/simfile.dat', 'lambda_0.5000/simfile.dat', 'lambda_0.6000/simfile.dat', 'lambda_0.7000/simfile.dat', 'lambda_0.8000/simfile.dat', 'lambda_0.9000/simfile.dat', 'lambda_1.0000/simfile.dat']
#Overlap matrix
0.9728 0.0272 0.0000 0.0000 0.0000 0.0000 0.0000 0.0000 0.0000 0.0000 0.0000
0.0272 0.9433 0.0294 0.0000 0.0000 0.0000 0.0000 0.0000 0.0000 0.0000 0.0000
0.0000 0.0294 0.9450 0.0255 0.0001 0.0000 0.0000 0.0000 0.0000 0.0000 0.0000
0.0000 0.0000 0.0255 0.9173 0.0563 0.0009 0.0000 0.0000 0.0000 0.0000 0.0000
0.0000 0.0000 0.0001 0.0563 0.8273 0.1155 0.0008 0.0000 0.0000 0.0000 0.0000
0.0000 0.0000 0.0000 0.0009 0.1155 0.7944 0.0878 0.0015 0.0000 0.0000 0.0000
0.0000 0.0000 0.0000 0.0000 0.0008 0.0878 0.7575 0.1516 0.0024 0.0000 0.0000
0.0000 0.0000 0.0000 0.0000 0.0000 0.0015 0.1516 0.6693 0.1742 0.0034 0.0000
0.0000 0.0000 0.0000 0.0000 0.0000 0.0000 0.0024 0.1742 0.6453 0.1765 0.0016
0.0000 0.0000 0.0000 0.0000 0.0000 0.0000 0.0000 0.0034 0.1765 0.6931 0.1269
0.0000 0.0000 0.0000 0.0000 0.0000 0.0000 0.0000 0.0000 0.0016 0.1269 0.8715
#DG from neighbouring lambda in kcal/mol
0.0000 0.1000 -6.1005 0.1409
0.1000 0.2000 -4.2234 0.1351
0.2000 0.3000 -3.5983 0.1456
0.3000 0.4000 -1.3745 0.0940
0.4000 0.5000 1.2240 0.0611
0.5000 0.6000 0.9439 0.0721
0.6000 0.7000 0.3656 0.0504
0.7000 0.8000 -0.6580 0.0451
0.8000 0.9000 -1.6087 0.0448
0.9000 1.0000 -2.8928 0.0575
#PMF from MBAR in kcal/mol
0.0000 0.0000 0.0000
0.1000 -6.1005 0.1409
0.2000 -10.3239 0.1981
0.3000 -13.9223 0.2481
0.4000 -15.2968 0.2674
0.5000 -14.0729 0.2761
0.6000 -13.1289 0.2872
0.7000 -12.7633 0.2933
0.8000 -13.4213 0.2985
0.9000 -15.0300 0.3036
1.0000 -17.9228 0.3107
#TI average gradients and standard deviation in kcal/mol
0.0000 -75.3906 25.7652
0.1000 -48.7603 26.0565
0.2000 -40.0014 26.4834
0.3000 -30.7363 26.4298
0.4000 3.0728 18.3195
0.5000 15.2192 19.6919
0.6000 7.3440 15.9367
0.7000 -0.5545 15.1439
0.8000 -11.3449 13.9850
0.9000 -22.1093 14.9900
1.0000 -34.4489 20.6386
#PMF from TI in kcal/mol
0.0000 0.0000
0.1000 -6.2075
0.2000 -10.6456
0.3000 -14.1825
0.4000 -15.5657
0.5000 -14.6511
0.6000 -13.5229
0.7000 -13.1835
0.8000 -13.7784
0.9000 -15.4511
1.0000 -18.2791
#MBAR free energy difference in kcal/mol: 
-17.922816, 0.310671 
#TI free energy difference in kcal/mol: 
-18.279051  
Starting /export/users/common/BioSimSpace/sire.app/bin/analyse_freenrg: number of threads equals 32
