# Analysing data contained in file(s) ['lambda_0.0000/simfile.dat', 'lambda_0.1000/simfile.dat', 'lambda_0.2000/simfile.dat', 'lambda_0.3000/simfile.dat', 'lambda_0.4000/simfile.dat', 'lambda_0.5000/simfile.dat', 'lambda_0.6000/simfile.dat', 'lambda_0.7000/simfile.dat', 'lambda_0.8000/simfile.dat', 'lambda_0.9000/simfile.dat', 'lambda_1.0000/simfile.dat']
#Overlap matrix
0.9595 0.0405 0.0000 0.0000 0.0000 0.0000 0.0000 0.0000 0.0000 0.0000 0.0000
0.0405 0.8622 0.0967 0.0007 0.0000 0.0000 0.0000 0.0000 0.0000 0.0000 0.0000
0.0000 0.0967 0.7630 0.1393 0.0010 0.0000 0.0000 0.0000 0.0000 0.0000 0.0000
0.0000 0.0007 0.1393 0.7232 0.1359 0.0009 0.0000 0.0000 0.0000 0.0000 0.0000
0.0000 0.0000 0.0010 0.1359 0.7637 0.0993 0.0002 0.0000 0.0000 0.0000 0.0000
0.0000 0.0000 0.0000 0.0009 0.0993 0.8055 0.0941 0.0002 0.0000 0.0000 0.0000
0.0000 0.0000 0.0000 0.0000 0.0002 0.0941 0.8285 0.0770 0.0001 0.0000 0.0000
0.0000 0.0000 0.0000 0.0000 0.0000 0.0002 0.0770 0.8442 0.0785 0.0001 0.0000
0.0000 0.0000 0.0000 0.0000 0.0000 0.0000 0.0001 0.0785 0.8551 0.0662 0.0000
0.0000 0.0000 0.0000 0.0000 0.0000 0.0000 0.0000 0.0001 0.0662 0.8883 0.0454
0.0000 0.0000 0.0000 0.0000 0.0000 0.0000 0.0000 0.0000 0.0000 0.0454 0.9546
#DG from neighbouring lambda in kcal/mol
0.0000 0.1000 -3.3590 0.1229
0.1000 0.2000 -1.3803 0.0742
0.2000 0.3000 -0.2070 0.0582
0.3000 0.4000 0.2373 0.0592
0.4000 0.5000 0.5907 0.0728
0.5000 0.6000 0.0825 0.0756
0.6000 0.7000 -0.3526 0.0853
0.7000 0.8000 -0.9998 0.0844
0.8000 0.9000 -0.8899 0.0933
0.9000 1.0000 0.5583 0.1154
#PMF from MBAR in kcal/mol
0.0000 0.0000 0.0000
0.1000 -3.3590 0.1229
0.2000 -4.7393 0.1481
0.3000 -4.9463 0.1631
0.4000 -4.7090 0.1771
0.5000 -4.1184 0.1947
0.6000 -4.0359 0.2119
0.7000 -4.3885 0.2313
0.8000 -5.3883 0.2489
0.9000 -6.2782 0.2683
1.0000 -5.7199 0.2943
#TI average gradients and standard deviation in kcal/mol
0.0000 2504161383.4382 96354702937.9836
0.1000 -20.3541 21.1516
0.2000 -7.4409 16.7519
0.3000 0.0106 16.5186
0.4000 5.0329 17.5224
0.5000 4.5846 19.6040
0.6000 -1.9427 19.4650
0.7000 -8.6919 19.8703
0.8000 -10.4834 20.2781
0.9000 -5.9827 21.7582
1.0000 31.7412 26.2844
#PMF from TI in kcal/mol
0.0000 0.0000
0.1000 125208068.1542
0.2000 125208066.7645
0.3000 125208066.3929
0.4000 125208066.6451
0.5000 125208067.1260
0.6000 125208067.2581
0.7000 125208066.7264
0.8000 125208065.7676
0.9000 125208064.9443
1.0000 125208066.2322
#MBAR free energy difference in kcal/mol: 
-5.719900, 0.294293 
#TI free energy difference in kcal/mol: 
125208066.232224  
Starting /export/users/common/BioSimSpace/sire.app/bin/analyse_freenrg: number of threads equals 32
