# Analysing data contained in file(s) ['lambda_0.0000/simfile.dat', 'lambda_0.1000/simfile.dat', 'lambda_0.2000/simfile.dat', 'lambda_0.3000/simfile.dat', 'lambda_0.4000/simfile.dat', 'lambda_0.5000/simfile.dat', 'lambda_0.6000/simfile.dat', 'lambda_0.7000/simfile.dat', 'lambda_0.8000/simfile.dat', 'lambda_0.9000/simfile.dat', 'lambda_1.0000/simfile.dat']
#Overlap matrix
1.0000 0.0000 0.0000 0.0000 0.0000 0.0000 0.0000 0.0000 0.0000 0.0000 0.0000
0.0000 0.9868 0.0132 0.0000 0.0000 0.0000 0.0000 0.0000 0.0000 0.0000 0.0000
0.0000 0.0132 0.9012 0.0854 0.0002 0.0000 0.0000 0.0000 0.0000 0.0000 0.0000
0.0000 0.0000 0.0854 0.7766 0.1370 0.0010 0.0000 0.0000 0.0000 0.0000 0.0000
0.0000 0.0000 0.0002 0.1370 0.7028 0.1580 0.0020 0.0000 0.0000 0.0000 0.0000
0.0000 0.0000 0.0000 0.0010 0.1580 0.6828 0.1572 0.0012 0.0000 0.0000 0.0000
0.0000 0.0000 0.0000 0.0000 0.0020 0.1572 0.7085 0.1321 0.0003 0.0000 0.0000
0.0000 0.0000 0.0000 0.0000 0.0000 0.0012 0.1321 0.7646 0.1021 0.0000 0.0000
0.0000 0.0000 0.0000 0.0000 0.0000 0.0000 0.0003 0.1021 0.8681 0.0295 0.0000
0.0000 0.0000 0.0000 0.0000 0.0000 0.0000 0.0000 0.0000 0.0295 0.9705 0.0000
0.0000 0.0000 0.0000 0.0000 0.0000 0.0000 0.0000 0.0000 0.0000 0.0000 1.0000
#DG from neighbouring lambda in kcal/mol
0.0000 0.1000 41.8678 0.2240
0.1000 0.2000 10.6656 0.2237
0.2000 0.3000 5.0259 0.0810
0.3000 0.4000 2.5214 0.0595
0.4000 0.5000 0.8197 0.0534
0.5000 0.6000 -0.5243 0.0536
0.6000 0.7000 -2.2070 0.0610
0.7000 0.8000 -4.6535 0.0725
0.8000 0.9000 -9.1291 0.1469
0.9000 1.0000 -137.1455 0.1655
#PMF from MBAR in kcal/mol
0.0000 0.0000 0.0000
0.1000 41.8678 0.2240
0.2000 52.5334 0.1011
0.3000 57.5593 0.0765
0.4000 60.0807 0.0651
0.5000 60.9004 0.0617
0.6000 60.3761 0.0652
0.7000 58.1691 0.0769
0.8000 53.5156 0.0978
0.9000 44.3865 0.1655
1.0000 -92.7590 0.0000
#TI average gradients and standard deviation in kcal/mol
0.0000 2236.9228 93.3328
0.1000 170.4690 39.5535
0.2000 68.0803 21.3427
0.3000 34.1298 17.7045
0.4000 15.8456 15.9983
0.5000 1.9589 14.8290
0.6000 -12.9903 16.3494
0.7000 -32.6899 17.3020
0.8000 -61.5054 20.1183
0.9000 -134.8440 33.0882
1.0000 -1776.8388 77.3132
#PMF from TI in kcal/mol
0.0000 0.0000
0.1000 120.3696
0.2000 132.2971
0.3000 137.4076
0.4000 139.9063
0.5000 140.7965
0.6000 140.2450
0.7000 137.9610
0.8000 133.2512
0.9000 123.4337
1.0000 27.8496
#MBAR free energy difference in kcal/mol: 
-92.759050, 0.000000 
#TI free energy difference in kcal/mol: 
27.849592  
Starting /export/users/common/BioSimSpace/sire.app/bin/analyse_freenrg: number of threads equals 32
