# Analysing data contained in file(s) ['lambda_0.0000/simfile.dat', 'lambda_0.1000/simfile.dat', 'lambda_0.2000/simfile.dat', 'lambda_0.3000/simfile.dat', 'lambda_0.4000/simfile.dat', 'lambda_0.5000/simfile.dat', 'lambda_0.6000/simfile.dat', 'lambda_0.7000/simfile.dat', 'lambda_0.8000/simfile.dat', 'lambda_0.9000/simfile.dat', 'lambda_1.0000/simfile.dat']
#Overlap matrix
0.8027 0.1961 0.0012 0.0000 0.0000 0.0000 0.0000 0.0000 0.0000 0.0000 0.0000
0.1961 0.6768 0.1256 0.0015 0.0000 0.0000 0.0000 0.0000 0.0000 0.0000 0.0000
0.0012 0.1256 0.7038 0.1627 0.0066 0.0001 0.0000 0.0000 0.0000 0.0000 0.0000
0.0000 0.0015 0.1627 0.6068 0.2139 0.0147 0.0005 0.0000 0.0000 0.0000 0.0000
0.0000 0.0000 0.0066 0.2139 0.5580 0.2152 0.0063 0.0000 0.0000 0.0000 0.0000
0.0000 0.0000 0.0001 0.0147 0.2152 0.6915 0.0785 0.0000 0.0000 0.0000 0.0000
0.0000 0.0000 0.0000 0.0005 0.0063 0.0785 0.9147 0.0000 0.0000 0.0000 0.0000
0.0000 0.0000 0.0000 0.0000 0.0000 0.0000 0.0000 0.9965 0.0035 0.0000 0.0000
0.0000 0.0000 0.0000 0.0000 0.0000 0.0000 0.0000 0.0035 0.9938 0.0027 0.0000
0.0000 0.0000 0.0000 0.0000 0.0000 0.0000 0.0000 0.0000 0.0027 0.9774 0.0199
0.0000 0.0000 0.0000 0.0000 0.0000 0.0000 0.0000 0.0000 0.0000 0.0199 0.9801
#DG from neighbouring lambda in kcal/mol
0.0000 0.1000 1.3013 0.0427
0.1000 0.2000 -1.4434 0.0587
0.2000 0.3000 -5.0613 0.0479
0.3000 0.4000 -8.3923 0.0367
0.4000 0.5000 -9.9654 0.0366
0.5000 0.6000 -3.0388 0.0761
0.6000 0.7000 16.4854 0.4006
0.7000 0.8000 5.3605 0.4129
0.8000 0.9000 5.7154 0.4684
0.9000 1.0000 4.0499 0.1692
#PMF from MBAR in kcal/mol
0.0000 0.0000 0.0000
0.1000 1.3013 0.0427
0.2000 -0.1422 0.0800
0.3000 -5.2035 0.0990
0.4000 -13.5958 0.1102
0.5000 -23.5612 0.1198
0.6000 -26.6000 0.1447
0.7000 -10.1146 0.3987
0.8000 -4.7541 0.2705
0.9000 0.9613 0.2705
1.0000 5.0112 0.2967
#TI average gradients and standard deviation in kcal/mol
0.0000 6.9726 11.5883
0.1000 9.3730 10.0988
0.2000 -27.6876 13.4671
0.3000 -69.2796 14.4163
0.4000 -101.5107 10.2022
0.5000 -90.1627 9.6367
0.6000 76.8345 25.1077
0.7000 52.4323 33.5049
0.8000 69.1438 48.8309
0.9000 48.8571 29.5051
1.0000 40.8768 18.2033
#PMF from TI in kcal/mol
0.0000 0.0000
0.1000 0.8173
0.2000 -0.0984
0.3000 -4.9468
0.4000 -13.4863
0.5000 -23.0700
0.6000 -23.7364
0.7000 -17.2731
0.8000 -11.1943
0.9000 -5.2942
1.0000 -0.8075
#MBAR free energy difference in kcal/mol: 
5.011210, 0.296724 
#TI free energy difference in kcal/mol: 
-0.807522  #WARNING SUBSAMPLING GRADIENTS RESULTED IN LESS THAN 50 SAMPLES, CONSIDER RERUN WITHOUT SUBSAMPLE OPTION 
Starting /export/users/common/BioSimSpace/sire.app/bin/analyse_freenrg: number of threads equals 32
