# Analysing data contained in file(s) ['lambda_0.0000/simfile.dat', 'lambda_0.1000/simfile.dat', 'lambda_0.2000/simfile.dat', 'lambda_0.3000/simfile.dat', 'lambda_0.4000/simfile.dat', 'lambda_0.5000/simfile.dat', 'lambda_0.6000/simfile.dat', 'lambda_0.7000/simfile.dat', 'lambda_0.8000/simfile.dat', 'lambda_0.9000/simfile.dat', 'lambda_1.0000/simfile.dat']
#Overlap matrix
0.7991 0.1849 0.0147 0.0011 0.0001 0.0000 0.0000 0.0000 0.0000 0.0000 0.0000
0.1849 0.6048 0.1907 0.0171 0.0017 0.0003 0.0002 0.0002 0.0001 0.0001 0.0000
0.0147 0.1907 0.5731 0.1913 0.0222 0.0034 0.0015 0.0015 0.0011 0.0004 0.0001
0.0011 0.0171 0.1913 0.5473 0.1896 0.0291 0.0096 0.0076 0.0051 0.0018 0.0003
0.0001 0.0017 0.0222 0.1896 0.4905 0.1930 0.0522 0.0293 0.0155 0.0050 0.0009
0.0000 0.0003 0.0034 0.0291 0.1930 0.4118 0.2112 0.0951 0.0409 0.0126 0.0025
0.0000 0.0002 0.0015 0.0096 0.0522 0.2112 0.3512 0.2288 0.1021 0.0347 0.0084
0.0000 0.0002 0.0015 0.0076 0.0293 0.0951 0.2288 0.2853 0.2086 0.1058 0.0378
0.0000 0.0001 0.0011 0.0051 0.0155 0.0409 0.1021 0.2086 0.2700 0.2266 0.1299
0.0000 0.0001 0.0004 0.0018 0.0050 0.0126 0.0347 0.1058 0.2266 0.3129 0.3000
0.0000 0.0000 0.0001 0.0003 0.0009 0.0025 0.0084 0.0378 0.1299 0.3000 0.5200
#DG from neighbouring lambda in kcal/mol
0.0000 0.1000 0.1379 0.0441
0.1000 0.2000 0.3087 0.0401
0.2000 0.3000 0.2397 0.0380
0.3000 0.4000 0.1825 0.0344
0.4000 0.5000 0.2148 0.0279
0.5000 0.6000 0.4895 0.0202
0.6000 0.7000 0.6870 0.0145
0.7000 0.8000 0.3063 0.0142
0.8000 0.9000 -0.2713 0.0138
0.9000 1.0000 -0.7963 0.0154
#PMF from MBAR in kcal/mol
0.0000 0.0000 0.0000
0.1000 0.1379 0.0441
0.2000 0.4466 0.0662
0.3000 0.6864 0.0814
0.4000 0.8688 0.0920
0.5000 1.0837 0.0985
0.6000 1.5731 0.1015
0.7000 2.2602 0.1028
0.8000 2.5664 0.1048
0.9000 2.2951 0.1074
1.0000 1.4988 0.1103
#TI average gradients and standard deviation in kcal/mol
0.0000 0.5355 13.8598
0.1000 2.5312 12.9706
0.2000 3.3095 12.1434
0.3000 2.1102 12.4042
0.4000 1.3427 12.3921
0.5000 3.0348 10.6805
0.6000 6.9057 7.3629
0.7000 5.3677 6.3387
0.8000 0.3742 6.0267
0.9000 -5.7545 5.7379
1.0000 -5.2427 5.6677
#PMF from TI in kcal/mol
0.0000 0.0000
0.1000 0.1533
0.2000 0.4454
0.3000 0.7164
0.4000 0.8890
0.5000 1.1079
0.6000 1.6049
0.7000 2.2186
0.8000 2.5057
0.9000 2.2366
1.0000 1.6868
#MBAR free energy difference in kcal/mol: 
1.498768, 0.110311 
#TI free energy difference in kcal/mol: 
1.686788  
Starting /export/users/common/BioSimSpace/sire.app/bin/analyse_freenrg: number of threads equals 32
