# Analysing data contained in file(s) ['lambda_0.0000/simfile.dat', 'lambda_0.1000/simfile.dat', 'lambda_0.2000/simfile.dat', 'lambda_0.3000/simfile.dat', 'lambda_0.4000/simfile.dat', 'lambda_0.5000/simfile.dat', 'lambda_0.6000/simfile.dat', 'lambda_0.7000/simfile.dat', 'lambda_0.8000/simfile.dat', 'lambda_0.9000/simfile.dat', 'lambda_1.0000/simfile.dat']
#Overlap matrix
1.0000 0.0000 0.0000 0.0000 0.0000 0.0000 0.0000 0.0000 0.0000 0.0000 0.0000
0.0000 0.9324 0.0675 0.0001 0.0000 0.0000 0.0000 0.0000 0.0000 0.0000 0.0000
0.0000 0.0675 0.7913 0.1389 0.0023 0.0000 0.0000 0.0000 0.0000 0.0000 0.0000
0.0000 0.0001 0.1389 0.6731 0.1828 0.0051 0.0000 0.0000 0.0000 0.0000 0.0000
0.0000 0.0000 0.0023 0.1828 0.6203 0.1896 0.0050 0.0000 0.0000 0.0000 0.0000
0.0000 0.0000 0.0000 0.0051 0.1896 0.6091 0.1909 0.0053 0.0000 0.0000 0.0000
0.0000 0.0000 0.0000 0.0000 0.0050 0.1909 0.6249 0.1756 0.0036 0.0000 0.0000
0.0000 0.0000 0.0000 0.0000 0.0000 0.0053 0.1756 0.6359 0.1817 0.0014 0.0000
0.0000 0.0000 0.0000 0.0000 0.0000 0.0000 0.0036 0.1817 0.7017 0.1130 0.0000
0.0000 0.0000 0.0000 0.0000 0.0000 0.0000 0.0000 0.0014 0.1130 0.8856 0.0000
0.0000 0.0000 0.0000 0.0000 0.0000 0.0000 0.0000 0.0000 0.0000 0.0000 1.0000
#DG from neighbouring lambda in kcal/mol
0.0000 0.1000 36.2239 0.1132
0.1000 0.2000 8.5164 0.0892
0.2000 0.3000 5.9190 0.0562
0.3000 0.4000 4.7854 0.0451
0.4000 0.5000 4.0007 0.0433
0.5000 0.6000 3.1303 0.0430
0.6000 0.7000 2.2575 0.0462
0.7000 0.8000 1.1417 0.0457
0.8000 0.9000 -0.5976 0.0648
0.9000 1.0000 -105.1276 0.0963
#PMF from MBAR in kcal/mol
0.0000 0.0000 0.0000
0.1000 36.2239 0.1132
0.2000 44.7403 0.0753
0.3000 50.6593 0.0574
0.4000 55.4447 0.0476
0.5000 59.4454 0.0440
0.6000 62.5757 0.0477
0.7000 64.8332 0.0577
0.8000 65.9749 0.0714
0.9000 65.3773 0.0963
1.0000 -39.7503 0.0000
#TI average gradients and standard deviation in kcal/mol
0.0000 5256.1420 206.1107
0.1000 109.2215 26.6664
0.2000 67.3771 17.2514
0.3000 52.7229 14.5454
0.4000 43.1135 13.6924
0.5000 34.8259 14.0245
0.6000 26.7595 13.4018
0.7000 16.1837 13.8135
0.8000 5.2261 14.1707
0.9000 -25.5232 22.6128
1.0000 -5467.1427 160.4711
#PMF from TI in kcal/mol
0.0000 0.0000
0.1000 268.2682
0.2000 277.0981
0.3000 283.1031
0.4000 287.8949
0.5000 291.7919
0.6000 294.8712
0.7000 297.0183
0.8000 298.0888
0.9000 297.0739
1.0000 22.4407
#MBAR free energy difference in kcal/mol: 
-39.750320, 0.000000 
#TI free energy difference in kcal/mol: 
22.440651  
Starting /export/users/common/BioSimSpace/sire.app/bin/analyse_freenrg: number of threads equals 32
