# Analysing data contained in file(s) ['lambda_0.0000/simfile.dat', 'lambda_0.1000/simfile.dat', 'lambda_0.2000/simfile.dat', 'lambda_0.3000/simfile.dat', 'lambda_0.4000/simfile.dat', 'lambda_0.5000/simfile.dat', 'lambda_0.6000/simfile.dat', 'lambda_0.7000/simfile.dat', 'lambda_0.8000/simfile.dat', 'lambda_0.9000/simfile.dat', 'lambda_1.0000/simfile.dat']
#Overlap matrix
0.9503 0.0496 0.0001 0.0000 0.0000 0.0000 0.0000 0.0000 0.0000 0.0000 0.0000
0.0496 0.8321 0.1158 0.0024 0.0000 0.0000 0.0000 0.0000 0.0000 0.0000 0.0000
0.0001 0.1158 0.7071 0.1695 0.0073 0.0001 0.0000 0.0000 0.0000 0.0000 0.0000
0.0000 0.0024 0.1695 0.6305 0.1891 0.0085 0.0001 0.0000 0.0000 0.0000 0.0000
0.0000 0.0000 0.0073 0.1891 0.5957 0.1967 0.0110 0.0001 0.0000 0.0000 0.0000
0.0000 0.0000 0.0001 0.0085 0.1967 0.5686 0.2117 0.0144 0.0001 0.0000 0.0000
0.0000 0.0000 0.0000 0.0001 0.0110 0.2117 0.5506 0.2146 0.0120 0.0001 0.0000
0.0000 0.0000 0.0000 0.0000 0.0001 0.0144 0.2146 0.5525 0.2076 0.0107 0.0001
0.0000 0.0000 0.0000 0.0000 0.0000 0.0001 0.0120 0.2076 0.5587 0.2116 0.0100
0.0000 0.0000 0.0000 0.0000 0.0000 0.0000 0.0001 0.0107 0.2116 0.5661 0.2115
0.0000 0.0000 0.0000 0.0000 0.0000 0.0000 0.0000 0.0001 0.0100 0.2115 0.7784
#DG from neighbouring lambda in kcal/mol
0.0000 0.1000 -2.4883 0.1042
0.1000 0.2000 0.4465 0.0622
0.2000 0.3000 1.7051 0.0464
0.3000 0.4000 2.0639 0.0416
0.4000 0.5000 1.9693 0.0398
0.5000 0.6000 1.8154 0.0366
0.6000 0.7000 1.7304 0.0361
0.7000 0.8000 1.4931 0.0376
0.8000 0.9000 1.2595 0.0373
0.9000 1.0000 1.1290 0.0389
#PMF from MBAR in kcal/mol
0.0000 0.0000 0.0000
0.1000 -2.4883 0.1042
0.2000 -2.0419 0.1261
0.3000 -0.3368 0.1383
0.4000 1.7271 0.1477
0.5000 3.6964 0.1561
0.6000 5.5118 0.1632
0.7000 7.2422 0.1698
0.8000 8.7353 0.1767
0.9000 9.9949 0.1832
1.0000 11.1239 0.1898
#TI average gradients and standard deviation in kcal/mol
0.0000 -49.9221 27.1395
0.1000 -6.9938 20.0535
0.2000 12.6921 15.4428
0.3000 20.1349 13.4269
0.4000 20.3877 12.3406
0.5000 18.9167 12.9595
0.6000 18.2548 12.0815
0.7000 16.9452 11.9829
0.8000 12.6140 12.1064
0.9000 11.9727 12.3519
1.0000 18.3472 11.9727
#PMF from TI in kcal/mol
0.0000 0.0000
0.1000 -2.8458
0.2000 -2.5609
0.3000 -0.9195
0.4000 1.1066
0.5000 3.0718
0.6000 4.9304
0.7000 6.6904
0.8000 8.1684
0.9000 9.3977
1.0000 10.9137
#MBAR free energy difference in kcal/mol: 
11.123876, 0.189848 
#TI free energy difference in kcal/mol: 
10.913685  
Starting /export/users/common/BioSimSpace/sire.app/bin/analyse_freenrg: number of threads equals 32
