# Analysing data contained in file(s) ['lambda_0.0000/simfile.dat', 'lambda_0.1000/simfile.dat', 'lambda_0.2000/simfile.dat', 'lambda_0.3000/simfile.dat', 'lambda_0.4000/simfile.dat', 'lambda_0.5000/simfile.dat', 'lambda_0.6000/simfile.dat', 'lambda_0.7000/simfile.dat', 'lambda_0.8000/simfile.dat', 'lambda_0.9000/simfile.dat', 'lambda_1.0000/simfile.dat']
#Overlap matrix
0.8436 0.1545 0.0019 0.0000 0.0000 0.0000 0.0000 0.0000 0.0000 0.0000 0.0000
0.1545 0.6787 0.1645 0.0023 0.0000 0.0000 0.0000 0.0000 0.0000 0.0000 0.0000
0.0019 0.1645 0.6741 0.1578 0.0018 0.0000 0.0000 0.0000 0.0000 0.0000 0.0000
0.0000 0.0023 0.1578 0.6848 0.1536 0.0016 0.0000 0.0000 0.0000 0.0000 0.0000
0.0000 0.0000 0.0018 0.1536 0.6965 0.1479 0.0002 0.0000 0.0000 0.0000 0.0000
0.0000 0.0000 0.0000 0.0016 0.1479 0.7881 0.0624 0.0000 0.0000 0.0000 0.0000
0.0000 0.0000 0.0000 0.0000 0.0002 0.0624 0.8892 0.0482 0.0000 0.0000 0.0000
0.0000 0.0000 0.0000 0.0000 0.0000 0.0000 0.0482 0.9433 0.0085 0.0000 0.0000
0.0000 0.0000 0.0000 0.0000 0.0000 0.0000 0.0000 0.0085 0.9915 0.0001 0.0000
0.0000 0.0000 0.0000 0.0000 0.0000 0.0000 0.0000 0.0000 0.0001 0.9999 0.0000
0.0000 0.0000 0.0000 0.0000 0.0000 0.0000 0.0000 0.0000 0.0000 0.0000 1.0000
#DG from neighbouring lambda in kcal/mol
0.0000 0.1000 9.4226 0.0486
0.1000 0.2000 7.5457 0.0460
0.2000 0.3000 5.6690 0.0474
0.3000 0.4000 3.6482 0.0485
0.4000 0.5000 1.9524 0.0502
0.5000 0.6000 0.3094 0.0867
0.6000 0.7000 -2.2812 0.1004
0.7000 0.8000 -1.3677 0.2497
0.8000 0.9000 -3.5462 3.0196
0.9000 1.0000 -24.4439 2.7271
#PMF from MBAR in kcal/mol
0.0000 0.0000 0.0000
0.1000 9.4226 0.0486
0.2000 16.9683 0.0740
0.3000 22.6373 0.0934
0.4000 26.2855 0.1099
0.5000 28.2379 0.1249
0.6000 28.5473 0.1555
0.7000 26.2661 0.1880
0.8000 24.8985 0.3143
0.9000 21.3523 3.0361
1.0000 -3.0917 0.3226
#TI average gradients and standard deviation in kcal/mol
0.0000 92.9932 12.5356
0.1000 84.2231 15.2211
0.2000 63.8346 12.6827
0.3000 44.7688 15.8175
0.4000 27.5927 14.7779
0.5000 9.8534 16.3940
0.6000 -14.3882 16.4050
0.7000 -22.3415 21.5719
0.8000 -12.2748 34.3620
0.9000 -89.1769 48.2454
1.0000 -24894.5523 4326.8413
#PMF from TI in kcal/mol
0.0000 0.0000
0.1000 8.8608
0.2000 16.2637
0.3000 21.6939
0.4000 25.3119
0.5000 27.1843
0.6000 26.9575
0.7000 25.1210
0.8000 23.3902
0.9000 18.3176
1.0000 -1230.8688
#MBAR free energy difference in kcal/mol: 
-3.091651, 0.322582 
#TI free energy difference in kcal/mol: 
-1230.868830  #WARNING SUBSAMPLING GRADIENTS RESULTED IN LESS THAN 50 SAMPLES, CONSIDER RERUN WITHOUT SUBSAMPLE OPTION 
Starting /export/users/common/BioSimSpace/sire.app/bin/analyse_freenrg: number of threads equals 32
