# Analysing data contained in file(s) ['lambda_0.0000/simfile.dat', 'lambda_0.1000/simfile.dat', 'lambda_0.2000/simfile.dat', 'lambda_0.3000/simfile.dat', 'lambda_0.4000/simfile.dat', 'lambda_0.5000/simfile.dat', 'lambda_0.6000/simfile.dat', 'lambda_0.7000/simfile.dat', 'lambda_0.8000/simfile.dat', 'lambda_0.9000/simfile.dat', 'lambda_1.0000/simfile.dat']
#Overlap matrix
0.9816 0.0184 0.0000 0.0000 0.0000 0.0000 0.0000 0.0000 0.0000 0.0000 0.0000
0.0184 0.9600 0.0216 0.0000 0.0000 0.0000 0.0000 0.0000 0.0000 0.0000 0.0000
0.0000 0.0216 0.9529 0.0254 0.0000 0.0000 0.0000 0.0000 0.0000 0.0000 0.0000
0.0000 0.0000 0.0254 0.9527 0.0218 0.0000 0.0000 0.0000 0.0000 0.0000 0.0000
0.0000 0.0000 0.0000 0.0218 0.9546 0.0235 0.0000 0.0000 0.0000 0.0000 0.0000
0.0000 0.0000 0.0000 0.0000 0.0235 0.9457 0.0308 0.0000 0.0000 0.0000 0.0000
0.0000 0.0000 0.0000 0.0000 0.0000 0.0308 0.9456 0.0236 0.0000 0.0000 0.0000
0.0000 0.0000 0.0000 0.0000 0.0000 0.0000 0.0236 0.9348 0.0416 0.0000 0.0000
0.0000 0.0000 0.0000 0.0000 0.0000 0.0000 0.0000 0.0416 0.9279 0.0305 0.0000
0.0000 0.0000 0.0000 0.0000 0.0000 0.0000 0.0000 0.0000 0.0305 0.9350 0.0345
0.0000 0.0000 0.0000 0.0000 0.0000 0.0000 0.0000 0.0000 0.0000 0.0345 0.9655
#DG from neighbouring lambda in kcal/mol
0.0000 0.1000 41.6420 0.1736
0.1000 0.2000 36.3112 0.1595
0.2000 0.3000 31.3977 0.1465
0.3000 0.4000 26.8530 0.1587
0.4000 0.5000 21.7458 0.1526
0.5000 0.6000 17.7833 0.1324
0.6000 0.7000 13.2641 0.1524
0.7000 0.8000 9.6393 0.1125
0.8000 0.9000 4.6563 0.1331
0.9000 1.0000 0.4003 0.1246
#PMF from MBAR in kcal/mol
0.0000 0.0000 0.0000
0.1000 41.6420 0.1736
0.2000 77.9532 0.2382
0.3000 109.3508 0.2817
0.4000 136.2038 0.3251
0.5000 157.9496 0.3607
0.6000 175.7329 0.3858
0.7000 188.9970 0.4162
0.8000 198.6362 0.4324
0.9000 203.2925 0.4537
1.0000 203.6928 0.4718
#TI average gradients and standard deviation in kcal/mol
0.0000 440.8996 29.6994
0.1000 389.7493 29.4271
0.2000 339.4764 29.0287
0.3000 293.1216 27.1425
0.4000 242.1003 27.5082
0.5000 198.2666 26.2634
0.6000 152.4599 27.0607
0.7000 107.5688 25.2370
0.8000 68.9009 26.3221
0.9000 27.3025 24.2460
1.0000 -16.7771 25.2442
#PMF from TI in kcal/mol
0.0000 0.0000
0.1000 41.5324
0.2000 77.9937
0.3000 109.6236
0.4000 136.3847
0.5000 158.4031
0.6000 175.9394
0.7000 188.9408
0.8000 197.7643
0.9000 202.5745
1.0000 203.1008
#MBAR free energy difference in kcal/mol: 
203.692810, 0.471752 
#TI free energy difference in kcal/mol: 
203.100760  
Starting /export/users/common/BioSimSpace/sire.app/bin/analyse_freenrg: number of threads equals 32
