# Analysing data contained in file(s) ['lambda_0.0000/simfile.dat', 'lambda_0.1000/simfile.dat', 'lambda_0.2000/simfile.dat', 'lambda_0.3000/simfile.dat', 'lambda_0.4000/simfile.dat', 'lambda_0.5000/simfile.dat', 'lambda_0.6000/simfile.dat', 'lambda_0.7000/simfile.dat', 'lambda_0.8000/simfile.dat', 'lambda_0.9000/simfile.dat', 'lambda_1.0000/simfile.dat']
#Overlap matrix
0.8925 0.1073 0.0002 0.0000 0.0000 0.0000 0.0000 0.0000 0.0000 0.0000 0.0000
0.1073 0.7628 0.1282 0.0016 0.0000 0.0000 0.0000 0.0000 0.0000 0.0000 0.0000
0.0002 0.1282 0.6753 0.1901 0.0062 0.0001 0.0000 0.0000 0.0000 0.0000 0.0000
0.0000 0.0016 0.1901 0.6045 0.1923 0.0112 0.0004 0.0000 0.0000 0.0000 0.0000
0.0000 0.0000 0.0062 0.1923 0.5919 0.2048 0.0048 0.0000 0.0000 0.0000 0.0000
0.0000 0.0000 0.0001 0.0112 0.2048 0.7379 0.0461 0.0000 0.0000 0.0000 0.0000
0.0000 0.0000 0.0000 0.0004 0.0048 0.0461 0.9487 0.0000 0.0000 0.0000 0.0000
0.0000 0.0000 0.0000 0.0000 0.0000 0.0000 0.0000 0.9984 0.0016 0.0000 0.0000
0.0000 0.0000 0.0000 0.0000 0.0000 0.0000 0.0000 0.0016 0.9942 0.0042 0.0000
0.0000 0.0000 0.0000 0.0000 0.0000 0.0000 0.0000 0.0000 0.0042 0.9748 0.0210
0.0000 0.0000 0.0000 0.0000 0.0000 0.0000 0.0000 0.0000 0.0000 0.0210 0.9790
#DG from neighbouring lambda in kcal/mol
0.0000 0.1000 -0.2133 0.0659
0.1000 0.2000 -5.0503 0.0582
0.2000 0.3000 -9.5137 0.0427
0.3000 0.4000 -13.4722 0.0407
0.4000 0.5000 -14.7008 0.0389
0.5000 0.6000 -2.0115 0.1022
0.6000 0.7000 19.2196 0.5065
0.7000 0.8000 0.9600 0.6087
0.8000 0.9000 -1.1124 0.3737
0.9000 1.0000 -2.2414 0.1648
#PMF from MBAR in kcal/mol
0.0000 0.0000 0.0000
0.1000 -0.2133 0.0659
0.2000 -5.2636 0.0944
0.3000 -14.7773 0.1088
0.4000 -28.2495 0.1205
0.5000 -42.9503 0.1301
0.6000 -44.9618 0.1673
0.7000 -25.7422 0.5033
0.8000 -24.7822 0.2598
0.9000 -25.8946 0.2598
1.0000 -28.1360 0.2858
#TI average gradients and standard deviation in kcal/mol
0.0000 9.1088 20.8427
0.1000 -25.6417 16.4665
0.2000 -74.0550 14.7406
0.3000 -115.5483 12.6939
0.4000 -150.6516 13.0694
0.5000 -124.6074 14.1400
0.6000 132.5411 46.3973
0.7000 24.3265 61.9671
0.8000 1.1939 33.3540
0.9000 -22.8362 32.2769
1.0000 -13.3164 28.9630
#PMF from TI in kcal/mol
0.0000 0.0000
0.1000 -0.8266
0.2000 -5.8115
0.3000 -15.2916
0.4000 -28.6016
0.5000 -42.3646
0.6000 -41.9679
0.7000 -34.1245
0.8000 -32.8485
0.9000 -33.9306
1.0000 -35.7383
#MBAR free energy difference in kcal/mol: 
-28.135978, 0.285753 
#TI free energy difference in kcal/mol: 
-35.738253  
Starting /export/users/common/BioSimSpace/sire.app/bin/analyse_freenrg: number of threads equals 32
