# Analysing data contained in file(s) ['lambda_0.0000/simfile.dat', 'lambda_0.1000/simfile.dat', 'lambda_0.2000/simfile.dat', 'lambda_0.3000/simfile.dat', 'lambda_0.4000/simfile.dat', 'lambda_0.5000/simfile.dat', 'lambda_0.6000/simfile.dat', 'lambda_0.7000/simfile.dat', 'lambda_0.8000/simfile.dat', 'lambda_0.9000/simfile.dat', 'lambda_1.0000/simfile.dat']
#Overlap matrix
0.7576 0.2236 0.0184 0.0004 0.0000 0.0000 0.0000 0.0000 0.0000 0.0000 0.0000
0.2236 0.5322 0.2214 0.0222 0.0007 0.0000 0.0000 0.0000 0.0000 0.0000 0.0000
0.0184 0.2214 0.4988 0.2315 0.0290 0.0010 0.0000 0.0000 0.0000 0.0000 0.0000
0.0004 0.0222 0.2315 0.4753 0.2401 0.0294 0.0011 0.0000 0.0000 0.0000 0.0000
0.0000 0.0007 0.0290 0.2401 0.4656 0.2302 0.0332 0.0013 0.0000 0.0000 0.0000
0.0000 0.0000 0.0010 0.0294 0.2302 0.4627 0.2438 0.0320 0.0010 0.0000 0.0000
0.0000 0.0000 0.0000 0.0011 0.0332 0.2438 0.4598 0.2351 0.0265 0.0006 0.0000
0.0000 0.0000 0.0000 0.0000 0.0013 0.0320 0.2351 0.4883 0.2252 0.0178 0.0002
0.0000 0.0000 0.0000 0.0000 0.0000 0.0010 0.0265 0.2252 0.5262 0.2113 0.0099
0.0000 0.0000 0.0000 0.0000 0.0000 0.0000 0.0006 0.0178 0.2113 0.6002 0.1701
0.0000 0.0000 0.0000 0.0000 0.0000 0.0000 0.0000 0.0002 0.0099 0.1701 0.8198
#DG from neighbouring lambda in kcal/mol
0.0000 0.1000 1.0210 0.0337
0.1000 0.2000 0.8985 0.0313
0.2000 0.3000 0.4894 0.0289
0.3000 0.4000 0.0144 0.0272
0.4000 0.5000 -0.5770 0.0278
0.5000 0.6000 -1.1474 0.0261
0.6000 0.7000 -1.7103 0.0277
0.7000 0.8000 -2.1818 0.0304
0.8000 0.9000 -2.3372 0.0342
0.9000 1.0000 -1.7727 0.0434
#PMF from MBAR in kcal/mol
0.0000 0.0000 0.0000
0.1000 1.0210 0.0337
0.2000 1.9196 0.0535
0.3000 2.4090 0.0666
0.4000 2.4233 0.0766
0.5000 1.8463 0.0857
0.6000 0.6989 0.0933
0.7000 -1.0114 0.1008
0.8000 -3.1932 0.1086
0.9000 -5.5303 0.1172
1.0000 -7.3031 0.1282
#TI average gradients and standard deviation in kcal/mol
0.0000 6.2405 12.6582
0.1000 10.2717 11.4913
0.2000 7.1159 10.9761
0.3000 2.6419 10.2158
0.4000 -3.0802 10.3365
0.5000 -8.9885 9.6952
0.6000 -14.3128 10.1208
0.7000 -20.0456 10.4811
0.8000 -23.0417 11.4482
0.9000 -21.5192 13.3563
1.0000 -11.0557 16.6159
#PMF from TI in kcal/mol
0.0000 0.0000
0.1000 0.8256
0.2000 1.6950
0.3000 2.1829
0.4000 2.1610
0.5000 1.5575
0.6000 0.3925
0.7000 -1.3255
0.8000 -3.4798
0.9000 -5.7079
1.0000 -7.3366
#MBAR free energy difference in kcal/mol: 
-7.303068, 0.128208 
#TI free energy difference in kcal/mol: 
-7.336623  
Starting /export/users/common/BioSimSpace/sire.app/bin/analyse_freenrg: number of threads equals 32
