# Analysing data contained in file(s) ['lambda_0.0000/simfile.dat', 'lambda_0.1000/simfile.dat', 'lambda_0.2000/simfile.dat', 'lambda_0.3000/simfile.dat', 'lambda_0.4000/simfile.dat', 'lambda_0.5000/simfile.dat', 'lambda_0.6000/simfile.dat', 'lambda_0.7000/simfile.dat', 'lambda_0.8000/simfile.dat', 'lambda_0.9000/simfile.dat', 'lambda_1.0000/simfile.dat']
#Overlap matrix
0.9115 0.0880 0.0006 0.0000 0.0000 0.0000 0.0000 0.0000 0.0000 0.0000 0.0000
0.0880 0.7836 0.1264 0.0021 0.0000 0.0000 0.0000 0.0000 0.0000 0.0000 0.0000
0.0006 0.1264 0.7003 0.1696 0.0031 0.0000 0.0000 0.0000 0.0000 0.0000 0.0000
0.0000 0.0021 0.1696 0.6532 0.1713 0.0039 0.0000 0.0000 0.0000 0.0000 0.0000
0.0000 0.0000 0.0031 0.1713 0.6390 0.1827 0.0038 0.0000 0.0000 0.0000 0.0000
0.0000 0.0000 0.0000 0.0039 0.1827 0.6365 0.1737 0.0032 0.0000 0.0000 0.0000
0.0000 0.0000 0.0000 0.0000 0.0038 0.1737 0.6483 0.1719 0.0023 0.0000 0.0000
0.0000 0.0000 0.0000 0.0000 0.0000 0.0032 0.1719 0.6455 0.1765 0.0029 0.0000
0.0000 0.0000 0.0000 0.0000 0.0000 0.0000 0.0023 0.1765 0.6519 0.1676 0.0016
0.0000 0.0000 0.0000 0.0000 0.0000 0.0000 0.0000 0.0029 0.1676 0.6768 0.1527
0.0000 0.0000 0.0000 0.0000 0.0000 0.0000 0.0000 0.0000 0.0016 0.1527 0.8457
#DG from neighbouring lambda in kcal/mol
0.0000 0.1000 -2.3244 0.0774
0.1000 0.2000 -0.0759 0.0609
0.2000 0.3000 0.9113 0.0490
0.3000 0.4000 1.1656 0.0483
0.4000 0.5000 1.1740 0.0458
0.5000 0.6000 1.1150 0.0478
0.6000 0.7000 1.0168 0.0485
0.7000 0.8000 0.8361 0.0475
0.8000 0.9000 0.9057 0.0496
0.9000 1.0000 0.7245 0.0538
#PMF from MBAR in kcal/mol
0.0000 0.0000 0.0000
0.1000 -2.3244 0.0774
0.2000 -2.4003 0.1045
0.3000 -1.4890 0.1204
0.4000 -0.3234 0.1341
0.5000 0.8506 0.1457
0.6000 1.9656 0.1571
0.7000 2.9825 0.1679
0.8000 3.8185 0.1779
0.9000 4.7242 0.1878
1.0000 5.4487 0.1984
#TI average gradients and standard deviation in kcal/mol
0.0000 -38.5011 21.7028
0.1000 -8.1124 17.8143
0.2000 5.5499 15.3287
0.3000 12.4150 13.8097
0.4000 11.1168 14.0809
0.5000 11.2848 14.2797
0.6000 9.8130 13.7438
0.7000 8.7470 15.5634
0.8000 9.2781 14.0747
0.9000 8.4449 15.7838
1.0000 12.8678 15.1795
#PMF from TI in kcal/mol
0.0000 0.0000
0.1000 -2.3307
0.2000 -2.4588
0.3000 -1.5606
0.4000 -0.3840
0.5000 0.7361
0.6000 1.7910
0.7000 2.7190
0.8000 3.6203
0.9000 4.5064
1.0000 5.5721
#MBAR free energy difference in kcal/mol: 
5.448716, 0.198421 
#TI free energy difference in kcal/mol: 
5.572053  
Starting /export/users/common/BioSimSpace/sire.app/bin/analyse_freenrg: number of threads equals 32
