# Analysing data contained in file(s) ['lambda_0.0000/simfile.dat', 'lambda_0.1000/simfile.dat', 'lambda_0.2000/simfile.dat', 'lambda_0.3000/simfile.dat', 'lambda_0.4000/simfile.dat', 'lambda_0.5000/simfile.dat', 'lambda_0.6000/simfile.dat', 'lambda_0.7000/simfile.dat', 'lambda_0.8000/simfile.dat', 'lambda_0.9000/simfile.dat', 'lambda_1.0000/simfile.dat']
#Overlap matrix
0.8062 0.1861 0.0077 0.0001 0.0000 0.0000 0.0000 0.0000 0.0000 0.0000 0.0000
0.1861 0.6054 0.1993 0.0091 0.0001 0.0000 0.0000 0.0000 0.0000 0.0000 0.0000
0.0077 0.1993 0.5820 0.2002 0.0108 0.0001 0.0000 0.0000 0.0000 0.0000 0.0000
0.0001 0.0091 0.2002 0.5616 0.2181 0.0108 0.0001 0.0000 0.0000 0.0000 0.0000
0.0000 0.0001 0.0108 0.2181 0.5532 0.2057 0.0121 0.0001 0.0000 0.0000 0.0000
0.0000 0.0000 0.0001 0.0108 0.2057 0.5655 0.2080 0.0098 0.0001 0.0000 0.0000
0.0000 0.0000 0.0000 0.0001 0.0121 0.2080 0.5652 0.2059 0.0087 0.0000 0.0000
0.0000 0.0000 0.0000 0.0000 0.0001 0.0098 0.2059 0.5843 0.1958 0.0041 0.0000
0.0000 0.0000 0.0000 0.0000 0.0000 0.0001 0.0087 0.1958 0.6308 0.1645 0.0000
0.0000 0.0000 0.0000 0.0000 0.0000 0.0000 0.0000 0.0041 0.1645 0.8291 0.0023
0.0000 0.0000 0.0000 0.0000 0.0000 0.0000 0.0000 0.0000 0.0000 0.0023 0.9977
#DG from neighbouring lambda in kcal/mol
0.0000 0.1000 -0.2274 0.0447
0.1000 0.2000 0.0335 0.0408
0.2000 0.3000 -0.0073 0.0402
0.3000 0.4000 -0.1428 0.0371
0.4000 0.5000 -0.4366 0.0389
0.5000 0.6000 -0.7345 0.0387
0.6000 0.7000 -1.1697 0.0395
0.7000 0.8000 -1.6263 0.0420
0.8000 0.9000 -2.3926 0.0498
0.9000 1.0000 -7.7967 0.5255
#PMF from MBAR in kcal/mol
0.0000 0.0000 0.0000
0.1000 -0.2274 0.0447
0.2000 -0.1939 0.0685
0.3000 -0.2012 0.0856
0.4000 -0.3440 0.0986
0.5000 -0.7806 0.1107
0.6000 -1.5151 0.1213
0.7000 -2.6847 0.1316
0.8000 -4.3110 0.1418
0.9000 -6.7036 0.1540
1.0000 -14.5004 0.5487
#TI average gradients and standard deviation in kcal/mol
0.0000 -6.1797 16.5455
0.1000 -2.3854 12.8545
0.2000 1.1290 13.9217
0.3000 -0.4962 13.8863
0.4000 -3.6964 13.2412
0.5000 -5.6445 11.8945
0.6000 -9.8733 13.5185
0.7000 -14.0065 13.3955
0.8000 -19.2702 13.5774
0.9000 -30.0889 19.2629
1.0000 -2528.7822 1218.6964
#PMF from TI in kcal/mol
0.0000 0.0000
0.1000 -0.4283
0.2000 -0.4911
0.3000 -0.4594
0.4000 -0.6691
0.5000 -1.1361
0.6000 -1.9120
0.7000 -3.1060
0.8000 -4.7698
0.9000 -7.2378
1.0000 -135.1813
#MBAR free energy difference in kcal/mol: 
-14.500367, 0.548728 
#TI free energy difference in kcal/mol: 
-135.181339  
Starting /export/users/common/BioSimSpace/sire.app/bin/analyse_freenrg: number of threads equals 32
