# Analysing data contained in file(s) ['lambda_0.0000/simfile.dat', 'lambda_0.1000/simfile.dat', 'lambda_0.2000/simfile.dat', 'lambda_0.3000/simfile.dat', 'lambda_0.4000/simfile.dat', 'lambda_0.5000/simfile.dat', 'lambda_0.6000/simfile.dat', 'lambda_0.7000/simfile.dat', 'lambda_0.8000/simfile.dat', 'lambda_0.9000/simfile.dat', 'lambda_1.0000/simfile.dat']
#Overlap matrix
0.7248 0.2505 0.0240 0.0008 0.0000 0.0000 0.0000 0.0000 0.0000 0.0000 0.0000
0.2505 0.4853 0.2319 0.0311 0.0013 0.0000 0.0000 0.0000 0.0000 0.0000 0.0000
0.0240 0.2319 0.4718 0.2352 0.0354 0.0017 0.0000 0.0000 0.0000 0.0000 0.0000
0.0008 0.0311 0.2352 0.4519 0.2468 0.0332 0.0010 0.0000 0.0000 0.0000 0.0000
0.0000 0.0013 0.0354 0.2468 0.4835 0.2130 0.0193 0.0005 0.0000 0.0000 0.0000
0.0000 0.0000 0.0017 0.0332 0.2130 0.5292 0.2065 0.0160 0.0003 0.0000 0.0000
0.0000 0.0000 0.0000 0.0010 0.0193 0.2065 0.5569 0.2035 0.0127 0.0001 0.0000
0.0000 0.0000 0.0000 0.0000 0.0005 0.0160 0.2035 0.5794 0.1939 0.0068 0.0000
0.0000 0.0000 0.0000 0.0000 0.0000 0.0003 0.0127 0.1939 0.6311 0.1609 0.0012
0.0000 0.0000 0.0000 0.0000 0.0000 0.0000 0.0001 0.0068 0.1609 0.7421 0.0902
0.0000 0.0000 0.0000 0.0000 0.0000 0.0000 0.0000 0.0000 0.0012 0.0902 0.9087
#DG from neighbouring lambda in kcal/mol
0.0000 0.1000 -0.7103 0.0337
0.1000 0.2000 -1.2741 0.0323
0.2000 0.3000 -1.7205 0.0305
0.3000 0.4000 -1.9805 0.0289
0.4000 0.5000 -2.0733 0.0351
0.5000 0.6000 -2.3663 0.0383
0.6000 0.7000 -2.6926 0.0398
0.7000 0.8000 -2.9102 0.0429
0.8000 0.9000 -2.7482 0.0518
0.9000 1.0000 -2.3412 0.0781
#PMF from MBAR in kcal/mol
0.0000 0.0000 0.0000
0.1000 -0.7103 0.0337
0.2000 -1.9845 0.0558
0.3000 -3.7049 0.0701
0.4000 -5.6854 0.0812
0.5000 -7.7587 0.0930
0.6000 -10.1251 0.1052
0.7000 -12.8177 0.1167
0.8000 -15.7279 0.1284
0.9000 -18.4761 0.1424
1.0000 -20.8173 0.1663
#TI average gradients and standard deviation in kcal/mol
0.0000 -9.7733 10.6569
0.1000 -10.3632 10.4918
0.2000 -15.0455 9.9251
0.3000 -18.2364 9.6875
0.4000 -20.5212 9.9291
0.5000 -22.9416 11.5182
0.6000 -26.5527 12.1268
0.7000 -28.3517 12.7024
0.8000 -28.1700 14.5415
0.9000 -25.7203 17.2090
1.0000 -18.9590 20.7065
#PMF from TI in kcal/mol
0.0000 0.0000
0.1000 -1.0068
0.2000 -2.2773
0.3000 -3.9414
0.4000 -5.8792
0.5000 -8.0524
0.6000 -10.5271
0.7000 -13.2723
0.8000 -16.0984
0.9000 -18.7929
1.0000 -21.0269
#MBAR free energy difference in kcal/mol: 
-20.817300, 0.166278 
#TI free energy difference in kcal/mol: 
-21.026873  
Starting /export/users/common/BioSimSpace/sire.app/bin/analyse_freenrg: number of threads equals 32
