# Analysing data contained in file(s) ['lambda_0.0000/simfile.dat', 'lambda_0.1000/simfile.dat', 'lambda_0.2000/simfile.dat', 'lambda_0.3000/simfile.dat', 'lambda_0.4000/simfile.dat', 'lambda_0.5000/simfile.dat', 'lambda_0.6000/simfile.dat', 'lambda_0.7000/simfile.dat', 'lambda_0.8000/simfile.dat', 'lambda_0.9000/simfile.dat', 'lambda_1.0000/simfile.dat']
#Overlap matrix
0.9912 0.0088 0.0000 0.0000 0.0000 0.0000 0.0000 0.0000 0.0000 0.0000 0.0000
0.0088 0.9865 0.0047 0.0000 0.0000 0.0000 0.0000 0.0000 0.0000 0.0000 0.0000
0.0000 0.0047 0.9938 0.0015 0.0000 0.0000 0.0000 0.0000 0.0000 0.0000 0.0000
0.0000 0.0000 0.0015 0.9985 0.0000 0.0000 0.0000 0.0000 0.0000 0.0000 0.0000
0.0000 0.0000 0.0000 0.0000 0.9451 0.0530 0.0018 0.0001 0.0000 0.0000 0.0000
0.0000 0.0000 0.0000 0.0000 0.0530 0.7891 0.1524 0.0055 0.0000 0.0000 0.0000
0.0000 0.0000 0.0000 0.0000 0.0018 0.1524 0.6641 0.1778 0.0039 0.0000 0.0000
0.0000 0.0000 0.0000 0.0000 0.0001 0.0055 0.1778 0.6388 0.1771 0.0008 0.0000
0.0000 0.0000 0.0000 0.0000 0.0000 0.0000 0.0039 0.1771 0.7196 0.0993 0.0000
0.0000 0.0000 0.0000 0.0000 0.0000 0.0000 0.0000 0.0008 0.0993 0.8224 0.0774
0.0000 0.0000 0.0000 0.0000 0.0000 0.0000 0.0000 0.0000 0.0000 0.0774 0.9225
#DG from neighbouring lambda in kcal/mol
0.0000 0.1000 -1.1659 0.2693
0.1000 0.2000 -0.7935 0.3699
0.2000 0.3000 -1.5296 0.6503
0.3000 0.4000 -15.4816 0.5381
0.4000 0.5000 6.0743 0.1026
0.5000 0.6000 13.4626 0.0526
0.6000 0.7000 12.6529 0.0466
0.7000 0.8000 9.8298 0.0477
0.8000 0.9000 6.2354 0.0720
0.9000 1.0000 1.7777 0.0841
#PMF from MBAR in kcal/mol
0.0000 0.0000 0.0000
0.1000 -1.1659 0.2693
0.2000 -1.9594 0.4590
0.3000 -3.4890 0.7967
0.4000 -18.9706 0.3383
0.5000 -12.8963 0.3259
0.6000 0.5663 0.3234
0.7000 13.2192 0.3226
0.8000 23.0489 0.3233
0.9000 29.2844 0.3275
1.0000 31.0621 0.3365
#TI average gradients and standard deviation in kcal/mol
0.0000 -27.5022 30.6154
0.1000 -4.2654 32.0778
0.2000 -13.2216 37.2388
0.3000 -20.7073 40.0064
0.4000 -41.3674 32.1899
0.5000 122.4413 17.6172
0.6000 136.8513 13.9331
0.7000 112.9747 13.6658
0.8000 82.5938 15.5790
0.9000 39.4203 19.2495
1.0000 3.3267 21.8336
#PMF from TI in kcal/mol
0.0000 0.0000
0.1000 -1.5884
0.2000 -2.4627
0.3000 -4.1592
0.4000 -7.2629
0.5000 -3.2092
0.6000 9.7554
0.7000 22.2467
0.8000 32.0252
0.9000 38.1259
1.0000 40.2632
#MBAR free energy difference in kcal/mol: 
31.062108, 0.336518 
#TI free energy difference in kcal/mol: 
40.263210  
Starting /export/users/common/BioSimSpace/sire.app/bin/analyse_freenrg: number of threads equals 32
