# Analysing data contained in file(s) ['lambda_0.0000/simfile.dat', 'lambda_0.1000/simfile.dat', 'lambda_0.2000/simfile.dat', 'lambda_0.3000/simfile.dat', 'lambda_0.4000/simfile.dat', 'lambda_0.5000/simfile.dat', 'lambda_0.6000/simfile.dat', 'lambda_0.7000/simfile.dat', 'lambda_0.8000/simfile.dat', 'lambda_0.9000/simfile.dat', 'lambda_1.0000/simfile.dat']
#Overlap matrix
0.9423 0.0576 0.0000 0.0000 0.0000 0.0000 0.0000 0.0000 0.0000 0.0000 0.0000
0.0576 0.8657 0.0767 0.0000 0.0000 0.0000 0.0000 0.0000 0.0000 0.0000 0.0000
0.0000 0.0767 0.8353 0.0879 0.0001 0.0000 0.0000 0.0000 0.0000 0.0000 0.0000
0.0000 0.0000 0.0879 0.8175 0.0943 0.0002 0.0000 0.0000 0.0000 0.0000 0.0000
0.0000 0.0000 0.0001 0.0943 0.8437 0.0618 0.0000 0.0000 0.0000 0.0000 0.0000
0.0000 0.0000 0.0000 0.0002 0.0618 0.8684 0.0695 0.0001 0.0000 0.0000 0.0000
0.0000 0.0000 0.0000 0.0000 0.0000 0.0695 0.8426 0.0877 0.0001 0.0000 0.0000
0.0000 0.0000 0.0000 0.0000 0.0000 0.0001 0.0877 0.8317 0.0804 0.0001 0.0000
0.0000 0.0000 0.0000 0.0000 0.0000 0.0000 0.0001 0.0804 0.8432 0.0762 0.0000
0.0000 0.0000 0.0000 0.0000 0.0000 0.0000 0.0000 0.0001 0.0762 0.8699 0.0538
0.0000 0.0000 0.0000 0.0000 0.0000 0.0000 0.0000 0.0000 0.0000 0.0538 0.9462
#DG from neighbouring lambda in kcal/mol
0.0000 0.1000 9.7388 0.0960
0.1000 0.2000 6.7747 0.0814
0.2000 0.3000 4.4249 0.0749
0.3000 0.4000 3.4602 0.0717
0.4000 0.5000 3.5460 0.0921
0.5000 0.6000 2.0249 0.0862
0.6000 0.7000 1.0153 0.0750
0.7000 0.8000 0.5700 0.0790
0.8000 0.9000 0.5108 0.0817
0.9000 1.0000 2.2208 0.0997
#PMF from MBAR in kcal/mol
0.0000 0.0000 0.0000
0.1000 9.7388 0.0960
0.2000 16.5135 0.1305
0.3000 20.9385 0.1544
0.4000 24.3986 0.1737
0.5000 27.9446 0.1995
0.6000 29.9695 0.2201
0.7000 30.9848 0.2350
0.8000 31.5548 0.2503
0.9000 32.0657 0.2656
1.0000 34.2864 0.2858
#TI average gradients and standard deviation in kcal/mol
0.0000 108.5821 23.4556
0.1000 82.0302 20.7934
0.2000 56.1537 18.2380
0.3000 36.7474 19.6228
0.4000 38.2666 19.7037
0.5000 30.0714 22.3998
0.6000 13.4246 20.1416
0.7000 7.0875 19.6348
0.8000 3.9933 20.3912
0.9000 9.9683 20.6924
1.0000 38.6544 22.7530
#PMF from TI in kcal/mol
0.0000 0.0000
0.1000 9.5306
0.2000 16.4398
0.3000 21.0849
0.4000 24.8356
0.5000 28.2525
0.6000 30.4273
0.7000 31.4529
0.8000 32.0069
0.9000 32.7050
1.0000 35.1361
#MBAR free energy difference in kcal/mol: 
34.286444, 0.285767 
#TI free energy difference in kcal/mol: 
35.136134  
Starting /export/users/common/BioSimSpace/sire.app/bin/analyse_freenrg: number of threads equals 32
