# Analysing data contained in file(s) ['lambda_0.0000/simfile.dat', 'lambda_0.1000/simfile.dat', 'lambda_0.2000/simfile.dat', 'lambda_0.3000/simfile.dat', 'lambda_0.4000/simfile.dat', 'lambda_0.5000/simfile.dat', 'lambda_0.6000/simfile.dat', 'lambda_0.7000/simfile.dat', 'lambda_0.8000/simfile.dat', 'lambda_0.9000/simfile.dat', 'lambda_1.0000/simfile.dat']
#Overlap matrix
0.9401 0.0599 0.0000 0.0000 0.0000 0.0000 0.0000 0.0000 0.0000 0.0000 0.0000
0.0599 0.8389 0.1009 0.0002 0.0000 0.0000 0.0000 0.0000 0.0000 0.0000 0.0000
0.0000 0.1009 0.7780 0.1207 0.0003 0.0000 0.0000 0.0000 0.0000 0.0000 0.0000
0.0000 0.0002 0.1207 0.7585 0.1199 0.0006 0.0000 0.0000 0.0000 0.0000 0.0000
0.0000 0.0000 0.0003 0.1199 0.7352 0.1442 0.0003 0.0000 0.0000 0.0000 0.0000
0.0000 0.0000 0.0000 0.0006 0.1442 0.7536 0.1013 0.0002 0.0000 0.0000 0.0000
0.0000 0.0000 0.0000 0.0000 0.0003 0.1013 0.7817 0.1164 0.0003 0.0000 0.0000
0.0000 0.0000 0.0000 0.0000 0.0000 0.0002 0.1164 0.7679 0.1151 0.0003 0.0000
0.0000 0.0000 0.0000 0.0000 0.0000 0.0000 0.0003 0.1151 0.7588 0.1255 0.0003
0.0000 0.0000 0.0000 0.0000 0.0000 0.0000 0.0000 0.0003 0.1255 0.7771 0.0971
0.0000 0.0000 0.0000 0.0000 0.0000 0.0000 0.0000 0.0000 0.0003 0.0971 0.9026
#DG from neighbouring lambda in kcal/mol
0.0000 0.1000 30.5098 0.0927
0.1000 0.2000 28.1146 0.0679
0.2000 0.3000 26.0416 0.0605
0.3000 0.4000 23.6879 0.0606
0.4000 0.5000 21.4586 0.0535
0.5000 0.6000 18.5995 0.0677
0.6000 0.7000 15.5768 0.0619
0.7000 0.8000 12.9465 0.0624
0.8000 0.9000 10.6606 0.0589
0.9000 1.0000 8.8621 0.0696
#PMF from MBAR in kcal/mol
0.0000 0.0000 0.0000
0.1000 30.5098 0.0927
0.2000 58.6244 0.1199
0.3000 84.6660 0.1385
0.4000 108.3539 0.1549
0.5000 129.8125 0.1673
0.6000 148.4120 0.1836
0.7000 163.9888 0.1968
0.8000 176.9353 0.2092
0.9000 187.5959 0.2199
1.0000 196.4580 0.2331
#TI average gradients and standard deviation in kcal/mol
0.0000 313.6591 22.5958
0.1000 291.2465 19.3278
0.2000 268.6590 18.9701
0.3000 250.4547 16.7954
0.4000 222.0303 14.8627
0.5000 203.1507 16.5712
0.6000 167.7210 15.0386
0.7000 141.0297 16.1514
0.8000 117.8692 17.3380
0.9000 97.1976 16.4669
1.0000 81.3081 17.7305
#PMF from TI in kcal/mol
0.0000 0.0000
0.1000 30.2453
0.2000 58.2406
0.3000 84.1962
0.4000 107.8205
0.5000 129.0795
0.6000 147.6231
0.7000 163.0607
0.8000 176.0056
0.9000 186.7589
1.0000 195.6842
#MBAR free energy difference in kcal/mol: 
196.457986, 0.233129 
#TI free energy difference in kcal/mol: 
195.684238  
Starting /export/users/common/BioSimSpace/sire.app/bin/analyse_freenrg: number of threads equals 32
