# Analysing data contained in file(s) ['lambda_0.0000/simfile.dat', 'lambda_0.1000/simfile.dat', 'lambda_0.2000/simfile.dat', 'lambda_0.3000/simfile.dat', 'lambda_0.4000/simfile.dat', 'lambda_0.5000/simfile.dat', 'lambda_0.6000/simfile.dat', 'lambda_0.7000/simfile.dat', 'lambda_0.8000/simfile.dat', 'lambda_0.9000/simfile.dat', 'lambda_1.0000/simfile.dat']
#Overlap matrix
0.9913 0.0087 0.0000 0.0000 0.0000 0.0000 0.0000 0.0000 0.0000 0.0000 0.0000
0.0087 0.9825 0.0088 0.0000 0.0000 0.0000 0.0000 0.0000 0.0000 0.0000 0.0000
0.0000 0.0088 0.9865 0.0047 0.0000 0.0000 0.0000 0.0000 0.0000 0.0000 0.0000
0.0000 0.0000 0.0047 0.9903 0.0050 0.0000 0.0000 0.0000 0.0000 0.0000 0.0000
0.0000 0.0000 0.0000 0.0050 0.9897 0.0053 0.0000 0.0000 0.0000 0.0000 0.0000
0.0000 0.0000 0.0000 0.0000 0.0053 0.9947 0.0000 0.0000 0.0000 0.0000 0.0000
0.0000 0.0000 0.0000 0.0000 0.0000 0.0000 0.8419 0.1564 0.0017 0.0000 0.0000
0.0000 0.0000 0.0000 0.0000 0.0000 0.0000 0.1564 0.7065 0.1368 0.0004 0.0000
0.0000 0.0000 0.0000 0.0000 0.0000 0.0000 0.0017 0.1368 0.7644 0.0971 0.0000
0.0000 0.0000 0.0000 0.0000 0.0000 0.0000 0.0000 0.0004 0.0971 0.8592 0.0433
0.0000 0.0000 0.0000 0.0000 0.0000 0.0000 0.0000 0.0000 0.0000 0.0433 0.9567
#DG from neighbouring lambda in kcal/mol
0.0000 0.1000 0.4226 0.2539
0.1000 0.2000 1.8940 0.2527
0.2000 0.3000 1.4420 0.3472
0.3000 0.4000 0.5856 0.3360
0.4000 0.5000 1.8488 0.3258
0.5000 0.6000 -10.3403 550.2337
0.6000 0.7000 8.8298 0.0497
0.7000 0.8000 10.8757 0.0545
0.8000 0.9000 7.4977 0.0686
0.9000 1.0000 2.6231 0.1097
#PMF from MBAR in kcal/mol
0.0000 0.0000 0.0000
0.1000 0.4226 0.2539
0.2000 2.3166 0.3598
0.3000 3.7586 0.5011
0.4000 4.3443 0.6043
0.5000 6.1931 0.6873
0.6000 -4.1472 550.2341
0.7000 4.6826 550.2341
0.8000 15.5582 550.2341
0.9000 23.0559 550.2341
1.0000 25.6790 550.2342
#TI average gradients and standard deviation in kcal/mol
0.0000 -19.9913 31.5961
0.1000 18.9954 30.4629
0.2000 12.1673 33.1473
0.3000 7.5697 35.0130
0.4000 13.7686 34.3741
0.5000 -6.3705 47.9756
0.6000 19.0625 15.3377
0.7000 116.2828 15.3136
0.8000 95.3567 17.2743
0.9000 54.2290 21.5195
1.0000 -549089358.2077 13034865468.9381
#PMF from TI in kcal/mol
0.0000 0.0000
0.1000 -0.0498
0.2000 1.5083
0.3000 2.4952
0.4000 3.5621
0.5000 3.9320
0.6000 4.5666
0.7000 11.3339
0.8000 21.9158
0.9000 29.3951
1.0000 -27454435.8038
#MBAR free energy difference in kcal/mol: 
25.679014, 550.234158 
#TI free energy difference in kcal/mol: 
-27454435.803801  
Starting /export/users/common/BioSimSpace/sire.app/bin/analyse_freenrg: number of threads equals 32
