# Analysing data contained in file(s) ['lambda_0.0000/simfile.dat', 'lambda_0.1000/simfile.dat', 'lambda_0.2000/simfile.dat', 'lambda_0.3000/simfile.dat', 'lambda_0.4000/simfile.dat', 'lambda_0.5000/simfile.dat', 'lambda_0.6000/simfile.dat', 'lambda_0.7000/simfile.dat', 'lambda_0.8000/simfile.dat', 'lambda_0.9000/simfile.dat', 'lambda_1.0000/simfile.dat']
#Overlap matrix
0.9835 0.0165 0.0000 0.0000 0.0000 0.0000 0.0000 0.0000 0.0000 0.0000 0.0000
0.0165 0.9699 0.0137 0.0000 0.0000 0.0000 0.0000 0.0000 0.0000 0.0000 0.0000
0.0000 0.0137 0.9606 0.0257 0.0000 0.0000 0.0000 0.0000 0.0000 0.0000 0.0000
0.0000 0.0000 0.0257 0.9743 0.0000 0.0000 0.0000 0.0000 0.0000 0.0000 0.0000
0.0000 0.0000 0.0000 0.0000 0.8467 0.1493 0.0040 0.0000 0.0000 0.0000 0.0000
0.0000 0.0000 0.0000 0.0000 0.1493 0.7348 0.1154 0.0005 0.0000 0.0000 0.0000
0.0000 0.0000 0.0000 0.0000 0.0040 0.1154 0.7980 0.0825 0.0001 0.0000 0.0000
0.0000 0.0000 0.0000 0.0000 0.0000 0.0005 0.0825 0.8415 0.0754 0.0001 0.0000
0.0000 0.0000 0.0000 0.0000 0.0000 0.0000 0.0001 0.0754 0.8507 0.0736 0.0002
0.0000 0.0000 0.0000 0.0000 0.0000 0.0000 0.0000 0.0001 0.0736 0.8656 0.0607
0.0000 0.0000 0.0000 0.0000 0.0000 0.0000 0.0000 0.0000 0.0002 0.0607 0.9391
#DG from neighbouring lambda in kcal/mol
0.0000 0.1000 8.2738 0.1754
0.1000 0.2000 6.0457 0.1931
0.2000 0.3000 4.7475 0.1391
0.3000 0.4000 -0.7139 6.5896
0.4000 0.5000 6.8334 0.0487
0.5000 0.6000 7.6756 0.0577
0.6000 0.7000 3.6164 0.0725
0.7000 0.8000 -0.8735 0.0767
0.8000 0.9000 -4.2791 0.0778
0.9000 1.0000 -6.3041 0.0870
#PMF from MBAR in kcal/mol
0.0000 0.0000 0.0000
0.1000 8.2738 0.1754
0.2000 14.3195 0.2629
0.3000 19.0670 0.2992
0.4000 18.3531 6.5965
0.5000 25.1865 6.5967
0.6000 32.8621 6.5969
0.7000 36.4786 6.5974
0.8000 35.6051 6.5979
0.9000 31.3260 6.5985
1.0000 25.0219 6.5991
#TI average gradients and standard deviation in kcal/mol
0.0000 52303509.4379 2012352619.6292
0.1000 71.2966 29.5188
0.2000 47.8811 29.2739
0.3000 48.1106 25.4252
0.4000 18.8222 21.5180
0.5000 89.5149 16.8101
0.6000 59.2736 18.3347
0.7000 11.6478 19.7443
0.8000 -27.5683 19.7661
0.9000 -55.2098 20.5902
1.0000 -2158.9673 72544.3196
#PMF from TI in kcal/mol
0.0000 0.0000
0.1000 2615179.0367
0.2000 2615184.9956
0.3000 2615189.7952
0.4000 2615193.1418
0.5000 2615198.5587
0.6000 2615205.9981
0.7000 2615209.5442
0.8000 2615208.7482
0.9000 2615204.6092
1.0000 2615093.9004
#MBAR free energy difference in kcal/mol: 
25.021939, 6.599109 
#TI free energy difference in kcal/mol: 
2615093.900392  
Starting /export/users/common/BioSimSpace/sire.app/bin/analyse_freenrg: number of threads equals 32
