# Analysing data contained in file(s) ['lambda_0.0000/simfile.dat', 'lambda_0.1000/simfile.dat', 'lambda_0.2000/simfile.dat', 'lambda_0.3000/simfile.dat', 'lambda_0.4000/simfile.dat', 'lambda_0.5000/simfile.dat', 'lambda_0.6000/simfile.dat', 'lambda_0.7000/simfile.dat', 'lambda_0.8000/simfile.dat', 'lambda_0.9000/simfile.dat', 'lambda_1.0000/simfile.dat']
#Overlap matrix
0.9972 0.0028 0.0000 0.0000 0.0000 0.0000 0.0000 0.0000 0.0000 0.0000 0.0000
0.0028 0.9945 0.0027 0.0000 0.0000 0.0000 0.0000 0.0000 0.0000 0.0000 0.0000
0.0000 0.0027 0.9946 0.0027 0.0000 0.0000 0.0000 0.0000 0.0000 0.0000 0.0000
0.0000 0.0000 0.0027 0.9950 0.0023 0.0000 0.0000 0.0000 0.0000 0.0000 0.0000
0.0000 0.0000 0.0000 0.0023 0.9975 0.0001 0.0000 0.0000 0.0000 0.0000 0.0000
0.0000 0.0000 0.0000 0.0000 0.0001 0.9999 0.0000 0.0000 0.0000 0.0000 0.0000
0.0000 0.0000 0.0000 0.0000 0.0000 0.0000 0.8439 0.1391 0.0167 0.0003 0.0000
0.0000 0.0000 0.0000 0.0000 0.0000 0.0000 0.1391 0.6476 0.2086 0.0047 0.0000
0.0000 0.0000 0.0000 0.0000 0.0000 0.0000 0.0167 0.2086 0.6248 0.1493 0.0006
0.0000 0.0000 0.0000 0.0000 0.0000 0.0000 0.0003 0.0047 0.1493 0.7107 0.1351
0.0000 0.0000 0.0000 0.0000 0.0000 0.0000 0.0000 0.0000 0.0006 0.1351 0.8643
#DG from neighbouring lambda in kcal/mol
0.0000 0.1000 -14.2493 0.5022
0.1000 0.2000 -6.2601 0.5138
0.2000 0.3000 -5.5521 0.5117
0.3000 0.4000 -3.6083 0.5492
0.4000 0.5000 -4.4874 2.4742
0.5000 0.6000 -7.7463 7.6677
0.6000 0.7000 8.6499 0.0562
0.7000 0.8000 13.0746 0.0411
0.8000 0.9000 10.6749 0.0563
0.9000 1.0000 6.9724 0.0617
#PMF from MBAR in kcal/mol
0.0000 0.0000 0.0000
0.1000 -14.2493 0.5022
0.2000 -20.5094 0.7195
0.3000 -26.0616 0.8837
0.4000 -29.6699 1.0411
0.5000 -34.1572 2.6846
0.6000 -41.9035 8.1241
0.7000 -33.2536 8.1241
0.8000 -20.1790 8.1240
0.9000 -9.5041 8.1241
1.0000 -2.5317 8.1244
#TI average gradients and standard deviation in kcal/mol
0.0000 -236.6801 43.1501
0.1000 -82.8457 33.9429
0.2000 -46.4442 34.1510
0.3000 -38.4071 35.1202
0.4000 -32.5435 38.5129
0.5000 -69.7999 55.9524
0.6000 14.0133 22.6405
0.7000 127.6134 11.4006
0.8000 123.1093 13.3444
0.9000 87.2702 17.5790
1.0000 106.8116 12.9920
#PMF from TI in kcal/mol
0.0000 0.0000
0.1000 -15.9763
0.2000 -22.4408
0.3000 -26.6833
0.4000 -30.2309
0.5000 -35.3480
0.6000 -38.1374
0.7000 -31.0560
0.8000 -18.5199
0.9000 -8.0009
1.0000 1.7032
#MBAR free energy difference in kcal/mol: 
-2.531693, 8.124446 
#TI free energy difference in kcal/mol: 
1.703155  
Starting /export/users/common/BioSimSpace/sire.app/bin/analyse_freenrg: number of threads equals 32
