# Analysing data contained in file(s) ['lambda_0.0000/simfile.dat', 'lambda_0.1000/simfile.dat', 'lambda_0.2000/simfile.dat', 'lambda_0.3000/simfile.dat', 'lambda_0.4000/simfile.dat', 'lambda_0.5000/simfile.dat', 'lambda_0.6000/simfile.dat', 'lambda_0.7000/simfile.dat', 'lambda_0.8000/simfile.dat', 'lambda_0.9000/simfile.dat', 'lambda_1.0000/simfile.dat']
#Overlap matrix
1.0000 0.0000 0.0000 0.0000 0.0000 0.0000 0.0000 0.0000 0.0000 0.0000 0.0000
0.0000 0.9650 0.0350 0.0000 0.0000 0.0000 0.0000 0.0000 0.0000 0.0000 0.0000
0.0000 0.0350 0.8993 0.0657 0.0000 0.0000 0.0000 0.0000 0.0000 0.0000 0.0000
0.0000 0.0000 0.0657 0.8806 0.0537 0.0000 0.0000 0.0000 0.0000 0.0000 0.0000
0.0000 0.0000 0.0000 0.0537 0.8917 0.0546 0.0000 0.0000 0.0000 0.0000 0.0000
0.0000 0.0000 0.0000 0.0000 0.0546 0.8894 0.0560 0.0000 0.0000 0.0000 0.0000
0.0000 0.0000 0.0000 0.0000 0.0000 0.0560 0.9020 0.0420 0.0000 0.0000 0.0000
0.0000 0.0000 0.0000 0.0000 0.0000 0.0000 0.0420 0.9425 0.0155 0.0000 0.0000
0.0000 0.0000 0.0000 0.0000 0.0000 0.0000 0.0000 0.0155 0.9753 0.0092 0.0000
0.0000 0.0000 0.0000 0.0000 0.0000 0.0000 0.0000 0.0000 0.0092 0.9818 0.0091
0.0000 0.0000 0.0000 0.0000 0.0000 0.0000 0.0000 0.0000 0.0000 0.0091 0.9909
#DG from neighbouring lambda in kcal/mol
0.0000 0.1000 33.5845 0.2377
0.1000 0.2000 13.9290 0.1494
0.2000 0.3000 12.2406 0.1054
0.3000 0.4000 10.6528 0.1182
0.4000 0.5000 8.0092 0.1171
0.5000 0.6000 5.8000 0.1154
0.6000 0.7000 2.4642 0.1354
0.7000 0.8000 -4.1436 0.2291
0.8000 0.9000 -14.0265 0.3002
0.9000 1.0000 -23.4410 0.3013
#PMF from MBAR in kcal/mol
0.0000 0.0000 0.0000
0.1000 33.5845 0.2377
0.2000 47.5135 0.1931
0.3000 59.7541 0.1721
0.4000 70.4069 0.1529
0.5000 78.4161 0.1424
0.6000 84.2161 0.1424
0.7000 86.6803 0.1558
0.8000 82.5368 0.2144
0.9000 68.5103 0.3178
1.0000 45.0693 0.4183
#TI average gradients and standard deviation in kcal/mol
0.0000 2678.7681 1427.1813
0.1000 155.7993 29.3488
0.2000 126.6319 20.6396
0.3000 119.1863 21.8892
0.4000 96.8138 19.4243
0.5000 71.1436 21.0552
0.6000 48.8029 24.2573
0.7000 2.0062 22.8127
0.8000 -83.2019 27.8205
0.9000 -190.0453 27.4052
1.0000 -281.5931 30.1979
#PMF from TI in kcal/mol
0.0000 0.0000
0.1000 141.7284
0.2000 155.8499
0.3000 168.1408
0.4000 178.9409
0.5000 187.3387
0.6000 193.3360
0.7000 195.8765
0.8000 191.8167
0.9000 178.1544
1.0000 154.5724
#MBAR free energy difference in kcal/mol: 
45.069283, 0.418299 
#TI free energy difference in kcal/mol: 
154.572437  
Starting /export/users/common/BioSimSpace/sire.app/bin/analyse_freenrg: number of threads equals 32
