# Analysing data contained in file(s) ['lambda_0.0000/simfile.dat', 'lambda_0.1000/simfile.dat', 'lambda_0.2000/simfile.dat', 'lambda_0.3000/simfile.dat', 'lambda_0.4000/simfile.dat', 'lambda_0.5000/simfile.dat', 'lambda_0.6000/simfile.dat', 'lambda_0.7000/simfile.dat', 'lambda_0.8000/simfile.dat', 'lambda_0.9000/simfile.dat', 'lambda_1.0000/simfile.dat']
#Overlap matrix
0.9930 0.0070 0.0000 0.0000 0.0000 0.0000 0.0000 0.0000 0.0000 0.0000 0.0000
0.0070 0.9901 0.0028 0.0000 0.0000 0.0000 0.0000 0.0000 0.0000 0.0000 0.0000
0.0000 0.0028 0.9958 0.0014 0.0000 0.0000 0.0000 0.0000 0.0000 0.0000 0.0000
0.0000 0.0000 0.0014 0.9986 0.0000 0.0000 0.0000 0.0000 0.0000 0.0000 0.0000
0.0000 0.0000 0.0000 0.0000 0.9522 0.0452 0.0026 0.0001 0.0000 0.0000 0.0000
0.0000 0.0000 0.0000 0.0000 0.0452 0.7756 0.1731 0.0061 0.0000 0.0000 0.0000
0.0000 0.0000 0.0000 0.0000 0.0026 0.1731 0.6398 0.1816 0.0029 0.0000 0.0000
0.0000 0.0000 0.0000 0.0000 0.0001 0.0061 0.1816 0.6552 0.1559 0.0011 0.0000
0.0000 0.0000 0.0000 0.0000 0.0000 0.0000 0.0029 0.1559 0.7291 0.1119 0.0001
0.0000 0.0000 0.0000 0.0000 0.0000 0.0000 0.0000 0.0011 0.1119 0.7911 0.0959
0.0000 0.0000 0.0000 0.0000 0.0000 0.0000 0.0000 0.0000 0.0001 0.0959 0.9040
#DG from neighbouring lambda in kcal/mol
0.0000 0.1000 -2.0739 0.2723
0.1000 0.2000 -2.4356 0.4304
0.2000 0.3000 -4.8563 0.6121
0.3000 0.4000 -16.7955 0.5226
0.4000 0.5000 2.4559 0.1000
0.5000 0.6000 10.0005 0.0431
0.6000 0.7000 7.5281 0.0415
0.7000 0.8000 2.7446 0.0474
0.8000 0.9000 -2.2262 0.0602
0.9000 1.0000 -7.6043 0.0667
#PMF from MBAR in kcal/mol
0.0000 0.0000 0.0000
0.1000 -2.0739 0.2723
0.2000 -4.5095 0.5103
0.3000 -9.3658 0.7976
0.4000 -26.1612 0.3504
0.5000 -23.7054 0.3393
0.6000 -13.7048 0.3376
0.7000 -6.1767 0.3370
0.8000 -3.4321 0.3376
0.9000 -5.6583 0.3405
1.0000 -13.2626 0.3463
#TI average gradients and standard deviation in kcal/mol
0.0000 -26.1272 28.9124
0.1000 -14.7700 33.6081
0.2000 -33.2886 37.9942
0.3000 -51.7979 42.0831
0.4000 -79.5697 35.1465
0.5000 89.7237 17.1919
0.6000 95.9746 13.9266
0.7000 52.4111 13.8629
0.8000 3.8146 14.7351
0.9000 -51.1287 18.4134
1.0000 -92.2127 20.3092
#PMF from TI in kcal/mol
0.0000 0.0000
0.1000 -2.0449
0.2000 -4.4478
0.3000 -8.7021
0.4000 -15.2705
0.5000 -14.7628
0.6000 -5.4779
0.7000 1.9414
0.8000 4.7527
0.9000 2.3870
1.0000 -4.7801
#MBAR free energy difference in kcal/mol: 
-13.262609, 0.346251 
#TI free energy difference in kcal/mol: 
-4.780091  
Starting /export/users/common/BioSimSpace/sire.app/bin/analyse_freenrg: number of threads equals 32
