# Analysing data contained in file(s) ['lambda_0.0000/simfile.dat', 'lambda_0.1000/simfile.dat', 'lambda_0.2000/simfile.dat', 'lambda_0.3000/simfile.dat', 'lambda_0.4000/simfile.dat', 'lambda_0.5000/simfile.dat', 'lambda_0.6000/simfile.dat', 'lambda_0.7000/simfile.dat', 'lambda_0.8000/simfile.dat', 'lambda_0.9000/simfile.dat', 'lambda_1.0000/simfile.dat']
#Overlap matrix
0.9959 0.0041 0.0000 0.0000 0.0000 0.0000 0.0000 0.0000 0.0000 0.0000 0.0000
0.0041 0.9601 0.0357 0.0000 0.0000 0.0000 0.0000 0.0000 0.0000 0.0000 0.0000
0.0000 0.0357 0.9075 0.0565 0.0003 0.0000 0.0000 0.0000 0.0000 0.0000 0.0000
0.0000 0.0000 0.0565 0.8208 0.1215 0.0012 0.0000 0.0000 0.0000 0.0000 0.0000
0.0000 0.0000 0.0003 0.1215 0.7298 0.1474 0.0010 0.0000 0.0000 0.0000 0.0000
0.0000 0.0000 0.0000 0.0012 0.1474 0.7084 0.1420 0.0009 0.0000 0.0000 0.0000
0.0000 0.0000 0.0000 0.0000 0.0010 0.1420 0.7203 0.1357 0.0009 0.0000 0.0000
0.0000 0.0000 0.0000 0.0000 0.0000 0.0009 0.1357 0.7187 0.1442 0.0005 0.0000
0.0000 0.0000 0.0000 0.0000 0.0000 0.0000 0.0009 0.1442 0.7412 0.1136 0.0002
0.0000 0.0000 0.0000 0.0000 0.0000 0.0000 0.0000 0.0005 0.1136 0.7996 0.0863
0.0000 0.0000 0.0000 0.0000 0.0000 0.0000 0.0000 0.0000 0.0002 0.0863 0.9136
#DG from neighbouring lambda in kcal/mol
0.0000 0.1000 6.7841 0.3931
0.1000 0.2000 1.9484 0.1296
0.2000 0.3000 0.1372 0.1004
0.3000 0.4000 -0.1449 0.0630
0.4000 0.5000 -1.1741 0.0550
0.5000 0.6000 -3.5033 0.0565
0.6000 0.7000 -6.1096 0.0584
0.7000 0.8000 -8.5301 0.0561
0.8000 0.9000 -10.7828 0.0660
0.9000 1.0000 -12.7980 0.0786
#PMF from MBAR in kcal/mol
0.0000 0.0000 0.0000
0.1000 6.7841 0.3931
0.2000 8.7325 0.4155
0.3000 8.8696 0.4290
0.4000 8.7247 0.4350
0.5000 7.5506 0.4398
0.6000 4.0473 0.4448
0.7000 -2.0624 0.4500
0.8000 -10.5925 0.4549
0.9000 -21.3753 0.4610
1.0000 -34.1732 0.4690
#TI average gradients and standard deviation in kcal/mol
0.0000 163.7652 64.1968
0.1000 31.5513 26.1535
0.2000 8.3462 24.3512
0.3000 -1.0438 20.1445
0.4000 -3.7357 15.9048
0.5000 -21.8649 16.2927
0.6000 -48.7912 16.2346
0.7000 -73.6847 16.1274
0.8000 -97.9589 17.1375
0.9000 -119.8374 18.6189
1.0000 -134.7765 21.3788
#PMF from TI in kcal/mol
0.0000 0.0000
0.1000 9.7658
0.2000 11.7607
0.3000 12.1258
0.4000 11.8868
0.5000 10.6068
0.6000 7.0740
0.7000 0.9502
0.8000 -7.6320
0.9000 -18.5218
1.0000 -31.2525
#MBAR free energy difference in kcal/mol: 
-34.173215, 0.469002 
#TI free energy difference in kcal/mol: 
-31.252477  
Starting /export/users/common/BioSimSpace/sire.app/bin/analyse_freenrg: number of threads equals 32
