# Analysing data contained in file(s) ['lambda_0.0000/simfile.dat', 'lambda_0.1000/simfile.dat', 'lambda_0.2000/simfile.dat', 'lambda_0.3000/simfile.dat', 'lambda_0.4000/simfile.dat', 'lambda_0.5000/simfile.dat', 'lambda_0.6000/simfile.dat', 'lambda_0.7000/simfile.dat', 'lambda_0.8000/simfile.dat', 'lambda_0.9000/simfile.dat', 'lambda_1.0000/simfile.dat']
#Overlap matrix
0.9417 0.0582 0.0000 0.0000 0.0000 0.0000 0.0000 0.0000 0.0000 0.0000 0.0000
0.0582 0.8603 0.0813 0.0001 0.0000 0.0000 0.0000 0.0000 0.0000 0.0000 0.0000
0.0000 0.0813 0.8198 0.0985 0.0003 0.0000 0.0000 0.0000 0.0000 0.0000 0.0000
0.0000 0.0001 0.0985 0.8052 0.0956 0.0005 0.0000 0.0000 0.0000 0.0000 0.0000
0.0000 0.0000 0.0003 0.0956 0.7965 0.1073 0.0002 0.0000 0.0000 0.0000 0.0000
0.0000 0.0000 0.0000 0.0005 0.1073 0.8264 0.0632 0.0025 0.0000 0.0000 0.0000
0.0000 0.0000 0.0000 0.0000 0.0002 0.0632 0.7600 0.1716 0.0050 0.0000 0.0000
0.0000 0.0000 0.0000 0.0000 0.0000 0.0025 0.1716 0.6485 0.1730 0.0045 0.0000
0.0000 0.0000 0.0000 0.0000 0.0000 0.0000 0.0050 0.1730 0.6189 0.1925 0.0106
0.0000 0.0000 0.0000 0.0000 0.0000 0.0000 0.0000 0.0045 0.1925 0.5740 0.2290
0.0000 0.0000 0.0000 0.0000 0.0000 0.0000 0.0000 0.0000 0.0106 0.2290 0.7604
#DG from neighbouring lambda in kcal/mol
0.0000 0.1000 -1.8276 0.0912
0.1000 0.2000 -0.8502 0.0751
0.2000 0.3000 -0.5434 0.0667
0.3000 0.4000 -0.2991 0.0677
0.4000 0.5000 -0.1977 0.0631
0.5000 0.6000 -0.8663 0.0850
0.6000 0.7000 0.5374 0.0444
0.7000 0.8000 1.1265 0.0437
0.8000 0.9000 0.4486 0.0394
0.9000 1.0000 0.0881 0.0346
#PMF from MBAR in kcal/mol
0.0000 0.0000 0.0000
0.1000 -1.8276 0.0912
0.2000 -2.6779 0.1226
0.3000 -3.2212 0.1434
0.4000 -3.5203 0.1619
0.5000 -3.7180 0.1767
0.6000 -4.5843 0.1987
0.7000 -4.0469 0.2057
0.8000 -2.9203 0.2125
0.9000 -2.4717 0.2184
1.0000 -2.3836 0.2230
#TI average gradients and standard deviation in kcal/mol
0.0000 -27.1233 21.7338
0.1000 -12.0441 20.5393
0.2000 -5.5425 19.3813
0.3000 -2.8803 18.4567
0.4000 -1.6817 17.9999
0.5000 -2.7003 18.4921
0.6000 -8.1380 17.3800
0.7000 12.5225 13.8249
0.8000 7.8894 13.9295
0.9000 2.0967 12.1624
1.0000 5.9672 11.1790
#PMF from TI in kcal/mol
0.0000 0.0000
0.1000 -1.9584
0.2000 -2.8377
0.3000 -3.2588
0.4000 -3.4869
0.5000 -3.7060
0.6000 -4.2480
0.7000 -4.0287
0.8000 -3.0081
0.9000 -2.5088
1.0000 -2.1056
#MBAR free energy difference in kcal/mol: 
-2.383649, 0.223050 
#TI free energy difference in kcal/mol: 
-2.105630  
Starting /export/users/common/BioSimSpace/sire.app/bin/analyse_freenrg: number of threads equals 32
