# Analysing data contained in file(s) ['lambda_0.0000/simfile.dat', 'lambda_0.1000/simfile.dat', 'lambda_0.2000/simfile.dat', 'lambda_0.3000/simfile.dat', 'lambda_0.4000/simfile.dat', 'lambda_0.5000/simfile.dat', 'lambda_0.6000/simfile.dat', 'lambda_0.7000/simfile.dat', 'lambda_0.8000/simfile.dat', 'lambda_0.9000/simfile.dat', 'lambda_1.0000/simfile.dat']
#Overlap matrix
1.0000 0.0000 0.0000 0.0000 0.0000 0.0000 0.0000 0.0000 0.0000 0.0000 0.0000
0.0000 0.9961 0.0039 0.0000 0.0000 0.0000 0.0000 0.0000 0.0000 0.0000 0.0000
0.0000 0.0039 0.9808 0.0153 0.0000 0.0000 0.0000 0.0000 0.0000 0.0000 0.0000
0.0000 0.0000 0.0153 0.9319 0.0528 0.0000 0.0000 0.0000 0.0000 0.0000 0.0000
0.0000 0.0000 0.0000 0.0528 0.9152 0.0320 0.0000 0.0000 0.0000 0.0000 0.0000
0.0000 0.0000 0.0000 0.0000 0.0320 0.8965 0.0715 0.0000 0.0000 0.0000 0.0000
0.0000 0.0000 0.0000 0.0000 0.0000 0.0715 0.8929 0.0355 0.0000 0.0000 0.0000
0.0000 0.0000 0.0000 0.0000 0.0000 0.0000 0.0355 0.9200 0.0444 0.0000 0.0000
0.0000 0.0000 0.0000 0.0000 0.0000 0.0000 0.0000 0.0444 0.8969 0.0587 0.0000
0.0000 0.0000 0.0000 0.0000 0.0000 0.0000 0.0000 0.0000 0.0587 0.8773 0.0640
0.0000 0.0000 0.0000 0.0000 0.0000 0.0000 0.0000 0.0000 0.0000 0.0640 0.9360
#DG from neighbouring lambda in kcal/mol
0.0000 0.1000 45.2113 9.5034
0.1000 0.2000 25.2972 0.3729
0.2000 0.3000 16.7397 0.1852
0.3000 0.4000 14.8808 0.0958
0.4000 0.5000 12.4548 0.1259
0.5000 0.6000 7.6675 0.0805
0.6000 0.7000 1.2309 0.1190
0.7000 0.8000 -5.1627 0.1054
0.8000 0.9000 -10.2474 0.0902
0.9000 1.0000 -14.5228 0.0859
#PMF from MBAR in kcal/mol
0.0000 0.0000 0.0000
0.1000 45.2113 9.5034
0.2000 70.5085 9.5108
0.3000 87.2483 9.5126
0.4000 102.1290 9.5132
0.5000 114.5839 9.5140
0.6000 122.2513 9.5144
0.7000 123.4823 9.5152
0.8000 118.3196 9.5159
0.9000 108.0722 9.5164
1.0000 93.5495 9.5168
#TI average gradients and standard deviation in kcal/mol
0.0000 656.4974 65.1513
0.1000 308.3372 39.9835
0.2000 191.4136 31.2904
0.3000 151.4279 25.5688
0.4000 147.9007 18.1708
0.5000 97.0294 19.0466
0.6000 49.0006 22.3010
0.7000 -22.9026 24.1227
0.8000 -80.8357 22.3145
0.9000 -124.4150 21.4828
1.0000 -162.9542 23.5578
#PMF from TI in kcal/mol
0.0000 0.0000
0.1000 48.2417
0.2000 73.2293
0.3000 90.3714
0.4000 105.3378
0.5000 117.5843
0.6000 124.8858
0.7000 126.1907
0.8000 121.0038
0.9000 110.7412
1.0000 96.3728
#MBAR free energy difference in kcal/mol: 
93.549457, 9.516813 
#TI free energy difference in kcal/mol: 
96.372787  
Starting /export/users/common/BioSimSpace/sire.app/bin/analyse_freenrg: number of threads equals 32
