# Analysing data contained in file(s) ['lambda_0.0000/simfile.dat', 'lambda_0.1000/simfile.dat', 'lambda_0.2000/simfile.dat', 'lambda_0.3000/simfile.dat', 'lambda_0.4000/simfile.dat', 'lambda_0.5000/simfile.dat', 'lambda_0.6000/simfile.dat', 'lambda_0.7000/simfile.dat', 'lambda_0.8000/simfile.dat', 'lambda_0.9000/simfile.dat', 'lambda_1.0000/simfile.dat']
#Overlap matrix
0.8837 0.1160 0.0002 0.0000 0.0000 0.0000 0.0000 0.0000 0.0000 0.0000 0.0000
0.1160 0.7378 0.1435 0.0027 0.0000 0.0000 0.0000 0.0000 0.0000 0.0000 0.0000
0.0002 0.1435 0.6596 0.1844 0.0123 0.0000 0.0000 0.0000 0.0000 0.0000 0.0000
0.0000 0.0027 0.1844 0.5715 0.2415 0.0000 0.0000 0.0000 0.0000 0.0000 0.0000
0.0000 0.0000 0.0123 0.2415 0.7461 0.0001 0.0000 0.0000 0.0000 0.0000 0.0000
0.0000 0.0000 0.0000 0.0000 0.0001 0.9867 0.0132 0.0000 0.0000 0.0000 0.0000
0.0000 0.0000 0.0000 0.0000 0.0000 0.0132 0.9718 0.0150 0.0000 0.0000 0.0000
0.0000 0.0000 0.0000 0.0000 0.0000 0.0000 0.0150 0.9596 0.0253 0.0000 0.0000
0.0000 0.0000 0.0000 0.0000 0.0000 0.0000 0.0000 0.0253 0.9460 0.0286 0.0000
0.0000 0.0000 0.0000 0.0000 0.0000 0.0000 0.0000 0.0000 0.0286 0.9282 0.0432
0.0000 0.0000 0.0000 0.0000 0.0000 0.0000 0.0000 0.0000 0.0000 0.0432 0.9568
#DG from neighbouring lambda in kcal/mol
0.0000 0.1000 -1.1225 0.0597
0.1000 0.2000 -5.3450 0.0511
0.2000 0.3000 -8.2105 0.0405
0.3000 0.4000 -5.2406 0.0325
0.4000 0.5000 6.9674 2.1146
0.5000 0.6000 1.4331 0.1995
0.6000 0.7000 1.8572 0.1867
0.7000 0.8000 1.5700 0.1422
0.8000 0.9000 1.7919 0.1334
0.9000 1.0000 2.5825 0.1068
#PMF from MBAR in kcal/mol
0.0000 0.0000 0.0000
0.1000 -1.1225 0.0597
0.2000 -6.4675 0.0851
0.3000 -14.6781 0.0993
0.4000 -19.9187 0.1083
0.5000 -12.9512 2.1169
0.6000 -11.5181 2.1266
0.7000 -9.6610 2.1350
0.8000 -8.0910 2.1400
0.9000 -6.2992 2.1444
1.0000 -3.7167 2.1473
#TI average gradients and standard deviation in kcal/mol
0.0000 -11.5306 14.6494
0.1000 -30.2282 17.9734
0.2000 -72.2515 15.5111
0.3000 -86.5765 12.0840
0.4000 22.6524 13.8496
0.5000 29.0928 41.3050
0.6000 16.0011 31.0946
0.7000 16.6140 27.2635
0.8000 13.4738 22.6166
0.9000 18.9908 25.3885
1.0000 38.3327 23.8091
#PMF from TI in kcal/mol
0.0000 0.0000
0.1000 -2.0879
0.2000 -7.2119
0.3000 -15.1533
0.4000 -18.3495
0.5000 -15.7623
0.6000 -13.5076
0.7000 -11.8768
0.8000 -10.3724
0.9000 -8.7492
1.0000 -5.8830
#MBAR free energy difference in kcal/mol: 
-3.716686, 2.147282 
#TI free energy difference in kcal/mol: 
-5.883016  
Starting /export/users/common/BioSimSpace/sire.app/bin/analyse_freenrg: number of threads equals 32
