# Analysing data contained in file(s) ['lambda_0.0000/simfile.dat', 'lambda_0.1000/simfile.dat', 'lambda_0.2000/simfile.dat', 'lambda_0.3000/simfile.dat', 'lambda_0.4000/simfile.dat', 'lambda_0.5000/simfile.dat', 'lambda_0.6000/simfile.dat', 'lambda_0.7000/simfile.dat', 'lambda_0.8000/simfile.dat', 'lambda_0.9000/simfile.dat', 'lambda_1.0000/simfile.dat']
#Overlap matrix
0.9388 0.0612 0.0000 0.0000 0.0000 0.0000 0.0000 0.0000 0.0000 0.0000 0.0000
0.0612 0.8789 0.0599 0.0000 0.0000 0.0000 0.0000 0.0000 0.0000 0.0000 0.0000
0.0000 0.0599 0.8735 0.0666 0.0000 0.0000 0.0000 0.0000 0.0000 0.0000 0.0000
0.0000 0.0000 0.0666 0.8570 0.0764 0.0000 0.0000 0.0000 0.0000 0.0000 0.0000
0.0000 0.0000 0.0000 0.0764 0.8310 0.0925 0.0001 0.0000 0.0000 0.0000 0.0000
0.0000 0.0000 0.0000 0.0000 0.0925 0.8136 0.0938 0.0001 0.0000 0.0000 0.0000
0.0000 0.0000 0.0000 0.0000 0.0001 0.0938 0.7980 0.1079 0.0002 0.0000 0.0000
0.0000 0.0000 0.0000 0.0000 0.0000 0.0001 0.1079 0.7705 0.1211 0.0004 0.0000
0.0000 0.0000 0.0000 0.0000 0.0000 0.0000 0.0002 0.1211 0.7501 0.1282 0.0004
0.0000 0.0000 0.0000 0.0000 0.0000 0.0000 0.0000 0.0004 0.1282 0.7648 0.1067
0.0000 0.0000 0.0000 0.0000 0.0000 0.0000 0.0000 0.0000 0.0004 0.1067 0.8929
#DG from neighbouring lambda in kcal/mol
0.0000 0.1000 -6.4921 0.1011
0.1000 0.2000 -5.8964 0.1023
0.2000 0.3000 -5.7960 0.0963
0.3000 0.4000 -5.2966 0.0888
0.4000 0.5000 -4.7416 0.0792
0.5000 0.6000 -4.3510 0.0785
0.6000 0.7000 -4.0886 0.0718
0.7000 0.8000 -3.4524 0.0665
0.8000 0.9000 -2.6255 0.0640
0.9000 1.0000 -1.7014 0.0723
#PMF from MBAR in kcal/mol
0.0000 0.0000 0.0000
0.1000 -6.4921 0.1011
0.2000 -12.3885 0.1487
0.3000 -18.1846 0.1811
0.4000 -23.4812 0.2052
0.5000 -28.2227 0.2231
0.6000 -32.5737 0.2395
0.7000 -36.6623 0.2529
0.8000 -40.1147 0.2641
0.9000 -42.7401 0.2743
1.0000 -44.4415 0.2861
#TI average gradients and standard deviation in kcal/mol
0.0000 -67.7255 22.2646
0.1000 -62.0002 20.8351
0.2000 -58.6217 20.9980
0.3000 -55.5048 19.5938
0.4000 -51.5683 19.5123
0.5000 -47.4867 19.3433
0.6000 -42.9557 19.6852
0.7000 -37.9400 18.4493
0.8000 -29.8612 17.5468
0.9000 -21.1438 16.8619
1.0000 -11.9947 16.8162
#PMF from TI in kcal/mol
0.0000 0.0000
0.1000 -6.4863
0.2000 -12.5174
0.3000 -18.2237
0.4000 -23.5774
0.5000 -28.5301
0.6000 -33.0522
0.7000 -37.0970
0.8000 -40.4871
0.9000 -43.0373
1.0000 -44.6942
#MBAR free energy difference in kcal/mol: 
-44.441534, 0.286128 
#TI free energy difference in kcal/mol: 
-44.694230  
Starting /export/users/common/BioSimSpace/sire.app/bin/analyse_freenrg: number of threads equals 32
