# Analysing data contained in file(s) ['lambda_0.0000/simfile.dat', 'lambda_0.1000/simfile.dat', 'lambda_0.2000/simfile.dat', 'lambda_0.3000/simfile.dat', 'lambda_0.4000/simfile.dat', 'lambda_0.5000/simfile.dat', 'lambda_0.6000/simfile.dat', 'lambda_0.7000/simfile.dat', 'lambda_0.8000/simfile.dat', 'lambda_0.9000/simfile.dat', 'lambda_1.0000/simfile.dat']
#Overlap matrix
0.9881 0.0119 0.0000 0.0000 0.0000 0.0000 0.0000 0.0000 0.0000 0.0000 0.0000
0.0119 0.9766 0.0115 0.0000 0.0000 0.0000 0.0000 0.0000 0.0000 0.0000 0.0000
0.0000 0.0115 0.9793 0.0092 0.0000 0.0000 0.0000 0.0000 0.0000 0.0000 0.0000
0.0000 0.0000 0.0092 0.9776 0.0132 0.0000 0.0000 0.0000 0.0000 0.0000 0.0000
0.0000 0.0000 0.0000 0.0132 0.9628 0.0240 0.0000 0.0000 0.0000 0.0000 0.0000
0.0000 0.0000 0.0000 0.0000 0.0240 0.9614 0.0141 0.0005 0.0000 0.0000 0.0000
0.0000 0.0000 0.0000 0.0000 0.0000 0.0141 0.8234 0.1594 0.0031 0.0000 0.0000
0.0000 0.0000 0.0000 0.0000 0.0000 0.0005 0.1594 0.7136 0.1253 0.0012 0.0000
0.0000 0.0000 0.0000 0.0000 0.0000 0.0000 0.0031 0.1253 0.6980 0.1689 0.0046
0.0000 0.0000 0.0000 0.0000 0.0000 0.0000 0.0000 0.0012 0.1689 0.6203 0.2096
0.0000 0.0000 0.0000 0.0000 0.0000 0.0000 0.0000 0.0000 0.0046 0.2096 0.7857
#DG from neighbouring lambda in kcal/mol
0.0000 0.1000 -8.2050 0.2279
0.1000 0.2000 -2.7240 0.2315
0.2000 0.3000 -1.9574 0.2595
0.3000 0.4000 -1.3421 0.2156
0.4000 0.5000 0.6129 0.1582
0.5000 0.6000 0.4923 0.2046
0.6000 0.7000 3.4034 0.0511
0.7000 0.8000 3.5075 0.0601
0.8000 0.9000 0.8874 0.0485
0.9000 1.0000 -0.8524 0.0411
#PMF from MBAR in kcal/mol
0.0000 0.0000 0.0000
0.1000 -8.2050 0.2279
0.2000 -10.9290 0.3268
0.3000 -12.8864 0.4188
0.4000 -14.2285 0.4724
0.5000 -13.6156 0.4994
0.6000 -13.1233 0.5409
0.7000 -9.7199 0.5442
0.8000 -6.2124 0.5485
0.9000 -5.3250 0.5517
1.0000 -6.1774 0.5542
#TI average gradients and standard deviation in kcal/mol
0.0000 -153.5187 30.1626
0.1000 -39.7102 29.3064
0.2000 -19.5424 29.5333
0.3000 -18.0321 29.8442
0.4000 -2.5990 27.1471
0.5000 14.9193 25.3021
0.6000 9.1761 20.9941
0.7000 45.5623 14.4067
0.8000 20.8404 15.0899
0.9000 -0.3365 12.9993
1.0000 9.5082 13.0220
#PMF from TI in kcal/mol
0.0000 0.0000
0.1000 -9.6614
0.2000 -12.6241
0.3000 -14.5028
0.4000 -15.5344
0.5000 -14.9183
0.6000 -13.7136
0.7000 -10.9766
0.8000 -7.6565
0.9000 -6.6313
1.0000 -6.1727
#MBAR free energy difference in kcal/mol: 
-6.177366, 0.554224 
#TI free energy difference in kcal/mol: 
-6.172730  
Starting /export/users/common/BioSimSpace/sire.app/bin/analyse_freenrg: number of threads equals 32
