# Analysing data contained in file(s) ['lambda_0.0000/simfile.dat', 'lambda_0.1000/simfile.dat', 'lambda_0.2000/simfile.dat', 'lambda_0.3000/simfile.dat', 'lambda_0.4000/simfile.dat', 'lambda_0.5000/simfile.dat', 'lambda_0.6000/simfile.dat', 'lambda_0.7000/simfile.dat', 'lambda_0.8000/simfile.dat', 'lambda_0.9000/simfile.dat', 'lambda_1.0000/simfile.dat']
#Overlap matrix
0.8706 0.1266 0.0028 0.0000 0.0000 0.0000 0.0000 0.0000 0.0000 0.0000 0.0000
0.1266 0.6971 0.1696 0.0066 0.0001 0.0000 0.0000 0.0000 0.0000 0.0000 0.0000
0.0028 0.1696 0.6176 0.2010 0.0090 0.0000 0.0000 0.0000 0.0000 0.0000 0.0000
0.0000 0.0066 0.2010 0.5886 0.1959 0.0079 0.0000 0.0000 0.0000 0.0000 0.0000
0.0000 0.0001 0.0090 0.1959 0.5803 0.2058 0.0089 0.0000 0.0000 0.0000 0.0000
0.0000 0.0000 0.0000 0.0079 0.2058 0.5727 0.2063 0.0073 0.0000 0.0000 0.0000
0.0000 0.0000 0.0000 0.0000 0.0089 0.2063 0.5826 0.1962 0.0059 0.0000 0.0000
0.0000 0.0000 0.0000 0.0000 0.0000 0.0073 0.1962 0.6086 0.1825 0.0052 0.0000
0.0000 0.0000 0.0000 0.0000 0.0000 0.0000 0.0059 0.1825 0.6109 0.1951 0.0055
0.0000 0.0000 0.0000 0.0000 0.0000 0.0000 0.0000 0.0052 0.1951 0.6125 0.1871
0.0000 0.0000 0.0000 0.0000 0.0000 0.0000 0.0000 0.0000 0.0055 0.1871 0.8073
#DG from neighbouring lambda in kcal/mol
0.0000 0.1000 -3.4647 0.0568
0.1000 0.2000 -2.4170 0.0450
0.2000 0.3000 -1.8947 0.0385
0.3000 0.4000 -1.7028 0.0391
0.4000 0.5000 -1.8265 0.0376
0.5000 0.6000 -1.8904 0.0376
0.6000 0.7000 -1.9920 0.0396
0.7000 0.8000 -2.1245 0.0423
0.8000 0.9000 -2.2122 0.0402
0.9000 1.0000 -2.1063 0.0424
#PMF from MBAR in kcal/mol
0.0000 0.0000 0.0000
0.1000 -3.4647 0.0568
0.2000 -5.8817 0.0791
0.3000 -7.7764 0.0931
0.4000 -9.4792 0.1054
0.5000 -11.3057 0.1160
0.6000 -13.1961 0.1257
0.7000 -15.1881 0.1354
0.8000 -17.3126 0.1452
0.9000 -19.5248 0.1539
1.0000 -21.6311 0.1627
#TI average gradients and standard deviation in kcal/mol
0.0000 -39.8250 17.6208
0.1000 -28.5583 15.4553
0.2000 -21.8287 13.5798
0.3000 -18.4353 12.7378
0.4000 -18.2414 12.4594
0.5000 -18.6563 12.9942
0.6000 -19.3688 13.2758
0.7000 -20.0913 12.7362
0.8000 -21.5320 13.3825
0.9000 -21.5341 13.8155
1.0000 -18.0957 14.2843
#PMF from TI in kcal/mol
0.0000 0.0000
0.1000 -3.4192
0.2000 -5.9385
0.3000 -7.9517
0.4000 -9.7855
0.5000 -11.6304
0.6000 -13.5317
0.7000 -15.5047
0.8000 -17.5858
0.9000 -19.7391
1.0000 -21.7206
#MBAR free energy difference in kcal/mol: 
-21.631136, 0.162676 
#TI free energy difference in kcal/mol: 
-21.720638  
Starting /export/users/common/BioSimSpace/sire.app/bin/analyse_freenrg: number of threads equals 32
