# Analysing data contained in file(s) ['lambda_0.0000/simfile.dat', 'lambda_0.1000/simfile.dat', 'lambda_0.2000/simfile.dat', 'lambda_0.3000/simfile.dat', 'lambda_0.4000/simfile.dat', 'lambda_0.5000/simfile.dat', 'lambda_0.6000/simfile.dat', 'lambda_0.7000/simfile.dat', 'lambda_0.8000/simfile.dat', 'lambda_0.9000/simfile.dat', 'lambda_1.0000/simfile.dat']
#Overlap matrix
0.9724 0.0276 0.0000 0.0000 0.0000 0.0000 0.0000 0.0000 0.0000 0.0000 0.0000
0.0276 0.9223 0.0501 0.0000 0.0000 0.0000 0.0000 0.0000 0.0000 0.0000 0.0000
0.0000 0.0501 0.8855 0.0644 0.0001 0.0000 0.0000 0.0000 0.0000 0.0000 0.0000
0.0000 0.0000 0.0644 0.8577 0.0778 0.0001 0.0000 0.0000 0.0000 0.0000 0.0000
0.0000 0.0000 0.0001 0.0778 0.8547 0.0674 0.0001 0.0000 0.0000 0.0000 0.0000
0.0000 0.0000 0.0000 0.0001 0.0674 0.8565 0.0759 0.0002 0.0000 0.0000 0.0000
0.0000 0.0000 0.0000 0.0000 0.0001 0.0759 0.8278 0.0957 0.0005 0.0000 0.0000
0.0000 0.0000 0.0000 0.0000 0.0000 0.0002 0.0957 0.7678 0.1359 0.0004 0.0000
0.0000 0.0000 0.0000 0.0000 0.0000 0.0000 0.0005 0.1359 0.7467 0.1164 0.0005
0.0000 0.0000 0.0000 0.0000 0.0000 0.0000 0.0000 0.0004 0.1164 0.7579 0.1252
0.0000 0.0000 0.0000 0.0000 0.0000 0.0000 0.0000 0.0000 0.0005 0.1252 0.8744
#DG from neighbouring lambda in kcal/mol
0.0000 0.1000 -1.7866 0.1500
0.1000 0.2000 1.3794 0.1085
0.2000 0.3000 1.7513 0.0941
0.3000 0.4000 1.3095 0.0843
0.4000 0.5000 0.7834 0.0916
0.5000 0.6000 0.5895 0.0854
0.6000 0.7000 0.9038 0.0741
0.7000 0.8000 1.1896 0.0590
0.8000 0.9000 0.8678 0.0654
0.9000 1.0000 0.7712 0.0625
#PMF from MBAR in kcal/mol
0.0000 0.0000 0.0000
0.1000 -1.7866 0.1500
0.2000 -0.4071 0.1886
0.3000 1.3441 0.2138
0.4000 2.6537 0.2326
0.5000 3.4371 0.2526
0.6000 4.0266 0.2690
0.7000 4.9304 0.2813
0.8000 6.1200 0.2896
0.9000 6.9878 0.2990
1.0000 7.7590 0.3076
#TI average gradients and standard deviation in kcal/mol
0.0000 -65.1664 30.6223
0.1000 5.1839 25.1145
0.2000 15.7533 22.0845
0.3000 14.0826 22.2010
0.4000 12.4840 20.4053
0.5000 6.1029 21.7030
0.6000 6.7103 19.2595
0.7000 10.4360 16.8400
0.8000 10.6897 16.4699
0.9000 6.4483 16.8458
1.0000 33.3059 18.1892
#PMF from TI in kcal/mol
0.0000 0.0000
0.1000 -2.9991
0.2000 -1.9523
0.3000 -0.4605
0.4000 0.8679
0.5000 1.7972
0.6000 2.4379
0.7000 3.2952
0.8000 4.3515
0.9000 5.2084
1.0000 7.1961
#MBAR free energy difference in kcal/mol: 
7.758986, 0.307564 
#TI free energy difference in kcal/mol: 
7.196073  
Starting /export/users/common/BioSimSpace/sire.app/bin/analyse_freenrg: number of threads equals 32
