# Analysing data contained in file(s) ['lambda_0.0000/simfile.dat', 'lambda_0.1000/simfile.dat', 'lambda_0.2000/simfile.dat', 'lambda_0.3000/simfile.dat', 'lambda_0.4000/simfile.dat', 'lambda_0.5000/simfile.dat', 'lambda_0.6000/simfile.dat', 'lambda_0.7000/simfile.dat', 'lambda_0.8000/simfile.dat', 'lambda_0.9000/simfile.dat', 'lambda_1.0000/simfile.dat']
#Overlap matrix
0.9368 0.0632 0.0000 0.0000 0.0000 0.0000 0.0000 0.0000 0.0000 0.0000 0.0000
0.0632 0.8643 0.0725 0.0000 0.0000 0.0000 0.0000 0.0000 0.0000 0.0000 0.0000
0.0000 0.0725 0.8452 0.0823 0.0000 0.0000 0.0000 0.0000 0.0000 0.0000 0.0000
0.0000 0.0000 0.0823 0.8317 0.0860 0.0001 0.0000 0.0000 0.0000 0.0000 0.0000
0.0000 0.0000 0.0000 0.0860 0.8149 0.0989 0.0001 0.0000 0.0000 0.0000 0.0000
0.0000 0.0000 0.0000 0.0001 0.0989 0.8027 0.0981 0.0002 0.0000 0.0000 0.0000
0.0000 0.0000 0.0000 0.0000 0.0001 0.0981 0.7718 0.1295 0.0005 0.0000 0.0000
0.0000 0.0000 0.0000 0.0000 0.0000 0.0002 0.1295 0.7457 0.1237 0.0008 0.0000
0.0000 0.0000 0.0000 0.0000 0.0000 0.0000 0.0005 0.1237 0.7268 0.1474 0.0016
0.0000 0.0000 0.0000 0.0000 0.0000 0.0000 0.0000 0.0008 0.1474 0.6767 0.1750
0.0000 0.0000 0.0000 0.0000 0.0000 0.0000 0.0000 0.0000 0.0016 0.1750 0.8234
#DG from neighbouring lambda in kcal/mol
0.0000 0.1000 -0.2165 0.0894
0.1000 0.2000 0.1183 0.0826
0.2000 0.3000 -0.0918 0.0766
0.3000 0.4000 0.0062 0.0746
0.4000 0.5000 -0.0221 0.0684
0.5000 0.6000 -0.0867 0.0687
0.6000 0.7000 -0.1573 0.0573
0.7000 0.8000 -0.1133 0.0589
0.8000 0.9000 -0.1320 0.0520
0.9000 1.0000 -0.1220 0.0460
#PMF from MBAR in kcal/mol
0.0000 0.0000 0.0000
0.1000 -0.2165 0.0894
0.2000 -0.0982 0.1264
0.3000 -0.1900 0.1517
0.4000 -0.1837 0.1724
0.5000 -0.2058 0.1885
0.6000 -0.2925 0.2035
0.7000 -0.4498 0.2141
0.8000 -0.5631 0.2246
0.9000 -0.6951 0.2329
1.0000 -0.8171 0.2397
#TI average gradients and standard deviation in kcal/mol
0.0000 -1.8668 20.3386
0.1000 -0.8049 20.0108
0.2000 -0.8138 20.1320
0.3000 -0.3340 18.9065
0.4000 -0.9392 18.5793
0.5000 -0.4424 17.4928
0.6000 -2.0744 16.6732
0.7000 -0.5340 15.7048
0.8000 -2.4570 15.5087
0.9000 -2.0164 15.2189
1.0000 -0.9922 13.8137
#PMF from TI in kcal/mol
0.0000 0.0000
0.1000 -0.1336
0.2000 -0.2145
0.3000 -0.2719
0.4000 -0.3356
0.5000 -0.4047
0.6000 -0.5305
0.7000 -0.6609
0.8000 -0.8105
0.9000 -1.0341
1.0000 -1.1846
#MBAR free energy difference in kcal/mol: 
-0.817086, 0.239691 
#TI free energy difference in kcal/mol: 
-1.184563  
Starting /export/users/common/BioSimSpace/sire.app/bin/analyse_freenrg: number of threads equals 32
