# Analysing data contained in file(s) ['lambda_0.0000/simfile.dat', 'lambda_0.1000/simfile.dat', 'lambda_0.2000/simfile.dat', 'lambda_0.3000/simfile.dat', 'lambda_0.4000/simfile.dat', 'lambda_0.5000/simfile.dat', 'lambda_0.6000/simfile.dat', 'lambda_0.7000/simfile.dat', 'lambda_0.8000/simfile.dat', 'lambda_0.9000/simfile.dat', 'lambda_1.0000/simfile.dat']
#Overlap matrix
0.9869 0.0131 0.0000 0.0000 0.0000 0.0000 0.0000 0.0000 0.0000 0.0000 0.0000
0.0131 0.9723 0.0146 0.0000 0.0000 0.0000 0.0000 0.0000 0.0000 0.0000 0.0000
0.0000 0.0146 0.9686 0.0168 0.0000 0.0000 0.0000 0.0000 0.0000 0.0000 0.0000
0.0000 0.0000 0.0168 0.9831 0.0001 0.0000 0.0000 0.0000 0.0000 0.0000 0.0000
0.0000 0.0000 0.0000 0.0001 0.8995 0.1003 0.0002 0.0000 0.0000 0.0000 0.0000
0.0000 0.0000 0.0000 0.0000 0.1003 0.8148 0.0848 0.0001 0.0000 0.0000 0.0000
0.0000 0.0000 0.0000 0.0000 0.0002 0.0848 0.8423 0.0727 0.0000 0.0000 0.0000
0.0000 0.0000 0.0000 0.0000 0.0000 0.0001 0.0727 0.8883 0.0389 0.0000 0.0000
0.0000 0.0000 0.0000 0.0000 0.0000 0.0000 0.0000 0.0389 0.9160 0.0450 0.0000
0.0000 0.0000 0.0000 0.0000 0.0000 0.0000 0.0000 0.0000 0.0450 0.8999 0.0551
0.0000 0.0000 0.0000 0.0000 0.0000 0.0000 0.0000 0.0000 0.0000 0.0551 0.9449
#DG from neighbouring lambda in kcal/mol
0.0000 0.1000 -1.7398 0.1929
0.1000 0.2000 -0.5760 0.1828
0.2000 0.3000 0.0407 0.1697
0.3000 0.4000 -2.9835 2.7700
0.4000 0.5000 5.2255 0.0631
0.5000 0.6000 6.2446 0.0699
0.6000 0.7000 4.8101 0.0767
0.7000 0.8000 4.1380 0.1090
0.8000 0.9000 4.2850 0.1006
0.9000 1.0000 5.1918 0.0900
#PMF from MBAR in kcal/mol
0.0000 0.0000 0.0000
0.1000 -1.7398 0.1929
0.2000 -2.3158 0.2676
0.3000 -2.2751 0.3185
0.4000 -5.2586 2.7884
0.5000 -0.0332 2.7892
0.6000 6.2114 2.7902
0.7000 11.0216 2.7915
0.8000 15.1595 2.7938
0.9000 19.4445 2.7958
1.0000 24.6364 2.7974
#TI average gradients and standard deviation in kcal/mol
0.0000 -27.1109 29.3053
0.1000 -12.1561 29.6596
0.2000 -6.5560 30.1772
0.3000 15.5381 23.5631
0.4000 6.9230 21.8473
0.5000 73.1453 19.2942
0.6000 51.9930 19.1172
0.7000 45.2812 22.7014
0.8000 41.7857 23.8736
0.9000 46.7876 23.4859
1.0000 64.8264 23.3585
#PMF from TI in kcal/mol
0.0000 0.0000
0.1000 -1.9633
0.2000 -2.8990
0.3000 -2.4498
0.4000 -1.3268
0.5000 2.6766
0.6000 8.9335
0.7000 13.7972
0.8000 18.1506
0.9000 22.5792
1.0000 28.1599
#MBAR free energy difference in kcal/mol: 
24.636350, 2.797388 
#TI free energy difference in kcal/mol: 
28.159940  
Starting /export/users/common/BioSimSpace/sire.app/bin/analyse_freenrg: number of threads equals 32
