# Analysing data contained in file(s) ['lambda_0.0000/simfile.dat', 'lambda_0.1000/simfile.dat', 'lambda_0.2000/simfile.dat', 'lambda_0.3000/simfile.dat', 'lambda_0.4000/simfile.dat', 'lambda_0.5000/simfile.dat', 'lambda_0.6000/simfile.dat', 'lambda_0.7000/simfile.dat', 'lambda_0.8000/simfile.dat', 'lambda_0.9000/simfile.dat', 'lambda_1.0000/simfile.dat']
#Overlap matrix
0.9958 0.0042 0.0000 0.0000 0.0000 0.0000 0.0000 0.0000 0.0000 0.0000 0.0000
0.0042 0.9946 0.0012 0.0000 0.0000 0.0000 0.0000 0.0000 0.0000 0.0000 0.0000
0.0000 0.0012 0.9988 0.0000 0.0000 0.0000 0.0000 0.0000 0.0000 0.0000 0.0000
0.0000 0.0000 0.0000 1.0000 0.0000 0.0000 0.0000 0.0000 0.0000 0.0000 0.0000
0.0000 0.0000 0.0000 0.0000 0.9820 0.0179 0.0000 0.0000 0.0000 0.0000 0.0000
0.0000 0.0000 0.0000 0.0000 0.0179 0.9413 0.0376 0.0031 0.0002 0.0000 0.0000
0.0000 0.0000 0.0000 0.0000 0.0000 0.0376 0.8104 0.1495 0.0025 0.0000 0.0000
0.0000 0.0000 0.0000 0.0000 0.0000 0.0031 0.1495 0.7274 0.1197 0.0004 0.0000
0.0000 0.0000 0.0000 0.0000 0.0000 0.0002 0.0025 0.1197 0.7591 0.1179 0.0007
0.0000 0.0000 0.0000 0.0000 0.0000 0.0000 0.0000 0.0004 0.1179 0.7143 0.1674
0.0000 0.0000 0.0000 0.0000 0.0000 0.0000 0.0000 0.0000 0.0007 0.1674 0.8320
#DG from neighbouring lambda in kcal/mol
0.0000 0.1000 -0.4566 0.3787
0.1000 0.2000 -0.6749 0.7117
0.2000 0.3000 -4.4110 8.1414
0.3000 0.4000 -13.7495 6.1200
0.4000 0.5000 5.8375 0.1811
0.5000 0.6000 12.7581 0.1174
0.6000 0.7000 13.3045 0.0522
0.7000 0.8000 9.6470 0.0614
0.8000 0.9000 3.8957 0.0627
0.9000 1.0000 -0.5229 0.0492
#PMF from MBAR in kcal/mol
0.0000 0.0000 0.0000
0.1000 -0.4566 0.3787
0.2000 -1.1315 0.8069
0.3000 -5.5424 8.1814
0.4000 -19.2920 2.0940
0.5000 -13.4544 2.0883
0.6000 -0.6963 2.0868
0.7000 12.6082 2.0866
0.8000 22.2552 2.0868
0.9000 26.1508 2.0873
1.0000 25.6279 2.0879
#TI average gradients and standard deviation in kcal/mol
0.0000 -21.1887 31.3248
0.1000 1.8492 35.4008
0.2000 -15.9338 38.7871
0.3000 -41.2680 46.1598
0.4000 -45.1470 36.0541
0.5000 118.2606 26.5453
0.6000 131.0849 20.4366
0.7000 123.2055 15.7338
0.8000 67.1032 17.1847
0.9000 12.9635 16.7605
1.0000 -5.5730 12.5355
#PMF from TI in kcal/mol
0.0000 0.0000
0.1000 -0.9670
0.2000 -1.6712
0.3000 -4.5313
0.4000 -8.8520
0.5000 -5.1964
0.6000 7.2709
0.7000 19.9854
0.8000 29.5009
0.9000 33.5042
1.0000 33.8737
#MBAR free energy difference in kcal/mol: 
25.627889, 2.087933 
#TI free energy difference in kcal/mol: 
33.873730  
Starting /export/users/common/BioSimSpace/sire.app/bin/analyse_freenrg: number of threads equals 32
