# Analysing data contained in file(s) ['lambda_0.0000/simfile.dat', 'lambda_0.1000/simfile.dat', 'lambda_0.2000/simfile.dat', 'lambda_0.3000/simfile.dat', 'lambda_0.4000/simfile.dat', 'lambda_0.5000/simfile.dat', 'lambda_0.6000/simfile.dat', 'lambda_0.7000/simfile.dat', 'lambda_0.8000/simfile.dat', 'lambda_0.9000/simfile.dat', 'lambda_1.0000/simfile.dat']
#Overlap matrix
0.9127 0.0868 0.0005 0.0000 0.0000 0.0000 0.0000 0.0000 0.0000 0.0000 0.0000
0.0868 0.7728 0.1373 0.0032 0.0000 0.0000 0.0000 0.0000 0.0000 0.0000 0.0000
0.0005 0.1373 0.6717 0.1828 0.0076 0.0000 0.0000 0.0000 0.0000 0.0000 0.0000
0.0000 0.0032 0.1828 0.6087 0.1987 0.0066 0.0000 0.0000 0.0000 0.0000 0.0000
0.0000 0.0000 0.0076 0.1987 0.5940 0.1920 0.0077 0.0000 0.0000 0.0000 0.0000
0.0000 0.0000 0.0000 0.0066 0.1920 0.5957 0.1993 0.0063 0.0000 0.0000 0.0000
0.0000 0.0000 0.0000 0.0000 0.0077 0.1993 0.6014 0.1866 0.0050 0.0000 0.0000
0.0000 0.0000 0.0000 0.0000 0.0000 0.0063 0.1866 0.6119 0.1899 0.0054 0.0000
0.0000 0.0000 0.0000 0.0000 0.0000 0.0000 0.0050 0.1899 0.6114 0.1888 0.0049
0.0000 0.0000 0.0000 0.0000 0.0000 0.0000 0.0000 0.0054 0.1888 0.6241 0.1817
0.0000 0.0000 0.0000 0.0000 0.0000 0.0000 0.0000 0.0000 0.0049 0.1817 0.8134
#DG from neighbouring lambda in kcal/mol
0.0000 0.1000 -1.1096 0.0776
0.1000 0.2000 0.5755 0.0570
0.2000 0.3000 1.3904 0.0450
0.3000 0.4000 1.8511 0.0415
0.4000 0.5000 1.8420 0.0427
0.5000 0.6000 1.8606 0.0415
0.6000 0.7000 1.8379 0.0442
0.7000 0.8000 1.7845 0.0437
0.8000 0.9000 1.9002 0.0439
0.9000 1.0000 2.1010 0.0463
#PMF from MBAR in kcal/mol
0.0000 0.0000 0.0000
0.1000 -1.1096 0.0776
0.2000 -0.5340 0.1024
0.3000 0.8564 0.1168
0.4000 2.7075 0.1281
0.5000 4.5495 0.1390
0.6000 6.4101 0.1486
0.7000 8.2480 0.1585
0.8000 10.0325 0.1678
0.9000 11.9327 0.1766
1.0000 14.0337 0.1856
#TI average gradients and standard deviation in kcal/mol
0.0000 -21.7242 22.8761
0.1000 -2.5091 18.3735
0.2000 10.2396 15.3037
0.3000 17.1523 13.2475
0.4000 18.1979 13.2178
0.5000 18.5695 13.1334
0.6000 18.8416 13.5678
0.7000 17.4587 12.8270
0.8000 18.1287 13.1569
0.9000 19.1003 13.0092
1.0000 24.7739 14.2266
#PMF from TI in kcal/mol
0.0000 0.0000
0.1000 -1.2117
0.2000 -0.8251
0.3000 0.5445
0.4000 2.3120
0.5000 4.1503
0.6000 6.0209
0.7000 7.8359
0.8000 9.6153
0.9000 11.4767
1.0000 13.6704
#MBAR free energy difference in kcal/mol: 
14.033690, 0.185571 
#TI free energy difference in kcal/mol: 
13.670424  
Starting /export/users/common/BioSimSpace/sire.app/bin/analyse_freenrg: number of threads equals 32
