# Analysing data contained in file(s) ['lambda_0.0000/simfile.dat', 'lambda_0.1000/simfile.dat', 'lambda_0.2000/simfile.dat', 'lambda_0.3000/simfile.dat', 'lambda_0.4000/simfile.dat', 'lambda_0.5000/simfile.dat', 'lambda_0.6000/simfile.dat', 'lambda_0.7000/simfile.dat', 'lambda_0.8000/simfile.dat', 'lambda_0.9000/simfile.dat', 'lambda_1.0000/simfile.dat']
#Overlap matrix
0.9032 0.0966 0.0002 0.0000 0.0000 0.0000 0.0000 0.0000 0.0000 0.0000 0.0000
0.0966 0.7834 0.1196 0.0003 0.0000 0.0000 0.0000 0.0000 0.0000 0.0000 0.0000
0.0002 0.1196 0.7514 0.1284 0.0004 0.0000 0.0000 0.0000 0.0000 0.0000 0.0000
0.0000 0.0003 0.1284 0.7551 0.1159 0.0003 0.0000 0.0000 0.0000 0.0000 0.0000
0.0000 0.0000 0.0004 0.1159 0.7781 0.1055 0.0000 0.0000 0.0000 0.0000 0.0000
0.0000 0.0000 0.0000 0.0003 0.1055 0.8155 0.0787 0.0000 0.0000 0.0000 0.0000
0.0000 0.0000 0.0000 0.0000 0.0000 0.0787 0.8789 0.0424 0.0000 0.0000 0.0000
0.0000 0.0000 0.0000 0.0000 0.0000 0.0000 0.0424 0.9487 0.0089 0.0000 0.0000
0.0000 0.0000 0.0000 0.0000 0.0000 0.0000 0.0000 0.0089 0.9847 0.0064 0.0000
0.0000 0.0000 0.0000 0.0000 0.0000 0.0000 0.0000 0.0000 0.0064 0.9835 0.0100
0.0000 0.0000 0.0000 0.0000 0.0000 0.0000 0.0000 0.0000 0.0000 0.0100 0.9900
#DG from neighbouring lambda in kcal/mol
0.0000 0.1000 7.5859 0.0679
0.1000 0.2000 6.9860 0.0592
0.2000 0.3000 6.3651 0.0564
0.3000 0.4000 5.6484 0.0603
0.4000 0.5000 4.6216 0.0642
0.5000 0.6000 2.2727 0.0770
0.6000 0.7000 -1.4432 0.1093
0.7000 0.8000 -9.1626 0.2475
0.8000 0.9000 -21.2290 0.2912
0.9000 1.0000 -31.2832 0.2326
#PMF from MBAR in kcal/mol
0.0000 0.0000 0.0000
0.1000 7.5859 0.0679
0.2000 14.5719 0.0959
0.3000 20.9370 0.1161
0.4000 26.5854 0.1349
0.5000 31.2070 0.1529
0.6000 33.4798 0.1744
0.7000 32.0366 0.2085
0.8000 22.8739 0.3253
0.9000 1.6449 0.4379
1.0000 -29.6382 0.4969
#TI average gradients and standard deviation in kcal/mol
0.0000 77.9157 19.6910
0.1000 72.5950 18.3405
0.2000 67.2147 16.8061
0.3000 61.9107 17.0442
0.4000 52.2317 17.4292
0.5000 36.0429 19.6683
0.6000 8.8913 21.7516
0.7000 -42.4544 24.5493
0.8000 -148.9520 32.6221
0.9000 -269.2279 30.1427
1.0000 -356.3593 31.2317
#PMF from TI in kcal/mol
0.0000 0.0000
0.1000 7.5255
0.2000 14.5160
0.3000 20.9723
0.4000 26.6794
0.5000 31.0931
0.6000 33.3399
0.7000 31.6617
0.8000 22.0914
0.9000 1.1824
1.0000 -30.0970
#MBAR free energy difference in kcal/mol: 
-29.638246, 0.496915 
#TI free energy difference in kcal/mol: 
-30.096962  
Starting /export/users/common/BioSimSpace/sire.app/bin/analyse_freenrg: number of threads equals 32
