# Analysing data contained in file(s) ['lambda_0.0000/simfile.dat', 'lambda_0.1000/simfile.dat', 'lambda_0.2000/simfile.dat', 'lambda_0.3000/simfile.dat', 'lambda_0.4000/simfile.dat', 'lambda_0.5000/simfile.dat', 'lambda_0.6000/simfile.dat', 'lambda_0.7000/simfile.dat', 'lambda_0.8000/simfile.dat', 'lambda_0.9000/simfile.dat', 'lambda_1.0000/simfile.dat']
#Overlap matrix
0.9903 0.0097 0.0000 0.0000 0.0000 0.0000 0.0000 0.0000 0.0000 0.0000 0.0000
0.0097 0.9858 0.0044 0.0000 0.0000 0.0000 0.0000 0.0000 0.0000 0.0000 0.0000
0.0000 0.0044 0.9876 0.0080 0.0000 0.0000 0.0000 0.0000 0.0000 0.0000 0.0000
0.0000 0.0000 0.0080 0.9801 0.0119 0.0000 0.0000 0.0000 0.0000 0.0000 0.0000
0.0000 0.0000 0.0000 0.0119 0.9730 0.0150 0.0000 0.0000 0.0000 0.0000 0.0000
0.0000 0.0000 0.0000 0.0000 0.0150 0.9705 0.0145 0.0000 0.0000 0.0000 0.0000
0.0000 0.0000 0.0000 0.0000 0.0000 0.0145 0.9593 0.0262 0.0000 0.0000 0.0000
0.0000 0.0000 0.0000 0.0000 0.0000 0.0000 0.0262 0.9451 0.0287 0.0000 0.0000
0.0000 0.0000 0.0000 0.0000 0.0000 0.0000 0.0000 0.0287 0.9420 0.0293 0.0000
0.0000 0.0000 0.0000 0.0000 0.0000 0.0000 0.0000 0.0000 0.0293 0.9414 0.0294
0.0000 0.0000 0.0000 0.0000 0.0000 0.0000 0.0000 0.0000 0.0000 0.0294 0.9706
#DG from neighbouring lambda in kcal/mol
0.0000 0.1000 -15.4759 0.2646
0.1000 0.2000 -15.9965 0.3939
0.2000 0.3000 -19.5074 0.2927
0.3000 0.4000 -24.2284 0.2385
0.4000 0.5000 -28.2082 0.2119
0.5000 0.6000 -32.2486 0.2161
0.6000 0.7000 -35.0991 0.1586
0.7000 0.8000 -38.4527 0.1510
0.8000 0.9000 -42.4050 0.1496
0.9000 1.0000 -46.6487 0.1493
#PMF from MBAR in kcal/mol
0.0000 0.0000 0.0000
0.1000 -15.4759 0.2646
0.2000 -31.4724 0.4760
0.3000 -50.9798 0.5600
0.4000 -75.2081 0.6099
0.5000 -103.4164 0.6467
0.6000 -135.6650 0.6829
0.7000 -170.7641 0.7020
0.8000 -209.2168 0.7191
0.9000 -251.6218 0.7354
1.0000 -298.2704 0.7513
#TI average gradients and standard deviation in kcal/mol
0.0000 -170.6896 31.4683
0.1000 -145.7929 29.4044
0.2000 -172.6190 30.8557
0.3000 -216.8600 29.6362
0.4000 -258.7882 29.1379
0.5000 -302.6421 29.3411
0.6000 -342.4114 27.1215
0.7000 -364.7045 24.7774
0.8000 -403.9233 24.5887
0.9000 -444.6386 25.0469
1.0000 -472.0469 26.8879
#PMF from TI in kcal/mol
0.0000 0.0000
0.1000 -15.8241
0.2000 -31.7447
0.3000 -51.2187
0.4000 -75.0011
0.5000 -103.0726
0.6000 -135.3253
0.7000 -170.6811
0.8000 -209.1125
0.9000 -251.5406
1.0000 -297.3748
#MBAR free energy difference in kcal/mol: 
-298.270446, 0.751345 
#TI free energy difference in kcal/mol: 
-297.374831  
Starting /export/users/common/BioSimSpace/sire.app/bin/analyse_freenrg: number of threads equals 32
