# Analysing data contained in file(s) ['lambda_0.0000/simfile.dat', 'lambda_0.1000/simfile.dat', 'lambda_0.2000/simfile.dat', 'lambda_0.3000/simfile.dat', 'lambda_0.4000/simfile.dat', 'lambda_0.5000/simfile.dat', 'lambda_0.6000/simfile.dat', 'lambda_0.7000/simfile.dat', 'lambda_0.8000/simfile.dat', 'lambda_0.9000/simfile.dat', 'lambda_1.0000/simfile.dat']
#Overlap matrix
0.9898 0.0102 0.0000 0.0000 0.0000 0.0000 0.0000 0.0000 0.0000 0.0000 0.0000
0.0102 0.9793 0.0105 0.0000 0.0000 0.0000 0.0000 0.0000 0.0000 0.0000 0.0000
0.0000 0.0105 0.9760 0.0135 0.0000 0.0000 0.0000 0.0000 0.0000 0.0000 0.0000
0.0000 0.0000 0.0135 0.9865 0.0000 0.0000 0.0000 0.0000 0.0000 0.0000 0.0000
0.0000 0.0000 0.0000 0.0000 0.9340 0.0660 0.0000 0.0000 0.0000 0.0000 0.0000
0.0000 0.0000 0.0000 0.0000 0.0660 0.8780 0.0560 0.0000 0.0000 0.0000 0.0000
0.0000 0.0000 0.0000 0.0000 0.0000 0.0560 0.8873 0.0567 0.0000 0.0000 0.0000
0.0000 0.0000 0.0000 0.0000 0.0000 0.0000 0.0567 0.8800 0.0633 0.0000 0.0000
0.0000 0.0000 0.0000 0.0000 0.0000 0.0000 0.0000 0.0633 0.8757 0.0609 0.0000
0.0000 0.0000 0.0000 0.0000 0.0000 0.0000 0.0000 0.0000 0.0609 0.9012 0.0378
0.0000 0.0000 0.0000 0.0000 0.0000 0.0000 0.0000 0.0000 0.0000 0.0378 0.9622
#DG from neighbouring lambda in kcal/mol
0.0000 0.1000 -5.3043 0.2440
0.1000 0.2000 -7.8190 0.2410
0.2000 0.3000 -10.3499 0.2112
0.3000 0.4000 -20.4062 89.9113
0.4000 0.5000 -13.2528 0.0903
0.5000 0.6000 -14.4382 0.0992
0.6000 0.7000 -20.4888 0.0985
0.7000 0.8000 -26.6287 0.0925
0.8000 0.9000 -31.0788 0.0945
0.9000 1.0000 -34.9574 0.1231
#PMF from MBAR in kcal/mol
0.0000 0.0000 0.0000
0.1000 -5.3043 0.2440
0.2000 -13.1234 0.3448
0.3000 -23.4733 0.4059
0.4000 -43.8795 89.9122
0.5000 -57.1323 89.9122
0.6000 -71.5705 89.9123
0.7000 -92.0593 89.9124
0.8000 -118.6879 89.9124
0.9000 -149.7668 89.9125
1.0000 -184.7241 89.9126
#TI average gradients and standard deviation in kcal/mol
0.0000 -50.4568 30.7117
0.1000 -65.6553 30.9775
0.2000 -92.3082 32.0864
0.3000 -107.3706 30.0019
0.4000 -172.0210 25.8545
0.5000 -120.1709 21.1048
0.6000 -174.5416 21.8371
0.7000 -238.9589 22.1460
0.8000 -292.0375 20.8882
0.9000 -331.9616 23.5361
1.0000 -367.3322 98.5293
#PMF from TI in kcal/mol
0.0000 0.0000
0.1000 -5.8056
0.2000 -13.7038
0.3000 -23.6877
0.4000 -37.6573
0.5000 -52.2669
0.6000 -67.0025
0.7000 -87.6776
0.8000 -114.2274
0.9000 -145.4273
1.0000 -180.3920
#MBAR free energy difference in kcal/mol: 
-184.724145, 89.912557 
#TI free energy difference in kcal/mol: 
-180.392027  
Starting /export/users/common/BioSimSpace/sire.app/bin/analyse_freenrg: number of threads equals 32
