# Analysing data contained in file(s) ['lambda_0.0000/simfile.dat', 'lambda_0.1000/simfile.dat', 'lambda_0.2000/simfile.dat', 'lambda_0.3000/simfile.dat', 'lambda_0.4000/simfile.dat', 'lambda_0.5000/simfile.dat', 'lambda_0.6000/simfile.dat', 'lambda_0.7000/simfile.dat', 'lambda_0.8000/simfile.dat', 'lambda_0.9000/simfile.dat', 'lambda_1.0000/simfile.dat']
#Overlap matrix
0.9771 0.0229 0.0000 0.0000 0.0000 0.0000 0.0000 0.0000 0.0000 0.0000 0.0000
0.0229 0.9567 0.0204 0.0000 0.0000 0.0000 0.0000 0.0000 0.0000 0.0000 0.0000
0.0000 0.0204 0.9589 0.0207 0.0000 0.0000 0.0000 0.0000 0.0000 0.0000 0.0000
0.0000 0.0000 0.0207 0.9511 0.0281 0.0001 0.0000 0.0000 0.0000 0.0000 0.0000
0.0000 0.0000 0.0000 0.0281 0.9017 0.0695 0.0007 0.0000 0.0000 0.0000 0.0000
0.0000 0.0000 0.0000 0.0001 0.0695 0.8137 0.1130 0.0034 0.0003 0.0000 0.0000
0.0000 0.0000 0.0000 0.0000 0.0007 0.1130 0.7260 0.1420 0.0174 0.0009 0.0000
0.0000 0.0000 0.0000 0.0000 0.0000 0.0034 0.1420 0.6103 0.2228 0.0207 0.0008
0.0000 0.0000 0.0000 0.0000 0.0000 0.0003 0.0174 0.2228 0.5095 0.2195 0.0305
0.0000 0.0000 0.0000 0.0000 0.0000 0.0000 0.0009 0.0207 0.2195 0.4884 0.2704
0.0000 0.0000 0.0000 0.0000 0.0000 0.0000 0.0000 0.0008 0.0305 0.2704 0.6983
#DG from neighbouring lambda in kcal/mol
0.0000 0.1000 -9.3279 0.1539
0.1000 0.2000 -6.5631 0.1637
0.2000 0.3000 -6.3127 0.1623
0.3000 0.4000 -5.7375 0.1382
0.4000 0.5000 -4.1091 0.0834
0.5000 0.6000 -3.0960 0.0609
0.6000 0.7000 -3.0166 0.0486
0.7000 0.8000 -2.8610 0.0326
0.8000 0.9000 -3.8345 0.0315
0.9000 1.0000 -4.7506 0.0278
#PMF from MBAR in kcal/mol
0.0000 0.0000 0.0000
0.1000 -9.3279 0.1539
0.2000 -15.8910 0.2272
0.3000 -22.2037 0.2812
0.4000 -27.9412 0.3151
0.5000 -32.0504 0.3277
0.6000 -35.1464 0.3348
0.7000 -38.1629 0.3397
0.8000 -41.0240 0.3422
0.9000 -44.8585 0.3448
1.0000 -49.6091 0.3470
#TI average gradients and standard deviation in kcal/mol
0.0000 -134.0126 28.8590
0.1000 -70.5821 27.6810
0.2000 -61.6025 27.3572
0.3000 -63.6431 28.0545
0.4000 -50.5777 23.7734
0.5000 -34.5998 20.2150
0.6000 -31.3601 18.1296
0.7000 -28.9102 12.0017
0.8000 -31.6920 11.4178
0.9000 -44.4540 10.2061
1.0000 -23.4086 10.1282
#PMF from TI in kcal/mol
0.0000 0.0000
0.1000 -10.2297
0.2000 -16.8390
0.3000 -23.1012
0.4000 -28.8123
0.5000 -33.0712
0.6000 -36.3692
0.7000 -39.3827
0.8000 -42.4128
0.9000 -46.2201
1.0000 -49.6132
#MBAR free energy difference in kcal/mol: 
-49.609060, 0.346966 
#TI free energy difference in kcal/mol: 
-49.613194  
Starting /export/users/common/BioSimSpace/sire.app/bin/analyse_freenrg: number of threads equals 32
