# Analysing data contained in file(s) ['lambda_0.0000/simfile.dat', 'lambda_0.1000/simfile.dat', 'lambda_0.2000/simfile.dat', 'lambda_0.3000/simfile.dat', 'lambda_0.4000/simfile.dat', 'lambda_0.5000/simfile.dat', 'lambda_0.6000/simfile.dat', 'lambda_0.7000/simfile.dat', 'lambda_0.8000/simfile.dat', 'lambda_0.9000/simfile.dat', 'lambda_1.0000/simfile.dat']
#Overlap matrix
0.9445 0.0554 0.0001 0.0000 0.0000 0.0000 0.0000 0.0000 0.0000 0.0000 0.0000
0.0554 0.8944 0.0501 0.0000 0.0000 0.0000 0.0000 0.0000 0.0000 0.0000 0.0000
0.0001 0.0501 0.9091 0.0406 0.0001 0.0000 0.0000 0.0000 0.0000 0.0000 0.0000
0.0000 0.0000 0.0406 0.8983 0.0604 0.0007 0.0001 0.0000 0.0000 0.0000 0.0000
0.0000 0.0000 0.0001 0.0604 0.8185 0.1119 0.0085 0.0006 0.0000 0.0000 0.0000
0.0000 0.0000 0.0000 0.0007 0.1119 0.6735 0.1981 0.0157 0.0001 0.0000 0.0000
0.0000 0.0000 0.0000 0.0001 0.0085 0.1981 0.5885 0.1984 0.0065 0.0000 0.0000
0.0000 0.0000 0.0000 0.0000 0.0006 0.0157 0.1984 0.6085 0.1722 0.0045 0.0000
0.0000 0.0000 0.0000 0.0000 0.0000 0.0001 0.0065 0.1722 0.6417 0.1777 0.0019
0.0000 0.0000 0.0000 0.0000 0.0000 0.0000 0.0000 0.0045 0.1777 0.6855 0.1323
0.0000 0.0000 0.0000 0.0000 0.0000 0.0000 0.0000 0.0000 0.0019 0.1323 0.8658
#DG from neighbouring lambda in kcal/mol
0.0000 0.1000 -4.2693 0.0971
0.1000 0.2000 -1.7980 0.1027
0.2000 0.3000 -0.0172 0.1151
0.3000 0.4000 2.5030 0.0918
0.4000 0.5000 5.5016 0.0606
0.5000 0.6000 8.2369 0.0385
0.6000 0.7000 9.6468 0.0387
0.7000 0.8000 9.6635 0.0451
0.8000 0.9000 9.7933 0.0450
0.9000 1.0000 9.9567 0.0567
#PMF from MBAR in kcal/mol
0.0000 0.0000 0.0000
0.1000 -4.2693 0.0971
0.2000 -6.0673 0.1454
0.3000 -6.0845 0.1885
0.4000 -3.5816 0.2123
0.5000 1.9200 0.2232
0.6000 10.1569 0.2282
0.7000 19.8038 0.2331
0.8000 29.4673 0.2395
0.9000 39.2606 0.2458
1.0000 49.2173 0.2544
#TI average gradients and standard deviation in kcal/mol
0.0000 -62.4651 23.9352
0.1000 -28.7277 24.1279
0.2000 -7.2569 22.9279
0.3000 11.4352 24.7390
0.4000 39.2797 19.7747
0.5000 68.0777 16.2565
0.6000 94.4473 12.3755
0.7000 97.0176 13.7286
0.8000 96.3290 13.9560
0.9000 98.0919 14.4353
1.0000 104.5148 17.2488
#PMF from TI in kcal/mol
0.0000 0.0000
0.1000 -4.5596
0.2000 -6.3589
0.3000 -6.1500
0.4000 -3.6142
0.5000 1.7537
0.6000 9.8799
0.7000 19.4532
0.8000 29.1205
0.9000 38.8415
1.0000 48.9719
#MBAR free energy difference in kcal/mol: 
49.217280, 0.254403 
#TI free energy difference in kcal/mol: 
48.971860  
Starting /export/users/common/BioSimSpace/sire.app/bin/analyse_freenrg: number of threads equals 32
