# Analysing data contained in file(s) ['lambda_0.0000/simfile.dat', 'lambda_0.1000/simfile.dat', 'lambda_0.2000/simfile.dat', 'lambda_0.3000/simfile.dat', 'lambda_0.4000/simfile.dat', 'lambda_0.5000/simfile.dat', 'lambda_0.6000/simfile.dat', 'lambda_0.7000/simfile.dat', 'lambda_0.8000/simfile.dat', 'lambda_0.9000/simfile.dat', 'lambda_1.0000/simfile.dat']
#Overlap matrix
0.8613 0.1354 0.0033 0.0000 0.0000 0.0000 0.0000 0.0000 0.0000 0.0000 0.0000
0.1354 0.7043 0.1561 0.0042 0.0000 0.0000 0.0000 0.0000 0.0000 0.0000 0.0000
0.0033 0.1561 0.6670 0.1673 0.0062 0.0001 0.0000 0.0000 0.0000 0.0000 0.0000
0.0000 0.0042 0.1673 0.6373 0.1816 0.0094 0.0002 0.0000 0.0000 0.0000 0.0000
0.0000 0.0000 0.0062 0.1816 0.5966 0.1999 0.0153 0.0003 0.0000 0.0000 0.0000
0.0000 0.0000 0.0001 0.0094 0.1999 0.5419 0.2297 0.0187 0.0004 0.0000 0.0000
0.0000 0.0000 0.0000 0.0002 0.0153 0.2297 0.5141 0.2185 0.0217 0.0005 0.0000
0.0000 0.0000 0.0000 0.0000 0.0003 0.0187 0.2185 0.5096 0.2285 0.0239 0.0006
0.0000 0.0000 0.0000 0.0000 0.0000 0.0004 0.0217 0.2285 0.4914 0.2340 0.0240
0.0000 0.0000 0.0000 0.0000 0.0000 0.0000 0.0005 0.0239 0.2340 0.4964 0.2453
0.0000 0.0000 0.0000 0.0000 0.0000 0.0000 0.0000 0.0006 0.0240 0.2453 0.7302
#DG from neighbouring lambda in kcal/mol
0.0000 0.1000 -8.3529 0.0521
0.1000 0.2000 -5.8996 0.0463
0.2000 0.3000 -4.9965 0.0435
0.3000 0.4000 -4.4190 0.0401
0.4000 0.5000 -3.8940 0.0359
0.5000 0.6000 -3.3189 0.0308
0.6000 0.7000 -2.9048 0.0314
0.7000 0.8000 -2.6050 0.0296
0.8000 0.9000 -2.3028 0.0288
0.9000 1.0000 -2.0148 0.0301
#PMF from MBAR in kcal/mol
0.0000 0.0000 0.0000
0.1000 -8.3529 0.0521
0.2000 -14.2524 0.0758
0.3000 -19.2490 0.0924
0.4000 -23.6680 0.1049
0.5000 -27.5620 0.1145
0.6000 -30.8810 0.1218
0.7000 -33.7857 0.1287
0.8000 -36.3907 0.1348
0.9000 -38.6935 0.1405
1.0000 -40.7084 0.1461
#TI average gradients and standard deviation in kcal/mol
0.0000 -103.7675 18.0260
0.1000 -67.0276 15.8175
0.2000 -53.4835 15.3467
0.3000 -46.9893 13.8737
0.4000 -41.7078 12.8774
0.5000 -35.9658 11.7343
0.6000 -30.2547 11.3030
0.7000 -27.8269 11.0045
0.8000 -24.8850 10.8199
0.9000 -22.0174 10.9944
1.0000 -13.0195 10.4462
#PMF from TI in kcal/mol
0.0000 0.0000
0.1000 -8.5398
0.2000 -14.5653
0.3000 -19.5889
0.4000 -24.0238
0.5000 -27.9075
0.6000 -31.2185
0.7000 -34.1226
0.8000 -36.7582
0.9000 -39.1033
1.0000 -40.8552
#MBAR free energy difference in kcal/mol: 
-40.708385, 0.146146 
#TI free energy difference in kcal/mol: 
-40.855157  
Starting /export/users/common/BioSimSpace/sire.app/bin/analyse_freenrg: number of threads equals 32
