# Analysing data contained in file(s) ['lambda_0.0000/simfile.dat', 'lambda_0.1000/simfile.dat', 'lambda_0.2000/simfile.dat', 'lambda_0.3000/simfile.dat', 'lambda_0.4000/simfile.dat', 'lambda_0.5000/simfile.dat', 'lambda_0.6000/simfile.dat', 'lambda_0.7000/simfile.dat', 'lambda_0.8000/simfile.dat', 'lambda_0.9000/simfile.dat', 'lambda_1.0000/simfile.dat']
#Overlap matrix
0.9500 0.0499 0.0001 0.0000 0.0000 0.0000 0.0000 0.0000 0.0000 0.0000 0.0000
0.0499 0.8784 0.0716 0.0001 0.0000 0.0000 0.0000 0.0000 0.0000 0.0000 0.0000
0.0001 0.0716 0.8465 0.0815 0.0003 0.0000 0.0000 0.0000 0.0000 0.0000 0.0000
0.0000 0.0001 0.0815 0.8246 0.0935 0.0003 0.0000 0.0000 0.0000 0.0000 0.0000
0.0000 0.0000 0.0003 0.0935 0.8298 0.0763 0.0002 0.0000 0.0000 0.0000 0.0000
0.0000 0.0000 0.0000 0.0003 0.0763 0.8464 0.0764 0.0006 0.0000 0.0000 0.0000
0.0000 0.0000 0.0000 0.0000 0.0002 0.0764 0.8098 0.1132 0.0005 0.0000 0.0000
0.0000 0.0000 0.0000 0.0000 0.0000 0.0006 0.1132 0.7940 0.0921 0.0002 0.0000
0.0000 0.0000 0.0000 0.0000 0.0000 0.0000 0.0005 0.0921 0.8315 0.0759 0.0000
0.0000 0.0000 0.0000 0.0000 0.0000 0.0000 0.0000 0.0002 0.0759 0.8926 0.0314
0.0000 0.0000 0.0000 0.0000 0.0000 0.0000 0.0000 0.0000 0.0000 0.0314 0.9686
#DG from neighbouring lambda in kcal/mol
0.0000 0.1000 -6.3425 0.1008
0.1000 0.2000 -3.5514 0.0821
0.2000 0.3000 -3.0886 0.0759
0.3000 0.4000 -2.9913 0.0698
0.4000 0.5000 -3.0463 0.0789
0.5000 0.6000 -3.2861 0.0787
0.6000 0.7000 -2.7380 0.0618
0.7000 0.8000 -2.7888 0.0704
0.8000 0.9000 -2.5564 0.0794
0.9000 1.0000 -1.0039 0.1299
#PMF from MBAR in kcal/mol
0.0000 0.0000 0.0000
0.1000 -6.3425 0.1008
0.2000 -9.8940 0.1341
0.3000 -12.9826 0.1577
0.4000 -15.9739 0.1756
0.5000 -19.0202 0.1953
0.6000 -22.3063 0.2131
0.7000 -25.0443 0.2243
0.8000 -27.8331 0.2373
0.9000 -30.3895 0.2525
1.0000 -31.3934 0.2859
#TI average gradients and standard deviation in kcal/mol
0.0000 3088930616247.5688 145319701825976.8125
0.1000 -42.6408 20.8928
0.2000 -30.6670 20.6651
0.3000 -30.4401 20.8314
0.4000 -29.9249 20.7581
0.5000 -31.6791 22.2847
0.6000 -30.1240 18.7974
0.7000 -28.5525 18.4106
0.8000 -27.7005 19.5462
0.9000 -19.9335 22.6026
1.0000 -7928947.6810 358963117.3337
#PMF from TI in kcal/mol
0.0000 0.0000
0.1000 154446530810.2464
0.2000 154446530806.5810
0.3000 154446530803.5257
0.4000 154446530800.5074
0.5000 154446530797.4272
0.6000 154446530794.3371
0.7000 154446530791.4033
0.8000 154446530788.5906
0.9000 154446530786.2089
1.0000 154446134337.8282
#MBAR free energy difference in kcal/mol: 
-31.393403, 0.285903 
#TI free energy difference in kcal/mol: 
154446134337.828156  
Starting /export/users/common/BioSimSpace/sire.app/bin/analyse_freenrg: number of threads equals 32
