# Analysing data contained in file(s) ['lambda_0.0000/simfile.dat', 'lambda_0.1000/simfile.dat', 'lambda_0.2000/simfile.dat', 'lambda_0.3000/simfile.dat', 'lambda_0.4000/simfile.dat', 'lambda_0.5000/simfile.dat', 'lambda_0.6000/simfile.dat', 'lambda_0.7000/simfile.dat', 'lambda_0.8000/simfile.dat', 'lambda_0.9000/simfile.dat', 'lambda_1.0000/simfile.dat']
#Overlap matrix
0.9641 0.0359 0.0000 0.0000 0.0000 0.0000 0.0000 0.0000 0.0000 0.0000 0.0000
0.0359 0.9188 0.0453 0.0000 0.0000 0.0000 0.0000 0.0000 0.0000 0.0000 0.0000
0.0000 0.0453 0.9089 0.0458 0.0000 0.0000 0.0000 0.0000 0.0000 0.0000 0.0000
0.0000 0.0000 0.0458 0.8998 0.0544 0.0000 0.0000 0.0000 0.0000 0.0000 0.0000
0.0000 0.0000 0.0000 0.0544 0.8912 0.0544 0.0000 0.0000 0.0000 0.0000 0.0000
0.0000 0.0000 0.0000 0.0000 0.0544 0.8769 0.0687 0.0000 0.0000 0.0000 0.0000
0.0000 0.0000 0.0000 0.0000 0.0000 0.0687 0.8533 0.0780 0.0000 0.0000 0.0000
0.0000 0.0000 0.0000 0.0000 0.0000 0.0000 0.0780 0.8398 0.0821 0.0000 0.0000
0.0000 0.0000 0.0000 0.0000 0.0000 0.0000 0.0000 0.0821 0.8450 0.0728 0.0000
0.0000 0.0000 0.0000 0.0000 0.0000 0.0000 0.0000 0.0000 0.0728 0.8706 0.0565
0.0000 0.0000 0.0000 0.0000 0.0000 0.0000 0.0000 0.0000 0.0000 0.0565 0.9435
#DG from neighbouring lambda in kcal/mol
0.0000 0.1000 5.0273 0.1263
0.1000 0.2000 3.8956 0.1113
0.2000 0.3000 2.6672 0.1106
0.3000 0.4000 1.5010 0.1005
0.4000 0.5000 -0.0281 0.1005
0.5000 0.6000 -1.2734 0.0880
0.6000 0.7000 -2.4452 0.0817
0.7000 0.8000 -3.3998 0.0792
0.8000 0.9000 -3.5582 0.0850
0.9000 1.0000 -3.2645 0.0984
#PMF from MBAR in kcal/mol
0.0000 0.0000 0.0000
0.1000 5.0273 0.1263
0.2000 8.9229 0.1720
0.3000 11.5901 0.2075
0.4000 13.0912 0.2332
0.5000 13.0631 0.2564
0.6000 11.7896 0.2733
0.7000 9.3445 0.2874
0.8000 5.9447 0.3002
0.9000 2.3865 0.3139
1.0000 -0.8780 0.3309
#TI average gradients and standard deviation in kcal/mol
0.0000 56.1110 24.9392
0.1000 45.9223 23.3979
0.2000 33.2955 22.1308
0.3000 19.4273 21.6784
0.4000 6.9446 21.0767
0.5000 -7.7150 20.9435
0.6000 -18.4854 19.4816
0.7000 -29.1701 18.6802
0.8000 -35.9509 18.7195
0.9000 -35.0405 21.2017
1.0000 -23.0093 24.3653
#PMF from TI in kcal/mol
0.0000 0.0000
0.1000 5.1017
0.2000 9.0626
0.3000 11.6987
0.4000 13.0173
0.5000 12.9788
0.6000 11.6688
0.7000 9.2860
0.8000 6.0299
0.9000 2.4804
1.0000 -0.4221
#MBAR free energy difference in kcal/mol: 
-0.877978, 0.330871 
#TI free energy difference in kcal/mol: 
-0.422132  
Starting /export/users/common/BioSimSpace/sire.app/bin/analyse_freenrg: number of threads equals 32
