# Analysing data contained in file(s) ['lambda_0.0000/simfile.dat', 'lambda_0.1000/simfile.dat', 'lambda_0.2000/simfile.dat', 'lambda_0.3000/simfile.dat', 'lambda_0.4000/simfile.dat', 'lambda_0.5000/simfile.dat', 'lambda_0.6000/simfile.dat', 'lambda_0.7000/simfile.dat', 'lambda_0.8000/simfile.dat', 'lambda_0.9000/simfile.dat', 'lambda_1.0000/simfile.dat']
#Overlap matrix
0.9722 0.0278 0.0000 0.0000 0.0000 0.0000 0.0000 0.0000 0.0000 0.0000 0.0000
0.0278 0.9622 0.0101 0.0000 0.0000 0.0000 0.0000 0.0000 0.0000 0.0000 0.0000
0.0000 0.0101 0.9827 0.0072 0.0000 0.0000 0.0000 0.0000 0.0000 0.0000 0.0000
0.0000 0.0000 0.0072 0.9857 0.0071 0.0000 0.0000 0.0000 0.0000 0.0000 0.0000
0.0000 0.0000 0.0000 0.0071 0.9810 0.0119 0.0000 0.0000 0.0000 0.0000 0.0000
0.0000 0.0000 0.0000 0.0000 0.0119 0.9867 0.0008 0.0001 0.0004 0.0001 0.0000
0.0000 0.0000 0.0000 0.0000 0.0000 0.0008 0.7880 0.1997 0.0114 0.0000 0.0000
0.0000 0.0000 0.0000 0.0000 0.0000 0.0001 0.1997 0.6270 0.1720 0.0012 0.0000
0.0000 0.0000 0.0000 0.0000 0.0000 0.0004 0.0114 0.1720 0.7185 0.0968 0.0009
0.0000 0.0000 0.0000 0.0000 0.0000 0.0001 0.0000 0.0012 0.0968 0.6656 0.2364
0.0000 0.0000 0.0000 0.0000 0.0000 0.0000 0.0000 0.0000 0.0009 0.2364 0.7628
#DG from neighbouring lambda in kcal/mol
0.0000 0.1000 -0.5160 0.1494
0.1000 0.2000 0.3687 0.2527
0.2000 0.3000 -1.0448 0.2990
0.3000 0.4000 -0.6164 0.3025
0.4000 0.5000 0.4860 0.2317
0.5000 0.6000 -2.0664 0.6826
0.6000 0.7000 5.9895 0.0424
0.7000 0.8000 6.6530 0.0474
0.8000 0.9000 1.7648 0.0729
0.9000 1.0000 -2.9291 0.0381
#PMF from MBAR in kcal/mol
0.0000 0.0000 0.0000
0.1000 -0.5160 0.1494
0.2000 -0.1473 0.2957
0.3000 -1.1921 0.4221
0.4000 -1.8084 0.5205
0.5000 -1.3224 0.5709
0.6000 -3.3889 0.8904
0.7000 2.6006 0.8908
0.8000 9.2536 0.8914
0.9000 11.0184 0.8947
1.0000 8.0893 0.8963
#TI average gradients and standard deviation in kcal/mol
0.0000 -33.4911 29.2473
0.1000 13.6616 25.9051
0.2000 -2.5497 31.6353
0.3000 -11.8376 33.3677
0.4000 2.0782 29.1121
0.5000 -2.0856 39.6867
0.6000 6.6770 14.1687
0.7000 79.4729 13.3751
0.8000 46.7508 15.3001
0.9000 -13.8253 15.4182
1.0000 -24.9851 11.4223
#PMF from TI in kcal/mol
0.0000 0.0000
0.1000 -0.9915
0.2000 -0.4359
0.3000 -1.1552
0.4000 -1.6432
0.5000 -1.6436
0.6000 -1.4140
0.7000 2.8935
0.8000 9.2047
0.9000 10.8509
1.0000 8.9104
#MBAR free energy difference in kcal/mol: 
8.089319, 0.896253 
#TI free energy difference in kcal/mol: 
8.910417  
Starting /export/users/common/BioSimSpace/sire.app/bin/analyse_freenrg: number of threads equals 32
