# Analysing data contained in file(s) ['lambda_0.0000/simfile.dat', 'lambda_0.1000/simfile.dat', 'lambda_0.2000/simfile.dat', 'lambda_0.3000/simfile.dat', 'lambda_0.4000/simfile.dat', 'lambda_0.5000/simfile.dat', 'lambda_0.6000/simfile.dat', 'lambda_0.7000/simfile.dat', 'lambda_0.8000/simfile.dat', 'lambda_0.9000/simfile.dat', 'lambda_1.0000/simfile.dat']
#Overlap matrix
0.9456 0.0544 0.0000 0.0000 0.0000 0.0000 0.0000 0.0000 0.0000 0.0000 0.0000
0.0544 0.8538 0.0918 0.0000 0.0000 0.0000 0.0000 0.0000 0.0000 0.0000 0.0000
0.0000 0.0918 0.8234 0.0848 0.0001 0.0000 0.0000 0.0000 0.0000 0.0000 0.0000
0.0000 0.0000 0.0848 0.8157 0.0994 0.0001 0.0000 0.0000 0.0000 0.0000 0.0000
0.0000 0.0000 0.0001 0.0994 0.7967 0.1038 0.0000 0.0000 0.0000 0.0000 0.0000
0.0000 0.0000 0.0000 0.0001 0.1038 0.8196 0.0766 0.0000 0.0000 0.0000 0.0000
0.0000 0.0000 0.0000 0.0000 0.0000 0.0766 0.8393 0.0841 0.0000 0.0000 0.0000
0.0000 0.0000 0.0000 0.0000 0.0000 0.0000 0.0841 0.8420 0.0739 0.0000 0.0000
0.0000 0.0000 0.0000 0.0000 0.0000 0.0000 0.0000 0.0739 0.8967 0.0293 0.0000
0.0000 0.0000 0.0000 0.0000 0.0000 0.0000 0.0000 0.0000 0.0293 0.9707 0.0000
0.0000 0.0000 0.0000 0.0000 0.0000 0.0000 0.0000 0.0000 0.0000 0.0000 1.0000
#DG from neighbouring lambda in kcal/mol
0.0000 0.1000 1.9940 0.1039
0.1000 0.2000 2.5200 0.0766
0.2000 0.3000 3.1932 0.0803
0.3000 0.4000 4.1033 0.0728
0.4000 0.5000 4.7267 0.0709
0.5000 0.6000 4.8272 0.0854
0.6000 0.7000 4.3961 0.0807
0.7000 0.8000 4.6531 0.0871
0.8000 0.9000 3.8152 0.1456
0.9000 1.0000 -33.6551 0.1845
#PMF from MBAR in kcal/mol
0.0000 0.0000 0.0000
0.1000 1.9940 0.1039
0.2000 4.5140 0.1341
0.3000 7.7073 0.1604
0.4000 11.8105 0.1798
0.5000 16.5372 0.1967
0.6000 21.3644 0.2174
0.7000 25.7605 0.2348
0.8000 30.4136 0.2530
0.9000 34.2287 0.2942
1.0000 0.5737 0.1557
#TI average gradients and standard deviation in kcal/mol
0.0000 20.5601 25.1954
0.1000 14.5278 18.2500
0.2000 25.4021 18.4055
0.3000 36.1207 17.6164
0.4000 42.7674 18.5062
0.5000 49.2173 19.4761
0.6000 47.7970 19.3302
0.7000 46.3648 22.2070
0.8000 44.5806 20.4558
0.9000 18.8504 28.6417
1.0000 -3069.3924 396.6298
#PMF from TI in kcal/mol
0.0000 0.0000
0.1000 1.7544
0.2000 3.7509
0.3000 6.8270
0.4000 10.7714
0.5000 15.3707
0.6000 20.2214
0.7000 24.9295
0.8000 29.4767
0.9000 32.6483
1.0000 -119.8788
#MBAR free energy difference in kcal/mol: 
0.573662, 0.155693 
#TI free energy difference in kcal/mol: 
-119.878808  
Starting /export/users/common/BioSimSpace/sire.app/bin/analyse_freenrg: number of threads equals 32
