# Analysing data contained in file(s) ['lambda_0.0000/simfile.dat', 'lambda_0.1000/simfile.dat', 'lambda_0.2000/simfile.dat', 'lambda_0.3000/simfile.dat', 'lambda_0.4000/simfile.dat', 'lambda_0.5000/simfile.dat', 'lambda_0.6000/simfile.dat', 'lambda_0.7000/simfile.dat', 'lambda_0.8000/simfile.dat', 'lambda_0.9000/simfile.dat', 'lambda_1.0000/simfile.dat']
#Overlap matrix
0.9419 0.0580 0.0001 0.0000 0.0000 0.0000 0.0000 0.0000 0.0000 0.0000 0.0000
0.0580 0.8773 0.0646 0.0002 0.0000 0.0000 0.0000 0.0000 0.0000 0.0000 0.0000
0.0001 0.0646 0.8702 0.0643 0.0009 0.0000 0.0000 0.0000 0.0000 0.0000 0.0000
0.0000 0.0002 0.0643 0.7901 0.1411 0.0043 0.0000 0.0000 0.0000 0.0000 0.0000
0.0000 0.0000 0.0009 0.1411 0.6757 0.1795 0.0028 0.0000 0.0000 0.0000 0.0000
0.0000 0.0000 0.0000 0.0043 0.1795 0.6614 0.1532 0.0016 0.0000 0.0000 0.0000
0.0000 0.0000 0.0000 0.0000 0.0028 0.1532 0.6883 0.1536 0.0021 0.0000 0.0000
0.0000 0.0000 0.0000 0.0000 0.0000 0.0016 0.1536 0.6793 0.1637 0.0018 0.0000
0.0000 0.0000 0.0000 0.0000 0.0000 0.0000 0.0021 0.1637 0.6703 0.1620 0.0020
0.0000 0.0000 0.0000 0.0000 0.0000 0.0000 0.0000 0.0018 0.1620 0.6776 0.1586
0.0000 0.0000 0.0000 0.0000 0.0000 0.0000 0.0000 0.0000 0.0020 0.1586 0.8395
#DG from neighbouring lambda in kcal/mol
0.0000 0.1000 -0.7321 0.0885
0.1000 0.2000 1.0058 0.0831
0.2000 0.3000 2.5358 0.0827
0.3000 0.4000 5.0746 0.0499
0.4000 0.5000 7.2547 0.0416
0.5000 0.6000 7.7423 0.0473
0.6000 0.7000 7.6758 0.0474
0.7000 0.8000 7.9933 0.0452
0.8000 0.9000 8.4346 0.0455
0.9000 1.0000 9.0634 0.0466
#PMF from MBAR in kcal/mol
0.0000 0.0000 0.0000
0.1000 -0.7321 0.0885
0.2000 0.2737 0.1255
0.3000 2.8095 0.1536
0.4000 7.8841 0.1643
0.5000 15.1388 0.1720
0.6000 22.8811 0.1810
0.7000 30.5569 0.1897
0.8000 38.5502 0.1974
0.9000 46.9848 0.2049
1.0000 56.0481 0.2124
#TI average gradients and standard deviation in kcal/mol
0.0000 -19.7639 22.3893
0.1000 2.1589 22.3129
0.2000 17.9753 22.2567
0.3000 35.6414 20.1195
0.4000 65.2176 14.5494
0.5000 77.7521 15.0275
0.6000 76.9965 15.3573
0.7000 78.2435 14.7074
0.8000 81.1179 14.8872
0.9000 87.5868 15.2819
1.0000 96.1501 15.1013
#PMF from TI in kcal/mol
0.0000 0.0000
0.1000 -0.8803
0.2000 0.1265
0.3000 2.8073
0.4000 7.8502
0.5000 14.9987
0.6000 22.7362
0.7000 30.4982
0.8000 38.4662
0.9000 46.9015
1.0000 56.0883
#MBAR free energy difference in kcal/mol: 
56.048138, 0.212438 
#TI free energy difference in kcal/mol: 
56.088292  
Starting /export/users/common/BioSimSpace/sire.app/bin/analyse_freenrg: number of threads equals 32
