# Analysing data contained in file(s) ['lambda_0.0000/simfile.dat', 'lambda_0.1000/simfile.dat', 'lambda_0.2000/simfile.dat', 'lambda_0.3000/simfile.dat', 'lambda_0.4000/simfile.dat', 'lambda_0.5000/simfile.dat', 'lambda_0.6000/simfile.dat', 'lambda_0.7000/simfile.dat', 'lambda_0.8000/simfile.dat', 'lambda_0.9000/simfile.dat', 'lambda_1.0000/simfile.dat']
#Overlap matrix
0.9360 0.0640 0.0001 0.0000 0.0000 0.0000 0.0000 0.0000 0.0000 0.0000 0.0000
0.0640 0.8710 0.0649 0.0002 0.0000 0.0000 0.0000 0.0000 0.0000 0.0000 0.0000
0.0001 0.0649 0.8558 0.0790 0.0002 0.0000 0.0000 0.0000 0.0000 0.0000 0.0000
0.0000 0.0002 0.0790 0.8500 0.0707 0.0001 0.0000 0.0000 0.0000 0.0000 0.0000
0.0000 0.0000 0.0002 0.0707 0.8737 0.0554 0.0000 0.0000 0.0000 0.0000 0.0000
0.0000 0.0000 0.0000 0.0001 0.0554 0.9077 0.0358 0.0010 0.0000 0.0000 0.0000
0.0000 0.0000 0.0000 0.0000 0.0000 0.0358 0.8047 0.1566 0.0029 0.0000 0.0000
0.0000 0.0000 0.0000 0.0000 0.0000 0.0010 0.1566 0.7130 0.1290 0.0004 0.0000
0.0000 0.0000 0.0000 0.0000 0.0000 0.0000 0.0029 0.1290 0.7573 0.1108 0.0001
0.0000 0.0000 0.0000 0.0000 0.0000 0.0000 0.0000 0.0004 0.1108 0.8208 0.0680
0.0000 0.0000 0.0000 0.0000 0.0000 0.0000 0.0000 0.0000 0.0001 0.0680 0.9319
#DG from neighbouring lambda in kcal/mol
0.0000 0.1000 -5.7718 0.0906
0.1000 0.2000 -2.7902 0.0897
0.2000 0.3000 -3.8220 0.0799
0.3000 0.4000 -5.7490 0.0853
0.4000 0.5000 -8.0219 0.0982
0.5000 0.6000 -10.5004 0.1231
0.6000 0.7000 -10.5445 0.0505
0.7000 0.8000 -11.7513 0.0579
0.8000 0.9000 -15.8355 0.0649
0.9000 1.0000 -20.9193 0.0874
#PMF from MBAR in kcal/mol
0.0000 0.0000 0.0000
0.1000 -5.7718 0.0906
0.2000 -8.5620 0.1320
0.3000 -12.3840 0.1581
0.4000 -18.1330 0.1828
0.5000 -26.1548 0.2103
0.6000 -36.6553 0.2461
0.7000 -47.1998 0.2532
0.8000 -58.9511 0.2617
0.9000 -74.7866 0.2718
1.0000 -95.7059 0.2876
#TI average gradients and standard deviation in kcal/mol
0.0000 -111.6264 23.6056
0.1000 -29.1373 21.0304
0.2000 -30.8490 20.6826
0.3000 -47.1019 21.2907
0.4000 -68.1728 21.9209
0.5000 -90.2742 21.9454
0.6000 -115.0334 20.9176
0.7000 -102.4558 14.5617
0.8000 -136.2827 17.2916
0.9000 -181.6898 18.3441
1.0000 -229.5217 28.0178
#PMF from TI in kcal/mol
0.0000 0.0000
0.1000 -7.0382
0.2000 -10.0375
0.3000 -13.9350
0.4000 -19.6988
0.5000 -27.6211
0.6000 -37.8865
0.7000 -48.7610
0.8000 -60.6979
0.9000 -76.5965
1.0000 -97.1571
#MBAR free energy difference in kcal/mol: 
-95.705866, 0.287633 
#TI free energy difference in kcal/mol: 
-97.157091  
Starting /export/users/common/BioSimSpace/sire.app/bin/analyse_freenrg: number of threads equals 32
