# Analysing data contained in file(s) ['lambda_0.0000/simfile.dat', 'lambda_0.1000/simfile.dat', 'lambda_0.2000/simfile.dat', 'lambda_0.3000/simfile.dat', 'lambda_0.4000/simfile.dat', 'lambda_0.5000/simfile.dat', 'lambda_0.6000/simfile.dat', 'lambda_0.7000/simfile.dat', 'lambda_0.8000/simfile.dat', 'lambda_0.9000/simfile.dat', 'lambda_1.0000/simfile.dat']
#Overlap matrix
0.7593 0.2260 0.0144 0.0002 0.0000 0.0000 0.0000 0.0000 0.0000 0.0000 0.0000
0.2260 0.5364 0.2179 0.0193 0.0004 0.0000 0.0000 0.0000 0.0000 0.0000 0.0000
0.0144 0.2179 0.5159 0.2312 0.0201 0.0004 0.0000 0.0000 0.0000 0.0000 0.0000
0.0002 0.0193 0.2312 0.5128 0.2188 0.0175 0.0003 0.0000 0.0000 0.0000 0.0000
0.0000 0.0004 0.0201 0.2188 0.5537 0.1962 0.0107 0.0001 0.0000 0.0000 0.0000
0.0000 0.0000 0.0004 0.0175 0.1962 0.5965 0.1816 0.0078 0.0001 0.0000 0.0000
0.0000 0.0000 0.0000 0.0003 0.0107 0.1816 0.6281 0.1735 0.0059 0.0001 0.0000
0.0000 0.0000 0.0000 0.0000 0.0001 0.0078 0.1735 0.6481 0.1661 0.0044 0.0000
0.0000 0.0000 0.0000 0.0000 0.0000 0.0001 0.0059 0.1661 0.6769 0.1491 0.0020
0.0000 0.0000 0.0000 0.0000 0.0000 0.0000 0.0001 0.0044 0.1491 0.7317 0.1147
0.0000 0.0000 0.0000 0.0000 0.0000 0.0000 0.0000 0.0000 0.0020 0.1147 0.8832
#DG from neighbouring lambda in kcal/mol
0.0000 0.1000 -3.5005 0.0390
0.1000 0.2000 -3.2228 0.0374
0.2000 0.3000 -2.8782 0.0348
0.3000 0.4000 -2.4216 0.0368
0.4000 0.5000 -1.8563 0.0416
0.5000 0.6000 -1.4504 0.0459
0.6000 0.7000 -1.1355 0.0484
0.7000 0.8000 -0.7902 0.0507
0.8000 0.9000 -0.1478 0.0557
0.9000 1.0000 1.3063 0.0678
#PMF from MBAR in kcal/mol
0.0000 0.0000 0.0000
0.1000 -3.5005 0.0390
0.2000 -6.7233 0.0631
0.3000 -9.6015 0.0787
0.4000 -12.0231 0.0924
0.5000 -13.8794 0.1061
0.6000 -15.3298 0.1201
0.7000 -16.4653 0.1337
0.8000 -17.2555 0.1470
0.9000 -17.4033 0.1609
1.0000 -16.0970 0.1781
#TI average gradients and standard deviation in kcal/mol
0.0000 -45.1237 11.8551
0.1000 -33.3382 11.0326
0.2000 -31.4621 10.9973
0.3000 -26.3928 11.3051
0.4000 -21.7174 11.8872
0.5000 -16.7785 12.8671
0.6000 -12.4271 13.4941
0.7000 -9.1461 14.6557
0.8000 -5.1056 14.4861
0.9000 4.4593 17.2364
1.0000 24.9103 19.0349
#PMF from TI in kcal/mol
0.0000 0.0000
0.1000 -3.9231
0.2000 -7.1631
0.3000 -10.0559
0.4000 -12.4614
0.5000 -14.3862
0.6000 -15.8464
0.7000 -16.9251
0.8000 -17.6377
0.9000 -17.6700
1.0000 -16.2015
#MBAR free energy difference in kcal/mol: 
-16.096995, 0.178108 
#TI free energy difference in kcal/mol: 
-16.201517  
Starting /export/users/common/BioSimSpace/sire.app/bin/analyse_freenrg: number of threads equals 32
