# Analysing data contained in file(s) ['lambda_0.0000/simfile.dat', 'lambda_0.1000/simfile.dat', 'lambda_0.2000/simfile.dat', 'lambda_0.3000/simfile.dat', 'lambda_0.4000/simfile.dat', 'lambda_0.5000/simfile.dat', 'lambda_0.6000/simfile.dat', 'lambda_0.7000/simfile.dat', 'lambda_0.8000/simfile.dat', 'lambda_0.9000/simfile.dat', 'lambda_1.0000/simfile.dat']
#Overlap matrix
0.5317 0.3073 0.1184 0.0321 0.0088 0.0015 0.0002 0.0000 0.0000 0.0000 0.0000
0.3073 0.3253 0.2297 0.1022 0.0303 0.0048 0.0004 0.0000 0.0000 0.0000 0.0000
0.1184 0.2297 0.3145 0.2502 0.0767 0.0098 0.0006 0.0000 0.0000 0.0000 0.0000
0.0321 0.1022 0.2502 0.3992 0.1937 0.0217 0.0009 0.0000 0.0000 0.0000 0.0000
0.0088 0.0303 0.0767 0.1937 0.5177 0.1663 0.0064 0.0001 0.0000 0.0000 0.0000
0.0015 0.0048 0.0098 0.0217 0.1663 0.6701 0.1246 0.0011 0.0000 0.0000 0.0000
0.0002 0.0004 0.0006 0.0009 0.0064 0.1246 0.7992 0.0676 0.0001 0.0000 0.0000
0.0000 0.0000 0.0000 0.0000 0.0001 0.0011 0.0676 0.8884 0.0428 0.0001 0.0000
0.0000 0.0000 0.0000 0.0000 0.0000 0.0000 0.0001 0.0428 0.9057 0.0513 0.0001
0.0000 0.0000 0.0000 0.0000 0.0000 0.0000 0.0000 0.0001 0.0513 0.8984 0.0503
0.0000 0.0000 0.0000 0.0000 0.0000 0.0000 0.0000 0.0000 0.0001 0.0503 0.9497
#DG from neighbouring lambda in kcal/mol
0.0000 0.1000 0.5132 0.0147
0.1000 0.2000 -0.5078 0.0146
0.2000 0.3000 -1.4678 0.0150
0.3000 0.4000 -1.6622 0.0262
0.4000 0.5000 -1.8722 0.0395
0.5000 0.6000 -1.5959 0.0551
0.6000 0.7000 -0.5876 0.0834
0.7000 0.8000 -0.5552 0.1087
0.8000 0.9000 -1.0770 0.0984
0.9000 1.0000 0.4386 0.0996
#PMF from MBAR in kcal/mol
0.0000 0.0000 0.0000
0.1000 0.5132 0.0147
0.2000 0.0054 0.0266
0.3000 -1.4624 0.0355
0.4000 -3.1246 0.0464
0.5000 -4.9968 0.0648
0.6000 -6.5927 0.0894
0.7000 -7.1803 0.1261
0.8000 -7.7355 0.1697
0.9000 -8.8125 0.1989
1.0000 -8.3739 0.2249
#TI average gradients and standard deviation in kcal/mol
0.0000 -9.3964 6.1354
0.1000 0.8191 6.0195
0.2000 -10.5237 6.7838
0.3000 -16.5364 7.7672
0.4000 -17.5418 13.5156
0.5000 -18.8242 16.0034
0.6000 -11.4718 18.7696
0.7000 -3.6397 23.2741
0.8000 -8.5530 23.1315
0.9000 -9.3623 21.5595
1.0000 25.9605 24.1072
#PMF from TI in kcal/mol
0.0000 0.0000
0.1000 -0.4289
0.2000 -0.9141
0.3000 -2.2671
0.4000 -3.9710
0.5000 -5.7893
0.6000 -7.3041
0.7000 -8.0597
0.8000 -8.6693
0.9000 -9.5651
1.0000 -8.7352
#MBAR free energy difference in kcal/mol: 
-8.373934, 0.224857 
#TI free energy difference in kcal/mol: 
-8.735171  
Starting /export/users/common/BioSimSpace/sire.app/bin/analyse_freenrg: number of threads equals 32
