# Analysing data contained in file(s) ['lambda_0.0000/simfile.dat', 'lambda_0.1000/simfile.dat', 'lambda_0.2000/simfile.dat', 'lambda_0.3000/simfile.dat', 'lambda_0.4000/simfile.dat', 'lambda_0.5000/simfile.dat', 'lambda_0.6000/simfile.dat', 'lambda_0.7000/simfile.dat', 'lambda_0.8000/simfile.dat', 'lambda_0.9000/simfile.dat', 'lambda_1.0000/simfile.dat']
#Overlap matrix
1.0000 0.0000 0.0000 0.0000 0.0000 0.0000 0.0000 0.0000 0.0000 0.0000 0.0000
0.0000 0.9844 0.0156 0.0000 0.0000 0.0000 0.0000 0.0000 0.0000 0.0000 0.0000
0.0000 0.0156 0.9634 0.0210 0.0000 0.0000 0.0000 0.0000 0.0000 0.0000 0.0000
0.0000 0.0000 0.0210 0.9618 0.0173 0.0000 0.0000 0.0000 0.0000 0.0000 0.0000
0.0000 0.0000 0.0000 0.0173 0.9690 0.0138 0.0000 0.0000 0.0000 0.0000 0.0000
0.0000 0.0000 0.0000 0.0000 0.0138 0.9736 0.0126 0.0000 0.0000 0.0000 0.0000
0.0000 0.0000 0.0000 0.0000 0.0000 0.0126 0.9602 0.0271 0.0000 0.0000 0.0000
0.0000 0.0000 0.0000 0.0000 0.0000 0.0000 0.0271 0.9598 0.0131 0.0000 0.0000
0.0000 0.0000 0.0000 0.0000 0.0000 0.0000 0.0000 0.0131 0.9748 0.0122 0.0000
0.0000 0.0000 0.0000 0.0000 0.0000 0.0000 0.0000 0.0000 0.0122 0.9867 0.0012
0.0000 0.0000 0.0000 0.0000 0.0000 0.0000 0.0000 0.0000 0.0000 0.0012 0.9988
#DG from neighbouring lambda in kcal/mol
0.0000 0.1000 11.7301 40.9952
0.1000 0.2000 3.4119 0.1674
0.2000 0.3000 1.3972 0.1438
0.3000 0.4000 -1.8320 0.1591
0.4000 0.5000 -6.3600 0.1787
0.5000 0.6000 -8.6184 0.1869
0.6000 0.7000 -7.8355 0.1255
0.7000 0.8000 -8.4502 0.1835
0.8000 0.9000 -11.6858 0.1905
0.9000 1.0000 -17.0911 0.6260
#PMF from MBAR in kcal/mol
0.0000 0.0000 0.0000
0.1000 11.7301 40.9952
0.2000 15.1419 40.9955
0.3000 16.5392 40.9958
0.4000 14.7071 40.9961
0.5000 8.3471 40.9965
0.6000 -0.2712 40.9969
0.7000 -8.1068 40.9971
0.8000 -16.5569 40.9976
0.9000 -28.2427 40.9980
1.0000 -45.3338 41.0028
#TI average gradients and standard deviation in kcal/mol
0.0000 1911.2275 729.8487
0.1000 48.1698 29.1135
0.2000 29.7878 33.6635
0.3000 0.1199 38.7944
0.4000 -37.0135 35.0871
0.5000 -71.1384 33.7428
0.6000 -87.6234 33.5510
0.7000 -76.4657 29.2107
0.8000 -105.6381 22.8714
0.9000 -136.3082 25.5790
1.0000 -383.6375 235.6844
#PMF from TI in kcal/mol
0.0000 0.0000
0.1000 97.9699
0.2000 101.8677
0.3000 103.3631
0.4000 101.5184
0.5000 96.1109
0.6000 88.1728
0.7000 79.9683
0.8000 70.8631
0.9000 58.7658
1.0000 32.7685
#MBAR free energy difference in kcal/mol: 
-45.333773, 41.002804 
#TI free energy difference in kcal/mol: 
32.768515  #WARNING SUBSAMPLING GRADIENTS RESULTED IN LESS THAN 50 SAMPLES, CONSIDER RERUN WITHOUT SUBSAMPLE OPTION 
Starting /export/users/common/BioSimSpace/sire.app/bin/analyse_freenrg: number of threads equals 32
