# Analysing data contained in file(s) ['lambda_0.0000/simfile.dat', 'lambda_0.1000/simfile.dat', 'lambda_0.2000/simfile.dat', 'lambda_0.3000/simfile.dat', 'lambda_0.4000/simfile.dat', 'lambda_0.5000/simfile.dat', 'lambda_0.6000/simfile.dat', 'lambda_0.7000/simfile.dat', 'lambda_0.8000/simfile.dat', 'lambda_0.9000/simfile.dat', 'lambda_1.0000/simfile.dat']
#Overlap matrix
0.9685 0.0315 0.0000 0.0000 0.0000 0.0000 0.0000 0.0000 0.0000 0.0000 0.0000
0.0315 0.9378 0.0307 0.0000 0.0000 0.0000 0.0000 0.0000 0.0000 0.0000 0.0000
0.0000 0.0307 0.9458 0.0235 0.0000 0.0000 0.0000 0.0000 0.0000 0.0000 0.0000
0.0000 0.0000 0.0235 0.9532 0.0234 0.0000 0.0000 0.0000 0.0000 0.0000 0.0000
0.0000 0.0000 0.0000 0.0234 0.9394 0.0372 0.0000 0.0000 0.0000 0.0000 0.0000
0.0000 0.0000 0.0000 0.0000 0.0372 0.9153 0.0475 0.0000 0.0000 0.0000 0.0000
0.0000 0.0000 0.0000 0.0000 0.0000 0.0475 0.8877 0.0647 0.0000 0.0000 0.0000
0.0000 0.0000 0.0000 0.0000 0.0000 0.0000 0.0647 0.8710 0.0643 0.0000 0.0000
0.0000 0.0000 0.0000 0.0000 0.0000 0.0000 0.0000 0.0643 0.8702 0.0655 0.0000
0.0000 0.0000 0.0000 0.0000 0.0000 0.0000 0.0000 0.0000 0.0655 0.8914 0.0430
0.0000 0.0000 0.0000 0.0000 0.0000 0.0000 0.0000 0.0000 0.0000 0.0430 0.9570
#DG from neighbouring lambda in kcal/mol
0.0000 0.1000 -9.0067 0.1314
0.1000 0.2000 -9.5372 0.1332
0.2000 0.3000 -11.8247 0.1536
0.3000 0.4000 -15.0622 0.1539
0.4000 0.5000 -17.3256 0.1202
0.5000 0.6000 -19.5643 0.1052
0.6000 0.7000 -22.5151 0.0884
0.7000 0.8000 -25.4282 0.0887
0.8000 0.9000 -28.6857 0.0877
0.9000 1.0000 -32.3590 0.1111
#PMF from MBAR in kcal/mol
0.0000 0.0000 0.0000
0.1000 -9.0067 0.1314
0.2000 -18.5438 0.1902
0.3000 -30.3686 0.2468
0.4000 -45.4307 0.2929
0.5000 -62.7563 0.3184
0.6000 -82.3207 0.3370
0.7000 -104.8358 0.3501
0.8000 -130.2640 0.3628
0.9000 -158.9497 0.3748
1.0000 -191.3087 0.3924
#TI average gradients and standard deviation in kcal/mol
0.0000 -101.0277 24.7470
0.1000 -83.3551 23.5160
0.2000 -104.3407 25.3730
0.3000 -137.6674 28.5456
0.4000 -165.7466 26.0917
0.5000 -185.9954 24.4794
0.6000 -210.4400 20.7701
0.7000 -240.8282 20.8983
0.8000 -270.7510 20.4007
0.9000 -303.5657 22.4211
1.0000 -330.1558 24.5159
#PMF from TI in kcal/mol
0.0000 0.0000
0.1000 -9.2191
0.2000 -18.6039
0.3000 -30.7043
0.4000 -45.8750
0.5000 -63.4621
0.6000 -83.2839
0.7000 -105.8473
0.8000 -131.4263
0.9000 -160.1421
1.0000 -191.8282
#MBAR free energy difference in kcal/mol: 
-191.308719, 0.392362 
#TI free energy difference in kcal/mol: 
-191.828181  
Starting /export/users/common/BioSimSpace/sire.app/bin/analyse_freenrg: number of threads equals 32
