# Analysing data contained in file(s) ['lambda_0.0000/simfile.dat', 'lambda_0.1000/simfile.dat', 'lambda_0.2000/simfile.dat', 'lambda_0.3000/simfile.dat', 'lambda_0.4000/simfile.dat', 'lambda_0.5000/simfile.dat', 'lambda_0.6000/simfile.dat', 'lambda_0.7000/simfile.dat', 'lambda_0.8000/simfile.dat', 'lambda_0.9000/simfile.dat', 'lambda_1.0000/simfile.dat']
#Overlap matrix
0.9993 0.0007 0.0000 0.0000 0.0000 0.0000 0.0000 0.0000 0.0000 0.0000 0.0000
0.0007 0.9917 0.0076 0.0000 0.0000 0.0000 0.0000 0.0000 0.0000 0.0000 0.0000
0.0000 0.0076 0.9703 0.0221 0.0000 0.0000 0.0000 0.0000 0.0000 0.0000 0.0000
0.0000 0.0000 0.0221 0.9308 0.0471 0.0000 0.0000 0.0000 0.0000 0.0000 0.0000
0.0000 0.0000 0.0000 0.0471 0.8921 0.0607 0.0000 0.0000 0.0000 0.0000 0.0000
0.0000 0.0000 0.0000 0.0000 0.0607 0.8623 0.0769 0.0000 0.0000 0.0000 0.0000
0.0000 0.0000 0.0000 0.0000 0.0000 0.0769 0.8695 0.0536 0.0000 0.0000 0.0000
0.0000 0.0000 0.0000 0.0000 0.0000 0.0000 0.0536 0.9429 0.0035 0.0000 0.0000
0.0000 0.0000 0.0000 0.0000 0.0000 0.0000 0.0000 0.0035 0.9283 0.0682 0.0000
0.0000 0.0000 0.0000 0.0000 0.0000 0.0000 0.0000 0.0000 0.0682 0.8425 0.0893
0.0000 0.0000 0.0000 0.0000 0.0000 0.0000 0.0000 0.0000 0.0000 0.0893 0.9106
#DG from neighbouring lambda in kcal/mol
0.0000 0.1000 48.5772 0.8877
0.1000 0.2000 30.4677 0.2750
0.2000 0.3000 19.6519 0.1590
0.3000 0.4000 11.8468 0.1059
0.4000 0.5000 6.1817 0.0919
0.5000 0.6000 1.0223 0.0801
0.6000 0.7000 -4.2972 0.0986
0.7000 0.8000 -14.1150 0.4086
0.8000 0.9000 -26.1492 0.0859
0.9000 1.0000 -30.3667 0.0732
#PMF from MBAR in kcal/mol
0.0000 0.0000 0.0000
0.1000 48.5772 0.8877
0.2000 79.0449 0.9300
0.3000 98.6968 0.9441
0.4000 110.5436 0.9506
0.5000 116.7253 0.9557
0.6000 117.7476 0.9596
0.7000 113.4504 0.9653
0.8000 99.3354 1.0488
0.9000 73.1862 1.0529
1.0000 42.8196 1.0559
#TI average gradients and standard deviation in kcal/mol
0.0000 610.3205 44.7072
0.1000 382.5593 35.3181
0.2000 241.4709 27.9272
0.3000 151.7914 23.4555
0.4000 89.4922 20.9800
0.5000 34.2024 19.8486
0.6000 -13.7086 20.8112
0.7000 -75.3906 25.2403
0.8000 -233.1101 27.0495
0.9000 -282.4672 19.8558
1.0000 -323.9574 18.9743
#PMF from TI in kcal/mol
0.0000 0.0000
0.1000 49.6440
0.2000 80.8455
0.3000 100.5086
0.4000 112.5728
0.5000 118.7575
0.6000 119.7822
0.7000 115.3272
0.8000 99.9022
0.9000 74.1233
1.0000 43.8021
#MBAR free energy difference in kcal/mol: 
42.819579, 1.055946 
#TI free energy difference in kcal/mol: 
43.802121  
Starting /export/users/common/BioSimSpace/sire.app/bin/analyse_freenrg: number of threads equals 32
