# Analysing data contained in file(s) ['lambda_0.0000/simfile.dat', 'lambda_0.1000/simfile.dat', 'lambda_0.2000/simfile.dat', 'lambda_0.3000/simfile.dat', 'lambda_0.4000/simfile.dat', 'lambda_0.5000/simfile.dat', 'lambda_0.6000/simfile.dat', 'lambda_0.7000/simfile.dat', 'lambda_0.8000/simfile.dat', 'lambda_0.9000/simfile.dat', 'lambda_1.0000/simfile.dat']
#Overlap matrix
0.9190 0.0810 0.0000 0.0000 0.0000 0.0000 0.0000 0.0000 0.0000 0.0000 0.0000
0.0810 0.8502 0.0687 0.0000 0.0000 0.0000 0.0000 0.0000 0.0000 0.0000 0.0000
0.0000 0.0687 0.8779 0.0534 0.0000 0.0000 0.0000 0.0000 0.0000 0.0000 0.0000
0.0000 0.0000 0.0534 0.8973 0.0493 0.0000 0.0000 0.0000 0.0000 0.0000 0.0000
0.0000 0.0000 0.0000 0.0493 0.9022 0.0485 0.0000 0.0000 0.0000 0.0000 0.0000
0.0000 0.0000 0.0000 0.0000 0.0485 0.9243 0.0273 0.0000 0.0000 0.0000 0.0000
0.0000 0.0000 0.0000 0.0000 0.0000 0.0273 0.9627 0.0100 0.0000 0.0000 0.0000
0.0000 0.0000 0.0000 0.0000 0.0000 0.0000 0.0100 0.9782 0.0118 0.0000 0.0000
0.0000 0.0000 0.0000 0.0000 0.0000 0.0000 0.0000 0.0118 0.9816 0.0066 0.0000
0.0000 0.0000 0.0000 0.0000 0.0000 0.0000 0.0000 0.0000 0.0066 0.9869 0.0065
0.0000 0.0000 0.0000 0.0000 0.0000 0.0000 0.0000 0.0000 0.0000 0.0065 0.9935
#DG from neighbouring lambda in kcal/mol
0.0000 0.1000 4.5599 0.0796
0.1000 0.2000 3.3023 0.0877
0.2000 0.3000 1.5263 0.1012
0.3000 0.4000 -0.4978 0.1058
0.4000 0.5000 -1.8024 0.1068
0.5000 0.6000 -1.2837 0.1458
0.6000 0.7000 -0.1136 0.2451
0.7000 0.8000 0.1498 0.2252
0.8000 0.9000 -0.3732 0.3028
0.9000 1.0000 0.3337 0.3058
#PMF from MBAR in kcal/mol
0.0000 0.0000 0.0000
0.1000 4.5599 0.0796
0.2000 7.8621 0.1235
0.3000 9.3884 0.1634
0.4000 8.8906 0.1978
0.5000 7.0882 0.2276
0.6000 5.8045 0.2725
0.7000 5.6910 0.3682
0.8000 5.8408 0.4330
0.9000 5.4675 0.5295
1.0000 5.8012 0.6125
#TI average gradients and standard deviation in kcal/mol
0.0000 46.4859 18.9158
0.1000 40.1875 20.3313
0.2000 23.9979 21.0731
0.3000 5.6425 21.8401
0.4000 -12.1041 21.9310
0.5000 -19.0746 24.1972
0.6000 -7.5997 28.1612
0.7000 0.5630 32.7275
0.8000 0.6729 33.7657
0.9000 -3.2187 33.4532
1.0000 10.8224 34.6198
#PMF from TI in kcal/mol
0.0000 0.0000
0.1000 4.3337
0.2000 7.5429
0.3000 9.0250
0.4000 8.7019
0.5000 7.1429
0.6000 5.8092
0.7000 5.4574
0.8000 5.5192
0.9000 5.3919
1.0000 5.7721
#MBAR free energy difference in kcal/mol: 
5.801186, 0.612480 
#TI free energy difference in kcal/mol: 
5.772089  
Starting /export/users/common/BioSimSpace/sire.app/bin/analyse_freenrg: number of threads equals 32
