# Analysing data contained in file(s) ['lambda_0.0000/simfile.dat', 'lambda_0.1000/simfile.dat', 'lambda_0.2000/simfile.dat', 'lambda_0.3000/simfile.dat', 'lambda_0.4000/simfile.dat', 'lambda_0.5000/simfile.dat', 'lambda_0.6000/simfile.dat', 'lambda_0.7000/simfile.dat', 'lambda_0.8000/simfile.dat', 'lambda_0.9000/simfile.dat', 'lambda_1.0000/simfile.dat']
#Overlap matrix
0.7533 0.2304 0.0161 0.0002 0.0000 0.0000 0.0000 0.0000 0.0000 0.0000 0.0000
0.2304 0.5334 0.2191 0.0168 0.0003 0.0000 0.0000 0.0000 0.0000 0.0000 0.0000
0.0161 0.2191 0.5208 0.2236 0.0199 0.0005 0.0000 0.0000 0.0000 0.0000 0.0000
0.0002 0.0168 0.2236 0.5076 0.2305 0.0209 0.0004 0.0000 0.0000 0.0000 0.0000
0.0000 0.0003 0.0199 0.2305 0.5333 0.2026 0.0132 0.0002 0.0000 0.0000 0.0000
0.0000 0.0000 0.0005 0.0209 0.2026 0.5744 0.1917 0.0099 0.0001 0.0000 0.0000
0.0000 0.0000 0.0000 0.0004 0.0132 0.1917 0.6096 0.1796 0.0054 0.0000 0.0000
0.0000 0.0000 0.0000 0.0000 0.0002 0.0099 0.1796 0.6573 0.1511 0.0018 0.0000
0.0000 0.0000 0.0000 0.0000 0.0000 0.0001 0.0054 0.1511 0.7456 0.0976 0.0002
0.0000 0.0000 0.0000 0.0000 0.0000 0.0000 0.0000 0.0018 0.0976 0.8493 0.0512
0.0000 0.0000 0.0000 0.0000 0.0000 0.0000 0.0000 0.0000 0.0002 0.0512 0.9486
#DG from neighbouring lambda in kcal/mol
0.0000 0.1000 10.5278 0.0338
0.1000 0.2000 9.1974 0.0331
0.2000 0.3000 7.7275 0.0321
0.3000 0.4000 6.3679 0.0308
0.4000 0.5000 5.2053 0.0352
0.5000 0.6000 3.9397 0.0383
0.6000 0.7000 2.7669 0.0415
0.7000 0.8000 1.8683 0.0487
0.8000 0.9000 1.8924 0.0665
0.9000 1.0000 4.4639 0.0980
#PMF from MBAR in kcal/mol
0.0000 0.0000 0.0000
0.1000 10.5278 0.0338
0.2000 19.7251 0.0552
0.3000 27.4527 0.0700
0.4000 33.8206 0.0815
0.5000 39.0258 0.0928
0.6000 42.9656 0.1044
0.7000 45.7325 0.1161
0.8000 47.6008 0.1294
0.9000 49.4932 0.1488
1.0000 53.9571 0.1811
#TI average gradients and standard deviation in kcal/mol
0.0000 101.1458 12.2443
0.1000 98.6184 11.6678
0.2000 85.2638 11.9420
0.3000 69.2761 11.3656
0.4000 58.3516 11.2563
0.5000 44.8198 13.1208
0.6000 32.1875 13.8840
0.7000 21.6499 14.6613
0.8000 17.1529 16.3875
0.9000 23.9375 19.9996
1.0000 73.3396 27.0284
#PMF from TI in kcal/mol
0.0000 0.0000
0.1000 9.9882
0.2000 19.1823
0.3000 26.9093
0.4000 33.2907
0.5000 38.4493
0.6000 42.2996
0.7000 44.9915
0.8000 46.9316
0.9000 48.9862
1.0000 53.8500
#MBAR free energy difference in kcal/mol: 
53.957101, 0.181142 
#TI free energy difference in kcal/mol: 
53.850021  
Starting /export/users/common/BioSimSpace/sire.app/bin/analyse_freenrg: number of threads equals 32
