# Analysing data contained in file(s) ['lambda_0.0000/simfile.dat', 'lambda_0.1000/simfile.dat', 'lambda_0.2000/simfile.dat', 'lambda_0.3000/simfile.dat', 'lambda_0.4000/simfile.dat', 'lambda_0.5000/simfile.dat', 'lambda_0.6000/simfile.dat', 'lambda_0.7000/simfile.dat', 'lambda_0.8000/simfile.dat', 'lambda_0.9000/simfile.dat', 'lambda_1.0000/simfile.dat']
#Overlap matrix
0.9960 0.0040 0.0000 0.0000 0.0000 0.0000 0.0000 0.0000 0.0000 0.0000 0.0000
0.0040 0.9864 0.0096 0.0000 0.0000 0.0000 0.0000 0.0000 0.0000 0.0000 0.0000
0.0000 0.0096 0.9764 0.0140 0.0000 0.0000 0.0000 0.0000 0.0000 0.0000 0.0000
0.0000 0.0000 0.0140 0.9720 0.0140 0.0000 0.0000 0.0000 0.0000 0.0000 0.0000
0.0000 0.0000 0.0000 0.0140 0.9739 0.0121 0.0000 0.0000 0.0000 0.0000 0.0000
0.0000 0.0000 0.0000 0.0000 0.0121 0.9807 0.0072 0.0000 0.0000 0.0000 0.0000
0.0000 0.0000 0.0000 0.0000 0.0000 0.0072 0.9230 0.0697 0.0001 0.0000 0.0000
0.0000 0.0000 0.0000 0.0000 0.0000 0.0000 0.0697 0.8418 0.0884 0.0001 0.0000
0.0000 0.0000 0.0000 0.0000 0.0000 0.0000 0.0001 0.0884 0.8001 0.1112 0.0003
0.0000 0.0000 0.0000 0.0000 0.0000 0.0000 0.0000 0.0001 0.1112 0.7779 0.1108
0.0000 0.0000 0.0000 0.0000 0.0000 0.0000 0.0000 0.0000 0.0003 0.1108 0.8889
#DG from neighbouring lambda in kcal/mol
0.0000 0.1000 -11.0344 0.3992
0.1000 0.2000 -1.6279 0.2567
0.2000 0.3000 -0.2381 0.2119
0.3000 0.4000 -0.1505 0.2117
0.4000 0.5000 -0.7992 0.2280
0.5000 0.6000 -1.7940 0.2972
0.6000 0.7000 1.5846 0.0891
0.7000 0.8000 2.8524 0.0774
0.8000 0.9000 1.3161 0.0670
0.9000 1.0000 -0.1086 0.0672
#PMF from MBAR in kcal/mol
0.0000 0.0000 0.0000
0.1000 -11.0344 0.3992
0.2000 -12.6623 0.4760
0.3000 -12.9004 0.5223
0.4000 -13.0508 0.5647
0.5000 -13.8501 0.6101
0.6000 -15.6441 0.6795
0.7000 -14.0595 0.6863
0.8000 -11.2071 0.6915
0.9000 -9.8910 0.6957
1.0000 -9.9996 0.6998
#TI average gradients and standard deviation in kcal/mol
0.0000 -227.9702 36.5498
0.1000 -39.5360 31.0249
0.2000 -9.4004 29.9842
0.3000 -1.4390 29.6167
0.4000 -6.8286 30.2307
0.5000 -11.3667 32.2746
0.6000 -10.5462 25.9781
0.7000 32.8205 19.5098
0.8000 20.8900 18.7669
0.9000 6.4573 16.9958
1.0000 24.4774 17.5948
#PMF from TI in kcal/mol
0.0000 0.0000
0.1000 -13.3753
0.2000 -15.8221
0.3000 -16.3641
0.4000 -16.7775
0.5000 -17.6872
0.6000 -18.7829
0.7000 -17.6692
0.8000 -14.9837
0.9000 -13.6163
1.0000 -12.0696
#MBAR free energy difference in kcal/mol: 
-9.999589, 0.699813 
#TI free energy difference in kcal/mol: 
-12.069561  
Starting /export/users/common/BioSimSpace/sire.app/bin/analyse_freenrg: number of threads equals 32
