# Analysing data contained in file(s) ['lambda_0.0000/simfile.dat', 'lambda_0.1000/simfile.dat', 'lambda_0.2000/simfile.dat', 'lambda_0.3000/simfile.dat', 'lambda_0.4000/simfile.dat', 'lambda_0.5000/simfile.dat', 'lambda_0.6000/simfile.dat', 'lambda_0.7000/simfile.dat', 'lambda_0.8000/simfile.dat', 'lambda_0.9000/simfile.dat', 'lambda_1.0000/simfile.dat']
#Overlap matrix
0.9090 0.0909 0.0001 0.0000 0.0000 0.0000 0.0000 0.0000 0.0000 0.0000 0.0000
0.0909 0.8091 0.0998 0.0002 0.0000 0.0000 0.0000 0.0000 0.0000 0.0000 0.0000
0.0001 0.0998 0.7870 0.1130 0.0002 0.0000 0.0000 0.0000 0.0000 0.0000 0.0000
0.0000 0.0002 0.1130 0.7904 0.0964 0.0001 0.0000 0.0000 0.0000 0.0000 0.0000
0.0000 0.0000 0.0002 0.0964 0.8217 0.0816 0.0001 0.0000 0.0000 0.0000 0.0000
0.0000 0.0000 0.0000 0.0001 0.0816 0.8415 0.0767 0.0001 0.0000 0.0000 0.0000
0.0000 0.0000 0.0000 0.0000 0.0001 0.0767 0.8483 0.0749 0.0000 0.0000 0.0000
0.0000 0.0000 0.0000 0.0000 0.0000 0.0001 0.0749 0.8555 0.0694 0.0001 0.0000
0.0000 0.0000 0.0000 0.0000 0.0000 0.0000 0.0000 0.0694 0.8699 0.0607 0.0000
0.0000 0.0000 0.0000 0.0000 0.0000 0.0000 0.0000 0.0001 0.0607 0.8960 0.0433
0.0000 0.0000 0.0000 0.0000 0.0000 0.0000 0.0000 0.0000 0.0000 0.0433 0.9567
#DG from neighbouring lambda in kcal/mol
0.0000 0.1000 35.6581 0.0695
0.1000 0.2000 30.0011 0.0656
0.2000 0.3000 24.5084 0.0606
0.3000 0.4000 19.1499 0.0670
0.4000 0.5000 13.7231 0.0742
0.5000 0.6000 8.0324 0.0770
0.6000 0.7000 2.3819 0.0780
0.7000 0.8000 -3.5505 0.0816
0.8000 0.9000 -8.6980 0.0882
0.9000 1.0000 -13.5550 0.1065
#PMF from MBAR in kcal/mol
0.0000 0.0000 0.0000
0.1000 35.6581 0.0695
0.2000 65.6591 0.1010
0.3000 90.1676 0.1222
0.4000 109.3175 0.1431
0.5000 123.0406 0.1644
0.6000 131.0730 0.1844
0.7000 133.4550 0.2029
0.8000 129.9045 0.2211
0.9000 121.2065 0.2403
1.0000 107.6514 0.2648
#TI average gradients and standard deviation in kcal/mol
0.0000 374.5936 19.6822
0.1000 329.5523 18.6464
0.2000 272.6055 17.6274
0.3000 217.6498 18.3806
0.4000 165.6289 19.2476
0.5000 109.3698 20.3267
0.6000 52.3859 19.3954
0.7000 -5.9546 20.3043
0.8000 -60.3190 20.1655
0.9000 -113.0721 21.9224
1.0000 -154.5017 24.9061
#PMF from TI in kcal/mol
0.0000 0.0000
0.1000 35.2073
0.2000 65.3152
0.3000 89.8280
0.4000 108.9919
0.5000 122.7418
0.6000 130.8296
0.7000 133.1512
0.8000 129.8375
0.9000 121.1679
1.0000 107.7892
#MBAR free energy difference in kcal/mol: 
107.651435, 0.264846 
#TI free energy difference in kcal/mol: 
107.789236  
Starting /export/users/common/BioSimSpace/sire.app/bin/analyse_freenrg: number of threads equals 32
