# Analysing data contained in file(s) ['lambda_0.0000/simfile.dat', 'lambda_0.1000/simfile.dat', 'lambda_0.2000/simfile.dat', 'lambda_0.3000/simfile.dat', 'lambda_0.4000/simfile.dat', 'lambda_0.5000/simfile.dat', 'lambda_0.6000/simfile.dat', 'lambda_0.7000/simfile.dat', 'lambda_0.8000/simfile.dat', 'lambda_0.9000/simfile.dat', 'lambda_1.0000/simfile.dat']
#Overlap matrix
0.9116 0.0879 0.0006 0.0000 0.0000 0.0000 0.0000 0.0000 0.0000 0.0000 0.0000
0.0879 0.8066 0.1043 0.0011 0.0000 0.0000 0.0000 0.0000 0.0000 0.0000 0.0000
0.0006 0.1043 0.7808 0.1129 0.0014 0.0000 0.0000 0.0000 0.0000 0.0000 0.0000
0.0000 0.0011 0.1129 0.7761 0.1084 0.0014 0.0000 0.0000 0.0000 0.0000 0.0000
0.0000 0.0000 0.0014 0.1084 0.7814 0.1078 0.0009 0.0001 0.0000 0.0000 0.0000
0.0000 0.0000 0.0000 0.0014 0.1078 0.8147 0.0711 0.0048 0.0002 0.0000 0.0000
0.0000 0.0000 0.0000 0.0000 0.0009 0.0711 0.7253 0.1956 0.0070 0.0000 0.0000
0.0000 0.0000 0.0000 0.0000 0.0001 0.0048 0.1956 0.6344 0.1644 0.0007 0.0000
0.0000 0.0000 0.0000 0.0000 0.0000 0.0002 0.0070 0.1644 0.7305 0.0978 0.0001
0.0000 0.0000 0.0000 0.0000 0.0000 0.0000 0.0000 0.0007 0.0978 0.7971 0.1045
0.0000 0.0000 0.0000 0.0000 0.0000 0.0000 0.0000 0.0000 0.0001 0.1045 0.8954
#DG from neighbouring lambda in kcal/mol
0.0000 0.1000 -3.6549 0.0689
0.1000 0.2000 -0.4389 0.0616
0.2000 0.3000 0.7660 0.0583
0.3000 0.4000 1.5776 0.0597
0.4000 0.5000 2.1055 0.0601
0.5000 0.6000 2.4021 0.0749
0.6000 0.7000 4.4268 0.0380
0.7000 0.8000 5.3306 0.0441
0.8000 0.9000 3.6478 0.0645
0.9000 1.0000 0.8813 0.0621
#PMF from MBAR in kcal/mol
0.0000 0.0000 0.0000
0.1000 -3.6549 0.0689
0.2000 -4.0939 0.0975
0.3000 -3.3279 0.1176
0.4000 -1.7502 0.1353
0.5000 0.3553 0.1511
0.6000 2.7574 0.1713
0.7000 7.1842 0.1775
0.8000 12.5148 0.1851
0.9000 16.1626 0.1985
1.0000 17.0439 0.2104
#TI average gradients and standard deviation in kcal/mol
0.0000 -68.3925 20.8689
0.1000 -12.9077 19.0326
0.2000 3.0030 18.2049
0.3000 13.3165 17.7687
0.4000 18.0071 18.2821
0.5000 23.5117 18.8525
0.6000 27.3501 17.1879
0.7000 55.0000 13.7824
0.8000 47.9972 15.8430
0.9000 22.3459 18.1552
1.0000 5.8200 17.8091
#PMF from TI in kcal/mol
0.0000 0.0000
0.1000 -4.0650
0.2000 -4.5602
0.3000 -3.7443
0.4000 -2.1781
0.5000 -0.1022
0.6000 2.4409
0.7000 6.5584
0.8000 11.7083
0.9000 15.2255
1.0000 16.6337
#MBAR free energy difference in kcal/mol: 
17.043887, 0.210375 
#TI free energy difference in kcal/mol: 
16.633748  
Starting /export/users/common/BioSimSpace/sire.app/bin/analyse_freenrg: number of threads equals 32
