# Analysing data contained in file(s) ['lambda_0.0000/simfile.dat', 'lambda_0.1000/simfile.dat', 'lambda_0.2000/simfile.dat', 'lambda_0.3000/simfile.dat', 'lambda_0.4000/simfile.dat', 'lambda_0.5000/simfile.dat', 'lambda_0.6000/simfile.dat', 'lambda_0.7000/simfile.dat', 'lambda_0.8000/simfile.dat', 'lambda_0.9000/simfile.dat', 'lambda_1.0000/simfile.dat']
#Overlap matrix
0.8896 0.1098 0.0006 0.0000 0.0000 0.0000 0.0000 0.0000 0.0000 0.0000 0.0000
0.1098 0.7110 0.1736 0.0054 0.0001 0.0000 0.0000 0.0000 0.0000 0.0000 0.0000
0.0006 0.1736 0.6126 0.2015 0.0117 0.0000 0.0000 0.0000 0.0000 0.0000 0.0000
0.0000 0.0054 0.2015 0.6071 0.1859 0.0000 0.0000 0.0000 0.0000 0.0000 0.0000
0.0000 0.0001 0.0117 0.1859 0.8024 0.0000 0.0000 0.0000 0.0000 0.0000 0.0000
0.0000 0.0000 0.0000 0.0000 0.0000 0.9955 0.0045 0.0000 0.0000 0.0000 0.0000
0.0000 0.0000 0.0000 0.0000 0.0000 0.0045 0.9868 0.0087 0.0000 0.0000 0.0000
0.0000 0.0000 0.0000 0.0000 0.0000 0.0000 0.0087 0.9807 0.0106 0.0000 0.0000
0.0000 0.0000 0.0000 0.0000 0.0000 0.0000 0.0000 0.0106 0.9809 0.0085 0.0000
0.0000 0.0000 0.0000 0.0000 0.0000 0.0000 0.0000 0.0000 0.0085 0.9822 0.0092
0.0000 0.0000 0.0000 0.0000 0.0000 0.0000 0.0000 0.0000 0.0000 0.0092 0.9908
#DG from neighbouring lambda in kcal/mol
0.0000 0.1000 -2.1678 0.0629
0.1000 0.2000 -6.2769 0.0448
0.2000 0.3000 -8.7477 0.0381
0.3000 0.4000 -4.9782 0.0416
0.4000 0.5000 11.2478 32.4618
0.5000 0.6000 2.6232 0.3523
0.6000 0.7000 1.8088 0.2512
0.7000 0.8000 1.5969 0.2279
0.8000 0.9000 2.1337 0.2544
0.9000 1.0000 7.1794 0.2442
#PMF from MBAR in kcal/mol
0.0000 0.0000 0.0000
0.1000 -2.1678 0.0629
0.2000 -8.4447 0.0840
0.3000 -17.1924 0.0973
0.4000 -22.1706 0.1097
0.5000 -10.9228 32.4619
0.6000 -8.2997 32.4638
0.7000 -6.4908 32.4648
0.8000 -4.8940 32.4656
0.9000 -2.7603 32.4667
1.0000 4.4191 32.4676
#TI average gradients and standard deviation in kcal/mol
0.0000 -41.1165 13.2481
0.1000 -43.5214 17.0243
0.2000 -78.6877 12.4233
0.3000 -88.5874 12.3989
0.4000 27.0984 16.0961
0.5000 36.6919 43.2227
0.6000 13.4130 32.0853
0.7000 12.9523 30.2561
0.8000 12.5847 30.5320
0.9000 28.6118 31.6248
1.0000 136.9787 34.6417
#PMF from TI in kcal/mol
0.0000 0.0000
0.1000 -4.2319
0.2000 -10.3424
0.3000 -18.7061
0.4000 -21.7806
0.5000 -18.5910
0.6000 -16.0858
0.7000 -14.7675
0.8000 -13.4907
0.9000 -11.4309
1.0000 -3.1513
#MBAR free energy difference in kcal/mol: 
4.419145, 32.467594 
#TI free energy difference in kcal/mol: 
-3.151332  
Starting /export/users/common/BioSimSpace/sire.app/bin/analyse_freenrg: number of threads equals 32
