# Analysing data contained in file(s) ['lambda_0.0000/simfile.dat', 'lambda_0.1000/simfile.dat', 'lambda_0.2000/simfile.dat', 'lambda_0.3000/simfile.dat', 'lambda_0.4000/simfile.dat', 'lambda_0.5000/simfile.dat', 'lambda_0.6000/simfile.dat', 'lambda_0.7000/simfile.dat', 'lambda_0.8000/simfile.dat', 'lambda_0.9000/simfile.dat', 'lambda_1.0000/simfile.dat']
#Overlap matrix
0.9482 0.0518 0.0001 0.0000 0.0000 0.0000 0.0000 0.0000 0.0000 0.0000 0.0000
0.0518 0.8525 0.0954 0.0004 0.0000 0.0000 0.0000 0.0000 0.0000 0.0000 0.0000
0.0001 0.0954 0.7782 0.1255 0.0009 0.0000 0.0000 0.0000 0.0000 0.0000 0.0000
0.0000 0.0004 0.1255 0.7251 0.1482 0.0009 0.0000 0.0000 0.0000 0.0000 0.0000
0.0000 0.0000 0.0009 0.1482 0.7084 0.1415 0.0009 0.0000 0.0000 0.0000 0.0000
0.0000 0.0000 0.0000 0.0009 0.1415 0.7205 0.1366 0.0005 0.0000 0.0000 0.0000
0.0000 0.0000 0.0000 0.0000 0.0009 0.1366 0.7301 0.1317 0.0007 0.0000 0.0000
0.0000 0.0000 0.0000 0.0000 0.0000 0.0005 0.1317 0.7249 0.1420 0.0009 0.0000
0.0000 0.0000 0.0000 0.0000 0.0000 0.0000 0.0007 0.1420 0.7226 0.1343 0.0004
0.0000 0.0000 0.0000 0.0000 0.0000 0.0000 0.0000 0.0009 0.1343 0.7368 0.1280
0.0000 0.0000 0.0000 0.0000 0.0000 0.0000 0.0000 0.0000 0.0004 0.1280 0.8716
#DG from neighbouring lambda in kcal/mol
0.0000 0.1000 -1.6487 0.1136
0.1000 0.2000 0.3584 0.0794
0.2000 0.3000 1.4275 0.0663
0.3000 0.4000 1.9829 0.0590
0.4000 0.5000 2.0706 0.0609
0.5000 0.6000 2.1080 0.0626
0.6000 0.7000 1.8655 0.0642
0.7000 0.8000 1.8802 0.0609
0.8000 0.9000 2.1839 0.0634
0.9000 1.0000 2.1304 0.0657
#PMF from MBAR in kcal/mol
0.0000 0.0000 0.0000
0.1000 -1.6487 0.1136
0.2000 -1.2903 0.1438
0.3000 0.1372 0.1629
0.4000 2.1202 0.1773
0.5000 4.1907 0.1913
0.6000 6.2988 0.2047
0.7000 8.1642 0.2179
0.8000 10.0444 0.2294
0.9000 12.2284 0.2410
1.0000 14.3588 0.2527
#TI average gradients and standard deviation in kcal/mol
0.0000 -27.1190 25.0041
0.1000 -3.5796 20.7474
0.2000 10.9249 17.1784
0.3000 16.5218 16.0485
0.4000 20.0532 15.4669
0.5000 19.6377 15.4396
0.6000 19.2661 16.7408
0.7000 19.7879 16.3013
0.8000 19.4891 16.3648
0.9000 22.1404 16.8791
1.0000 26.4960 17.1373
#PMF from TI in kcal/mol
0.0000 0.0000
0.1000 -1.5349
0.2000 -1.1677
0.3000 0.2047
0.4000 2.0334
0.5000 4.0180
0.6000 5.9632
0.7000 7.9159
0.8000 9.8797
0.9000 11.9612
1.0000 14.3930
#MBAR free energy difference in kcal/mol: 
14.358824, 0.252706 
#TI free energy difference in kcal/mol: 
14.393012  
Starting /export/users/common/BioSimSpace/sire.app/bin/analyse_freenrg: number of threads equals 32
