# Analysing data contained in file(s) ['lambda_0.0000/simfile.dat', 'lambda_0.1000/simfile.dat', 'lambda_0.2000/simfile.dat', 'lambda_0.3000/simfile.dat', 'lambda_0.4000/simfile.dat', 'lambda_0.5000/simfile.dat', 'lambda_0.6000/simfile.dat', 'lambda_0.7000/simfile.dat', 'lambda_0.8000/simfile.dat', 'lambda_0.9000/simfile.dat', 'lambda_1.0000/simfile.dat']
#Overlap matrix
0.9872 0.0128 0.0000 0.0000 0.0000 0.0000 0.0000 0.0000 0.0000 0.0000 0.0000
0.0128 0.9758 0.0114 0.0000 0.0000 0.0000 0.0000 0.0000 0.0000 0.0000 0.0000
0.0000 0.0114 0.9747 0.0140 0.0000 0.0000 0.0000 0.0000 0.0000 0.0000 0.0000
0.0000 0.0000 0.0140 0.9688 0.0173 0.0000 0.0000 0.0000 0.0000 0.0000 0.0000
0.0000 0.0000 0.0000 0.0173 0.9634 0.0193 0.0000 0.0000 0.0000 0.0000 0.0000
0.0000 0.0000 0.0000 0.0000 0.0193 0.9727 0.0080 0.0000 0.0000 0.0000 0.0000
0.0000 0.0000 0.0000 0.0000 0.0000 0.0080 0.9665 0.0255 0.0000 0.0000 0.0000
0.0000 0.0000 0.0000 0.0000 0.0000 0.0000 0.0255 0.9570 0.0175 0.0000 0.0000
0.0000 0.0000 0.0000 0.0000 0.0000 0.0000 0.0000 0.0175 0.9589 0.0236 0.0000
0.0000 0.0000 0.0000 0.0000 0.0000 0.0000 0.0000 0.0000 0.0236 0.9594 0.0170
0.0000 0.0000 0.0000 0.0000 0.0000 0.0000 0.0000 0.0000 0.0000 0.0170 0.9830
#DG from neighbouring lambda in kcal/mol
0.0000 0.1000 -11.9889 0.2025
0.1000 0.2000 -8.1393 0.2151
0.2000 0.3000 -7.8670 0.1937
0.3000 0.4000 -8.8181 0.1734
0.4000 0.5000 -9.0740 0.1638
0.5000 0.6000 -8.3999 0.2575
0.6000 0.7000 -5.1430 0.1414
0.7000 0.8000 -3.2685 0.1724
0.8000 0.9000 -4.3323 0.1475
0.9000 1.0000 -5.1412 0.1748
#PMF from MBAR in kcal/mol
0.0000 0.0000 0.0000
0.1000 -11.9889 0.2025
0.2000 -20.1282 0.2973
0.3000 -27.9952 0.3563
0.4000 -36.8133 0.3976
0.5000 -45.8873 0.4313
0.6000 -54.2873 0.5034
0.7000 -59.4303 0.5239
0.8000 -62.6988 0.5525
0.9000 -67.0311 0.5728
1.0000 -72.1723 0.5998
#TI average gradients and standard deviation in kcal/mol
0.0000 -181.9819 28.5683
0.1000 -85.6482 28.4650
0.2000 -77.0006 29.1119
0.3000 -82.6742 27.9713
0.4000 -92.9874 28.9646
0.5000 -84.7423 30.5616
0.6000 -80.3119 30.0069
0.7000 -33.4723 27.1726
0.8000 -37.0351 27.8616
0.9000 -46.3935 28.0623
1.0000 -45.2410 29.6766
#PMF from TI in kcal/mol
0.0000 0.0000
0.1000 -13.3815
0.2000 -21.5139
0.3000 -29.4977
0.4000 -38.2808
0.5000 -47.1673
0.6000 -55.4200
0.7000 -61.1092
0.8000 -64.6345
0.9000 -68.8060
1.0000 -73.3877
#MBAR free energy difference in kcal/mol: 
-72.172293, 0.599770 
#TI free energy difference in kcal/mol: 
-73.387706  
Starting /export/users/common/BioSimSpace/sire.app/bin/analyse_freenrg: number of threads equals 32
