# Analysing data contained in file(s) ['lambda_0.0000/simfile.dat', 'lambda_0.1000/simfile.dat', 'lambda_0.2000/simfile.dat', 'lambda_0.3000/simfile.dat', 'lambda_0.4000/simfile.dat', 'lambda_0.5000/simfile.dat', 'lambda_0.6000/simfile.dat', 'lambda_0.7000/simfile.dat', 'lambda_0.8000/simfile.dat', 'lambda_0.9000/simfile.dat', 'lambda_1.0000/simfile.dat']
#Overlap matrix
0.7384 0.2394 0.0217 0.0006 0.0000 0.0000 0.0000 0.0000 0.0000 0.0000 0.0000
0.2394 0.5020 0.2312 0.0266 0.0008 0.0000 0.0000 0.0000 0.0000 0.0000 0.0000
0.0217 0.2312 0.4818 0.2358 0.0283 0.0011 0.0000 0.0000 0.0000 0.0000 0.0000
0.0006 0.0266 0.2358 0.4683 0.2323 0.0346 0.0017 0.0000 0.0000 0.0000 0.0000
0.0000 0.0008 0.0283 0.2323 0.4540 0.2415 0.0406 0.0023 0.0000 0.0000 0.0000
0.0000 0.0000 0.0011 0.0346 0.2415 0.4373 0.2407 0.0426 0.0022 0.0000 0.0000
0.0000 0.0000 0.0000 0.0017 0.0406 0.2407 0.4335 0.2449 0.0368 0.0017 0.0000
0.0000 0.0000 0.0000 0.0000 0.0023 0.0426 0.2449 0.4477 0.2289 0.0327 0.0010
0.0000 0.0000 0.0000 0.0000 0.0000 0.0022 0.0368 0.2289 0.4858 0.2285 0.0178
0.0000 0.0000 0.0000 0.0000 0.0000 0.0000 0.0017 0.0327 0.2285 0.5347 0.2024
0.0000 0.0000 0.0000 0.0000 0.0000 0.0000 0.0000 0.0010 0.0178 0.2024 0.7789
#DG from neighbouring lambda in kcal/mol
0.0000 0.1000 6.8266 0.0345
0.1000 0.2000 6.0674 0.0323
0.2000 0.3000 5.3752 0.0309
0.3000 0.4000 4.6685 0.0304
0.4000 0.5000 4.0335 0.0280
0.5000 0.6000 3.4697 0.0273
0.6000 0.7000 2.9509 0.0271
0.7000 0.8000 2.5079 0.0301
0.8000 0.9000 2.3758 0.0324
0.9000 1.0000 2.4851 0.0405
#PMF from MBAR in kcal/mol
0.0000 0.0000 0.0000
0.1000 6.8266 0.0345
0.2000 12.8940 0.0559
0.3000 18.2692 0.0704
0.4000 22.9377 0.0821
0.5000 26.9712 0.0913
0.6000 30.4409 0.0992
0.7000 33.3918 0.1065
0.8000 35.8997 0.1141
0.9000 38.2755 0.1219
1.0000 40.7606 0.1320
#TI average gradients and standard deviation in kcal/mol
0.0000 69.3944 11.4562
0.1000 64.3278 10.9527
0.2000 57.4824 10.5560
0.3000 50.5707 9.7044
0.4000 43.5365 9.4821
0.5000 37.8704 9.4454
0.6000 32.0334 9.1328
0.7000 26.9516 9.6178
0.8000 24.1048 10.1137
0.9000 23.7996 11.4880
1.0000 27.2468 14.0617
#PMF from TI in kcal/mol
0.0000 0.0000
0.1000 6.6861
0.2000 12.7766
0.3000 18.1793
0.4000 22.8846
0.5000 26.9550
0.6000 30.4502
0.7000 33.3994
0.8000 35.9522
0.9000 38.3474
1.0000 40.8998
#MBAR free energy difference in kcal/mol: 
40.760628, 0.131976 
#TI free energy difference in kcal/mol: 
40.899772  
Starting /export/users/common/BioSimSpace/sire.app/bin/analyse_freenrg: number of threads equals 32
