# Analysing data contained in file(s) ['lambda_0.0000/simfile.dat', 'lambda_0.1000/simfile.dat', 'lambda_0.2000/simfile.dat', 'lambda_0.3000/simfile.dat', 'lambda_0.4000/simfile.dat', 'lambda_0.5000/simfile.dat', 'lambda_0.6000/simfile.dat', 'lambda_0.7000/simfile.dat', 'lambda_0.8000/simfile.dat', 'lambda_0.9000/simfile.dat', 'lambda_1.0000/simfile.dat']
#Overlap matrix
0.9299 0.0701 0.0000 0.0000 0.0000 0.0000 0.0000 0.0000 0.0000 0.0000 0.0000
0.0701 0.8194 0.1098 0.0007 0.0000 0.0000 0.0000 0.0000 0.0000 0.0000 0.0000
0.0000 0.1098 0.7284 0.1578 0.0040 0.0000 0.0000 0.0000 0.0000 0.0000 0.0000
0.0000 0.0007 0.1578 0.6719 0.1696 0.0000 0.0000 0.0000 0.0000 0.0000 0.0000
0.0000 0.0000 0.0040 0.1696 0.8264 0.0000 0.0000 0.0000 0.0000 0.0000 0.0000
0.0000 0.0000 0.0000 0.0000 0.0000 0.9914 0.0086 0.0000 0.0000 0.0000 0.0000
0.0000 0.0000 0.0000 0.0000 0.0000 0.0086 0.9785 0.0129 0.0000 0.0000 0.0000
0.0000 0.0000 0.0000 0.0000 0.0000 0.0000 0.0129 0.9730 0.0141 0.0000 0.0000
0.0000 0.0000 0.0000 0.0000 0.0000 0.0000 0.0000 0.0141 0.9722 0.0137 0.0000
0.0000 0.0000 0.0000 0.0000 0.0000 0.0000 0.0000 0.0000 0.0137 0.9756 0.0107
0.0000 0.0000 0.0000 0.0000 0.0000 0.0000 0.0000 0.0000 0.0000 0.0107 0.9893
#DG from neighbouring lambda in kcal/mol
0.0000 0.1000 5.5441 0.0878
0.1000 0.2000 0.9347 0.0666
0.2000 0.3000 -2.5998 0.0512
0.3000 0.4000 -0.1467 0.0487
0.4000 0.5000 14.7983 8.4229
0.5000 0.6000 3.4774 0.2679
0.6000 0.7000 2.3156 0.2183
0.7000 0.8000 1.1174 0.2081
0.8000 0.9000 0.2473 0.2113
0.9000 1.0000 2.6328 0.2400
#PMF from MBAR in kcal/mol
0.0000 0.0000 0.0000
0.1000 5.5441 0.0878
0.2000 6.4788 0.1157
0.3000 3.8790 0.1312
0.4000 3.7323 0.1438
0.5000 18.5306 8.4239
0.6000 22.0080 8.4283
0.7000 24.3235 8.4312
0.8000 25.4409 8.4338
0.9000 25.6882 8.4365
1.0000 28.3210 8.4400
#TI average gradients and standard deviation in kcal/mol
0.0000 623230.6218 16921364.0545
0.1000 33.0963 20.5590
0.2000 -11.3960 16.0250
0.3000 -32.4552 14.9457
0.4000 68.1633 16.6614
0.5000 57.7266 43.1331
0.6000 26.3427 29.4186
0.7000 17.8582 30.5229
0.8000 6.2697 30.7333
0.9000 3.5619 28.8791
1.0000 71.9667 32.5215
#PMF from TI in kcal/mol
0.0000 0.0000
0.1000 31163.1859
0.2000 31164.2709
0.3000 31162.0784
0.4000 31163.8638
0.5000 31170.1582
0.6000 31174.3617
0.7000 31176.5718
0.8000 31177.7782
0.9000 31178.2697
1.0000 31182.0462
#MBAR free energy difference in kcal/mol: 
28.320954, 8.440009 
#TI free energy difference in kcal/mol: 
31182.046166  
Starting /export/users/common/BioSimSpace/sire.app/bin/analyse_freenrg: number of threads equals 32
