# Analysing data contained in file(s) ['lambda_0.0000/simfile.dat', 'lambda_0.1000/simfile.dat', 'lambda_0.2000/simfile.dat', 'lambda_0.3000/simfile.dat', 'lambda_0.4000/simfile.dat', 'lambda_0.5000/simfile.dat', 'lambda_0.6000/simfile.dat', 'lambda_0.7000/simfile.dat', 'lambda_0.8000/simfile.dat', 'lambda_0.9000/simfile.dat', 'lambda_1.0000/simfile.dat']
#Overlap matrix
0.9181 0.0817 0.0003 0.0000 0.0000 0.0000 0.0000 0.0000 0.0000 0.0000 0.0000
0.0817 0.7808 0.1359 0.0016 0.0000 0.0000 0.0000 0.0000 0.0000 0.0000 0.0000
0.0003 0.1359 0.7037 0.1583 0.0018 0.0000 0.0000 0.0000 0.0000 0.0000 0.0000
0.0000 0.0016 0.1583 0.6882 0.1501 0.0018 0.0000 0.0000 0.0000 0.0000 0.0000
0.0000 0.0000 0.0018 0.1501 0.7158 0.1312 0.0011 0.0000 0.0000 0.0000 0.0000
0.0000 0.0000 0.0000 0.0018 0.1312 0.7442 0.1221 0.0007 0.0000 0.0000 0.0000
0.0000 0.0000 0.0000 0.0000 0.0011 0.1221 0.7579 0.1184 0.0006 0.0000 0.0000
0.0000 0.0000 0.0000 0.0000 0.0000 0.0007 0.1184 0.7714 0.1091 0.0004 0.0000
0.0000 0.0000 0.0000 0.0000 0.0000 0.0000 0.0006 0.1091 0.8043 0.0859 0.0001
0.0000 0.0000 0.0000 0.0000 0.0000 0.0000 0.0000 0.0004 0.0859 0.8610 0.0527
0.0000 0.0000 0.0000 0.0000 0.0000 0.0000 0.0000 0.0000 0.0001 0.0527 0.9472
#DG from neighbouring lambda in kcal/mol
0.0000 0.1000 -0.4437 0.0795
0.1000 0.2000 -0.9087 0.0571
0.2000 0.3000 -0.8885 0.0509
0.3000 0.4000 -0.8321 0.0528
0.4000 0.5000 -0.6878 0.0581
0.5000 0.6000 -0.7762 0.0613
0.6000 0.7000 -1.0911 0.0628
0.7000 0.8000 -1.2105 0.0662
0.8000 0.9000 -0.5170 0.0770
0.9000 1.0000 0.4998 0.1024
#PMF from MBAR in kcal/mol
0.0000 0.0000 0.0000
0.1000 -0.4437 0.0795
0.2000 -1.3524 0.1039
0.3000 -2.2409 0.1205
0.4000 -3.0730 0.1359
0.5000 -3.7609 0.1516
0.6000 -4.5371 0.1670
0.7000 -5.6282 0.1817
0.8000 -6.8388 0.1964
0.9000 -7.3558 0.2138
1.0000 -6.8560 0.2396
#TI average gradients and standard deviation in kcal/mol
0.0000 -5.3129 23.7178
0.1000 -8.3850 17.5388
0.2000 -8.4975 14.9473
0.3000 -7.8526 14.4047
0.4000 -8.1897 16.0169
0.5000 -7.7077 17.0468
0.6000 -10.8909 16.7035
0.7000 -11.1892 17.1789
0.8000 -8.9918 18.2879
0.9000 0.5726 21.0821
1.0000 18.0790 24.2178
#PMF from TI in kcal/mol
0.0000 0.0000
0.1000 -0.6849
0.2000 -1.5290
0.3000 -2.3465
0.4000 -3.1486
0.5000 -3.9435
0.6000 -4.8734
0.7000 -5.9774
0.8000 -6.9865
0.9000 -7.4074
1.0000 -6.4749
#MBAR free energy difference in kcal/mol: 
-6.855974, 0.239588 
#TI free energy difference in kcal/mol: 
-6.474863  
Starting /export/users/common/BioSimSpace/sire.app/bin/analyse_freenrg: number of threads equals 32
