# Analysing data contained in file(s) ['lambda_0.0000/simfile.dat', 'lambda_0.1000/simfile.dat', 'lambda_0.2000/simfile.dat', 'lambda_0.3000/simfile.dat', 'lambda_0.4000/simfile.dat', 'lambda_0.5000/simfile.dat', 'lambda_0.6000/simfile.dat', 'lambda_0.7000/simfile.dat', 'lambda_0.8000/simfile.dat', 'lambda_0.9000/simfile.dat', 'lambda_1.0000/simfile.dat']
#Overlap matrix
0.9874 0.0126 0.0000 0.0000 0.0000 0.0000 0.0000 0.0000 0.0000 0.0000 0.0000
0.0126 0.9643 0.0231 0.0000 0.0000 0.0000 0.0000 0.0000 0.0000 0.0000 0.0000
0.0000 0.0231 0.9444 0.0325 0.0000 0.0000 0.0000 0.0000 0.0000 0.0000 0.0000
0.0000 0.0000 0.0325 0.9267 0.0408 0.0000 0.0000 0.0000 0.0000 0.0000 0.0000
0.0000 0.0000 0.0000 0.0408 0.8724 0.0868 0.0001 0.0000 0.0000 0.0000 0.0000
0.0000 0.0000 0.0000 0.0000 0.0868 0.8324 0.0808 0.0000 0.0000 0.0000 0.0000
0.0000 0.0000 0.0000 0.0000 0.0001 0.0808 0.8279 0.0913 0.0000 0.0000 0.0000
0.0000 0.0000 0.0000 0.0000 0.0000 0.0000 0.0913 0.8299 0.0788 0.0000 0.0000
0.0000 0.0000 0.0000 0.0000 0.0000 0.0000 0.0000 0.0788 0.8492 0.0720 0.0000
0.0000 0.0000 0.0000 0.0000 0.0000 0.0000 0.0000 0.0000 0.0720 0.8684 0.0596
0.0000 0.0000 0.0000 0.0000 0.0000 0.0000 0.0000 0.0000 0.0000 0.0596 0.9404
#DG from neighbouring lambda in kcal/mol
0.0000 0.1000 15.8282 0.2103
0.1000 0.2000 15.9169 0.1532
0.2000 0.3000 16.3717 0.1280
0.3000 0.4000 16.5923 0.1132
0.4000 0.5000 16.8813 0.0736
0.5000 0.6000 15.3393 0.0768
0.6000 0.7000 12.9341 0.0714
0.7000 0.8000 10.7203 0.0780
0.8000 0.9000 8.6702 0.0823
0.9000 1.0000 6.2326 0.0918
#PMF from MBAR in kcal/mol
0.0000 0.0000 0.0000
0.1000 15.8282 0.2103
0.2000 31.7451 0.2624
0.3000 48.1168 0.2939
0.4000 64.7091 0.3168
0.5000 81.5904 0.3269
0.6000 96.9297 0.3375
0.7000 109.8638 0.3466
0.8000 120.5842 0.3569
0.9000 129.2543 0.3678
1.0000 135.4869 0.3806
#TI average gradients and standard deviation in kcal/mol
0.0000 153.0042 37.4892
0.1000 154.4416 23.7916
0.2000 151.0534 33.9334
0.3000 171.2693 25.8723
0.4000 162.6694 15.4778
0.5000 163.0194 18.7153
0.6000 139.6630 16.2612
0.7000 119.6950 16.9303
0.8000 95.0331 19.2290
0.9000 74.3922 16.0018
1.0000 56.3471 21.7781
#PMF from TI in kcal/mol
0.0000 0.0000
0.1000 15.3723
0.2000 30.6470
0.3000 46.7632
0.4000 63.4601
0.5000 79.7446
0.6000 94.8787
0.7000 107.8466
0.8000 118.5830
0.9000 127.0542
1.0000 133.5912
#MBAR free energy difference in kcal/mol: 
135.486907, 0.380560 
#TI free energy difference in kcal/mol: 
133.591210  #WARNING SUBSAMPLING GRADIENTS RESULTED IN LESS THAN 50 SAMPLES, CONSIDER RERUN WITHOUT SUBSAMPLE OPTION 
Starting /export/users/common/BioSimSpace/sire.app/bin/analyse_freenrg: number of threads equals 32
