# Analysing data contained in file(s) ['lambda_0.0000/simfile.dat', 'lambda_0.1000/simfile.dat', 'lambda_0.2000/simfile.dat', 'lambda_0.3000/simfile.dat', 'lambda_0.4000/simfile.dat', 'lambda_0.5000/simfile.dat', 'lambda_0.6000/simfile.dat', 'lambda_0.7000/simfile.dat', 'lambda_0.8000/simfile.dat', 'lambda_0.9000/simfile.dat', 'lambda_1.0000/simfile.dat']
#Overlap matrix
0.9189 0.0809 0.0003 0.0000 0.0000 0.0000 0.0000 0.0000 0.0000 0.0000 0.0000
0.0809 0.8066 0.1114 0.0012 0.0000 0.0000 0.0000 0.0000 0.0000 0.0000 0.0000
0.0003 0.1114 0.7518 0.1343 0.0021 0.0000 0.0000 0.0000 0.0000 0.0000 0.0000
0.0000 0.0012 0.1343 0.7070 0.1549 0.0026 0.0000 0.0000 0.0000 0.0000 0.0000
0.0000 0.0000 0.0021 0.1549 0.6777 0.1604 0.0049 0.0000 0.0000 0.0000 0.0000
0.0000 0.0000 0.0000 0.0026 0.1604 0.6397 0.1911 0.0062 0.0000 0.0000 0.0000
0.0000 0.0000 0.0000 0.0000 0.0049 0.1911 0.5973 0.2002 0.0064 0.0000 0.0000
0.0000 0.0000 0.0000 0.0000 0.0000 0.0062 0.2002 0.5990 0.1899 0.0047 0.0000
0.0000 0.0000 0.0000 0.0000 0.0000 0.0000 0.0064 0.1899 0.6348 0.1647 0.0041
0.0000 0.0000 0.0000 0.0000 0.0000 0.0000 0.0000 0.0047 0.1647 0.6727 0.1579
0.0000 0.0000 0.0000 0.0000 0.0000 0.0000 0.0000 0.0000 0.0041 0.1579 0.8381
#DG from neighbouring lambda in kcal/mol
0.0000 0.1000 -0.6401 0.0814
0.1000 0.2000 0.5692 0.0664
0.2000 0.3000 1.0125 0.0581
0.3000 0.4000 0.9632 0.0523
0.4000 0.5000 0.4963 0.0504
0.5000 0.6000 0.1543 0.0435
0.6000 0.7000 -0.2243 0.0417
0.7000 0.8000 -0.6039 0.0437
0.8000 0.9000 -0.7216 0.0492
0.9000 1.0000 0.1923 0.0518
#PMF from MBAR in kcal/mol
0.0000 0.0000 0.0000
0.1000 -0.6401 0.0814
0.2000 -0.0709 0.1108
0.3000 0.9416 0.1298
0.4000 1.9048 0.1440
0.5000 2.4011 0.1563
0.6000 2.5554 0.1656
0.7000 2.3311 0.1740
0.8000 1.7272 0.1824
0.9000 1.0056 0.1918
1.0000 1.1979 0.2015
#TI average gradients and standard deviation in kcal/mol
0.0000 -19.6623 21.3402
0.1000 1.9269 18.7796
0.2000 9.7165 16.6268
0.3000 9.6484 15.8493
0.4000 7.5819 14.2500
0.5000 1.6318 13.9487
0.6000 0.0047 13.3210
0.7000 -4.1271 12.8815
0.8000 -7.4193 13.4754
0.9000 -5.8071 13.5976
1.0000 -6399984621.2182 302880580565.7732
#PMF from TI in kcal/mol
0.0000 0.0000
0.1000 -0.8868
0.2000 -0.3046
0.3000 0.6636
0.4000 1.5252
0.5000 1.9858
0.6000 2.0677
0.7000 1.8616
0.8000 1.2842
0.9000 0.6229
1.0000 -319999230.7284
#MBAR free energy difference in kcal/mol: 
1.197930, 0.201461 
#TI free energy difference in kcal/mol: 
-319999230.728355  
Starting /export/users/common/BioSimSpace/sire.app/bin/analyse_freenrg: number of threads equals 32
