# Analysing data contained in file(s) ['lambda_0.0000/simfile.dat', 'lambda_0.1000/simfile.dat', 'lambda_0.2000/simfile.dat', 'lambda_0.3000/simfile.dat', 'lambda_0.4000/simfile.dat', 'lambda_0.5000/simfile.dat', 'lambda_0.6000/simfile.dat', 'lambda_0.7000/simfile.dat', 'lambda_0.8000/simfile.dat', 'lambda_0.9000/simfile.dat', 'lambda_1.0000/simfile.dat']
#Overlap matrix
0.9234 0.0766 0.0000 0.0000 0.0000 0.0000 0.0000 0.0000 0.0000 0.0000 0.0000
0.0766 0.8377 0.0856 0.0001 0.0000 0.0000 0.0000 0.0000 0.0000 0.0000 0.0000
0.0000 0.0856 0.8193 0.0951 0.0001 0.0000 0.0000 0.0000 0.0000 0.0000 0.0000
0.0000 0.0001 0.0951 0.8123 0.0924 0.0001 0.0000 0.0000 0.0000 0.0000 0.0000
0.0000 0.0000 0.0001 0.0924 0.8106 0.0969 0.0001 0.0000 0.0000 0.0000 0.0000
0.0000 0.0000 0.0000 0.0001 0.0969 0.8095 0.0934 0.0001 0.0000 0.0000 0.0000
0.0000 0.0000 0.0000 0.0000 0.0001 0.0934 0.8220 0.0844 0.0001 0.0000 0.0000
0.0000 0.0000 0.0000 0.0000 0.0000 0.0001 0.0844 0.8432 0.0723 0.0000 0.0000
0.0000 0.0000 0.0000 0.0000 0.0000 0.0000 0.0001 0.0723 0.8585 0.0692 0.0000
0.0000 0.0000 0.0000 0.0000 0.0000 0.0000 0.0000 0.0000 0.0692 0.8783 0.0524
0.0000 0.0000 0.0000 0.0000 0.0000 0.0000 0.0000 0.0000 0.0000 0.0524 0.9475
#DG from neighbouring lambda in kcal/mol
0.0000 0.1000 30.6435 0.0845
0.1000 0.2000 26.2269 0.0791
0.2000 0.3000 22.4649 0.0741
0.3000 0.4000 18.1943 0.0754
0.4000 0.5000 14.3362 0.0733
0.5000 0.6000 10.1258 0.0749
0.6000 0.7000 6.0599 0.0797
0.7000 0.8000 2.0056 0.0874
0.8000 0.9000 -1.9091 0.0896
0.9000 1.0000 -5.2135 0.1050
#PMF from MBAR in kcal/mol
0.0000 0.0000 0.0000
0.1000 30.6435 0.0845
0.2000 56.8704 0.1212
0.3000 79.3353 0.1465
0.4000 97.5297 0.1686
0.5000 111.8658 0.1872
0.6000 121.9916 0.2048
0.7000 128.0515 0.2227
0.8000 130.0571 0.2419
0.9000 128.1479 0.2604
1.0000 122.9344 0.2831
#TI average gradients and standard deviation in kcal/mol
0.0000 317.7165 20.1239
0.1000 284.7891 19.5415
0.2000 245.2577 18.8403
0.3000 203.8758 18.5679
0.4000 163.2072 18.6609
0.5000 123.0815 19.2964
0.6000 80.6568 19.6122
0.7000 39.6872 19.3281
0.8000 0.1051 20.2294
0.9000 -35.7327 21.1154
1.0000 -63.4658 22.7709
#PMF from TI in kcal/mol
0.0000 0.0000
0.1000 30.1253
0.2000 56.6276
0.3000 79.0843
0.4000 97.4384
0.5000 111.7529
0.6000 121.9398
0.7000 127.9570
0.8000 129.9466
0.9000 128.1652
1.0000 123.2053
#MBAR free energy difference in kcal/mol: 
122.934441, 0.283086 
#TI free energy difference in kcal/mol: 
123.205286  
Starting /export/users/common/BioSimSpace/sire.app/bin/analyse_freenrg: number of threads equals 32
