# Analysing data contained in file(s) ['lambda_0.0000/simfile.dat', 'lambda_0.1000/simfile.dat', 'lambda_0.2000/simfile.dat', 'lambda_0.3000/simfile.dat', 'lambda_0.4000/simfile.dat', 'lambda_0.5000/simfile.dat', 'lambda_0.6000/simfile.dat', 'lambda_0.7000/simfile.dat', 'lambda_0.8000/simfile.dat', 'lambda_0.9000/simfile.dat', 'lambda_1.0000/simfile.dat']
#Overlap matrix
0.9898 0.0102 0.0000 0.0000 0.0000 0.0000 0.0000 0.0000 0.0000 0.0000 0.0000
0.0102 0.9854 0.0044 0.0000 0.0000 0.0000 0.0000 0.0000 0.0000 0.0000 0.0000
0.0000 0.0044 0.9944 0.0012 0.0000 0.0000 0.0000 0.0000 0.0000 0.0000 0.0000
0.0000 0.0000 0.0012 0.9983 0.0005 0.0000 0.0000 0.0000 0.0000 0.0000 0.0000
0.0000 0.0000 0.0000 0.0005 0.9848 0.0142 0.0003 0.0002 0.0000 0.0000 0.0000
0.0000 0.0000 0.0000 0.0000 0.0142 0.8330 0.1270 0.0249 0.0009 0.0000 0.0000
0.0000 0.0000 0.0000 0.0000 0.0003 0.1270 0.6890 0.1812 0.0025 0.0000 0.0000
0.0000 0.0000 0.0000 0.0000 0.0002 0.0249 0.1812 0.6709 0.1224 0.0004 0.0000
0.0000 0.0000 0.0000 0.0000 0.0000 0.0009 0.0025 0.1224 0.7950 0.0791 0.0000
0.0000 0.0000 0.0000 0.0000 0.0000 0.0000 0.0000 0.0004 0.0791 0.8442 0.0763
0.0000 0.0000 0.0000 0.0000 0.0000 0.0000 0.0000 0.0000 0.0000 0.0763 0.9236
#DG from neighbouring lambda in kcal/mol
0.0000 0.1000 -5.0061 0.2222
0.1000 0.2000 -3.6743 0.3408
0.2000 0.3000 -6.2989 0.6499
0.3000 0.4000 -5.7179 1.0446
0.4000 0.5000 -0.7776 0.1845
0.5000 0.6000 6.7553 0.0490
0.6000 0.7000 9.2353 0.0385
0.7000 0.8000 6.2936 0.0552
0.8000 0.9000 2.0379 0.0738
0.9000 1.0000 -2.5176 0.0756
#PMF from MBAR in kcal/mol
0.0000 0.0000 0.0000
0.1000 -5.0061 0.2222
0.2000 -8.6804 0.4081
0.3000 -14.9792 0.7681
0.4000 -20.6971 1.2970
0.5000 -21.4747 1.3105
0.6000 -14.7194 1.3117
0.7000 -5.4841 1.3123
0.8000 0.8094 1.3138
0.9000 2.8473 1.3163
1.0000 0.3298 1.3188
#TI average gradients and standard deviation in kcal/mol
0.0000 -79.3057 29.5162
0.1000 -38.2517 34.2987
0.2000 -43.5801 36.3622
0.3000 -54.9314 39.0360
0.4000 -37.4870 38.1136
0.5000 22.2342 25.4237
0.6000 77.7687 17.1212
0.7000 83.2245 16.4121
0.8000 43.2788 17.3603
0.9000 -3.5757 21.0259
1.0000 -31.6846 20.5395
#PMF from TI in kcal/mol
0.0000 0.0000
0.1000 -5.8779
0.2000 -9.9695
0.3000 -14.8950
0.4000 -19.5159
0.5000 -20.2786
0.6000 -15.2784
0.7000 -7.2288
0.8000 -0.9036
0.9000 1.0815
1.0000 -0.6815
#MBAR free energy difference in kcal/mol: 
0.329780, 1.318818 
#TI free energy difference in kcal/mol: 
-0.681479  
Starting /export/users/common/BioSimSpace/sire.app/bin/analyse_freenrg: number of threads equals 32
