# Analysing data contained in file(s) ['lambda_0.0000/simfile.dat', 'lambda_0.1000/simfile.dat', 'lambda_0.2000/simfile.dat', 'lambda_0.3000/simfile.dat', 'lambda_0.4000/simfile.dat', 'lambda_0.5000/simfile.dat', 'lambda_0.6000/simfile.dat', 'lambda_0.7000/simfile.dat', 'lambda_0.8000/simfile.dat', 'lambda_0.9000/simfile.dat', 'lambda_1.0000/simfile.dat']
#Overlap matrix
0.9704 0.0296 0.0000 0.0000 0.0000 0.0000 0.0000 0.0000 0.0000 0.0000 0.0000
0.0296 0.9432 0.0272 0.0000 0.0000 0.0000 0.0000 0.0000 0.0000 0.0000 0.0000
0.0000 0.0272 0.9443 0.0284 0.0000 0.0000 0.0000 0.0000 0.0000 0.0000 0.0000
0.0000 0.0000 0.0284 0.9243 0.0471 0.0002 0.0000 0.0000 0.0000 0.0000 0.0000
0.0000 0.0000 0.0000 0.0471 0.8894 0.0620 0.0012 0.0003 0.0000 0.0000 0.0000
0.0000 0.0000 0.0000 0.0002 0.0620 0.7939 0.1268 0.0166 0.0006 0.0000 0.0000
0.0000 0.0000 0.0000 0.0000 0.0012 0.1268 0.6451 0.2185 0.0083 0.0000 0.0000
0.0000 0.0000 0.0000 0.0000 0.0003 0.0166 0.2185 0.5952 0.1625 0.0069 0.0001
0.0000 0.0000 0.0000 0.0000 0.0000 0.0006 0.0083 0.1625 0.5894 0.2227 0.0165
0.0000 0.0000 0.0000 0.0000 0.0000 0.0000 0.0000 0.0069 0.2227 0.5346 0.2358
0.0000 0.0000 0.0000 0.0000 0.0000 0.0000 0.0000 0.0001 0.0165 0.2358 0.7477
#DG from neighbouring lambda in kcal/mol
0.0000 0.1000 -0.4084 0.1332
0.1000 0.2000 1.4538 0.1390
0.2000 0.3000 2.1830 0.1358
0.3000 0.4000 3.3555 0.1032
0.4000 0.5000 4.5869 0.0874
0.5000 0.6000 5.6243 0.0524
0.6000 0.7000 6.8667 0.0345
0.7000 0.8000 5.5738 0.0449
0.8000 0.9000 3.8527 0.0341
0.9000 1.0000 2.9206 0.0332
#PMF from MBAR in kcal/mol
0.0000 0.0000 0.0000
0.1000 -0.4084 0.1332
0.2000 1.0454 0.1954
0.3000 3.2284 0.2403
0.4000 6.5839 0.2636
0.5000 11.1708 0.2795
0.6000 16.7951 0.2860
0.7000 23.6618 0.2891
0.8000 29.2356 0.2940
0.9000 33.0883 0.2976
1.0000 36.0089 0.3008
#TI average gradients and standard deviation in kcal/mol
0.0000 -22.4923 26.7259
0.1000 10.4408 24.7134
0.2000 20.5622 25.1621
0.3000 26.0045 24.8553
0.4000 42.0931 22.7408
0.5000 48.4686 21.6260
0.6000 66.8531 12.9642
0.7000 67.3645 11.9480
0.8000 45.6837 12.8202
0.9000 32.8961 11.2470
1.0000 36.4589 12.1655
#PMF from TI in kcal/mol
0.0000 0.0000
0.1000 -0.6026
0.2000 0.9476
0.3000 3.2759
0.4000 6.6808
0.5000 11.2089
0.6000 16.9750
0.7000 23.6858
0.8000 29.3382
0.9000 33.2672
1.0000 36.7350
#MBAR free energy difference in kcal/mol: 
36.008858, 0.300806 
#TI free energy difference in kcal/mol: 
36.734983  
Starting /export/users/common/BioSimSpace/sire.app/bin/analyse_freenrg: number of threads equals 32
