# Analysing data contained in file(s) ['lambda_0.0000/simfile.dat', 'lambda_0.1000/simfile.dat', 'lambda_0.2000/simfile.dat', 'lambda_0.3000/simfile.dat', 'lambda_0.4000/simfile.dat', 'lambda_0.5000/simfile.dat', 'lambda_0.6000/simfile.dat', 'lambda_0.7000/simfile.dat', 'lambda_0.8000/simfile.dat', 'lambda_0.9000/simfile.dat', 'lambda_1.0000/simfile.dat']
#Overlap matrix
0.9720 0.0280 0.0000 0.0000 0.0000 0.0000 0.0000 0.0000 0.0000 0.0000 0.0000
0.0280 0.9495 0.0225 0.0000 0.0000 0.0000 0.0000 0.0000 0.0000 0.0000 0.0000
0.0000 0.0225 0.9546 0.0229 0.0000 0.0000 0.0000 0.0000 0.0000 0.0000 0.0000
0.0000 0.0000 0.0229 0.9474 0.0297 0.0000 0.0000 0.0000 0.0000 0.0000 0.0000
0.0000 0.0000 0.0000 0.0297 0.9435 0.0268 0.0000 0.0000 0.0000 0.0000 0.0000
0.0000 0.0000 0.0000 0.0000 0.0268 0.9730 0.0001 0.0000 0.0001 0.0000 0.0000
0.0000 0.0000 0.0000 0.0000 0.0000 0.0001 0.7520 0.2351 0.0128 0.0000 0.0000
0.0000 0.0000 0.0000 0.0000 0.0000 0.0000 0.2351 0.5840 0.1793 0.0017 0.0000
0.0000 0.0000 0.0000 0.0000 0.0000 0.0001 0.0128 0.1793 0.6887 0.1185 0.0006
0.0000 0.0000 0.0000 0.0000 0.0000 0.0000 0.0000 0.0017 0.1185 0.6863 0.1935
0.0000 0.0000 0.0000 0.0000 0.0000 0.0000 0.0000 0.0000 0.0006 0.1935 0.8060
#DG from neighbouring lambda in kcal/mol
0.0000 0.1000 6.5033 0.1349
0.1000 0.2000 7.0055 0.1514
0.2000 0.3000 6.0765 0.1500
0.3000 0.4000 5.8530 0.1307
0.4000 0.5000 6.0076 0.1378
0.5000 0.6000 -0.4506 1.7081
0.6000 0.7000 9.0984 0.0332
0.7000 0.8000 10.7514 0.0414
0.8000 0.9000 7.0056 0.0582
0.9000 1.0000 2.9562 0.0412
#PMF from MBAR in kcal/mol
0.0000 0.0000 0.0000
0.1000 6.5033 0.1349
0.2000 13.5088 0.2054
0.3000 19.5853 0.2564
0.4000 25.4383 0.2897
0.5000 31.4459 0.3224
0.6000 30.9953 1.7386
0.7000 40.0937 1.7384
0.8000 50.8451 1.7381
0.9000 57.8508 1.7392
1.0000 60.8070 1.7400
#TI average gradients and standard deviation in kcal/mol
0.0000 45.6234 26.2388
0.1000 72.6298 27.1509
0.2000 67.5612 27.1422
0.3000 58.7100 29.6059
0.4000 60.4022 25.8315
0.5000 36.0868 39.6311
0.6000 31.4098 14.0341
0.7000 116.2465 12.1893
0.8000 94.3989 14.5737
0.9000 43.8009 17.5819
1.0000 35.1458 11.9394
#PMF from TI in kcal/mol
0.0000 0.0000
0.1000 5.9127
0.2000 12.9222
0.3000 19.2358
0.4000 25.1914
0.5000 30.0158
0.6000 33.3907
0.7000 40.7735
0.8000 51.3058
0.9000 58.2157
1.0000 62.1631
#MBAR free energy difference in kcal/mol: 
60.806989, 1.739964 
#TI free energy difference in kcal/mol: 
62.163073  
Starting /export/users/common/BioSimSpace/sire.app/bin/analyse_freenrg: number of threads equals 32
