# Analysing data contained in file(s) ['lambda_0.0000/simfile.dat', 'lambda_0.1000/simfile.dat', 'lambda_0.2000/simfile.dat', 'lambda_0.3000/simfile.dat', 'lambda_0.4000/simfile.dat', 'lambda_0.5000/simfile.dat', 'lambda_0.6000/simfile.dat', 'lambda_0.7000/simfile.dat', 'lambda_0.8000/simfile.dat', 'lambda_0.9000/simfile.dat', 'lambda_1.0000/simfile.dat']
#Overlap matrix
0.7962 0.1896 0.0138 0.0004 0.0000 0.0000 0.0000 0.0000 0.0000 0.0000 0.0000
0.1896 0.5744 0.2140 0.0211 0.0009 0.0000 0.0000 0.0000 0.0000 0.0000 0.0000
0.0138 0.2140 0.5001 0.2369 0.0335 0.0016 0.0000 0.0000 0.0000 0.0000 0.0000
0.0004 0.0211 0.2369 0.4650 0.2365 0.0384 0.0018 0.0000 0.0000 0.0000 0.0000
0.0000 0.0009 0.0335 0.2365 0.4471 0.2439 0.0365 0.0016 0.0000 0.0000 0.0000
0.0000 0.0000 0.0016 0.0384 0.2439 0.4435 0.2353 0.0358 0.0015 0.0000 0.0000
0.0000 0.0000 0.0000 0.0018 0.0365 0.2353 0.4503 0.2405 0.0343 0.0013 0.0000
0.0000 0.0000 0.0000 0.0000 0.0016 0.0358 0.2405 0.4567 0.2323 0.0319 0.0012
0.0000 0.0000 0.0000 0.0000 0.0000 0.0015 0.0343 0.2323 0.4643 0.2384 0.0292
0.0000 0.0000 0.0000 0.0000 0.0000 0.0000 0.0013 0.0319 0.2384 0.4885 0.2399
0.0000 0.0000 0.0000 0.0000 0.0000 0.0000 0.0000 0.0012 0.0292 0.2399 0.7298
#DG from neighbouring lambda in kcal/mol
0.0000 0.1000 2.0620 0.0416
0.1000 0.2000 2.3978 0.0347
0.2000 0.3000 2.3885 0.0294
0.3000 0.4000 2.2890 0.0277
0.4000 0.5000 2.1265 0.0266
0.5000 0.6000 1.9154 0.0277
0.6000 0.7000 1.7277 0.0274
0.7000 0.8000 1.6036 0.0287
0.8000 0.9000 1.5854 0.0287
0.9000 1.0000 1.7442 0.0321
#PMF from MBAR in kcal/mol
0.0000 0.0000 0.0000
0.1000 2.0620 0.0416
0.2000 4.4599 0.0615
0.3000 6.8483 0.0740
0.4000 9.1373 0.0836
0.5000 11.2638 0.0917
0.6000 13.1792 0.0995
0.7000 14.9069 0.1067
0.8000 16.5106 0.1138
0.9000 18.0960 0.1206
1.0000 19.8401 0.1278
#TI average gradients and standard deviation in kcal/mol
0.0000 17.5593 15.5178
0.1000 21.7130 12.5479
0.2000 23.6386 11.2055
0.3000 23.7056 10.1559
0.4000 21.9137 9.5322
0.5000 20.1666 9.8079
0.6000 17.9574 9.7587
0.7000 16.4428 9.9103
0.8000 14.8333 9.7919
0.9000 16.4160 10.1640
1.0000 19.9728 11.1812
#PMF from TI in kcal/mol
0.0000 0.0000
0.1000 1.9636
0.2000 4.2312
0.3000 6.5984
0.4000 8.8794
0.5000 10.9834
0.6000 12.8896
0.7000 14.6096
0.8000 16.1734
0.9000 17.7359
1.0000 19.5553
#MBAR free energy difference in kcal/mol: 
19.840135, 0.127809 
#TI free energy difference in kcal/mol: 
19.555308  
Starting /export/users/common/BioSimSpace/sire.app/bin/analyse_freenrg: number of threads equals 32
