# Analysing data contained in file(s) ['lambda_0.0000/simfile.dat', 'lambda_0.1000/simfile.dat', 'lambda_0.2000/simfile.dat', 'lambda_0.3000/simfile.dat', 'lambda_0.4000/simfile.dat', 'lambda_0.5000/simfile.dat', 'lambda_0.6000/simfile.dat', 'lambda_0.7000/simfile.dat', 'lambda_0.8000/simfile.dat', 'lambda_0.9000/simfile.dat', 'lambda_1.0000/simfile.dat']
#Overlap matrix
0.9676 0.0324 0.0000 0.0000 0.0000 0.0000 0.0000 0.0000 0.0000 0.0000 0.0000
0.0324 0.9104 0.0572 0.0000 0.0000 0.0000 0.0000 0.0000 0.0000 0.0000 0.0000
0.0000 0.0572 0.8782 0.0644 0.0001 0.0000 0.0000 0.0000 0.0000 0.0000 0.0000
0.0000 0.0000 0.0644 0.8599 0.0756 0.0001 0.0000 0.0000 0.0000 0.0000 0.0000
0.0000 0.0000 0.0001 0.0756 0.8539 0.0704 0.0001 0.0000 0.0000 0.0000 0.0000
0.0000 0.0000 0.0000 0.0001 0.0704 0.8740 0.0549 0.0005 0.0000 0.0000 0.0000
0.0000 0.0000 0.0000 0.0000 0.0001 0.0549 0.8234 0.1211 0.0005 0.0000 0.0000
0.0000 0.0000 0.0000 0.0000 0.0000 0.0005 0.1211 0.7673 0.1109 0.0002 0.0000
0.0000 0.0000 0.0000 0.0000 0.0000 0.0000 0.0005 0.1109 0.7782 0.1103 0.0001
0.0000 0.0000 0.0000 0.0000 0.0000 0.0000 0.0000 0.0002 0.1103 0.8060 0.0835
0.0000 0.0000 0.0000 0.0000 0.0000 0.0000 0.0000 0.0000 0.0001 0.0835 0.9164
#DG from neighbouring lambda in kcal/mol
0.0000 0.1000 -6.2116 0.1298
0.1000 0.2000 -1.8483 0.0950
0.2000 0.3000 -0.6030 0.0887
0.3000 0.4000 -0.4038 0.0809
0.4000 0.5000 -0.3401 0.0843
0.5000 0.6000 -0.9547 0.0967
0.6000 0.7000 0.2011 0.0601
0.7000 0.8000 0.3428 0.0637
0.8000 0.9000 -0.8262 0.0641
0.9000 1.0000 -2.2158 0.0762
#PMF from MBAR in kcal/mol
0.0000 0.0000 0.0000
0.1000 -6.2116 0.1298
0.2000 -8.0599 0.1644
0.3000 -8.6629 0.1899
0.4000 -9.0667 0.2092
0.5000 -9.4067 0.2280
0.6000 -10.3614 0.2500
0.7000 -10.1603 0.2593
0.8000 -9.8176 0.2691
0.9000 -10.6437 0.2787
1.0000 -12.8596 0.2909
#TI average gradients and standard deviation in kcal/mol
0.0000 -107.4803 31.5032
0.1000 -32.8411 22.8622
0.2000 -12.2814 21.1295
0.3000 -2.9607 19.8773
0.4000 -2.2110 20.6605
0.5000 -6.8568 19.9840
0.6000 -8.3950 20.9312
0.7000 5.4119 15.3005
0.8000 -4.7113 16.8283
0.9000 -12.3643 15.7830
1.0000 -27.0415 22.6876
#PMF from TI in kcal/mol
0.0000 0.0000
0.1000 -7.0161
0.2000 -9.2722
0.3000 -10.0343
0.4000 -10.2929
0.5000 -10.7463
0.6000 -11.5089
0.7000 -11.6580
0.8000 -11.6230
0.9000 -12.4768
1.0000 -14.4471
#MBAR free energy difference in kcal/mol: 
-12.859567, 0.290904 
#TI free energy difference in kcal/mol: 
-14.447051  
Starting /export/users/common/BioSimSpace/sire.app/bin/analyse_freenrg: number of threads equals 32
