# Analysing data contained in file(s) ['lambda_0.0000/simfile.dat', 'lambda_0.1000/simfile.dat', 'lambda_0.2000/simfile.dat', 'lambda_0.3000/simfile.dat', 'lambda_0.4000/simfile.dat', 'lambda_0.5000/simfile.dat', 'lambda_0.6000/simfile.dat', 'lambda_0.7000/simfile.dat', 'lambda_0.8000/simfile.dat', 'lambda_0.9000/simfile.dat', 'lambda_1.0000/simfile.dat']
#Overlap matrix
0.7078 0.2582 0.0325 0.0015 0.0000 0.0000 0.0000 0.0000 0.0000 0.0000 0.0000
0.2582 0.4619 0.2379 0.0402 0.0017 0.0000 0.0000 0.0000 0.0000 0.0000 0.0000
0.0325 0.2379 0.4516 0.2421 0.0342 0.0016 0.0000 0.0000 0.0000 0.0000 0.0000
0.0015 0.0402 0.2421 0.4396 0.2360 0.0385 0.0020 0.0000 0.0000 0.0000 0.0000
0.0000 0.0017 0.0342 0.2360 0.4436 0.2414 0.0408 0.0022 0.0000 0.0000 0.0000
0.0000 0.0000 0.0016 0.0385 0.2414 0.4375 0.2379 0.0408 0.0022 0.0000 0.0000
0.0000 0.0000 0.0000 0.0020 0.0408 0.2379 0.4322 0.2449 0.0401 0.0020 0.0000
0.0000 0.0000 0.0000 0.0000 0.0022 0.0408 0.2449 0.4357 0.2350 0.0391 0.0022
0.0000 0.0000 0.0000 0.0000 0.0000 0.0022 0.0401 0.2350 0.4379 0.2412 0.0435
0.0000 0.0000 0.0000 0.0000 0.0000 0.0000 0.0020 0.0391 0.2412 0.4448 0.2728
0.0000 0.0000 0.0000 0.0000 0.0000 0.0000 0.0000 0.0022 0.0435 0.2728 0.6814
#DG from neighbouring lambda in kcal/mol
0.0000 0.1000 -0.1390 0.0328
0.1000 0.2000 -1.1614 0.0307
0.2000 0.3000 -2.0454 0.0299
0.3000 0.4000 -3.0059 0.0307
0.4000 0.5000 -3.8946 0.0294
0.5000 0.6000 -4.6558 0.0295
0.6000 0.7000 -5.5073 0.0287
0.7000 0.8000 -6.3911 0.0301
0.8000 0.9000 -7.3136 0.0292
0.9000 1.0000 -8.1657 0.0297
#PMF from MBAR in kcal/mol
0.0000 0.0000 0.0000
0.1000 -0.1390 0.0328
0.2000 -1.3004 0.0541
0.3000 -3.3458 0.0684
0.4000 -6.3517 0.0810
0.5000 -10.2462 0.0912
0.6000 -14.9020 0.1003
0.7000 -20.4093 0.1084
0.8000 -26.8004 0.1164
0.9000 -34.1140 0.1236
1.0000 -42.2797 0.1305
#TI average gradients and standard deviation in kcal/mol
0.0000 3.0805 9.5902
0.1000 -7.0511 9.8828
0.2000 -16.2438 9.7463
0.3000 -25.0279 9.5054
0.4000 -34.5982 9.6729
0.5000 -42.2843 9.5510
0.6000 -50.2072 9.5302
0.7000 -58.9630 9.5476
0.8000 -68.7476 9.4725
0.9000 -76.4344 9.3480
1.0000 -84.8800 9.5351
#PMF from TI in kcal/mol
0.0000 0.0000
0.1000 -0.1985
0.2000 -1.3633
0.3000 -3.4269
0.4000 -6.4082
0.5000 -10.2523
0.6000 -14.8769
0.7000 -20.3354
0.8000 -26.7209
0.9000 -33.9800
1.0000 -42.0457
#MBAR free energy difference in kcal/mol: 
-42.279698, 0.130489 
#TI free energy difference in kcal/mol: 
-42.045723  
Starting /export/users/common/BioSimSpace/sire.app/bin/analyse_freenrg: number of threads equals 32
