# Analysing data contained in file(s) ['lambda_0.0000/simfile.dat', 'lambda_0.1000/simfile.dat', 'lambda_0.2000/simfile.dat', 'lambda_0.3000/simfile.dat', 'lambda_0.4000/simfile.dat', 'lambda_0.5000/simfile.dat', 'lambda_0.6000/simfile.dat', 'lambda_0.7000/simfile.dat', 'lambda_0.8000/simfile.dat', 'lambda_0.9000/simfile.dat', 'lambda_1.0000/simfile.dat']
#Overlap matrix
0.8728 0.1266 0.0005 0.0000 0.0000 0.0000 0.0000 0.0000 0.0000 0.0000 0.0000
0.1266 0.7537 0.1194 0.0004 0.0000 0.0000 0.0000 0.0000 0.0000 0.0000 0.0000
0.0005 0.1194 0.7603 0.1194 0.0004 0.0000 0.0000 0.0000 0.0000 0.0000 0.0000
0.0000 0.0004 0.1194 0.7496 0.1302 0.0004 0.0000 0.0000 0.0000 0.0000 0.0000
0.0000 0.0000 0.0004 0.1302 0.7415 0.1274 0.0004 0.0000 0.0000 0.0000 0.0000
0.0000 0.0000 0.0000 0.0004 0.1274 0.7405 0.1311 0.0005 0.0000 0.0000 0.0000
0.0000 0.0000 0.0000 0.0000 0.0004 0.1311 0.7319 0.1358 0.0008 0.0000 0.0000
0.0000 0.0000 0.0000 0.0000 0.0000 0.0005 0.1358 0.7239 0.1386 0.0012 0.0000
0.0000 0.0000 0.0000 0.0000 0.0000 0.0000 0.0008 0.1386 0.7035 0.1558 0.0013
0.0000 0.0000 0.0000 0.0000 0.0000 0.0000 0.0000 0.0012 0.1558 0.6972 0.1458
0.0000 0.0000 0.0000 0.0000 0.0000 0.0000 0.0000 0.0000 0.0013 0.1458 0.8529
#DG from neighbouring lambda in kcal/mol
0.0000 0.1000 -3.9576 0.0566
0.1000 0.2000 -5.7193 0.0588
0.2000 0.3000 -7.7843 0.0588
0.3000 0.4000 -9.7950 0.0555
0.4000 0.5000 -11.8699 0.0563
0.5000 0.6000 -14.0663 0.0552
0.6000 0.7000 -16.2167 0.0538
0.7000 0.8000 -18.1897 0.0529
0.8000 0.9000 -19.9989 0.0486
0.9000 1.0000 -21.7801 0.0512
#PMF from MBAR in kcal/mol
0.0000 0.0000 0.0000
0.1000 -3.9576 0.0566
0.2000 -9.6769 0.0878
0.3000 -17.4613 0.1106
0.4000 -27.2563 0.1280
0.5000 -39.1262 0.1436
0.6000 -53.1925 0.1573
0.7000 -69.4093 0.1694
0.8000 -87.5990 0.1803
0.9000 -107.5979 0.1895
1.0000 -129.3780 0.1989
#TI average gradients and standard deviation in kcal/mol
0.0000 -30.2098 16.8352
0.1000 -48.2948 16.3269
0.2000 -67.5604 16.9507
0.3000 -88.0584 16.5446
0.4000 -107.7311 16.3735
0.5000 -130.8837 16.1794
0.6000 -151.5533 15.9855
0.7000 -172.5263 15.7648
0.8000 -191.3643 15.2722
0.9000 -208.7517 14.6887
1.0000 -227.8358 14.8547
#PMF from TI in kcal/mol
0.0000 0.0000
0.1000 -3.9252
0.2000 -9.7180
0.3000 -17.4989
0.4000 -27.2884
0.5000 -39.2192
0.6000 -53.3410
0.7000 -69.5450
0.8000 -87.7395
0.9000 -107.7453
1.0000 -129.5747
#MBAR free energy difference in kcal/mol: 
-129.377963, 0.198946 
#TI free energy difference in kcal/mol: 
-129.574679  
Starting /export/users/common/BioSimSpace/sire.app/bin/analyse_freenrg: number of threads equals 32
