# Analysing data contained in file(s) ['lambda_0.0000/simfile.dat', 'lambda_0.1000/simfile.dat', 'lambda_0.2000/simfile.dat', 'lambda_0.3000/simfile.dat', 'lambda_0.4000/simfile.dat', 'lambda_0.5000/simfile.dat', 'lambda_0.6000/simfile.dat', 'lambda_0.7000/simfile.dat', 'lambda_0.8000/simfile.dat', 'lambda_0.9000/simfile.dat', 'lambda_1.0000/simfile.dat']
#Overlap matrix
0.9657 0.0342 0.0000 0.0000 0.0000 0.0000 0.0000 0.0000 0.0000 0.0000 0.0000
0.0342 0.8733 0.0920 0.0005 0.0000 0.0000 0.0000 0.0000 0.0000 0.0000 0.0000
0.0000 0.0920 0.8010 0.1058 0.0012 0.0000 0.0000 0.0000 0.0000 0.0000 0.0000
0.0000 0.0005 0.1058 0.7552 0.1362 0.0024 0.0000 0.0000 0.0000 0.0000 0.0000
0.0000 0.0000 0.0012 0.1362 0.6935 0.1633 0.0057 0.0001 0.0000 0.0000 0.0000
0.0000 0.0000 0.0000 0.0024 0.1633 0.6499 0.1763 0.0080 0.0001 0.0000 0.0000
0.0000 0.0000 0.0000 0.0000 0.0057 0.1763 0.5951 0.2116 0.0112 0.0001 0.0000
0.0000 0.0000 0.0000 0.0000 0.0001 0.0080 0.2116 0.5654 0.2046 0.0103 0.0001
0.0000 0.0000 0.0000 0.0000 0.0000 0.0001 0.0112 0.2046 0.5628 0.2100 0.0113
0.0000 0.0000 0.0000 0.0000 0.0000 0.0000 0.0001 0.0103 0.2100 0.5524 0.2271
0.0000 0.0000 0.0000 0.0000 0.0000 0.0000 0.0000 0.0001 0.0113 0.2271 0.7614
#DG from neighbouring lambda in kcal/mol
0.0000 0.1000 -4.7927 0.1287
0.1000 0.2000 -2.4424 0.0733
0.2000 0.3000 -1.8022 0.0667
0.3000 0.4000 -1.6409 0.0561
0.4000 0.5000 -1.5873 0.0484
0.5000 0.6000 -1.2650 0.0447
0.6000 0.7000 -1.0506 0.0378
0.7000 0.8000 -0.9291 0.0386
0.8000 0.9000 -0.9427 0.0377
0.9000 1.0000 -0.7899 0.0366
#PMF from MBAR in kcal/mol
0.0000 0.0000 0.0000
0.1000 -4.7927 0.1287
0.2000 -7.2351 0.1522
0.3000 -9.0372 0.1696
0.4000 -10.6782 0.1818
0.5000 -12.2654 0.1910
0.6000 -13.5304 0.1987
0.7000 -14.5810 0.2047
0.8000 -15.5102 0.2106
0.9000 -16.4529 0.2162
1.0000 -17.2428 0.2215
#TI average gradients and standard deviation in kcal/mol
0.0000 -69.8362 29.7017
0.1000 -34.2224 21.7266
0.2000 -18.4099 17.9646
0.3000 -17.4563 17.0852
0.4000 -15.4374 15.7375
0.5000 -12.9255 14.4088
0.6000 -11.0876 13.2504
0.7000 -9.6261 11.9999
0.8000 -9.9916 12.5022
0.9000 -8.1497 12.7334
1.0000 4.4967 12.2752
#PMF from TI in kcal/mol
0.0000 0.0000
0.1000 -5.2029
0.2000 -7.8345
0.3000 -9.6279
0.4000 -11.2725
0.5000 -12.6907
0.6000 -13.8913
0.7000 -14.9270
0.8000 -15.9079
0.9000 -16.8150
1.0000 -16.9976
#MBAR free energy difference in kcal/mol: 
-17.242806, 0.221534 
#TI free energy difference in kcal/mol: 
-16.997626  
Starting /export/users/common/BioSimSpace/sire.app/bin/analyse_freenrg: number of threads equals 32
