# Analysing data contained in file(s) ['lambda_0.0000/simfile.dat', 'lambda_0.1000/simfile.dat', 'lambda_0.2000/simfile.dat', 'lambda_0.3000/simfile.dat', 'lambda_0.4000/simfile.dat', 'lambda_0.5000/simfile.dat', 'lambda_0.6000/simfile.dat', 'lambda_0.7000/simfile.dat', 'lambda_0.8000/simfile.dat', 'lambda_0.9000/simfile.dat', 'lambda_1.0000/simfile.dat']
#Overlap matrix
0.9201 0.0795 0.0003 0.0000 0.0000 0.0000 0.0000 0.0000 0.0000 0.0000 0.0000
0.0795 0.8126 0.1071 0.0008 0.0000 0.0000 0.0000 0.0000 0.0000 0.0000 0.0000
0.0003 0.1071 0.7769 0.1142 0.0014 0.0000 0.0000 0.0000 0.0000 0.0000 0.0000
0.0000 0.0008 0.1142 0.7432 0.1402 0.0016 0.0000 0.0000 0.0000 0.0000 0.0000
0.0000 0.0000 0.0014 0.1402 0.7337 0.1230 0.0016 0.0000 0.0000 0.0000 0.0000
0.0000 0.0000 0.0000 0.0016 0.1230 0.7394 0.1332 0.0028 0.0000 0.0000 0.0000
0.0000 0.0000 0.0000 0.0000 0.0016 0.1332 0.7148 0.1491 0.0013 0.0000 0.0000
0.0000 0.0000 0.0000 0.0000 0.0000 0.0028 0.1491 0.7435 0.1041 0.0005 0.0000
0.0000 0.0000 0.0000 0.0000 0.0000 0.0000 0.0013 0.1041 0.7639 0.1304 0.0003
0.0000 0.0000 0.0000 0.0000 0.0000 0.0000 0.0000 0.0005 0.1304 0.8033 0.0658
0.0000 0.0000 0.0000 0.0000 0.0000 0.0000 0.0000 0.0000 0.0003 0.0658 0.9339
#DG from neighbouring lambda in kcal/mol
0.0000 0.1000 -0.3872 0.0769
0.1000 0.2000 1.8969 0.0638
0.2000 0.3000 1.6957 0.0608
0.3000 0.4000 0.7814 0.0529
0.4000 0.5000 -0.3359 0.0577
0.5000 0.6000 -1.4244 0.0544
0.6000 0.7000 -1.9835 0.0504
0.7000 0.8000 -3.3722 0.0646
0.8000 0.9000 -5.0481 0.0562
0.9000 1.0000 -5.8450 0.0859
#PMF from MBAR in kcal/mol
0.0000 0.0000 0.0000
0.1000 -0.3872 0.0769
0.2000 1.5096 0.1051
0.3000 3.2053 0.1257
0.4000 3.9867 0.1401
0.5000 3.6509 0.1548
0.6000 2.2264 0.1672
0.7000 0.2429 0.1774
0.8000 -3.1293 0.1915
0.9000 -8.1775 0.2023
1.0000 -14.0224 0.2222
#TI average gradients and standard deviation in kcal/mol
0.0000 -37.6050 21.6362
0.1000 14.7845 19.7160
0.2000 20.0242 18.5380
0.3000 12.7169 17.1633
0.4000 2.0568 17.3413
0.5000 -9.2756 17.2042
0.6000 -16.6270 15.9125
0.7000 -22.7520 15.8727
0.8000 -45.7691 17.3554
0.9000 -54.7526 17.0923
1.0000 -49.7618 20.2066
#PMF from TI in kcal/mol
0.0000 0.0000
0.1000 -1.1410
0.2000 0.5994
0.3000 2.2365
0.4000 2.9752
0.5000 2.6142
0.6000 1.3191
0.7000 -0.6499
0.8000 -4.0759
0.9000 -9.1020
1.0000 -14.3277
#MBAR free energy difference in kcal/mol: 
-14.022446, 0.222206 
#TI free energy difference in kcal/mol: 
-14.327718  
Starting /export/users/common/BioSimSpace/sire.app/bin/analyse_freenrg: number of threads equals 32
