# Analysing data contained in file(s) ['lambda_0.0000/simfile.dat', 'lambda_0.1000/simfile.dat', 'lambda_0.2000/simfile.dat', 'lambda_0.3000/simfile.dat', 'lambda_0.4000/simfile.dat', 'lambda_0.5000/simfile.dat', 'lambda_0.6000/simfile.dat', 'lambda_0.7000/simfile.dat', 'lambda_0.8000/simfile.dat', 'lambda_0.9000/simfile.dat', 'lambda_1.0000/simfile.dat']
#Overlap matrix
0.8977 0.1020 0.0003 0.0000 0.0000 0.0000 0.0000 0.0000 0.0000 0.0000 0.0000
0.1020 0.7840 0.1135 0.0006 0.0000 0.0000 0.0000 0.0000 0.0000 0.0000 0.0000
0.0003 0.1135 0.7635 0.1217 0.0010 0.0000 0.0000 0.0000 0.0000 0.0000 0.0000
0.0000 0.0006 0.1217 0.7258 0.1504 0.0015 0.0000 0.0000 0.0000 0.0000 0.0000
0.0000 0.0000 0.0010 0.1504 0.6970 0.1499 0.0017 0.0000 0.0000 0.0000 0.0000
0.0000 0.0000 0.0000 0.0015 0.1499 0.7021 0.1448 0.0018 0.0000 0.0000 0.0000
0.0000 0.0000 0.0000 0.0000 0.0017 0.1448 0.7070 0.1450 0.0015 0.0000 0.0000
0.0000 0.0000 0.0000 0.0000 0.0000 0.0018 0.1450 0.7463 0.1062 0.0007 0.0000
0.0000 0.0000 0.0000 0.0000 0.0000 0.0000 0.0015 0.1062 0.7605 0.1310 0.0008
0.0000 0.0000 0.0000 0.0000 0.0000 0.0000 0.0000 0.0007 0.1310 0.7683 0.1000
0.0000 0.0000 0.0000 0.0000 0.0000 0.0000 0.0000 0.0000 0.0008 0.1000 0.8993
#DG from neighbouring lambda in kcal/mol
0.0000 0.1000 -0.4835 0.0701
0.1000 0.2000 -0.3638 0.0653
0.2000 0.3000 -0.3913 0.0621
0.3000 0.4000 -0.3680 0.0535
0.4000 0.5000 -0.3789 0.0535
0.5000 0.6000 -0.4485 0.0547
0.6000 0.7000 -0.4120 0.0547
0.7000 0.8000 -0.2228 0.0675
0.8000 0.9000 -0.3468 0.0592
0.9000 1.0000 0.7287 0.0707
#PMF from MBAR in kcal/mol
0.0000 0.0000 0.0000
0.1000 -0.4835 0.0701
0.2000 -0.8473 0.1020
0.3000 -1.2386 0.1244
0.4000 -1.6067 0.1398
0.5000 -1.9856 0.1535
0.6000 -2.4340 0.1666
0.7000 -2.8460 0.1786
0.8000 -3.0688 0.1939
0.9000 -3.4157 0.2057
1.0000 -2.6869 0.2202
#TI average gradients and standard deviation in kcal/mol
0.0000 -10.4232 18.8306
0.1000 -2.3530 16.9151
0.2000 -4.0681 17.1180
0.3000 -3.4366 15.9943
0.4000 -3.8296 14.7665
0.5000 -5.2526 15.3267
0.6000 -5.6042 16.4817
0.7000 -3.1994 15.9867
0.8000 -6.9075 16.2370
0.9000 1.3042 16.5234
1.0000 18.4440 19.8432
#PMF from TI in kcal/mol
0.0000 0.0000
0.1000 -0.6388
0.2000 -0.9599
0.3000 -1.3351
0.4000 -1.6984
0.5000 -2.1525
0.6000 -2.6953
0.7000 -3.1355
0.8000 -3.6409
0.9000 -3.9210
1.0000 -2.9336
#MBAR free energy difference in kcal/mol: 
-2.686937, 0.220233 
#TI free energy difference in kcal/mol: 
-2.933632  
Starting /export/users/common/BioSimSpace/sire.app/bin/analyse_freenrg: number of threads equals 32
