# Analysing data contained in file(s) ['lambda_0.0000/simfile.dat', 'lambda_0.1000/simfile.dat', 'lambda_0.2000/simfile.dat', 'lambda_0.3000/simfile.dat', 'lambda_0.4000/simfile.dat', 'lambda_0.5000/simfile.dat', 'lambda_0.6000/simfile.dat', 'lambda_0.7000/simfile.dat', 'lambda_0.8000/simfile.dat', 'lambda_0.9000/simfile.dat', 'lambda_1.0000/simfile.dat']
#Overlap matrix
0.9949 0.0051 0.0000 0.0000 0.0000 0.0000 0.0000 0.0000 0.0000 0.0000 0.0000
0.0051 0.9849 0.0101 0.0000 0.0000 0.0000 0.0000 0.0000 0.0000 0.0000 0.0000
0.0000 0.0101 0.9760 0.0139 0.0000 0.0000 0.0000 0.0000 0.0000 0.0000 0.0000
0.0000 0.0000 0.0139 0.9630 0.0231 0.0000 0.0000 0.0000 0.0000 0.0000 0.0000
0.0000 0.0000 0.0000 0.0231 0.9477 0.0292 0.0000 0.0000 0.0000 0.0000 0.0000
0.0000 0.0000 0.0000 0.0000 0.0292 0.9322 0.0386 0.0000 0.0000 0.0000 0.0000
0.0000 0.0000 0.0000 0.0000 0.0000 0.0386 0.8942 0.0671 0.0001 0.0000 0.0000
0.0000 0.0000 0.0000 0.0000 0.0000 0.0000 0.0671 0.8272 0.1055 0.0003 0.0000
0.0000 0.0000 0.0000 0.0000 0.0000 0.0000 0.0001 0.1055 0.7722 0.1215 0.0007
0.0000 0.0000 0.0000 0.0000 0.0000 0.0000 0.0000 0.0003 0.1215 0.7282 0.1500
0.0000 0.0000 0.0000 0.0000 0.0000 0.0000 0.0000 0.0000 0.0007 0.1500 0.8493
#DG from neighbouring lambda in kcal/mol
0.0000 0.1000 -5.6345 0.3433
0.1000 0.2000 -0.1851 0.2419
0.2000 0.3000 0.7710 0.2051
0.3000 0.4000 1.2966 0.1577
0.4000 0.5000 1.9497 0.1394
0.5000 0.6000 0.8796 0.1199
0.6000 0.7000 0.3214 0.0881
0.7000 0.8000 0.3636 0.0670
0.8000 0.9000 -0.3181 0.0609
0.9000 1.0000 -0.9265 0.0528
#PMF from MBAR in kcal/mol
0.0000 0.0000 0.0000
0.1000 -5.6345 0.3433
0.2000 -5.8196 0.4214
0.3000 -5.0487 0.4700
0.4000 -3.7521 0.4969
0.5000 -1.8023 0.5173
0.6000 -0.9227 0.5321
0.7000 -0.6014 0.5405
0.8000 -0.2377 0.5457
0.9000 -0.5558 0.5502
1.0000 -1.4824 0.5538
#TI average gradients and standard deviation in kcal/mol
0.0000 -133.0663 36.2695
0.1000 -15.6102 32.7194
0.2000 3.9996 31.8881
0.3000 8.1799 28.8228
0.4000 20.5536 24.5179
0.5000 13.4118 26.9421
0.6000 2.7423 22.6898
0.7000 4.6419 17.6028
0.8000 1.5137 16.7147
0.9000 -6.9702 15.5753
1.0000 16.1607 15.1030
#PMF from TI in kcal/mol
0.0000 0.0000
0.1000 -7.4338
0.2000 -8.0143
0.3000 -7.4054
0.4000 -5.9687
0.5000 -4.2704
0.6000 -3.4627
0.7000 -3.0935
0.8000 -2.7857
0.9000 -3.0586
1.0000 -2.5990
#MBAR free energy difference in kcal/mol: 
-1.482372, 0.553753 
#TI free energy difference in kcal/mol: 
-2.599036  
Starting /export/users/common/BioSimSpace/sire.app/bin/analyse_freenrg: number of threads equals 32
