# Analysing data contained in file(s) ['lambda_0.0000/simfile.dat', 'lambda_0.1000/simfile.dat', 'lambda_0.2000/simfile.dat', 'lambda_0.3000/simfile.dat', 'lambda_0.4000/simfile.dat', 'lambda_0.5000/simfile.dat', 'lambda_0.6000/simfile.dat', 'lambda_0.7000/simfile.dat', 'lambda_0.8000/simfile.dat', 'lambda_0.9000/simfile.dat', 'lambda_1.0000/simfile.dat']
#Overlap matrix
0.7655 0.2215 0.0129 0.0001 0.0000 0.0000 0.0000 0.0000 0.0000 0.0000 0.0000
0.2215 0.5531 0.2171 0.0082 0.0001 0.0000 0.0000 0.0000 0.0000 0.0000 0.0000
0.0129 0.2171 0.5785 0.1835 0.0077 0.0003 0.0000 0.0000 0.0000 0.0000 0.0000
0.0001 0.0082 0.1835 0.6012 0.1974 0.0095 0.0002 0.0000 0.0000 0.0000 0.0000
0.0000 0.0001 0.0077 0.1974 0.6782 0.1160 0.0007 0.0000 0.0000 0.0000 0.0000
0.0000 0.0000 0.0003 0.0095 0.1160 0.8222 0.0519 0.0001 0.0000 0.0000 0.0000
0.0000 0.0000 0.0000 0.0002 0.0007 0.0519 0.9048 0.0424 0.0000 0.0000 0.0000
0.0000 0.0000 0.0000 0.0000 0.0000 0.0001 0.0424 0.9277 0.0298 0.0000 0.0000
0.0000 0.0000 0.0000 0.0000 0.0000 0.0000 0.0000 0.0298 0.9404 0.0298 0.0000
0.0000 0.0000 0.0000 0.0000 0.0000 0.0000 0.0000 0.0000 0.0298 0.9386 0.0316
0.0000 0.0000 0.0000 0.0000 0.0000 0.0000 0.0000 0.0000 0.0000 0.0316 0.9684
#DG from neighbouring lambda in kcal/mol
0.0000 0.1000 9.2847 0.0388
0.1000 0.2000 6.6463 0.0382
0.2000 0.3000 3.5562 0.0446
0.3000 0.4000 0.8623 0.0420
0.4000 0.5000 0.6440 0.0625
0.5000 0.6000 0.1551 0.1056
0.6000 0.7000 -0.3997 0.1191
0.7000 0.8000 -1.0301 0.1443
0.8000 0.9000 -2.1022 0.1442
0.9000 1.0000 -1.8987 0.1398
#PMF from MBAR in kcal/mol
0.0000 0.0000 0.0000
0.1000 9.2847 0.0388
0.2000 15.9310 0.0630
0.3000 19.4872 0.0840
0.4000 20.3495 0.0995
0.5000 20.9935 0.1210
0.6000 21.1486 0.1642
0.7000 20.7489 0.2059
0.8000 19.7188 0.2539
0.9000 17.6165 0.2943
1.0000 15.7178 0.3278
#TI average gradients and standard deviation in kcal/mol
0.0000 88.8216 12.1766
0.1000 81.9325 11.6935
0.2000 53.8981 12.3777
0.3000 19.9656 13.6470
0.4000 3.8081 13.6768
0.5000 7.6415 22.8425
0.6000 -0.2280 23.6293
0.7000 -7.0021 26.1277
0.8000 -14.1221 26.3637
0.9000 -23.6352 27.5362
1.0000 -7.7417 25.2111
#PMF from TI in kcal/mol
0.0000 0.0000
0.1000 8.5377
0.2000 15.3292
0.3000 19.0224
0.4000 20.2111
0.5000 20.7836
0.6000 21.1543
0.7000 20.7927
0.8000 19.7365
0.9000 17.8487
1.0000 16.2798
#MBAR free energy difference in kcal/mol: 
15.717819, 0.327817 
#TI free energy difference in kcal/mol: 
16.279817  
Starting /export/users/common/BioSimSpace/sire.app/bin/analyse_freenrg: number of threads equals 32
