# Analysing data contained in file(s) ['lambda_0.0000/simfile.dat', 'lambda_0.1000/simfile.dat', 'lambda_0.2000/simfile.dat', 'lambda_0.3000/simfile.dat', 'lambda_0.4000/simfile.dat', 'lambda_0.5000/simfile.dat', 'lambda_0.6000/simfile.dat', 'lambda_0.7000/simfile.dat', 'lambda_0.8000/simfile.dat', 'lambda_0.9000/simfile.dat', 'lambda_1.0000/simfile.dat']
#Overlap matrix
0.9175 0.0824 0.0001 0.0000 0.0000 0.0000 0.0000 0.0000 0.0000 0.0000 0.0000
0.0824 0.8312 0.0863 0.0001 0.0000 0.0000 0.0000 0.0000 0.0000 0.0000 0.0000
0.0001 0.0863 0.8086 0.1048 0.0002 0.0000 0.0000 0.0000 0.0000 0.0000 0.0000
0.0000 0.0001 0.1048 0.7750 0.1198 0.0003 0.0000 0.0000 0.0000 0.0000 0.0000
0.0000 0.0000 0.0002 0.1198 0.7672 0.1124 0.0003 0.0000 0.0000 0.0000 0.0000
0.0000 0.0000 0.0000 0.0003 0.1124 0.7615 0.1252 0.0005 0.0000 0.0000 0.0000
0.0000 0.0000 0.0000 0.0000 0.0003 0.1252 0.7417 0.1322 0.0005 0.0000 0.0000
0.0000 0.0000 0.0000 0.0000 0.0000 0.0005 0.1322 0.7444 0.1223 0.0005 0.0000
0.0000 0.0000 0.0000 0.0000 0.0000 0.0000 0.0005 0.1223 0.7444 0.1321 0.0007
0.0000 0.0000 0.0000 0.0000 0.0000 0.0000 0.0000 0.0005 0.1321 0.7200 0.1475
0.0000 0.0000 0.0000 0.0000 0.0000 0.0000 0.0000 0.0000 0.0007 0.1475 0.8518
#DG from neighbouring lambda in kcal/mol
0.0000 0.1000 -0.6170 0.0842
0.1000 0.2000 -0.5416 0.0818
0.2000 0.3000 -0.6422 0.0725
0.3000 0.4000 -0.8775 0.0665
0.4000 0.5000 -1.3173 0.0692
0.5000 0.6000 -1.8155 0.0644
0.6000 0.7000 -2.1708 0.0621
0.7000 0.8000 -2.7262 0.0654
0.8000 0.9000 -3.3693 0.0621
0.9000 1.0000 -3.8953 0.0576
#PMF from MBAR in kcal/mol
0.0000 0.0000 0.0000
0.1000 -0.6170 0.0842
0.2000 -1.1586 0.1231
0.3000 -1.8008 0.1476
0.4000 -2.6783 0.1661
0.5000 -3.9956 0.1837
0.6000 -5.8110 0.1982
0.7000 -7.9818 0.2109
0.8000 -10.7080 0.2238
0.9000 -14.0773 0.2352
1.0000 -17.9725 0.2449
#TI average gradients and standard deviation in kcal/mol
0.0000 -7.9437 20.2394
0.1000 -5.2869 19.2535
0.2000 -6.4343 17.7438
0.3000 -7.4630 16.8790
0.4000 -10.9308 16.6461
0.5000 -15.8827 16.8493
0.6000 -20.9878 17.6098
0.7000 -23.8905 17.2730
0.8000 -30.7584 16.3512
0.9000 -36.8241 16.0827
1.0000 -38.4064 15.9666
#PMF from TI in kcal/mol
0.0000 0.0000
0.1000 -0.6615
0.2000 -1.2476
0.3000 -1.9425
0.4000 -2.8622
0.5000 -4.2028
0.6000 -6.0463
0.7000 -8.2903
0.8000 -11.0227
0.9000 -14.4018
1.0000 -18.1634
#MBAR free energy difference in kcal/mol: 
-17.972529, 0.244917 
#TI free energy difference in kcal/mol: 
-18.163362  
Starting /export/users/common/BioSimSpace/sire.app/bin/analyse_freenrg: number of threads equals 32
