# Analysing data contained in file(s) ['lambda_0.0000/simfile.dat', 'lambda_0.1000/simfile.dat', 'lambda_0.2000/simfile.dat', 'lambda_0.3000/simfile.dat', 'lambda_0.4000/simfile.dat', 'lambda_0.5000/simfile.dat', 'lambda_0.6000/simfile.dat', 'lambda_0.7000/simfile.dat', 'lambda_0.8000/simfile.dat', 'lambda_0.9000/simfile.dat', 'lambda_1.0000/simfile.dat']
#Overlap matrix
0.9841 0.0159 0.0000 0.0000 0.0000 0.0000 0.0000 0.0000 0.0000 0.0000 0.0000
0.0159 0.9758 0.0084 0.0000 0.0000 0.0000 0.0000 0.0000 0.0000 0.0000 0.0000
0.0000 0.0084 0.9887 0.0029 0.0000 0.0000 0.0000 0.0000 0.0000 0.0000 0.0000
0.0000 0.0000 0.0029 0.9971 0.0000 0.0000 0.0000 0.0000 0.0000 0.0000 0.0000
0.0000 0.0000 0.0000 0.0000 0.9363 0.0627 0.0010 0.0000 0.0000 0.0000 0.0000
0.0000 0.0000 0.0000 0.0000 0.0627 0.7869 0.1478 0.0026 0.0000 0.0000 0.0000
0.0000 0.0000 0.0000 0.0000 0.0010 0.1478 0.6861 0.1634 0.0017 0.0000 0.0000
0.0000 0.0000 0.0000 0.0000 0.0000 0.0026 0.1634 0.6971 0.1366 0.0002 0.0000
0.0000 0.0000 0.0000 0.0000 0.0000 0.0000 0.0017 0.1366 0.7745 0.0872 0.0000
0.0000 0.0000 0.0000 0.0000 0.0000 0.0000 0.0000 0.0002 0.0872 0.8554 0.0572
0.0000 0.0000 0.0000 0.0000 0.0000 0.0000 0.0000 0.0000 0.0000 0.0572 0.9428
#DG from neighbouring lambda in kcal/mol
0.0000 0.1000 -6.3178 0.1843
0.1000 0.2000 -5.5651 0.2559
0.2000 0.3000 -5.1903 0.4365
0.3000 0.4000 -15.9967 0.3694
0.4000 0.5000 3.2957 0.0873
0.5000 0.6000 10.9269 0.0506
0.6000 0.7000 10.5130 0.0470
0.7000 0.8000 8.7001 0.0539
0.8000 0.9000 6.4738 0.0725
0.9000 1.0000 4.1059 0.0928
#PMF from MBAR in kcal/mol
0.0000 0.0000 0.0000
0.1000 -6.3178 0.1843
0.2000 -11.8829 0.3171
0.3000 -17.0732 0.5406
0.4000 -33.0698 0.2412
0.5000 -29.7741 0.2281
0.6000 -18.8472 0.2247
0.7000 -8.3342 0.2236
0.8000 0.3660 0.2248
0.9000 6.8398 0.2308
1.0000 10.9456 0.2454
#TI average gradients and standard deviation in kcal/mol
0.0000 -79.4023 27.3502
0.1000 -54.8869 28.8445
0.2000 -49.8442 33.8631
0.3000 -47.4962 37.6458
0.4000 -68.2798 32.1405
0.5000 92.6388 17.0357
0.6000 115.2572 15.7615
0.7000 97.6333 15.4651
0.8000 75.8981 17.4961
0.9000 50.4438 19.5688
1.0000 35.1368 23.9238
#PMF from TI in kcal/mol
0.0000 0.0000
0.1000 -6.7145
0.2000 -11.9510
0.3000 -16.8180
0.4000 -22.6068
0.5000 -21.3889
0.6000 -10.9941
0.7000 -0.3496
0.8000 8.3270
0.9000 14.6441
1.0000 18.9231
#MBAR free energy difference in kcal/mol: 
10.945645, 0.245405 
#TI free energy difference in kcal/mol: 
18.923135  
Starting /export/users/common/BioSimSpace/sire.app/bin/analyse_freenrg: number of threads equals 32
