# Analysing data contained in file(s) ['lambda_0.0000/simfile.dat', 'lambda_0.1000/simfile.dat', 'lambda_0.2000/simfile.dat', 'lambda_0.3000/simfile.dat', 'lambda_0.4000/simfile.dat', 'lambda_0.5000/simfile.dat', 'lambda_0.6000/simfile.dat', 'lambda_0.7000/simfile.dat', 'lambda_0.8000/simfile.dat', 'lambda_0.9000/simfile.dat', 'lambda_1.0000/simfile.dat']
#Overlap matrix
0.9474 0.0526 0.0000 0.0000 0.0000 0.0000 0.0000 0.0000 0.0000 0.0000 0.0000
0.0526 0.9004 0.0470 0.0000 0.0000 0.0000 0.0000 0.0000 0.0000 0.0000 0.0000
0.0000 0.0470 0.8959 0.0571 0.0000 0.0000 0.0000 0.0000 0.0000 0.0000 0.0000
0.0000 0.0000 0.0571 0.8821 0.0608 0.0000 0.0000 0.0000 0.0000 0.0000 0.0000
0.0000 0.0000 0.0000 0.0608 0.8740 0.0652 0.0000 0.0000 0.0000 0.0000 0.0000
0.0000 0.0000 0.0000 0.0000 0.0652 0.8742 0.0607 0.0000 0.0000 0.0000 0.0000
0.0000 0.0000 0.0000 0.0000 0.0000 0.0607 0.8841 0.0552 0.0000 0.0000 0.0000
0.0000 0.0000 0.0000 0.0000 0.0000 0.0000 0.0552 0.8846 0.0602 0.0000 0.0000
0.0000 0.0000 0.0000 0.0000 0.0000 0.0000 0.0000 0.0602 0.8818 0.0580 0.0000
0.0000 0.0000 0.0000 0.0000 0.0000 0.0000 0.0000 0.0000 0.0580 0.8843 0.0577
0.0000 0.0000 0.0000 0.0000 0.0000 0.0000 0.0000 0.0000 0.0000 0.0577 0.9423
#DG from neighbouring lambda in kcal/mol
0.0000 0.1000 30.5856 0.0991
0.1000 0.2000 26.4223 0.1055
0.2000 0.3000 22.2322 0.0947
0.3000 0.4000 17.8262 0.0914
0.4000 0.5000 13.2038 0.0878
0.5000 0.6000 8.4684 0.0915
0.6000 0.7000 3.6671 0.0965
0.7000 0.8000 -1.2350 0.0919
0.8000 0.9000 -6.2644 0.0938
0.9000 1.0000 -11.4638 0.0941
#PMF from MBAR in kcal/mol
0.0000 0.0000 0.0000
0.1000 30.5856 0.0991
0.2000 57.0078 0.1487
0.3000 79.2401 0.1795
0.4000 97.0663 0.2043
0.5000 110.2701 0.2250
0.6000 118.7385 0.2452
0.7000 122.4056 0.2657
0.8000 121.1705 0.2832
0.9000 114.9062 0.3003
1.0000 103.4424 0.3165
#TI average gradients and standard deviation in kcal/mol
0.0000 327.1791 22.8106
0.1000 286.3292 22.6498
0.2000 242.8715 22.0771
0.3000 197.8860 21.8053
0.4000 155.0491 21.4674
0.5000 107.0489 21.2509
0.6000 60.5720 21.4476
0.7000 12.3497 20.9747
0.8000 -36.9830 22.7065
0.9000 -87.2131 21.5282
1.0000 -137.0715 21.4966
#PMF from TI in kcal/mol
0.0000 0.0000
0.1000 30.6754
0.2000 57.1354
0.3000 79.1733
0.4000 96.8201
0.5000 109.9250
0.6000 118.3060
0.7000 121.9521
0.8000 120.7204
0.9000 114.5106
1.0000 103.2964
#MBAR free energy difference in kcal/mol: 
103.442403, 0.316497 
#TI free energy difference in kcal/mol: 
103.296401  
Starting /export/users/common/BioSimSpace/sire.app/bin/analyse_freenrg: number of threads equals 32
