# Analysing data contained in file(s) ['lambda_0.0000/simfile.dat', 'lambda_0.1000/simfile.dat', 'lambda_0.2000/simfile.dat', 'lambda_0.3000/simfile.dat', 'lambda_0.4000/simfile.dat', 'lambda_0.5000/simfile.dat', 'lambda_0.6000/simfile.dat', 'lambda_0.7000/simfile.dat', 'lambda_0.8000/simfile.dat', 'lambda_0.9000/simfile.dat', 'lambda_1.0000/simfile.dat']
#Overlap matrix
0.9642 0.0358 0.0000 0.0000 0.0000 0.0000 0.0000 0.0000 0.0000 0.0000 0.0000
0.0358 0.8942 0.0697 0.0003 0.0000 0.0000 0.0000 0.0000 0.0000 0.0000 0.0000
0.0000 0.0697 0.8237 0.1060 0.0006 0.0000 0.0000 0.0000 0.0000 0.0000 0.0000
0.0000 0.0003 0.1060 0.7860 0.1071 0.0007 0.0000 0.0000 0.0000 0.0000 0.0000
0.0000 0.0000 0.0006 0.1071 0.7807 0.1110 0.0006 0.0000 0.0000 0.0000 0.0000
0.0000 0.0000 0.0000 0.0007 0.1110 0.8020 0.0834 0.0028 0.0000 0.0000 0.0000
0.0000 0.0000 0.0000 0.0000 0.0006 0.0834 0.7463 0.1654 0.0043 0.0000 0.0000
0.0000 0.0000 0.0000 0.0000 0.0000 0.0028 0.1654 0.6660 0.1640 0.0017 0.0000
0.0000 0.0000 0.0000 0.0000 0.0000 0.0000 0.0043 0.1640 0.6788 0.1521 0.0008
0.0000 0.0000 0.0000 0.0000 0.0000 0.0000 0.0000 0.0017 0.1521 0.7394 0.1067
0.0000 0.0000 0.0000 0.0000 0.0000 0.0000 0.0000 0.0000 0.0008 0.1067 0.8925
#DG from neighbouring lambda in kcal/mol
0.0000 0.1000 -6.2599 0.1133
0.1000 0.2000 -2.5364 0.0781
0.2000 0.3000 -0.9284 0.0604
0.3000 0.4000 -0.6633 0.0598
0.4000 0.5000 -0.7878 0.0585
0.5000 0.6000 -1.2771 0.0687
0.6000 0.7000 -0.5387 0.0434
0.7000 0.8000 -0.3417 0.0439
0.8000 0.9000 -1.3967 0.0471
0.9000 1.0000 -2.7584 0.0602
#PMF from MBAR in kcal/mol
0.0000 0.0000 0.0000
0.1000 -6.2599 0.1133
0.2000 -8.7962 0.1411
0.3000 -9.7246 0.1566
0.4000 -10.3880 0.1704
0.5000 -11.1758 0.1827
0.6000 -12.4529 0.1976
0.7000 -12.9915 0.2043
0.8000 -13.3333 0.2110
0.9000 -14.7299 0.2183
1.0000 -17.4883 0.2285
#TI average gradients and standard deviation in kcal/mol
0.0000 -95.0842 25.3383
0.1000 -37.5530 21.7986
0.2000 -15.3086 19.6463
0.3000 -9.7988 19.2644
0.4000 -6.6275 18.7950
0.5000 -8.9513 18.9525
0.6000 -12.2897 17.3916
0.7000 -1.5146 14.0938
0.8000 -8.4359 15.0042
0.9000 -20.0927 16.0877
1.0000 -26.7726 19.5768
#PMF from TI in kcal/mol
0.0000 0.0000
0.1000 -6.6319
0.2000 -9.2749
0.3000 -10.5303
0.4000 -11.3516
0.5000 -12.1306
0.6000 -13.1926
0.7000 -13.8828
0.8000 -14.3804
0.9000 -15.8068
1.0000 -18.1500
#MBAR free energy difference in kcal/mol: 
-17.488337, 0.228501 
#TI free energy difference in kcal/mol: 
-18.150045  
Starting /export/users/common/BioSimSpace/sire.app/bin/analyse_freenrg: number of threads equals 32
