# Analysing data contained in file(s) ['lambda_0.0000/simfile.dat', 'lambda_0.1000/simfile.dat', 'lambda_0.2000/simfile.dat', 'lambda_0.3000/simfile.dat', 'lambda_0.4000/simfile.dat', 'lambda_0.5000/simfile.dat', 'lambda_0.6000/simfile.dat', 'lambda_0.7000/simfile.dat', 'lambda_0.8000/simfile.dat', 'lambda_0.9000/simfile.dat', 'lambda_1.0000/simfile.dat']
#Overlap matrix
0.8608 0.1387 0.0005 0.0000 0.0000 0.0000 0.0000 0.0000 0.0000 0.0000 0.0000
0.1387 0.7532 0.1080 0.0001 0.0000 0.0000 0.0000 0.0000 0.0000 0.0000 0.0000
0.0005 0.1080 0.7852 0.1061 0.0001 0.0000 0.0000 0.0000 0.0000 0.0000 0.0000
0.0000 0.0001 0.1061 0.8070 0.0868 0.0000 0.0000 0.0000 0.0000 0.0000 0.0000
0.0000 0.0000 0.0001 0.0868 0.8425 0.0706 0.0000 0.0000 0.0000 0.0000 0.0000
0.0000 0.0000 0.0000 0.0000 0.0706 0.8688 0.0606 0.0000 0.0000 0.0000 0.0000
0.0000 0.0000 0.0000 0.0000 0.0000 0.0606 0.8819 0.0575 0.0000 0.0000 0.0000
0.0000 0.0000 0.0000 0.0000 0.0000 0.0000 0.0575 0.8930 0.0495 0.0000 0.0000
0.0000 0.0000 0.0000 0.0000 0.0000 0.0000 0.0000 0.0495 0.9087 0.0418 0.0000
0.0000 0.0000 0.0000 0.0000 0.0000 0.0000 0.0000 0.0000 0.0418 0.9251 0.0331
0.0000 0.0000 0.0000 0.0000 0.0000 0.0000 0.0000 0.0000 0.0000 0.0331 0.9669
#DG from neighbouring lambda in kcal/mol
0.0000 0.1000 -0.4329 0.0510
0.1000 0.2000 -0.3569 0.0601
0.2000 0.3000 -0.6053 0.0609
0.3000 0.4000 -0.3675 0.0690
0.4000 0.5000 -0.6839 0.0781
0.5000 0.6000 -0.4405 0.0853
0.6000 0.7000 -0.3221 0.0878
0.7000 0.8000 -0.2786 0.0955
0.8000 0.9000 0.1375 0.1048
0.9000 1.0000 0.6186 0.1189
#PMF from MBAR in kcal/mol
0.0000 0.0000 0.0000
0.1000 -0.4329 0.0510
0.2000 -0.7898 0.0847
0.3000 -1.3951 0.1090
0.4000 -1.7626 0.1328
0.5000 -2.4465 0.1573
0.6000 -2.8870 0.1817
0.7000 -3.2091 0.2042
0.8000 -3.4877 0.2277
0.9000 -3.3502 0.2527
1.0000 -2.7316 0.2810
#TI average gradients and standard deviation in kcal/mol
0.0000 -6.5432 16.6391
0.1000 -4.2516 16.7241
0.2000 -4.8881 19.0192
0.3000 -4.4500 18.7515
0.4000 -4.7363 20.9835
0.5000 -6.6382 20.4071
0.6000 -5.7057 21.7600
0.7000 -2.5465 22.8683
0.8000 -1.9834 23.9953
0.9000 1.9657 25.6516
1.0000 11.7247 27.3954
#PMF from TI in kcal/mol
0.0000 0.0000
0.1000 -0.5397
0.2000 -0.9967
0.3000 -1.4636
0.4000 -1.9229
0.5000 -2.4917
0.6000 -3.1089
0.7000 -3.5215
0.8000 -3.7480
0.9000 -3.7489
1.0000 -3.0643
#MBAR free energy difference in kcal/mol: 
-2.731649, 0.281042 
#TI free energy difference in kcal/mol: 
-3.064336  
Starting /export/users/common/BioSimSpace/sire.app/bin/analyse_freenrg: number of threads equals 32
