# Analysing data contained in file(s) ['lambda_0.0000/simfile.dat', 'lambda_0.1000/simfile.dat', 'lambda_0.2000/simfile.dat', 'lambda_0.3000/simfile.dat', 'lambda_0.4000/simfile.dat', 'lambda_0.5000/simfile.dat', 'lambda_0.6000/simfile.dat', 'lambda_0.7000/simfile.dat', 'lambda_0.8000/simfile.dat', 'lambda_0.9000/simfile.dat', 'lambda_1.0000/simfile.dat']
#Overlap matrix
0.9914 0.0086 0.0000 0.0000 0.0000 0.0000 0.0000 0.0000 0.0000 0.0000 0.0000
0.0086 0.9827 0.0087 0.0000 0.0000 0.0000 0.0000 0.0000 0.0000 0.0000 0.0000
0.0000 0.0087 0.9812 0.0101 0.0000 0.0000 0.0000 0.0000 0.0000 0.0000 0.0000
0.0000 0.0000 0.0101 0.9897 0.0003 0.0000 0.0000 0.0000 0.0000 0.0000 0.0000
0.0000 0.0000 0.0000 0.0003 0.9190 0.0805 0.0003 0.0000 0.0000 0.0000 0.0000
0.0000 0.0000 0.0000 0.0000 0.0805 0.8636 0.0557 0.0003 0.0000 0.0000 0.0000
0.0000 0.0000 0.0000 0.0000 0.0003 0.0557 0.8316 0.1121 0.0004 0.0000 0.0000
0.0000 0.0000 0.0000 0.0000 0.0000 0.0003 0.1121 0.7581 0.1293 0.0002 0.0000
0.0000 0.0000 0.0000 0.0000 0.0000 0.0000 0.0004 0.1293 0.7760 0.0942 0.0001
0.0000 0.0000 0.0000 0.0000 0.0000 0.0000 0.0000 0.0002 0.0942 0.7929 0.1126
0.0000 0.0000 0.0000 0.0000 0.0000 0.0000 0.0000 0.0000 0.0001 0.1126 0.8873
#DG from neighbouring lambda in kcal/mol
0.0000 0.1000 -2.6438 0.3191
0.1000 0.2000 0.1360 0.3176
0.2000 0.3000 1.8262 0.2944
0.3000 0.4000 0.6372 1.8399
0.4000 0.5000 7.8059 0.0962
0.5000 0.6000 9.8739 0.1186
0.6000 0.7000 8.4945 0.0782
0.7000 0.8000 6.1555 0.0712
0.8000 0.9000 2.9746 0.0874
0.9000 1.0000 -0.6277 0.0782
#PMF from MBAR in kcal/mol
0.0000 0.0000 0.0000
0.1000 -2.6438 0.3191
0.2000 -2.5078 0.4522
0.3000 -0.6816 0.5412
0.4000 -0.0444 1.9183
0.5000 7.7614 1.9210
0.6000 17.6354 1.9251
0.7000 26.1298 1.9271
0.8000 32.2853 1.9289
0.9000 35.2599 1.9313
1.0000 34.6322 1.9334
#TI average gradients and standard deviation in kcal/mol
0.0000 -68.9801 29.1360
0.1000 -6.1078 32.4482
0.2000 6.3057 32.0186
0.3000 31.1542 27.6034
0.4000 23.5845 22.6386
0.5000 103.2064 21.2788
0.6000 90.7724 20.0219
0.7000 74.1822 17.5275
0.8000 47.4886 17.0152
0.9000 9.2892 17.2378
1.0000 -4.5599 17.1516
#PMF from TI in kcal/mol
0.0000 0.0000
0.1000 -3.7544
0.2000 -3.7445
0.3000 -1.8715
0.4000 0.8654
0.5000 7.2050
0.6000 16.9039
0.7000 25.1516
0.8000 31.2352
0.9000 34.0741
1.0000 34.3106
#MBAR free energy difference in kcal/mol: 
34.632167, 1.933383 
#TI free energy difference in kcal/mol: 
34.310553  
Starting /export/users/common/BioSimSpace/sire.app/bin/analyse_freenrg: number of threads equals 32
