# Analysing data contained in file(s) ['lambda_0.0000/simfile.dat', 'lambda_0.1000/simfile.dat', 'lambda_0.2000/simfile.dat', 'lambda_0.3000/simfile.dat', 'lambda_0.4000/simfile.dat', 'lambda_0.5000/simfile.dat', 'lambda_0.6000/simfile.dat', 'lambda_0.7000/simfile.dat', 'lambda_0.8000/simfile.dat', 'lambda_0.9000/simfile.dat', 'lambda_1.0000/simfile.dat']
#Overlap matrix
0.9991 0.0009 0.0000 0.0000 0.0000 0.0000 0.0000 0.0000 0.0000 0.0000 0.0000
0.0009 0.9870 0.0121 0.0000 0.0000 0.0000 0.0000 0.0000 0.0000 0.0000 0.0000
0.0000 0.0121 0.9322 0.0557 0.0000 0.0000 0.0000 0.0000 0.0000 0.0000 0.0000
0.0000 0.0000 0.0557 0.8753 0.0689 0.0000 0.0000 0.0000 0.0000 0.0000 0.0000
0.0000 0.0000 0.0000 0.0689 0.8405 0.0906 0.0000 0.0000 0.0000 0.0000 0.0000
0.0000 0.0000 0.0000 0.0000 0.0906 0.8205 0.0889 0.0000 0.0000 0.0000 0.0000
0.0000 0.0000 0.0000 0.0000 0.0000 0.0889 0.8794 0.0317 0.0000 0.0000 0.0000
0.0000 0.0000 0.0000 0.0000 0.0000 0.0000 0.0317 0.9536 0.0148 0.0000 0.0000
0.0000 0.0000 0.0000 0.0000 0.0000 0.0000 0.0000 0.0148 0.9514 0.0339 0.0000
0.0000 0.0000 0.0000 0.0000 0.0000 0.0000 0.0000 0.0000 0.0339 0.9428 0.0233
0.0000 0.0000 0.0000 0.0000 0.0000 0.0000 0.0000 0.0000 0.0000 0.0233 0.9767
#DG from neighbouring lambda in kcal/mol
0.0000 0.1000 24.3915 0.7729
0.1000 0.2000 9.3186 0.2112
0.2000 0.3000 4.1442 0.0937
0.3000 0.4000 0.8909 0.0830
0.4000 0.5000 -1.2458 0.0706
0.5000 0.6000 -3.0954 0.0714
0.6000 0.7000 -6.2807 0.1276
0.7000 0.8000 -15.4439 0.1904
0.8000 0.9000 -22.5762 0.1231
0.9000 1.0000 -28.3484 0.1500
#PMF from MBAR in kcal/mol
0.0000 0.0000 0.0000
0.1000 24.3915 0.7729
0.2000 33.7101 0.8019
0.3000 37.8543 0.8081
0.4000 38.7452 0.8130
0.5000 37.4994 0.8167
0.6000 34.4040 0.8205
0.7000 28.1232 0.8310
0.8000 12.6793 0.8532
0.9000 -9.8969 0.8627
1.0000 -38.2453 0.8763
#TI average gradients and standard deviation in kcal/mol
0.0000 402.8816 55.6584
0.1000 145.5804 35.7906
0.2000 59.6676 24.7822
0.3000 22.6271 21.7900
0.4000 -3.0536 20.5100
0.5000 -21.5955 19.5338
0.6000 -42.3488 21.0188
0.7000 -103.6489 33.0394
0.8000 -196.5666 26.2276
0.9000 -254.4909 26.3381
1.0000 -319.2004 30.8107
#PMF from TI in kcal/mol
0.0000 0.0000
0.1000 27.4231
0.2000 37.6855
0.3000 41.8002
0.4000 42.7789
0.5000 41.5465
0.6000 38.3492
0.7000 31.0494
0.8000 16.0386
0.9000 -6.5143
1.0000 -35.1988
#MBAR free energy difference in kcal/mol: 
-38.245262, 0.876255 
#TI free energy difference in kcal/mol: 
-35.198849  
Starting /export/users/common/BioSimSpace/sire.app/bin/analyse_freenrg: number of threads equals 32
