# Analysing data contained in file(s) ['lambda_0.0000/simfile.dat', 'lambda_0.1000/simfile.dat', 'lambda_0.2000/simfile.dat', 'lambda_0.3000/simfile.dat', 'lambda_0.4000/simfile.dat', 'lambda_0.5000/simfile.dat', 'lambda_0.6000/simfile.dat', 'lambda_0.7000/simfile.dat', 'lambda_0.8000/simfile.dat', 'lambda_0.9000/simfile.dat', 'lambda_1.0000/simfile.dat']
#Overlap matrix
0.9913 0.0087 0.0000 0.0000 0.0000 0.0000 0.0000 0.0000 0.0000 0.0000 0.0000
0.0087 0.9884 0.0029 0.0000 0.0000 0.0000 0.0000 0.0000 0.0000 0.0000 0.0000
0.0000 0.0029 0.9927 0.0044 0.0000 0.0000 0.0000 0.0000 0.0000 0.0000 0.0000
0.0000 0.0000 0.0044 0.9855 0.0101 0.0000 0.0000 0.0000 0.0000 0.0000 0.0000
0.0000 0.0000 0.0000 0.0101 0.9851 0.0049 0.0000 0.0000 0.0000 0.0000 0.0000
0.0000 0.0000 0.0000 0.0000 0.0049 0.9942 0.0009 0.0000 0.0000 0.0000 0.0000
0.0000 0.0000 0.0000 0.0000 0.0000 0.0009 0.9012 0.0978 0.0001 0.0000 0.0000
0.0000 0.0000 0.0000 0.0000 0.0000 0.0000 0.0978 0.8192 0.0830 0.0000 0.0000
0.0000 0.0000 0.0000 0.0000 0.0000 0.0000 0.0001 0.0830 0.8580 0.0588 0.0001
0.0000 0.0000 0.0000 0.0000 0.0000 0.0000 0.0000 0.0000 0.0588 0.8163 0.1249
0.0000 0.0000 0.0000 0.0000 0.0000 0.0000 0.0000 0.0000 0.0001 0.1249 0.8750
#DG from neighbouring lambda in kcal/mol
0.0000 0.1000 -4.8540 0.2368
0.1000 0.2000 -2.7143 0.4167
0.2000 0.3000 -2.4961 0.3330
0.3000 0.4000 -0.8322 0.2200
0.4000 0.5000 0.7708 0.3184
0.5000 0.6000 -1.9852 0.7407
0.6000 0.7000 6.6456 0.0639
0.7000 0.8000 7.6432 0.0706
0.8000 0.9000 3.7747 0.0864
0.9000 1.0000 1.1685 0.0547
#PMF from MBAR in kcal/mol
0.0000 0.0000 0.0000
0.1000 -4.8540 0.2368
0.2000 -7.5682 0.4803
0.3000 -10.0643 0.5853
0.4000 -10.8965 0.6261
0.5000 -10.1257 0.7031
0.6000 -12.1109 1.0218
0.7000 -5.4654 1.0242
0.8000 2.1778 1.0271
0.9000 5.9525 1.0313
1.0000 7.1210 1.0332
#TI average gradients and standard deviation in kcal/mol
0.0000 -84.3137 33.5439
0.1000 -30.0026 32.0885
0.2000 -24.5802 29.3915
0.3000 -12.6268 34.0613
0.4000 7.7118 32.4752
0.5000 -11.9462 47.5762
0.6000 19.5101 21.7575
0.7000 86.9857 19.0207
0.8000 60.8471 22.3288
0.9000 17.6674 19.6013
1.0000 23.8998 17.2322
#PMF from TI in kcal/mol
0.0000 0.0000
0.1000 -5.7158
0.2000 -8.4450
0.3000 -10.3053
0.4000 -10.5511
0.5000 -10.7628
0.6000 -10.3846
0.7000 -5.0598
0.8000 2.3319
0.9000 6.2576
1.0000 8.3359
#MBAR free energy difference in kcal/mol: 
7.121039, 1.033176 
#TI free energy difference in kcal/mol: 
8.335941  
Starting /export/users/common/BioSimSpace/sire.app/bin/analyse_freenrg: number of threads equals 32
