# Analysing data contained in file(s) ['lambda_0.0000/simfile.dat', 'lambda_0.1000/simfile.dat', 'lambda_0.2000/simfile.dat', 'lambda_0.3000/simfile.dat', 'lambda_0.4000/simfile.dat', 'lambda_0.5000/simfile.dat', 'lambda_0.6000/simfile.dat', 'lambda_0.7000/simfile.dat', 'lambda_0.8000/simfile.dat', 'lambda_0.9000/simfile.dat', 'lambda_1.0000/simfile.dat']
#Overlap matrix
0.9807 0.0193 0.0000 0.0000 0.0000 0.0000 0.0000 0.0000 0.0000 0.0000 0.0000
0.0193 0.9584 0.0223 0.0000 0.0000 0.0000 0.0000 0.0000 0.0000 0.0000 0.0000
0.0000 0.0223 0.9472 0.0306 0.0000 0.0000 0.0000 0.0000 0.0000 0.0000 0.0000
0.0000 0.0000 0.0306 0.9409 0.0286 0.0000 0.0000 0.0000 0.0000 0.0000 0.0000
0.0000 0.0000 0.0000 0.0286 0.9469 0.0246 0.0000 0.0000 0.0000 0.0000 0.0000
0.0000 0.0000 0.0000 0.0000 0.0246 0.9547 0.0207 0.0000 0.0000 0.0000 0.0000
0.0000 0.0000 0.0000 0.0000 0.0000 0.0207 0.9585 0.0207 0.0000 0.0000 0.0000
0.0000 0.0000 0.0000 0.0000 0.0000 0.0000 0.0207 0.9660 0.0132 0.0000 0.0000
0.0000 0.0000 0.0000 0.0000 0.0000 0.0000 0.0000 0.0132 0.9771 0.0097 0.0000
0.0000 0.0000 0.0000 0.0000 0.0000 0.0000 0.0000 0.0000 0.0097 0.9821 0.0081
0.0000 0.0000 0.0000 0.0000 0.0000 0.0000 0.0000 0.0000 0.0000 0.0081 0.9919
#DG from neighbouring lambda in kcal/mol
0.0000 0.1000 19.0383 0.1792
0.1000 0.2000 17.3677 0.1663
0.2000 0.3000 15.4336 0.1408
0.3000 0.4000 13.5958 0.1459
0.4000 0.5000 12.1396 0.1580
0.5000 0.6000 10.9157 0.1727
0.6000 0.7000 10.4680 0.1727
0.7000 0.8000 9.8259 0.2179
0.8000 0.9000 10.1015 0.2551
0.9000 1.0000 10.1896 0.2793
#PMF from MBAR in kcal/mol
0.0000 0.0000 0.0000
0.1000 19.0383 0.1792
0.2000 36.4060 0.2471
0.3000 51.8396 0.2866
0.4000 65.4354 0.3236
0.5000 77.5750 0.3619
0.6000 88.4907 0.4026
0.7000 98.9587 0.4396
0.8000 108.7846 0.4920
0.9000 118.8862 0.5553
1.0000 129.0758 0.6226
#TI average gradients and standard deviation in kcal/mol
0.0000 188.2990 27.3542
0.1000 178.6589 25.6804
0.2000 160.5870 25.9953
0.3000 143.8298 25.4571
0.4000 130.8086 25.3239
0.5000 114.1285 25.2749
0.6000 103.4672 25.4473
0.7000 100.6116 27.6100
0.8000 100.4123 28.9561
0.9000 99.7372 31.2886
1.0000 89.6545 33.4831
#PMF from TI in kcal/mol
0.0000 0.0000
0.1000 18.3479
0.2000 35.3102
0.3000 50.5310
0.4000 64.2629
0.5000 76.5098
0.6000 87.3896
0.7000 97.5935
0.8000 107.6447
0.9000 117.6522
1.0000 127.1218
#MBAR free energy difference in kcal/mol: 
129.075797, 0.622642 
#TI free energy difference in kcal/mol: 
127.121773  
Starting /export/users/common/BioSimSpace/sire.app/bin/analyse_freenrg: number of threads equals 32
