# Analysing data contained in file(s) ['lambda_0.0000/simfile.dat', 'lambda_0.1000/simfile.dat', 'lambda_0.2000/simfile.dat', 'lambda_0.3000/simfile.dat', 'lambda_0.4000/simfile.dat', 'lambda_0.5000/simfile.dat', 'lambda_0.6000/simfile.dat', 'lambda_0.7000/simfile.dat', 'lambda_0.8000/simfile.dat', 'lambda_0.9000/simfile.dat', 'lambda_1.0000/simfile.dat']
#Overlap matrix
0.9470 0.0530 0.0000 0.0000 0.0000 0.0000 0.0000 0.0000 0.0000 0.0000 0.0000
0.0530 0.8742 0.0727 0.0000 0.0000 0.0000 0.0000 0.0000 0.0000 0.0000 0.0000
0.0000 0.0727 0.8665 0.0608 0.0000 0.0000 0.0000 0.0000 0.0000 0.0000 0.0000
0.0000 0.0000 0.0608 0.8776 0.0616 0.0000 0.0000 0.0000 0.0000 0.0000 0.0000
0.0000 0.0000 0.0000 0.0616 0.8753 0.0630 0.0001 0.0000 0.0000 0.0000 0.0000
0.0000 0.0000 0.0000 0.0000 0.0630 0.8449 0.0921 0.0000 0.0000 0.0000 0.0000
0.0000 0.0000 0.0000 0.0000 0.0001 0.0921 0.9077 0.0000 0.0000 0.0000 0.0000
0.0000 0.0000 0.0000 0.0000 0.0000 0.0000 0.0000 0.9818 0.0182 0.0000 0.0000
0.0000 0.0000 0.0000 0.0000 0.0000 0.0000 0.0000 0.0182 0.9668 0.0150 0.0000
0.0000 0.0000 0.0000 0.0000 0.0000 0.0000 0.0000 0.0000 0.0150 0.9679 0.0170
0.0000 0.0000 0.0000 0.0000 0.0000 0.0000 0.0000 0.0000 0.0000 0.0170 0.9830
#DG from neighbouring lambda in kcal/mol
0.0000 0.1000 -2.0160 0.1186
0.1000 0.2000 -1.0877 0.0989
0.2000 0.3000 -3.0032 0.1098
0.3000 0.4000 -6.9671 0.1089
0.4000 0.5000 -11.0887 0.1074
0.5000 0.6000 -10.7115 0.0859
0.6000 0.7000 -1.4106 7.3272
0.7000 0.8000 -6.4923 0.2102
0.8000 0.9000 -7.8411 0.2320
0.9000 1.0000 -9.8754 0.2175
#PMF from MBAR in kcal/mol
0.0000 0.0000 0.0000
0.1000 -2.0160 0.1186
0.2000 -3.1037 0.1597
0.3000 -6.1069 0.1980
0.4000 -13.0740 0.2296
0.5000 -24.1627 0.2568
0.6000 -34.8742 0.2737
0.7000 -36.2849 7.3324
0.8000 -42.7771 7.3355
0.9000 -50.6183 7.3393
1.0000 -60.4937 7.3426
#TI average gradients and standard deviation in kcal/mol
0.0000 3.8631 1366.7314
0.1000 -8.5396 21.6055
0.2000 -16.4167 21.9520
0.3000 -47.3001 21.6896
0.4000 -89.6996 21.4259
0.5000 -126.2206 21.4598
0.6000 -58.3537 21.6897
0.7000 -68.6935 23.4487
0.8000 -70.3561 28.8650
0.9000 -88.6991 28.8443
1.0000 -100.6750 109.1715
#PMF from TI in kcal/mol
0.0000 0.0000
0.1000 -0.2338
0.2000 -1.4816
0.3000 -4.6675
0.4000 -11.5175
0.5000 -22.3135
0.6000 -31.5422
0.7000 -37.8946
0.8000 -44.8470
0.9000 -52.7998
1.0000 -62.2685
#MBAR free energy difference in kcal/mol: 
-60.493679, 7.342627 
#TI free energy difference in kcal/mol: 
-62.268507  
Starting /export/users/common/BioSimSpace/sire.app/bin/analyse_freenrg: number of threads equals 32
