# Analysing data contained in file(s) ['lambda_0.0000/simfile.dat', 'lambda_0.1000/simfile.dat', 'lambda_0.2000/simfile.dat', 'lambda_0.3000/simfile.dat', 'lambda_0.4000/simfile.dat', 'lambda_0.5000/simfile.dat', 'lambda_0.6000/simfile.dat', 'lambda_0.7000/simfile.dat', 'lambda_0.8000/simfile.dat', 'lambda_0.9000/simfile.dat', 'lambda_1.0000/simfile.dat']
#Overlap matrix
0.9890 0.0110 0.0000 0.0000 0.0000 0.0000 0.0000 0.0000 0.0000 0.0000 0.0000
0.0110 0.9857 0.0033 0.0000 0.0000 0.0000 0.0000 0.0000 0.0000 0.0000 0.0000
0.0000 0.0033 0.9929 0.0038 0.0000 0.0000 0.0000 0.0000 0.0000 0.0000 0.0000
0.0000 0.0000 0.0038 0.9962 0.0000 0.0000 0.0000 0.0000 0.0000 0.0000 0.0000
0.0000 0.0000 0.0000 0.0000 0.9024 0.0973 0.0003 0.0000 0.0000 0.0000 0.0000
0.0000 0.0000 0.0000 0.0000 0.0973 0.8052 0.0975 0.0000 0.0000 0.0000 0.0000
0.0000 0.0000 0.0000 0.0000 0.0003 0.0975 0.8442 0.0580 0.0000 0.0000 0.0000
0.0000 0.0000 0.0000 0.0000 0.0000 0.0000 0.0580 0.8458 0.0961 0.0001 0.0000
0.0000 0.0000 0.0000 0.0000 0.0000 0.0000 0.0000 0.0961 0.8165 0.0874 0.0000
0.0000 0.0000 0.0000 0.0000 0.0000 0.0000 0.0000 0.0001 0.0874 0.8481 0.0644
0.0000 0.0000 0.0000 0.0000 0.0000 0.0000 0.0000 0.0000 0.0000 0.0644 0.9355
#DG from neighbouring lambda in kcal/mol
0.0000 0.1000 -3.5372 0.2288
0.1000 0.2000 -4.7057 0.4225
0.2000 0.3000 -4.5216 0.3905
0.3000 0.4000 -8.0615 23.8523
0.4000 0.5000 4.0541 0.0697
0.5000 0.6000 6.5094 0.0696
0.6000 0.7000 2.6627 0.0947
0.7000 0.8000 -0.2687 0.0703
0.8000 0.9000 -1.0949 0.0745
0.9000 1.0000 -0.6465 0.0892
#PMF from MBAR in kcal/mol
0.0000 0.0000 0.0000
0.1000 -3.5372 0.2288
0.2000 -8.2429 0.4817
0.3000 -12.7645 0.6211
0.4000 -20.8260 23.8604
0.5000 -16.7719 23.8606
0.6000 -10.2625 23.8607
0.7000 -7.5998 23.8609
0.8000 -7.8685 23.8610
0.9000 -8.9634 23.8612
1.0000 -9.6099 23.8614
#TI average gradients and standard deviation in kcal/mol
0.0000 -40.4431 29.5792
0.1000 -44.9735 32.8058
0.2000 -50.9807 38.6555
0.3000 -35.5575 31.4191
0.4000 -21.7014 23.9204
0.5000 69.9740 17.3583
0.6000 50.2737 19.0813
0.7000 6.6476 19.2382
0.8000 -9.6614 18.1030
0.9000 -8.9394 19.6294
1.0000 4.6110 27.3701
#PMF from TI in kcal/mol
0.0000 0.0000
0.1000 -4.2708
0.2000 -9.0685
0.3000 -13.3955
0.4000 -16.2584
0.5000 -13.8448
0.6000 -7.8324
0.7000 -4.9863
0.8000 -5.1370
0.9000 -6.0671
1.0000 -6.2835
#MBAR free energy difference in kcal/mol: 
-9.609877, 23.861360 
#TI free energy difference in kcal/mol: 
-6.283470  
Starting /export/users/common/BioSimSpace/sire.app/bin/analyse_freenrg: number of threads equals 32
