# Analysing data contained in file(s) ['lambda_0.0000/simfile.dat', 'lambda_0.1000/simfile.dat', 'lambda_0.2000/simfile.dat', 'lambda_0.3000/simfile.dat', 'lambda_0.4000/simfile.dat', 'lambda_0.5000/simfile.dat', 'lambda_0.6000/simfile.dat', 'lambda_0.7000/simfile.dat', 'lambda_0.8000/simfile.dat', 'lambda_0.9000/simfile.dat', 'lambda_1.0000/simfile.dat']
#Overlap matrix
0.9681 0.0319 0.0000 0.0000 0.0000 0.0000 0.0000 0.0000 0.0000 0.0000 0.0000
0.0319 0.9270 0.0412 0.0000 0.0000 0.0000 0.0000 0.0000 0.0000 0.0000 0.0000
0.0000 0.0412 0.9242 0.0346 0.0000 0.0000 0.0000 0.0000 0.0000 0.0000 0.0000
0.0000 0.0000 0.0346 0.8976 0.0675 0.0003 0.0000 0.0000 0.0000 0.0000 0.0000
0.0000 0.0000 0.0000 0.0675 0.8240 0.1083 0.0002 0.0000 0.0000 0.0000 0.0000
0.0000 0.0000 0.0000 0.0003 0.1083 0.7985 0.0928 0.0001 0.0000 0.0000 0.0000
0.0000 0.0000 0.0000 0.0000 0.0002 0.0928 0.7970 0.1099 0.0001 0.0000 0.0000
0.0000 0.0000 0.0000 0.0000 0.0000 0.0001 0.1099 0.7988 0.0911 0.0001 0.0000
0.0000 0.0000 0.0000 0.0000 0.0000 0.0000 0.0001 0.0911 0.8202 0.0886 0.0000
0.0000 0.0000 0.0000 0.0000 0.0000 0.0000 0.0000 0.0001 0.0886 0.8602 0.0511
0.0000 0.0000 0.0000 0.0000 0.0000 0.0000 0.0000 0.0000 0.0000 0.0511 0.9488
#DG from neighbouring lambda in kcal/mol
0.0000 0.1000 2.6637 0.1476
0.1000 0.2000 3.5626 0.1286
0.2000 0.3000 3.9836 0.1413
0.3000 0.4000 4.6887 0.0973
0.4000 0.5000 5.7457 0.0731
0.5000 0.6000 5.0123 0.0805
0.6000 0.7000 3.5224 0.0725
0.7000 0.8000 2.5205 0.0815
0.8000 0.9000 2.4121 0.0830
0.9000 1.0000 3.3120 0.1141
#PMF from MBAR in kcal/mol
0.0000 0.0000 0.0000
0.1000 2.6637 0.1476
0.2000 6.2263 0.1995
0.3000 10.2099 0.2475
0.4000 14.8985 0.2687
0.5000 20.6442 0.2810
0.6000 25.6565 0.2948
0.7000 29.1789 0.3060
0.8000 31.6994 0.3189
0.9000 34.1115 0.3318
1.0000 37.4236 0.3530
#TI average gradients and standard deviation in kcal/mol
0.0000 13.3936 26.2268
0.1000 32.4351 24.7958
0.2000 38.2893 24.9321
0.3000 39.2026 23.7255
0.4000 53.3964 18.6525
0.5000 56.2857 17.6938
0.6000 42.3764 18.6452
0.7000 28.2927 18.3600
0.8000 22.3151 18.7922
0.9000 26.8313 21.0826
1.0000 47.1631 24.9336
#PMF from TI in kcal/mol
0.0000 0.0000
0.1000 2.2914
0.2000 5.8277
0.3000 9.7022
0.4000 14.3322
0.5000 19.8163
0.6000 24.7494
0.7000 28.2829
0.8000 30.8133
0.9000 33.2706
1.0000 36.9703
#MBAR free energy difference in kcal/mol: 
37.423565, 0.352953 
#TI free energy difference in kcal/mol: 
36.970294  
Starting /export/users/common/BioSimSpace/sire.app/bin/analyse_freenrg: number of threads equals 32
