# Analysing data contained in file(s) ['lambda_0.0000/simfile.dat', 'lambda_0.1000/simfile.dat', 'lambda_0.2000/simfile.dat', 'lambda_0.3000/simfile.dat', 'lambda_0.4000/simfile.dat', 'lambda_0.5000/simfile.dat', 'lambda_0.6000/simfile.dat', 'lambda_0.7000/simfile.dat', 'lambda_0.8000/simfile.dat', 'lambda_0.9000/simfile.dat', 'lambda_1.0000/simfile.dat']
#Overlap matrix
0.8463 0.1509 0.0028 0.0000 0.0000 0.0000 0.0000 0.0000 0.0000 0.0000 0.0000
0.1509 0.6660 0.1782 0.0049 0.0000 0.0000 0.0000 0.0000 0.0000 0.0000 0.0000
0.0028 0.1782 0.6203 0.1892 0.0091 0.0003 0.0000 0.0000 0.0000 0.0000 0.0000
0.0000 0.0049 0.1892 0.5957 0.2019 0.0083 0.0001 0.0000 0.0000 0.0000 0.0000
0.0000 0.0000 0.0091 0.2019 0.7043 0.0833 0.0013 0.0000 0.0000 0.0000 0.0000
0.0000 0.0000 0.0003 0.0083 0.0833 0.7960 0.1107 0.0014 0.0000 0.0000 0.0000
0.0000 0.0000 0.0000 0.0001 0.0013 0.1107 0.7716 0.1145 0.0018 0.0000 0.0000
0.0000 0.0000 0.0000 0.0000 0.0000 0.0014 0.1145 0.7510 0.1313 0.0018 0.0000
0.0000 0.0000 0.0000 0.0000 0.0000 0.0000 0.0018 0.1313 0.7404 0.1260 0.0006
0.0000 0.0000 0.0000 0.0000 0.0000 0.0000 0.0000 0.0018 0.1260 0.7800 0.0922
0.0000 0.0000 0.0000 0.0000 0.0000 0.0000 0.0000 0.0000 0.0006 0.0922 0.9072
#DG from neighbouring lambda in kcal/mol
0.0000 0.1000 12.3951 0.0544
0.1000 0.2000 8.7007 0.0471
0.2000 0.3000 5.0303 0.0438
0.3000 0.4000 2.3162 0.0411
0.4000 0.5000 1.1001 0.0758
0.5000 0.6000 -1.4654 0.0669
0.6000 0.7000 -4.2543 0.0653
0.7000 0.8000 -6.7644 0.0596
0.8000 0.9000 -8.4666 0.0617
0.9000 1.0000 -7.8579 0.0759
#PMF from MBAR in kcal/mol
0.0000 0.0000 0.0000
0.1000 12.3951 0.0544
0.2000 21.0957 0.0798
0.3000 26.1261 0.0971
0.4000 28.4422 0.1103
0.5000 29.5423 0.1367
0.6000 28.0769 0.1559
0.7000 23.8227 0.1725
0.8000 17.0583 0.1857
0.9000 8.5917 0.1986
1.0000 0.7338 0.2155
#TI average gradients and standard deviation in kcal/mol
0.0000 136.4597 17.8481
0.1000 107.5424 12.4734
0.2000 70.0505 14.6765
0.3000 33.5347 13.7566
0.4000 20.2180 14.5144
0.5000 -2.7813 20.7334
0.6000 -25.9584 21.3493
0.7000 -56.0484 15.8720
0.8000 -78.2173 17.7920
0.9000 -89.3763 15.4523
1.0000 -57.6597 22.1060
#PMF from TI in kcal/mol
0.0000 0.0000
0.1000 12.2001
0.2000 21.0798
0.3000 26.2590
0.4000 28.9466
0.5000 29.8185
0.6000 28.3815
0.7000 24.2812
0.8000 17.5679
0.9000 9.1882
1.0000 1.8364
#MBAR free energy difference in kcal/mol: 
0.733841, 0.215538 
#TI free energy difference in kcal/mol: 
1.836383  
Starting /export/users/common/BioSimSpace/sire.app/bin/analyse_freenrg: number of threads equals 32
