# Analysing data contained in file(s) ['lambda_0.0000/simfile.dat', 'lambda_0.1000/simfile.dat', 'lambda_0.2000/simfile.dat', 'lambda_0.3000/simfile.dat', 'lambda_0.4000/simfile.dat', 'lambda_0.5000/simfile.dat', 'lambda_0.6000/simfile.dat', 'lambda_0.7000/simfile.dat', 'lambda_0.8000/simfile.dat', 'lambda_0.9000/simfile.dat', 'lambda_1.0000/simfile.dat']
#Overlap matrix
0.8524 0.1467 0.0009 0.0000 0.0000 0.0000 0.0000 0.0000 0.0000 0.0000 0.0000
0.1467 0.7128 0.1393 0.0012 0.0000 0.0000 0.0000 0.0000 0.0000 0.0000 0.0000
0.0009 0.1393 0.7025 0.1559 0.0014 0.0000 0.0000 0.0000 0.0000 0.0000 0.0000
0.0000 0.0012 0.1559 0.6976 0.1440 0.0013 0.0000 0.0000 0.0000 0.0000 0.0000
0.0000 0.0000 0.0014 0.1440 0.7086 0.1450 0.0010 0.0000 0.0000 0.0000 0.0000
0.0000 0.0000 0.0000 0.0013 0.1450 0.7054 0.1474 0.0010 0.0000 0.0000 0.0000
0.0000 0.0000 0.0000 0.0000 0.0010 0.1474 0.7111 0.1398 0.0007 0.0000 0.0000
0.0000 0.0000 0.0000 0.0000 0.0000 0.0010 0.1398 0.7376 0.1213 0.0003 0.0000
0.0000 0.0000 0.0000 0.0000 0.0000 0.0000 0.0007 0.1213 0.7616 0.1162 0.0002
0.0000 0.0000 0.0000 0.0000 0.0000 0.0000 0.0000 0.0003 0.1162 0.8043 0.0791
0.0000 0.0000 0.0000 0.0000 0.0000 0.0000 0.0000 0.0000 0.0002 0.0791 0.9207
#DG from neighbouring lambda in kcal/mol
0.0000 0.1000 3.5365 0.0496
0.1000 0.2000 2.9451 0.0511
0.2000 0.3000 2.4915 0.0471
0.3000 0.4000 2.1877 0.0498
0.4000 0.5000 1.9397 0.0497
0.5000 0.6000 1.6965 0.0492
0.6000 0.7000 1.7152 0.0511
0.7000 0.8000 1.9314 0.0564
0.8000 0.9000 2.3513 0.0582
0.9000 1.0000 3.3605 0.0739
#PMF from MBAR in kcal/mol
0.0000 0.0000 0.0000
0.1000 3.5365 0.0496
0.2000 6.4816 0.0778
0.3000 8.9731 0.0962
0.4000 11.1608 0.1127
0.5000 13.1005 0.1271
0.6000 14.7971 0.1398
0.7000 16.5122 0.1521
0.8000 18.4437 0.1653
0.9000 20.7949 0.1780
1.0000 24.1554 0.1954
#TI average gradients and standard deviation in kcal/mol
0.0000 35.1117 14.7415
0.1000 32.5447 16.6428
0.2000 27.4445 15.6546
0.3000 23.6208 15.2042
0.4000 20.6334 15.0366
0.5000 17.9359 16.0823
0.6000 16.8139 16.9700
0.7000 17.0492 16.5082
0.8000 20.6217 17.6469
0.9000 27.8641 17.4833
1.0000 39.3363 20.6882
#PMF from TI in kcal/mol
0.0000 0.0000
0.1000 3.3828
0.2000 6.3823
0.3000 8.9355
0.4000 11.1483
0.5000 13.0767
0.6000 14.8142
0.7000 16.5074
0.8000 18.3909
0.9000 20.8152
1.0000 24.1752
#MBAR free energy difference in kcal/mol: 
24.155429, 0.195384 
#TI free energy difference in kcal/mol: 
24.175224  
Starting /export/users/common/BioSimSpace/sire.app/bin/analyse_freenrg: number of threads equals 32
