# Analysing data contained in file(s) ['lambda_0.0000/simfile.dat', 'lambda_0.1000/simfile.dat', 'lambda_0.2000/simfile.dat', 'lambda_0.3000/simfile.dat', 'lambda_0.4000/simfile.dat', 'lambda_0.5000/simfile.dat', 'lambda_0.6000/simfile.dat', 'lambda_0.7000/simfile.dat', 'lambda_0.8000/simfile.dat', 'lambda_0.9000/simfile.dat', 'lambda_1.0000/simfile.dat']
#Overlap matrix
0.8821 0.1175 0.0004 0.0000 0.0000 0.0000 0.0000 0.0000 0.0000 0.0000 0.0000
0.1175 0.7660 0.1162 0.0003 0.0000 0.0000 0.0000 0.0000 0.0000 0.0000 0.0000
0.0004 0.1162 0.7486 0.1339 0.0009 0.0000 0.0000 0.0000 0.0000 0.0000 0.0000
0.0000 0.0003 0.1339 0.7271 0.1376 0.0010 0.0000 0.0000 0.0000 0.0000 0.0000
0.0000 0.0000 0.0009 0.1376 0.7840 0.0770 0.0005 0.0000 0.0000 0.0000 0.0000
0.0000 0.0000 0.0000 0.0010 0.0770 0.8102 0.1110 0.0008 0.0000 0.0000 0.0000
0.0000 0.0000 0.0000 0.0000 0.0005 0.1110 0.7780 0.1099 0.0006 0.0000 0.0000
0.0000 0.0000 0.0000 0.0000 0.0000 0.0008 0.1099 0.7891 0.0996 0.0005 0.0000
0.0000 0.0000 0.0000 0.0000 0.0000 0.0000 0.0006 0.0996 0.7984 0.1010 0.0003
0.0000 0.0000 0.0000 0.0000 0.0000 0.0000 0.0000 0.0005 0.1010 0.8173 0.0812
0.0000 0.0000 0.0000 0.0000 0.0000 0.0000 0.0000 0.0000 0.0003 0.0812 0.9185
#DG from neighbouring lambda in kcal/mol
0.0000 0.1000 -0.5742 0.0638
0.1000 0.2000 -2.0544 0.0642
0.2000 0.3000 -3.8922 0.0583
0.3000 0.4000 -4.5033 0.0570
0.4000 0.5000 -4.2044 0.0822
0.5000 0.6000 -4.6333 0.0659
0.6000 0.7000 -4.6587 0.0663
0.7000 0.8000 -4.5843 0.0706
0.8000 0.9000 -4.0288 0.0701
0.9000 1.0000 -1.5231 0.0804
#PMF from MBAR in kcal/mol
0.0000 0.0000 0.0000
0.1000 -0.5742 0.0638
0.2000 -2.6286 0.0971
0.3000 -6.5208 0.1186
0.4000 -11.0241 0.1360
0.5000 -15.2285 0.1625
0.6000 -19.8618 0.1787
0.7000 -24.5205 0.1937
0.8000 -29.1048 0.2090
0.9000 -33.1337 0.2232
1.0000 -34.6568 0.2397
#TI average gradients and standard deviation in kcal/mol
0.0000 -7.5622 18.0653
0.1000 -12.5560 17.1895
0.2000 -29.9889 17.4803
0.3000 -46.2702 16.8552
0.4000 -39.3238 18.5835
0.5000 -46.1657 18.5321
0.6000 -47.0943 18.1945
0.7000 -47.2724 18.0411
0.8000 -44.4711 18.8374
0.9000 -31.7429 19.6598
1.0000 10.5721 20.9271
#PMF from TI in kcal/mol
0.0000 0.0000
0.1000 -1.0059
0.2000 -3.1332
0.3000 -6.9461
0.4000 -11.2258
0.5000 -15.5003
0.6000 -20.1633
0.7000 -24.8816
0.8000 -29.4688
0.9000 -33.2795
1.0000 -34.3380
#MBAR free energy difference in kcal/mol: 
-34.656786, 0.239739 
#TI free energy difference in kcal/mol: 
-34.338047  
Starting /export/users/common/BioSimSpace/sire.app/bin/analyse_freenrg: number of threads equals 32
