# Analysing data contained in file(s) ['lambda_0.0000/simfile.dat', 'lambda_0.1000/simfile.dat', 'lambda_0.2000/simfile.dat', 'lambda_0.3000/simfile.dat', 'lambda_0.4000/simfile.dat', 'lambda_0.5000/simfile.dat', 'lambda_0.6000/simfile.dat', 'lambda_0.7000/simfile.dat', 'lambda_0.8000/simfile.dat', 'lambda_0.9000/simfile.dat', 'lambda_1.0000/simfile.dat']
#Overlap matrix
0.8692 0.1296 0.0012 0.0000 0.0000 0.0000 0.0000 0.0000 0.0000 0.0000 0.0000
0.1296 0.7157 0.1531 0.0016 0.0000 0.0000 0.0000 0.0000 0.0000 0.0000 0.0000
0.0012 0.1531 0.6893 0.1553 0.0011 0.0000 0.0000 0.0000 0.0000 0.0000 0.0000
0.0000 0.0016 0.1553 0.6999 0.1420 0.0013 0.0000 0.0000 0.0000 0.0000 0.0000
0.0000 0.0000 0.0011 0.1420 0.7056 0.1501 0.0012 0.0000 0.0000 0.0000 0.0000
0.0000 0.0000 0.0000 0.0013 0.1501 0.6969 0.1501 0.0017 0.0000 0.0000 0.0000
0.0000 0.0000 0.0000 0.0000 0.0012 0.1501 0.6826 0.1643 0.0018 0.0000 0.0000
0.0000 0.0000 0.0000 0.0000 0.0000 0.0017 0.1643 0.6810 0.1513 0.0017 0.0000
0.0000 0.0000 0.0000 0.0000 0.0000 0.0000 0.0018 0.1513 0.6891 0.1557 0.0020
0.0000 0.0000 0.0000 0.0000 0.0000 0.0000 0.0000 0.0017 0.1557 0.6710 0.1716
0.0000 0.0000 0.0000 0.0000 0.0000 0.0000 0.0000 0.0000 0.0020 0.1716 0.8264
#DG from neighbouring lambda in kcal/mol
0.0000 0.1000 -3.8828 0.0590
0.1000 0.2000 -4.6015 0.0522
0.2000 0.3000 -5.3633 0.0517
0.3000 0.4000 -6.4146 0.0551
0.4000 0.5000 -7.4359 0.0530
0.5000 0.6000 -8.4715 0.0529
0.6000 0.7000 -9.2671 0.0494
0.7000 0.8000 -10.0300 0.0525
0.8000 0.9000 -10.8546 0.0514
0.9000 1.0000 -11.5396 0.0482
#PMF from MBAR in kcal/mol
0.0000 0.0000 0.0000
0.1000 -3.8828 0.0590
0.2000 -8.4843 0.0859
0.3000 -13.8476 0.1059
0.4000 -20.2622 0.1242
0.5000 -27.6981 0.1392
0.6000 -36.1696 0.1528
0.7000 -45.4367 0.1642
0.8000 -55.4666 0.1757
0.9000 -66.3213 0.1861
1.0000 -77.8609 0.1952
#TI average gradients and standard deviation in kcal/mol
0.0000 -36.0075 16.6868
0.1000 -43.6340 15.4673
0.2000 -49.8667 15.0111
0.3000 -59.5270 15.6138
0.4000 -69.4635 15.3773
0.5000 -79.3367 15.5508
0.6000 -88.9338 14.5502
0.7000 -97.2028 14.9022
0.8000 -104.8323 14.7915
0.9000 -112.2948 14.6347
1.0000 -116.6471 14.0187
#PMF from TI in kcal/mol
0.0000 0.0000
0.1000 -3.9821
0.2000 -8.6571
0.3000 -14.1268
0.4000 -20.5763
0.5000 -28.0163
0.6000 -36.4299
0.7000 -45.7367
0.8000 -55.8384
0.9000 -66.6948
1.0000 -78.1419
#MBAR free energy difference in kcal/mol: 
-77.860884, 0.195227 
#TI free energy difference in kcal/mol: 
-78.141893  
Starting /export/users/common/BioSimSpace/sire.app/bin/analyse_freenrg: number of threads equals 32
