# Analysing data contained in file(s) ['lambda_0.0000/simfile.dat', 'lambda_0.1000/simfile.dat', 'lambda_0.2000/simfile.dat', 'lambda_0.3000/simfile.dat', 'lambda_0.4000/simfile.dat', 'lambda_0.5000/simfile.dat', 'lambda_0.6000/simfile.dat', 'lambda_0.7000/simfile.dat', 'lambda_0.8000/simfile.dat', 'lambda_0.9000/simfile.dat', 'lambda_1.0000/simfile.dat']
#Overlap matrix
0.9439 0.0560 0.0001 0.0000 0.0000 0.0000 0.0000 0.0000 0.0000 0.0000 0.0000
0.0560 0.8581 0.0854 0.0004 0.0000 0.0000 0.0000 0.0000 0.0000 0.0000 0.0000
0.0001 0.0854 0.7943 0.1196 0.0006 0.0000 0.0000 0.0000 0.0000 0.0000 0.0000
0.0000 0.0004 0.1196 0.7591 0.1199 0.0010 0.0000 0.0000 0.0000 0.0000 0.0000
0.0000 0.0000 0.0006 0.1199 0.7430 0.1350 0.0014 0.0000 0.0000 0.0000 0.0000
0.0000 0.0000 0.0000 0.0010 0.1350 0.7261 0.1361 0.0017 0.0000 0.0000 0.0000
0.0000 0.0000 0.0000 0.0000 0.0014 0.1361 0.7017 0.1577 0.0031 0.0000 0.0000
0.0000 0.0000 0.0000 0.0000 0.0000 0.0017 0.1577 0.6603 0.1773 0.0031 0.0000
0.0000 0.0000 0.0000 0.0000 0.0000 0.0000 0.0031 0.1773 0.6433 0.1737 0.0027
0.0000 0.0000 0.0000 0.0000 0.0000 0.0000 0.0000 0.0031 0.1737 0.6573 0.1660
0.0000 0.0000 0.0000 0.0000 0.0000 0.0000 0.0000 0.0000 0.0027 0.1660 0.8313
#DG from neighbouring lambda in kcal/mol
0.0000 0.1000 -1.9699 0.0954
0.1000 0.2000 0.6895 0.0745
0.2000 0.3000 2.1924 0.0602
0.3000 0.4000 3.0219 0.0598
0.4000 0.5000 3.7268 0.0551
0.5000 0.6000 4.3932 0.0546
0.6000 0.7000 4.9916 0.0489
0.7000 0.8000 5.7920 0.0446
0.8000 0.9000 6.3955 0.0453
0.9000 1.0000 6.9467 0.0475
#PMF from MBAR in kcal/mol
0.0000 0.0000 0.0000
0.1000 -1.9699 0.0954
0.2000 -1.2804 0.1256
0.3000 0.9120 0.1432
0.4000 3.9339 0.1587
0.5000 7.6607 0.1712
0.6000 12.0539 0.1826
0.7000 17.0455 0.1918
0.8000 22.8376 0.1995
0.9000 29.2330 0.2072
1.0000 36.1798 0.2150
#TI average gradients and standard deviation in kcal/mol
0.0000 -43.3280 23.6151
0.1000 -3.5952 20.1204
0.2000 15.5618 18.9574
0.3000 26.8160 17.1872
0.4000 33.7663 16.8014
0.5000 39.2956 17.1971
0.6000 47.1075 15.4414
0.7000 55.4718 14.6862
0.8000 61.2616 14.5046
0.9000 66.4807 14.4786
1.0000 85.6081 14.6189
#PMF from TI in kcal/mol
0.0000 0.0000
0.1000 -2.3462
0.2000 -1.7478
0.3000 0.3711
0.4000 3.4002
0.5000 7.0533
0.6000 11.3734
0.7000 16.5024
0.8000 22.3391
0.9000 28.7262
1.0000 36.3306
#MBAR free energy difference in kcal/mol: 
36.179759, 0.214999 
#TI free energy difference in kcal/mol: 
36.330621  
Starting /export/users/common/BioSimSpace/sire.app/bin/analyse_freenrg: number of threads equals 32
