# Analysing data contained in file(s) ['lambda_0.0000/simfile.dat', 'lambda_0.1000/simfile.dat', 'lambda_0.2000/simfile.dat', 'lambda_0.3000/simfile.dat', 'lambda_0.4000/simfile.dat', 'lambda_0.5000/simfile.dat', 'lambda_0.6000/simfile.dat', 'lambda_0.7000/simfile.dat', 'lambda_0.8000/simfile.dat', 'lambda_0.9000/simfile.dat', 'lambda_1.0000/simfile.dat']
#Overlap matrix
0.8682 0.1293 0.0024 0.0000 0.0000 0.0000 0.0000 0.0000 0.0000 0.0000 0.0000
0.1293 0.6653 0.1971 0.0081 0.0001 0.0000 0.0000 0.0000 0.0000 0.0000 0.0000
0.0024 0.1971 0.5762 0.2079 0.0159 0.0004 0.0000 0.0000 0.0000 0.0000 0.0000
0.0000 0.0081 0.2079 0.5343 0.2289 0.0205 0.0003 0.0000 0.0000 0.0000 0.0000
0.0000 0.0001 0.0159 0.2289 0.5614 0.1854 0.0081 0.0002 0.0000 0.0000 0.0000
0.0000 0.0000 0.0004 0.0205 0.1854 0.6177 0.1670 0.0089 0.0001 0.0000 0.0000
0.0000 0.0000 0.0000 0.0003 0.0081 0.1670 0.6375 0.1795 0.0075 0.0001 0.0000
0.0000 0.0000 0.0000 0.0000 0.0002 0.0089 0.1795 0.6377 0.1693 0.0045 0.0000
0.0000 0.0000 0.0000 0.0000 0.0000 0.0001 0.0075 0.1693 0.6784 0.1431 0.0015
0.0000 0.0000 0.0000 0.0000 0.0000 0.0000 0.0001 0.0045 0.1431 0.7277 0.1247
0.0000 0.0000 0.0000 0.0000 0.0000 0.0000 0.0000 0.0000 0.0015 0.1247 0.8739
#DG from neighbouring lambda in kcal/mol
0.0000 0.1000 4.3755 0.0594
0.1000 0.2000 2.5461 0.0422
0.2000 0.3000 1.2032 0.0383
0.3000 0.4000 0.4009 0.0337
0.4000 0.5000 0.3283 0.0412
0.5000 0.6000 -0.1653 0.0466
0.6000 0.7000 -0.5481 0.0443
0.7000 0.8000 -0.7780 0.0471
0.8000 0.9000 -0.5111 0.0545
0.9000 1.0000 0.7239 0.0611
#PMF from MBAR in kcal/mol
0.0000 0.0000 0.0000
0.1000 4.3755 0.0594
0.2000 6.9216 0.0803
0.3000 8.1248 0.0947
0.4000 8.5257 0.1050
0.5000 8.8540 0.1164
0.6000 8.6886 0.1293
0.7000 8.1405 0.1401
0.8000 7.3626 0.1511
0.9000 6.8515 0.1639
1.0000 7.5754 0.1782
#TI average gradients and standard deviation in kcal/mol
0.0000 52.3572 18.0253
0.1000 32.8588 14.4799
0.2000 18.1585 12.1881
0.3000 7.3408 10.7963
0.4000 2.9370 11.3687
0.5000 1.7296 14.6426
0.6000 -3.6569 14.6293
0.7000 -6.3550 14.6412
0.8000 -6.7856 14.5576
0.9000 -1.9258 16.0784
1.0000 23.1133 17.7105
#PMF from TI in kcal/mol
0.0000 0.0000
0.1000 4.2608
0.2000 6.8117
0.3000 8.0866
0.4000 8.6005
0.5000 8.8338
0.6000 8.7375
0.7000 8.2369
0.8000 7.5799
0.9000 7.1443
1.0000 8.2037
#MBAR free energy difference in kcal/mol: 
7.575368, 0.178199 
#TI free energy difference in kcal/mol: 
8.203662  
Starting /export/users/common/BioSimSpace/sire.app/bin/analyse_freenrg: number of threads equals 32
