# Analysing data contained in file(s) ['lambda_0.0000/simfile.dat', 'lambda_0.1000/simfile.dat', 'lambda_0.2000/simfile.dat', 'lambda_0.3000/simfile.dat', 'lambda_0.4000/simfile.dat', 'lambda_0.5000/simfile.dat', 'lambda_0.6000/simfile.dat', 'lambda_0.7000/simfile.dat', 'lambda_0.8000/simfile.dat', 'lambda_0.9000/simfile.dat', 'lambda_1.0000/simfile.dat']
#Overlap matrix
0.7748 0.2117 0.0133 0.0002 0.0000 0.0000 0.0000 0.0000 0.0000 0.0000 0.0000
0.2117 0.5505 0.2195 0.0180 0.0003 0.0000 0.0000 0.0000 0.0000 0.0000 0.0000
0.0133 0.2195 0.5205 0.2256 0.0206 0.0005 0.0000 0.0000 0.0000 0.0000 0.0000
0.0002 0.0180 0.2256 0.5024 0.2294 0.0238 0.0006 0.0000 0.0000 0.0000 0.0000
0.0000 0.0003 0.0206 0.2294 0.4964 0.2283 0.0243 0.0007 0.0000 0.0000 0.0000
0.0000 0.0000 0.0005 0.0238 0.2283 0.4878 0.2319 0.0270 0.0008 0.0000 0.0000
0.0000 0.0000 0.0000 0.0006 0.0243 0.2319 0.4798 0.2352 0.0274 0.0008 0.0000
0.0000 0.0000 0.0000 0.0000 0.0007 0.0270 0.2352 0.4791 0.2316 0.0259 0.0005
0.0000 0.0000 0.0000 0.0000 0.0000 0.0008 0.0274 0.2316 0.4874 0.2331 0.0197
0.0000 0.0000 0.0000 0.0000 0.0000 0.0000 0.0008 0.0259 0.2331 0.5252 0.2150
0.0000 0.0000 0.0000 0.0000 0.0000 0.0000 0.0000 0.0005 0.0197 0.2150 0.7648
#DG from neighbouring lambda in kcal/mol
0.0000 0.1000 6.9241 0.0136
0.1000 0.2000 5.7476 0.0123
0.2000 0.3000 4.4215 0.0117
0.3000 0.4000 3.0138 0.0112
0.4000 0.5000 1.6067 0.0111
0.5000 0.6000 0.1682 0.0108
0.6000 0.7000 -1.2373 0.0106
0.7000 0.8000 -2.5980 0.0108
0.8000 0.9000 -3.7854 0.0110
0.9000 1.0000 -4.5398 0.0131
#PMF from MBAR in kcal/mol
0.0000 0.0000 0.0000
0.1000 6.9241 0.0136
0.2000 12.6718 0.0212
0.3000 17.0932 0.0263
0.4000 20.1070 0.0304
0.5000 21.7137 0.0340
0.6000 21.8819 0.0371
0.7000 20.6446 0.0398
0.8000 18.0466 0.0425
0.9000 14.2612 0.0450
1.0000 9.7215 0.0480
#TI average gradients and standard deviation in kcal/mol
0.0000 73.7944 12.9259
0.1000 63.6748 11.5467
0.2000 51.0054 10.9591
0.3000 37.2822 10.7525
0.4000 23.1287 10.4045
0.5000 8.8531 10.3913
0.6000 -5.3872 10.1117
0.7000 -19.1845 10.0380
0.8000 -32.5454 10.0162
0.9000 -42.6404 10.7184
1.0000 -47.0576 13.5008
#PMF from TI in kcal/mol
0.0000 0.0000
0.1000 6.8735
0.2000 12.6075
0.3000 17.0218
0.4000 20.0424
0.5000 21.6415
0.6000 21.8148
0.7000 20.5862
0.8000 17.9997
0.9000 14.2404
1.0000 9.7555
#MBAR free energy difference in kcal/mol: 
9.721454, 0.047991  #WARNING SUBSAMPLING DISABLED, CONSIDER RERUN WITH SUBSAMPLING OPTION
#TI free energy difference in kcal/mol: 
9.755522  #WARNING SUBSAMPLING DISABLED, CONSIDER RERUN WITH SUBSAMPLING OPTION 
Starting /export/users/common/BioSimSpace/sire.app/bin/analyse_freenrg: number of threads equals 32
