# Analysing data contained in file(s) ['lambda_0.0000/simfile.dat', 'lambda_0.1000/simfile.dat', 'lambda_0.2000/simfile.dat', 'lambda_0.3000/simfile.dat', 'lambda_0.4000/simfile.dat', 'lambda_0.5000/simfile.dat', 'lambda_0.6000/simfile.dat', 'lambda_0.7000/simfile.dat', 'lambda_0.8000/simfile.dat', 'lambda_0.9000/simfile.dat', 'lambda_1.0000/simfile.dat']
#Overlap matrix
0.8119 0.1805 0.0075 0.0001 0.0000 0.0000 0.0000 0.0000 0.0000 0.0000 0.0000
0.1805 0.6054 0.1943 0.0190 0.0009 0.0000 0.0000 0.0000 0.0000 0.0000 0.0000
0.0075 0.1943 0.5205 0.2430 0.0332 0.0015 0.0000 0.0000 0.0000 0.0000 0.0000
0.0001 0.0190 0.2430 0.4669 0.2353 0.0341 0.0015 0.0000 0.0000 0.0000 0.0000
0.0000 0.0009 0.0332 0.2353 0.4556 0.2371 0.0364 0.0015 0.0000 0.0000 0.0000
0.0000 0.0000 0.0015 0.0341 0.2371 0.4572 0.2339 0.0347 0.0014 0.0000 0.0000
0.0000 0.0000 0.0000 0.0015 0.0364 0.2339 0.4537 0.2425 0.0315 0.0005 0.0000
0.0000 0.0000 0.0000 0.0000 0.0015 0.0347 0.2425 0.4844 0.2262 0.0107 0.0000
0.0000 0.0000 0.0000 0.0000 0.0000 0.0014 0.0315 0.2262 0.6008 0.1396 0.0005
0.0000 0.0000 0.0000 0.0000 0.0000 0.0000 0.0005 0.0107 0.1396 0.7993 0.0498
0.0000 0.0000 0.0000 0.0000 0.0000 0.0000 0.0000 0.0000 0.0005 0.0498 0.9497
#DG from neighbouring lambda in kcal/mol
0.0000 0.1000 -2.1732 0.0158
0.1000 0.2000 -3.4915 0.0138
0.2000 0.3000 -4.1079 0.0103
0.3000 0.4000 -4.4551 0.0101
0.4000 0.5000 -4.9461 0.0099
0.5000 0.6000 -5.9036 0.0100
0.6000 0.7000 -6.3431 0.0098
0.7000 0.8000 -6.2213 0.0115
0.8000 0.9000 -4.5895 0.0186
0.9000 1.0000 1.4238 0.0366
#PMF from MBAR in kcal/mol
0.0000 0.0000 0.0000
0.1000 -2.1732 0.0158
0.2000 -5.6646 0.0237
0.3000 -9.7725 0.0278
0.4000 -14.2277 0.0311
0.5000 -19.1738 0.0340
0.6000 -25.0774 0.0367
0.7000 -31.4205 0.0393
0.8000 -37.6417 0.0420
0.9000 -42.2312 0.0471
1.0000 -40.8074 0.0608
#TI average gradients and standard deviation in kcal/mol
0.0000 17.1468 1478.1747
0.1000 -29.6172 12.8605
0.2000 -40.8155 11.6956
0.3000 -42.6009 9.8184
0.4000 -46.7808 9.5713
0.5000 -54.2964 9.4083
0.6000 -61.7473 9.6985
0.7000 -64.1534 9.8331
0.8000 -57.9199 12.4683
0.9000 -28.3040 18.9086
1.0000 81.6875 26.0242
#PMF from TI in kcal/mol
0.0000 0.0000
0.1000 -0.6235
0.2000 -4.1452
0.3000 -8.3160
0.4000 -12.7851
0.5000 -17.8389
0.6000 -23.6411
0.7000 -29.9361
0.8000 -36.0398
0.9000 -40.3510
1.0000 -37.6818
#MBAR free energy difference in kcal/mol: 
-40.807435, 0.060822  #WARNING SUBSAMPLING DISABLED, CONSIDER RERUN WITH SUBSAMPLING OPTION
#TI free energy difference in kcal/mol: 
-37.681828  #WARNING SUBSAMPLING DISABLED, CONSIDER RERUN WITH SUBSAMPLING OPTION 
Starting /export/users/common/BioSimSpace/sire.app/bin/analyse_freenrg: number of threads equals 32
