# Analysing data contained in file(s) ['lambda_0.0000/simfile.dat', 'lambda_0.1000/simfile.dat', 'lambda_0.2000/simfile.dat', 'lambda_0.3000/simfile.dat', 'lambda_0.4000/simfile.dat', 'lambda_0.5000/simfile.dat', 'lambda_0.6000/simfile.dat', 'lambda_0.7000/simfile.dat', 'lambda_0.8000/simfile.dat', 'lambda_0.9000/simfile.dat', 'lambda_1.0000/simfile.dat']
#Overlap matrix
0.9893 0.0107 0.0000 0.0000 0.0000 0.0000 0.0000 0.0000 0.0000 0.0000 0.0000
0.0107 0.9620 0.0273 0.0000 0.0000 0.0000 0.0000 0.0000 0.0000 0.0000 0.0000
0.0000 0.0273 0.9332 0.0395 0.0000 0.0000 0.0000 0.0000 0.0000 0.0000 0.0000
0.0000 0.0000 0.0395 0.9122 0.0483 0.0000 0.0000 0.0000 0.0000 0.0000 0.0000
0.0000 0.0000 0.0000 0.0483 0.9049 0.0468 0.0000 0.0000 0.0000 0.0000 0.0000
0.0000 0.0000 0.0000 0.0000 0.0468 0.9111 0.0421 0.0000 0.0000 0.0000 0.0000
0.0000 0.0000 0.0000 0.0000 0.0000 0.0421 0.9197 0.0382 0.0000 0.0000 0.0000
0.0000 0.0000 0.0000 0.0000 0.0000 0.0000 0.0382 0.9368 0.0251 0.0000 0.0000
0.0000 0.0000 0.0000 0.0000 0.0000 0.0000 0.0000 0.0251 0.9589 0.0160 0.0000
0.0000 0.0000 0.0000 0.0000 0.0000 0.0000 0.0000 0.0000 0.0160 0.9790 0.0050
0.0000 0.0000 0.0000 0.0000 0.0000 0.0000 0.0000 0.0000 0.0000 0.0050 0.9950
#DG from neighbouring lambda in kcal/mol
0.0000 0.1000 15.9574 0.0829
0.1000 0.2000 8.3571 0.0509
0.2000 0.3000 3.4856 0.0418
0.3000 0.4000 -0.3438 0.0374
0.4000 0.5000 -3.9299 0.0381
0.5000 0.6000 -7.5898 0.0403
0.6000 0.7000 -11.7835 0.0426
0.7000 0.8000 -16.5679 0.0532
0.8000 0.9000 -22.0134 0.0672
0.9000 1.0000 -26.1751 0.1220
#PMF from MBAR in kcal/mol
0.0000 0.0000 0.0000
0.1000 15.9574 0.0829
0.2000 24.3145 0.0980
0.3000 27.8001 0.1073
0.4000 27.4563 0.1143
0.5000 23.5263 0.1211
0.6000 15.9365 0.1282
0.7000 4.1530 0.1356
0.8000 -12.4149 0.1462
0.9000 -34.4283 0.1614
1.0000 -60.6034 0.2027
#TI average gradients and standard deviation in kcal/mol
0.0000 204.8668 31.9801
0.1000 115.2152 26.4166
0.2000 56.5770 23.2343
0.3000 14.6723 22.2729
0.4000 -21.2554 22.0453
0.5000 -57.3439 21.8449
0.6000 -96.6138 23.4381
0.7000 -140.4586 24.2375
0.8000 -193.4289 26.5482
0.9000 -245.1442 29.3932
1.0000 -269.0432 36.3072
#PMF from TI in kcal/mol
0.0000 0.0000
0.1000 16.0041
0.2000 24.5937
0.3000 28.1562
0.4000 27.8270
0.5000 23.8971
0.6000 16.1992
0.7000 4.3455
0.8000 -12.3488
0.9000 -34.2775
1.0000 -59.9869
#MBAR free energy difference in kcal/mol: 
-60.603446, 0.202663  #WARNING SUBSAMPLING DISABLED, CONSIDER RERUN WITH SUBSAMPLING OPTION
#TI free energy difference in kcal/mol: 
-59.986854  #WARNING SUBSAMPLING DISABLED, CONSIDER RERUN WITH SUBSAMPLING OPTION 
Starting /export/users/common/BioSimSpace/sire.app/bin/analyse_freenrg: number of threads equals 32
