# Analysing data contained in file(s) ['lambda_0.0000/simfile.dat', 'lambda_0.1000/simfile.dat', 'lambda_0.2000/simfile.dat', 'lambda_0.3000/simfile.dat', 'lambda_0.4000/simfile.dat', 'lambda_0.5000/simfile.dat', 'lambda_0.6000/simfile.dat', 'lambda_0.7000/simfile.dat', 'lambda_0.8000/simfile.dat', 'lambda_0.9000/simfile.dat', 'lambda_1.0000/simfile.dat']
#Overlap matrix
0.9415 0.0585 0.0000 0.0000 0.0000 0.0000 0.0000 0.0000 0.0000 0.0000 0.0000
0.0585 0.8637 0.0778 0.0000 0.0000 0.0000 0.0000 0.0000 0.0000 0.0000 0.0000
0.0000 0.0778 0.8311 0.0910 0.0001 0.0000 0.0000 0.0000 0.0000 0.0000 0.0000
0.0000 0.0000 0.0910 0.8116 0.0972 0.0001 0.0000 0.0000 0.0000 0.0000 0.0000
0.0000 0.0000 0.0001 0.0972 0.7994 0.1031 0.0002 0.0000 0.0000 0.0000 0.0000
0.0000 0.0000 0.0000 0.0001 0.1031 0.7815 0.1150 0.0003 0.0000 0.0000 0.0000
0.0000 0.0000 0.0000 0.0000 0.0002 0.1150 0.7669 0.1175 0.0004 0.0000 0.0000
0.0000 0.0000 0.0000 0.0000 0.0000 0.0003 0.1175 0.7514 0.1303 0.0005 0.0000
0.0000 0.0000 0.0000 0.0000 0.0000 0.0000 0.0004 0.1303 0.7443 0.1248 0.0002
0.0000 0.0000 0.0000 0.0000 0.0000 0.0000 0.0000 0.0005 0.1248 0.7972 0.0775
0.0000 0.0000 0.0000 0.0000 0.0000 0.0000 0.0000 0.0000 0.0002 0.0775 0.9223
#DG from neighbouring lambda in kcal/mol
0.0000 0.1000 -6.2373 0.0336
0.1000 0.2000 -3.3183 0.0285
0.2000 0.3000 -2.3844 0.0259
0.3000 0.4000 -1.9701 0.0249
0.4000 0.5000 -1.8465 0.0240
0.5000 0.6000 -1.8469 0.0223
0.6000 0.7000 -1.9891 0.0220
0.7000 0.8000 -2.1722 0.0205
0.8000 0.9000 -2.3976 0.0211
0.9000 1.0000 -3.0424 0.0285
#PMF from MBAR in kcal/mol
0.0000 0.0000 0.0000
0.1000 -6.2373 0.0336
0.2000 -9.5556 0.0457
0.3000 -11.9400 0.0540
0.4000 -13.9101 0.0606
0.5000 -15.7566 0.0663
0.6000 -17.6035 0.0710
0.7000 -19.5926 0.0753
0.8000 -21.7649 0.0790
0.9000 -24.1625 0.0827
1.0000 -27.2049 0.0883
#TI average gradients and standard deviation in kcal/mol
0.0000 -92.0673 23.0126
0.1000 -42.7881 20.6827
0.2000 -26.7247 19.5517
0.3000 -20.7334 18.2814
0.4000 -18.8227 17.7095
0.5000 -18.6225 17.4513
0.6000 -18.8180 17.0165
0.7000 -21.1567 16.3900
0.8000 -22.6138 16.1604
0.9000 -25.4679 16.7572
1.0000 -41.5463 336.1820
#PMF from TI in kcal/mol
0.0000 0.0000
0.1000 -6.7428
0.2000 -10.2184
0.3000 -12.5913
0.4000 -14.5691
0.5000 -16.4414
0.6000 -18.3134
0.7000 -20.3121
0.8000 -22.5007
0.9000 -24.9048
1.0000 -28.2555
#MBAR free energy difference in kcal/mol: 
-27.204886, 0.088276  #WARNING SUBSAMPLING DISABLED, CONSIDER RERUN WITH SUBSAMPLING OPTION
#TI free energy difference in kcal/mol: 
-28.255461  #WARNING SUBSAMPLING DISABLED, CONSIDER RERUN WITH SUBSAMPLING OPTION 
Starting /export/users/common/BioSimSpace/sire.app/bin/analyse_freenrg: number of threads equals 32
