# Analysing data contained in file(s) ['lambda_0.0000/simfile.dat', 'lambda_0.1000/simfile.dat', 'lambda_0.2000/simfile.dat', 'lambda_0.3000/simfile.dat', 'lambda_0.4000/simfile.dat', 'lambda_0.5000/simfile.dat', 'lambda_0.6000/simfile.dat', 'lambda_0.7000/simfile.dat', 'lambda_0.8000/simfile.dat', 'lambda_0.9000/simfile.dat', 'lambda_1.0000/simfile.dat']
#Overlap matrix
0.9387 0.0613 0.0000 0.0000 0.0000 0.0000 0.0000 0.0000 0.0000 0.0000 0.0000
0.0613 0.8718 0.0669 0.0000 0.0000 0.0000 0.0000 0.0000 0.0000 0.0000 0.0000
0.0000 0.0669 0.8579 0.0752 0.0000 0.0000 0.0000 0.0000 0.0000 0.0000 0.0000
0.0000 0.0000 0.0752 0.8432 0.0816 0.0000 0.0000 0.0000 0.0000 0.0000 0.0000
0.0000 0.0000 0.0000 0.0816 0.8271 0.0912 0.0001 0.0000 0.0000 0.0000 0.0000
0.0000 0.0000 0.0000 0.0000 0.0912 0.8092 0.0993 0.0002 0.0000 0.0000 0.0000
0.0000 0.0000 0.0000 0.0000 0.0001 0.0993 0.7897 0.1106 0.0003 0.0000 0.0000
0.0000 0.0000 0.0000 0.0000 0.0000 0.0002 0.1106 0.7688 0.1199 0.0005 0.0000
0.0000 0.0000 0.0000 0.0000 0.0000 0.0000 0.0003 0.1199 0.7483 0.1307 0.0008
0.0000 0.0000 0.0000 0.0000 0.0000 0.0000 0.0000 0.0005 0.1307 0.7277 0.1411
0.0000 0.0000 0.0000 0.0000 0.0000 0.0000 0.0000 0.0000 0.0008 0.1411 0.8581
#DG from neighbouring lambda in kcal/mol
0.0000 0.1000 -7.7180 0.0327
0.1000 0.2000 -7.1321 0.0311
0.2000 0.3000 -6.5462 0.0291
0.3000 0.4000 -6.0132 0.0277
0.4000 0.5000 -5.3582 0.0259
0.5000 0.6000 -4.7467 0.0245
0.6000 0.7000 -4.0703 0.0229
0.7000 0.8000 -3.3726 0.0217
0.8000 0.9000 -2.6212 0.0204
0.9000 1.0000 -1.7193 0.0194
#PMF from MBAR in kcal/mol
0.0000 0.0000 0.0000
0.1000 -7.7180 0.0327
0.2000 -14.8500 0.0468
0.3000 -21.3962 0.0564
0.4000 -27.4094 0.0640
0.5000 -32.7676 0.0701
0.6000 -37.5143 0.0753
0.7000 -41.5847 0.0796
0.8000 -44.9573 0.0834
0.9000 -47.5785 0.0867
1.0000 -49.2977 0.0897
#TI average gradients and standard deviation in kcal/mol
0.0000 -79.9589 20.5307
0.1000 -74.4291 20.1120
0.2000 -68.6260 19.6088
0.3000 -62.7163 19.3604
0.4000 -56.7915 18.2624
0.5000 -50.5932 17.8179
0.6000 -44.0564 17.0274
0.7000 -37.2152 16.4437
0.8000 -30.1060 15.8319
0.9000 -22.1975 15.4140
1.0000 -11.7126 14.9472
#PMF from TI in kcal/mol
0.0000 0.0000
0.1000 -7.7194
0.2000 -14.8722
0.3000 -21.4393
0.4000 -27.4147
0.5000 -32.7839
0.6000 -37.5164
0.7000 -41.5800
0.8000 -44.9460
0.9000 -47.5612
1.0000 -49.2567
#MBAR free energy difference in kcal/mol: 
-49.297748, 0.089656  #WARNING SUBSAMPLING DISABLED, CONSIDER RERUN WITH SUBSAMPLING OPTION
#TI free energy difference in kcal/mol: 
-49.256696  #WARNING SUBSAMPLING DISABLED, CONSIDER RERUN WITH SUBSAMPLING OPTION 
Starting /export/users/common/BioSimSpace/sire.app/bin/analyse_freenrg: number of threads equals 32
