# Analysing data contained in file(s) ['lambda_0.0000/simfile.dat', 'lambda_0.1000/simfile.dat', 'lambda_0.2000/simfile.dat', 'lambda_0.3000/simfile.dat', 'lambda_0.4000/simfile.dat', 'lambda_0.5000/simfile.dat', 'lambda_0.6000/simfile.dat', 'lambda_0.7000/simfile.dat', 'lambda_0.8000/simfile.dat', 'lambda_0.9000/simfile.dat', 'lambda_1.0000/simfile.dat']
#Overlap matrix
0.8950 0.1046 0.0004 0.0000 0.0000 0.0000 0.0000 0.0000 0.0000 0.0000 0.0000
0.1046 0.7629 0.1317 0.0007 0.0000 0.0000 0.0000 0.0000 0.0000 0.0000 0.0000
0.0004 0.1317 0.7306 0.1364 0.0008 0.0000 0.0000 0.0000 0.0000 0.0000 0.0000
0.0000 0.0007 0.1364 0.7264 0.1361 0.0004 0.0000 0.0000 0.0000 0.0000 0.0000
0.0000 0.0000 0.0008 0.1361 0.7657 0.0960 0.0014 0.0000 0.0000 0.0000 0.0000
0.0000 0.0000 0.0000 0.0004 0.0960 0.7470 0.1544 0.0023 0.0000 0.0000 0.0000
0.0000 0.0000 0.0000 0.0000 0.0014 0.1544 0.6865 0.1567 0.0010 0.0000 0.0000
0.0000 0.0000 0.0000 0.0000 0.0000 0.0023 0.1567 0.7145 0.1261 0.0004 0.0000
0.0000 0.0000 0.0000 0.0000 0.0000 0.0000 0.0010 0.1261 0.7559 0.1166 0.0003
0.0000 0.0000 0.0000 0.0000 0.0000 0.0000 0.0000 0.0004 0.1166 0.7740 0.1090
0.0000 0.0000 0.0000 0.0000 0.0000 0.0000 0.0000 0.0000 0.0003 0.1090 0.8907
#DG from neighbouring lambda in kcal/mol
0.0000 0.1000 -0.2149 0.0237
0.1000 0.2000 0.1607 0.0203
0.2000 0.3000 -0.0042 0.0198
0.3000 0.4000 -0.4769 0.0199
0.4000 0.5000 -1.4816 0.0248
0.5000 0.6000 -0.9554 0.0180
0.6000 0.7000 -0.2224 0.0178
0.7000 0.8000 -0.2871 0.0209
0.8000 0.9000 -0.7126 0.0221
0.9000 1.0000 -0.5172 0.0231
#PMF from MBAR in kcal/mol
0.0000 0.0000 0.0000
0.1000 -0.2149 0.0237
0.2000 -0.0542 0.0335
0.3000 -0.0584 0.0407
0.4000 -0.5353 0.0469
0.5000 -2.0169 0.0544
0.6000 -2.9723 0.0585
0.7000 -3.1947 0.0622
0.8000 -3.4818 0.0667
0.9000 -4.1944 0.0713
1.0000 -4.7116 0.0759
#TI average gradients and standard deviation in kcal/mol
0.0000 -8.4857 18.4505
0.1000 0.9468 16.5033
0.2000 1.5957 15.5852
0.3000 -1.9824 15.5795
0.4000 -8.7736 17.3903
0.5000 -15.9411 16.4772
0.6000 -4.1839 15.0885
0.7000 -0.8077 15.2514
0.8000 -5.7802 16.4343
0.9000 -7.9614 17.5092
1.0000 -6127.5585 356226.2985
#PMF from TI in kcal/mol
0.0000 0.0000
0.1000 -0.3769
0.2000 -0.2498
0.3000 -0.2691
0.4000 -0.8069
0.5000 -2.0427
0.6000 -3.0489
0.7000 -3.2985
0.8000 -3.6279
0.9000 -4.3150
1.0000 -311.0910
#MBAR free energy difference in kcal/mol: 
-4.711564, 0.075933  #WARNING SUBSAMPLING DISABLED, CONSIDER RERUN WITH SUBSAMPLING OPTION
#TI free energy difference in kcal/mol: 
-311.090978  #WARNING SUBSAMPLING DISABLED, CONSIDER RERUN WITH SUBSAMPLING OPTION 
Starting /export/users/common/BioSimSpace/sire.app/bin/analyse_freenrg: number of threads equals 32
