# Analysing data contained in file(s) ['lambda_0.0000/simfile.dat', 'lambda_0.1000/simfile.dat', 'lambda_0.2000/simfile.dat', 'lambda_0.3000/simfile.dat', 'lambda_0.4000/simfile.dat', 'lambda_0.5000/simfile.dat', 'lambda_0.6000/simfile.dat', 'lambda_0.7000/simfile.dat', 'lambda_0.8000/simfile.dat', 'lambda_0.9000/simfile.dat', 'lambda_1.0000/simfile.dat']
#Overlap matrix
0.9476 0.0523 0.0000 0.0000 0.0000 0.0000 0.0000 0.0000 0.0000 0.0000 0.0000
0.0523 0.8866 0.0602 0.0008 0.0000 0.0000 0.0000 0.0000 0.0000 0.0000 0.0000
0.0000 0.0602 0.9032 0.0363 0.0000 0.0001 0.0001 0.0000 0.0000 0.0000 0.0000
0.0000 0.0008 0.0363 0.9413 0.0196 0.0010 0.0010 0.0000 0.0000 0.0000 0.0000
0.0000 0.0000 0.0000 0.0196 0.9078 0.0692 0.0034 0.0000 0.0000 0.0000 0.0000
0.0000 0.0000 0.0001 0.0010 0.0692 0.7360 0.1896 0.0041 0.0000 0.0000 0.0000
0.0000 0.0000 0.0001 0.0010 0.0034 0.1896 0.6314 0.1709 0.0035 0.0000 0.0000
0.0000 0.0000 0.0000 0.0000 0.0000 0.0041 0.1709 0.6444 0.1806 0.0000 0.0000
0.0000 0.0000 0.0000 0.0000 0.0000 0.0000 0.0035 0.1806 0.7859 0.0298 0.0001
0.0000 0.0000 0.0000 0.0000 0.0000 0.0000 0.0000 0.0000 0.0298 0.8110 0.1592
0.0000 0.0000 0.0000 0.0000 0.0000 0.0000 0.0000 0.0000 0.0001 0.1592 0.8407
#DG from neighbouring lambda in kcal/mol
0.0000 0.1000 1.4206 0.0358
0.1000 0.2000 0.3294 0.0328
0.2000 0.3000 1.0311 0.0430
0.3000 0.4000 0.6989 0.0573
0.4000 0.5000 9.0457 0.0292
0.5000 0.6000 11.6895 0.0151
0.6000 0.7000 12.0302 0.0164
0.7000 0.8000 12.3514 0.0160
0.8000 0.9000 5.4960 0.0485
0.9000 1.0000 4.6290 0.0179
#PMF from MBAR in kcal/mol
0.0000 0.0000 0.0000
0.1000 1.4206 0.0358
0.2000 1.7501 0.0501
0.3000 2.7812 0.0667
0.4000 3.4801 0.0886
0.5000 12.5257 0.0929
0.6000 24.2152 0.0945
0.7000 36.2454 0.0966
0.8000 48.5969 0.0986
0.9000 54.0929 0.1106
1.0000 58.7219 0.1127
#TI average gradients and standard deviation in kcal/mol
0.0000 30.4168 64.7140
0.1000 45.0712 22.4904
0.2000 43.1237 25.4115
0.3000 26.8576 38.4635
0.4000 -29.9969 11.9041
0.5000 249.9697 12.6808
0.6000 153.1015 12.9196
0.7000 155.6338 13.5909
0.8000 149.8079 34.7508
0.9000 42.3441 16.8865
1.0000 51.1291 13.2673
#PMF from TI in kcal/mol
0.0000 0.0000
0.1000 3.7744
0.2000 8.1841
0.3000 11.6832
0.4000 11.5262
0.5000 22.5249
0.6000 42.6784
0.7000 58.1152
0.8000 73.3873
0.9000 82.9949
1.0000 87.6686
#MBAR free energy difference in kcal/mol: 
58.721903, 0.112651  #WARNING SUBSAMPLING DISABLED, CONSIDER RERUN WITH SUBSAMPLING OPTION
#TI free energy difference in kcal/mol: 
87.668560  #WARNING SUBSAMPLING DISABLED, CONSIDER RERUN WITH SUBSAMPLING OPTION 
Starting /export/users/common/BioSimSpace/sire.app/bin/analyse_freenrg: number of threads equals 32
