# Analysing data contained in file(s) ['lambda_0.0000/simfile.dat', 'lambda_0.1000/simfile.dat', 'lambda_0.2000/simfile.dat', 'lambda_0.3000/simfile.dat', 'lambda_0.4000/simfile.dat', 'lambda_0.5000/simfile.dat', 'lambda_0.6000/simfile.dat', 'lambda_0.7000/simfile.dat', 'lambda_0.8000/simfile.dat', 'lambda_0.9000/simfile.dat', 'lambda_1.0000/simfile.dat']
#Overlap matrix
0.9427 0.0572 0.0001 0.0000 0.0000 0.0000 0.0000 0.0000 0.0000 0.0000 0.0000
0.0572 0.7939 0.1477 0.0013 0.0000 0.0000 0.0000 0.0000 0.0000 0.0000 0.0000
0.0001 0.1477 0.6990 0.1516 0.0017 0.0000 0.0000 0.0000 0.0000 0.0000 0.0000
0.0000 0.0013 0.1516 0.6817 0.1623 0.0031 0.0000 0.0000 0.0000 0.0000 0.0000
0.0000 0.0000 0.0017 0.1623 0.6474 0.1838 0.0048 0.0000 0.0000 0.0000 0.0000
0.0000 0.0000 0.0000 0.0031 0.1838 0.6221 0.1854 0.0055 0.0000 0.0000 0.0000
0.0000 0.0000 0.0000 0.0000 0.0048 0.1854 0.6228 0.1818 0.0052 0.0000 0.0000
0.0000 0.0000 0.0000 0.0000 0.0000 0.0055 0.1818 0.6310 0.1771 0.0046 0.0000
0.0000 0.0000 0.0000 0.0000 0.0000 0.0000 0.0052 0.1771 0.6587 0.1570 0.0020
0.0000 0.0000 0.0000 0.0000 0.0000 0.0000 0.0000 0.0046 0.1570 0.7310 0.1073
0.0000 0.0000 0.0000 0.0000 0.0000 0.0000 0.0000 0.0000 0.0020 0.1073 0.8907
#DG from neighbouring lambda in kcal/mol
0.0000 0.1000 5.6286 0.0340
0.1000 0.2000 3.4268 0.0188
0.2000 0.3000 2.5251 0.0183
0.3000 0.4000 1.7350 0.0173
0.4000 0.5000 1.3285 0.0155
0.5000 0.6000 1.2069 0.0153
0.6000 0.7000 1.3032 0.0155
0.7000 0.8000 1.6164 0.0158
0.8000 0.9000 2.8663 0.0176
0.9000 1.0000 8.4216 0.0231
#PMF from MBAR in kcal/mol
0.0000 0.0000 0.0000
0.1000 5.6286 0.0340
0.2000 9.0554 0.0407
0.3000 11.5805 0.0462
0.4000 13.3155 0.0507
0.5000 14.6440 0.0543
0.6000 15.8509 0.0575
0.7000 17.1541 0.0606
0.8000 18.7705 0.0637
0.9000 21.6368 0.0670
1.0000 30.0583 0.0718
#TI average gradients and standard deviation in kcal/mol
0.0000 494.3523 28957.6908
0.1000 39.2476 15.9658
0.2000 29.7094 15.0185
0.3000 20.8349 14.9464
0.4000 14.3010 14.2037
0.5000 12.5716 13.6087
0.6000 12.3856 13.5809
0.7000 13.8724 14.1140
0.8000 19.6183 14.4760
0.9000 43.3974 15.9519
1.0000 151.0550 20.3559
#PMF from TI in kcal/mol
0.0000 0.0000
0.1000 26.6800
0.2000 30.1278
0.3000 32.6551
0.4000 34.4119
0.5000 35.7555
0.6000 37.0033
0.7000 38.3162
0.8000 39.9908
0.9000 43.1416
1.0000 52.8642
#MBAR free energy difference in kcal/mol: 
30.058334, 0.071843  #WARNING SUBSAMPLING DISABLED, CONSIDER RERUN WITH SUBSAMPLING OPTION
#TI free energy difference in kcal/mol: 
52.864187  #WARNING SUBSAMPLING DISABLED, CONSIDER RERUN WITH SUBSAMPLING OPTION 
Starting /export/users/common/BioSimSpace/sire.app/bin/analyse_freenrg: number of threads equals 32
