# Analysing data contained in file(s) ['lambda_0.0000/simfile.dat', 'lambda_0.1000/simfile.dat', 'lambda_0.2000/simfile.dat', 'lambda_0.3000/simfile.dat', 'lambda_0.4000/simfile.dat', 'lambda_0.5000/simfile.dat', 'lambda_0.6000/simfile.dat', 'lambda_0.7000/simfile.dat', 'lambda_0.8000/simfile.dat', 'lambda_0.9000/simfile.dat', 'lambda_1.0000/simfile.dat']
#Overlap matrix
0.7457 0.2319 0.0219 0.0006 0.0000 0.0000 0.0000 0.0000 0.0000 0.0000 0.0000
0.2319 0.5106 0.2324 0.0245 0.0006 0.0000 0.0000 0.0000 0.0000 0.0000 0.0000
0.0219 0.2324 0.4890 0.2301 0.0259 0.0007 0.0000 0.0000 0.0000 0.0000 0.0000
0.0006 0.0245 0.2301 0.4849 0.2326 0.0266 0.0008 0.0000 0.0000 0.0000 0.0000
0.0000 0.0006 0.0259 0.2326 0.4788 0.2328 0.0284 0.0009 0.0000 0.0000 0.0000
0.0000 0.0000 0.0007 0.0266 0.2328 0.4750 0.2339 0.0302 0.0009 0.0000 0.0000
0.0000 0.0000 0.0000 0.0008 0.0284 0.2339 0.4687 0.2395 0.0279 0.0008 0.0000
0.0000 0.0000 0.0000 0.0000 0.0009 0.0302 0.2395 0.4721 0.2277 0.0285 0.0011
0.0000 0.0000 0.0000 0.0000 0.0000 0.0009 0.0279 0.2277 0.4704 0.2389 0.0342
0.0000 0.0000 0.0000 0.0000 0.0000 0.0000 0.0008 0.0285 0.2389 0.4684 0.2633
0.0000 0.0000 0.0000 0.0000 0.0000 0.0000 0.0000 0.0011 0.0342 0.2633 0.7014
#DG from neighbouring lambda in kcal/mol
0.0000 0.1000 -9.0752 0.0121
0.1000 0.2000 -6.7222 0.0110
0.2000 0.3000 -5.6654 0.0110
0.3000 0.4000 -4.9971 0.0108
0.4000 0.5000 -4.4465 0.0107
0.5000 0.6000 -3.9130 0.0105
0.6000 0.7000 -3.3788 0.0103
0.7000 0.8000 -2.9374 0.0108
0.8000 0.9000 -2.5262 0.0101
0.9000 1.0000 -2.0468 0.0102
#PMF from MBAR in kcal/mol
0.0000 0.0000 0.0000
0.1000 -9.0752 0.0121
0.2000 -15.7974 0.0192
0.3000 -21.4628 0.0244
0.4000 -26.4599 0.0285
0.5000 -30.9065 0.0320
0.6000 -34.8194 0.0351
0.7000 -38.1982 0.0379
0.8000 -41.1356 0.0407
0.9000 -43.6618 0.0431
1.0000 -45.7086 0.0453
#TI average gradients and standard deviation in kcal/mol
0.0000 -111.2625 12.1783
0.1000 -75.4140 10.5890
0.2000 -60.7924 10.1848
0.3000 -53.1054 10.1330
0.4000 -47.0291 10.1383
0.5000 -41.8070 9.9224
0.6000 -36.5259 9.8667
0.7000 -30.9102 9.7029
0.8000 -27.8142 9.6894
0.9000 -22.9530 9.6101
1.0000 -17.0725 9.5665
#PMF from TI in kcal/mol
0.0000 0.0000
0.1000 -9.3338
0.2000 -16.1441
0.3000 -21.8390
0.4000 -26.8458
0.5000 -31.2876
0.6000 -35.2042
0.7000 -38.5760
0.8000 -41.5123
0.9000 -44.0506
1.0000 -46.0519
#MBAR free energy difference in kcal/mol: 
-45.708565, 0.045346  #WARNING SUBSAMPLING DISABLED, CONSIDER RERUN WITH SUBSAMPLING OPTION
#TI free energy difference in kcal/mol: 
-46.051882  #WARNING SUBSAMPLING DISABLED, CONSIDER RERUN WITH SUBSAMPLING OPTION 
Starting /export/users/common/BioSimSpace/sire.app/bin/analyse_freenrg: number of threads equals 32
