# Analysing data contained in file(s) ['lambda_0.0000/simfile.dat', 'lambda_0.1000/simfile.dat', 'lambda_0.2000/simfile.dat', 'lambda_0.3000/simfile.dat', 'lambda_0.4000/simfile.dat', 'lambda_0.5000/simfile.dat', 'lambda_0.6000/simfile.dat', 'lambda_0.7000/simfile.dat', 'lambda_0.8000/simfile.dat', 'lambda_0.9000/simfile.dat', 'lambda_1.0000/simfile.dat']
#Overlap matrix
0.8140 0.1766 0.0093 0.0001 0.0000 0.0000 0.0000 0.0000 0.0000 0.0000 0.0000
0.1766 0.5941 0.2161 0.0131 0.0001 0.0000 0.0000 0.0000 0.0000 0.0000 0.0000
0.0093 0.2161 0.5443 0.2155 0.0146 0.0002 0.0000 0.0000 0.0000 0.0000 0.0000
0.0001 0.0131 0.2155 0.5357 0.2201 0.0154 0.0001 0.0000 0.0000 0.0000 0.0000
0.0000 0.0001 0.0146 0.2201 0.5356 0.2188 0.0107 0.0001 0.0000 0.0000 0.0000
0.0000 0.0000 0.0002 0.0154 0.2188 0.5540 0.2019 0.0096 0.0001 0.0000 0.0000
0.0000 0.0000 0.0000 0.0001 0.0107 0.2019 0.5697 0.2071 0.0104 0.0001 0.0000
0.0000 0.0000 0.0000 0.0000 0.0001 0.0096 0.2071 0.5651 0.2085 0.0096 0.0000
0.0000 0.0000 0.0000 0.0000 0.0000 0.0001 0.0104 0.2085 0.5710 0.2072 0.0028
0.0000 0.0000 0.0000 0.0000 0.0000 0.0000 0.0001 0.0096 0.2072 0.6698 0.1133
0.0000 0.0000 0.0000 0.0000 0.0000 0.0000 0.0000 0.0000 0.0028 0.1133 0.8839
#DG from neighbouring lambda in kcal/mol
0.0000 0.1000 1.2716 0.0159
0.1000 0.2000 3.4135 0.0129
0.2000 0.3000 3.2035 0.0126
0.3000 0.4000 2.5267 0.0123
0.4000 0.5000 1.7577 0.0125
0.5000 0.6000 0.7272 0.0137
0.6000 0.7000 -0.3419 0.0135
0.7000 0.8000 -1.3137 0.0134
0.8000 0.9000 -2.2259 0.0138
0.9000 1.0000 -3.5793 0.0222
#PMF from MBAR in kcal/mol
0.0000 0.0000 0.0000
0.1000 1.2716 0.0159
0.2000 4.6851 0.0232
0.3000 7.8886 0.0285
0.4000 10.4153 0.0328
0.5000 12.1730 0.0367
0.6000 12.9002 0.0407
0.7000 12.5583 0.0443
0.8000 11.2446 0.0475
0.9000 9.0187 0.0507
1.0000 5.4394 0.0566
#TI average gradients and standard deviation in kcal/mol
0.0000 -17.1351 16.9244
0.1000 30.1506 12.2808
0.2000 34.6481 11.8479
0.3000 28.6164 11.7480
0.4000 21.2401 12.1080
0.5000 13.4366 12.3914
0.6000 1.5073 12.1965
0.7000 -8.2932 12.1623
0.8000 -17.7856 12.0880
0.9000 -26.6202 12.9392
1.0000 -57.4826 262.4348
#PMF from TI in kcal/mol
0.0000 0.0000
0.1000 0.6508
0.2000 3.8907
0.3000 7.0539
0.4000 9.5468
0.5000 11.2806
0.6000 12.0278
0.7000 11.6885
0.8000 10.3846
0.9000 8.1643
1.0000 3.9591
#MBAR free energy difference in kcal/mol: 
5.439445, 0.056578  #WARNING SUBSAMPLING DISABLED, CONSIDER RERUN WITH SUBSAMPLING OPTION
#TI free energy difference in kcal/mol: 
3.959134  #WARNING SUBSAMPLING DISABLED, CONSIDER RERUN WITH SUBSAMPLING OPTION 
Starting /export/users/common/BioSimSpace/sire.app/bin/analyse_freenrg: number of threads equals 32
