# Analysing data contained in file(s) ['lambda_0.0000/simfile.dat', 'lambda_0.1000/simfile.dat', 'lambda_0.2000/simfile.dat', 'lambda_0.3000/simfile.dat', 'lambda_0.4000/simfile.dat', 'lambda_0.5000/simfile.dat', 'lambda_0.6000/simfile.dat', 'lambda_0.7000/simfile.dat', 'lambda_0.8000/simfile.dat', 'lambda_0.9000/simfile.dat', 'lambda_1.0000/simfile.dat']
#Overlap matrix
0.9880 0.0120 0.0000 0.0000 0.0000 0.0000 0.0000 0.0000 0.0000 0.0000 0.0000
0.0120 0.9696 0.0184 0.0000 0.0000 0.0000 0.0000 0.0000 0.0000 0.0000 0.0000
0.0000 0.0184 0.9587 0.0228 0.0000 0.0000 0.0000 0.0000 0.0000 0.0000 0.0000
0.0000 0.0000 0.0228 0.9496 0.0276 0.0000 0.0000 0.0000 0.0000 0.0000 0.0000
0.0000 0.0000 0.0000 0.0276 0.9407 0.0317 0.0000 0.0000 0.0000 0.0000 0.0000
0.0000 0.0000 0.0000 0.0000 0.0317 0.9295 0.0388 0.0000 0.0000 0.0000 0.0000
0.0000 0.0000 0.0000 0.0000 0.0000 0.0388 0.9194 0.0418 0.0000 0.0000 0.0000
0.0000 0.0000 0.0000 0.0000 0.0000 0.0000 0.0418 0.9058 0.0524 0.0000 0.0000
0.0000 0.0000 0.0000 0.0000 0.0000 0.0000 0.0000 0.0524 0.8841 0.0635 0.0000
0.0000 0.0000 0.0000 0.0000 0.0000 0.0000 0.0000 0.0000 0.0635 0.8633 0.0731
0.0000 0.0000 0.0000 0.0000 0.0000 0.0000 0.0000 0.0000 0.0000 0.0731 0.9268
#DG from neighbouring lambda in kcal/mol
0.0000 0.1000 -6.4507 0.0781
0.1000 0.2000 -4.3081 0.0625
0.2000 0.3000 -3.2160 0.0559
0.3000 0.4000 -2.5075 0.0506
0.4000 0.5000 -1.9716 0.0470
0.5000 0.6000 -1.2931 0.0421
0.6000 0.7000 -0.6223 0.0405
0.7000 0.8000 -0.0149 0.0358
0.8000 0.9000 0.6648 0.0321
0.9000 1.0000 1.2900 0.0295
#PMF from MBAR in kcal/mol
0.0000 0.0000 0.0000
0.1000 -6.4507 0.0781
0.2000 -10.7588 0.1008
0.3000 -13.9747 0.1159
0.4000 -16.4823 0.1271
0.5000 -18.4538 0.1360
0.6000 -19.7469 0.1429
0.7000 -20.3692 0.1491
0.8000 -20.3842 0.1538
0.9000 -19.7194 0.1576
1.0000 -18.4294 0.1608
#TI average gradients and standard deviation in kcal/mol
0.0000 -85.0257 28.8495
0.1000 -49.7360 27.0135
0.2000 -35.9148 25.3877
0.3000 -28.2301 24.5673
0.4000 -21.9603 24.0166
0.5000 -16.4711 23.0305
0.6000 -8.9359 21.9255
0.7000 -3.6784 21.2934
0.8000 3.2160 20.1850
0.9000 9.8124 19.6863
1.0000 20.9895 19.2069
#PMF from TI in kcal/mol
0.0000 0.0000
0.1000 -6.7381
0.2000 -11.0206
0.3000 -14.2279
0.4000 -16.7374
0.5000 -18.6589
0.6000 -19.9293
0.7000 -20.5600
0.8000 -20.5831
0.9000 -19.9317
1.0000 -18.3916
#MBAR free energy difference in kcal/mol: 
-18.429396, 0.160778  #WARNING SUBSAMPLING DISABLED, CONSIDER RERUN WITH SUBSAMPLING OPTION
#TI free energy difference in kcal/mol: 
-18.391617  #WARNING SUBSAMPLING DISABLED, CONSIDER RERUN WITH SUBSAMPLING OPTION 
Starting /export/users/common/BioSimSpace/sire.app/bin/analyse_freenrg: number of threads equals 32
