# Analysing data contained in file(s) ['lambda_0.0000/simfile.dat', 'lambda_0.1000/simfile.dat', 'lambda_0.2000/simfile.dat', 'lambda_0.3000/simfile.dat', 'lambda_0.4000/simfile.dat', 'lambda_0.5000/simfile.dat', 'lambda_0.6000/simfile.dat', 'lambda_0.7000/simfile.dat', 'lambda_0.8000/simfile.dat', 'lambda_0.9000/simfile.dat', 'lambda_1.0000/simfile.dat']
#Overlap matrix
0.9575 0.0425 0.0000 0.0000 0.0000 0.0000 0.0000 0.0000 0.0000 0.0000 0.0000
0.0425 0.8841 0.0734 0.0000 0.0000 0.0000 0.0000 0.0000 0.0000 0.0000 0.0000
0.0000 0.0734 0.8458 0.0808 0.0000 0.0000 0.0000 0.0000 0.0000 0.0000 0.0000
0.0000 0.0000 0.0808 0.8340 0.0851 0.0000 0.0000 0.0000 0.0000 0.0000 0.0000
0.0000 0.0000 0.0000 0.0851 0.8240 0.0908 0.0001 0.0000 0.0000 0.0000 0.0000
0.0000 0.0000 0.0000 0.0000 0.0908 0.8161 0.0930 0.0001 0.0000 0.0000 0.0000
0.0000 0.0000 0.0000 0.0000 0.0001 0.0930 0.8157 0.0911 0.0000 0.0000 0.0000
0.0000 0.0000 0.0000 0.0000 0.0000 0.0001 0.0911 0.8369 0.0719 0.0000 0.0000
0.0000 0.0000 0.0000 0.0000 0.0000 0.0000 0.0000 0.0719 0.8856 0.0425 0.0000
0.0000 0.0000 0.0000 0.0000 0.0000 0.0000 0.0000 0.0000 0.0425 0.9531 0.0044
0.0000 0.0000 0.0000 0.0000 0.0000 0.0000 0.0000 0.0000 0.0000 0.0044 0.9956
#DG from neighbouring lambda in kcal/mol
0.0000 0.1000 6.9056 0.0401
0.1000 0.2000 4.8404 0.0295
0.2000 0.3000 3.1829 0.0279
0.3000 0.4000 1.4502 0.0270
0.4000 0.5000 -0.2650 0.0260
0.5000 0.6000 -1.9438 0.0256
0.6000 0.7000 -3.1624 0.0259
0.7000 0.8000 -3.6767 0.0298
0.8000 0.9000 -1.1786 0.0401
0.9000 1.0000 9.0436 0.1298
#PMF from MBAR in kcal/mol
0.0000 0.0000 0.0000
0.1000 6.9056 0.0401
0.2000 11.7460 0.0513
0.3000 14.9290 0.0596
0.4000 16.3791 0.0666
0.5000 16.1141 0.0725
0.6000 14.1703 0.0778
0.7000 11.0080 0.0829
0.8000 7.3313 0.0890
0.9000 6.1527 0.0984
1.0000 15.1963 0.1633
#TI average gradients and standard deviation in kcal/mol
0.0000 163.3980 3167.8754
0.1000 56.8206 21.0065
0.2000 40.3264 19.6337
0.3000 22.9407 19.2043
0.4000 5.5751 19.0788
0.5000 -11.3325 18.9285
0.6000 -26.5326 18.4340
0.7000 -35.5322 19.2624
0.8000 -33.1712 20.8185
0.9000 21.5938 27.3075
1.0000 185.1317 40.5492
#PMF from TI in kcal/mol
0.0000 0.0000
0.1000 11.0109
0.2000 15.8683
0.3000 19.0316
0.4000 20.4574
0.5000 20.1696
0.6000 18.2763
0.7000 15.1731
0.8000 11.7379
0.9000 11.1590
1.0000 21.4953
#MBAR free energy difference in kcal/mol: 
15.196265, 0.163322  #WARNING SUBSAMPLING DISABLED, CONSIDER RERUN WITH SUBSAMPLING OPTION
#TI free energy difference in kcal/mol: 
21.495311  #WARNING SUBSAMPLING DISABLED, CONSIDER RERUN WITH SUBSAMPLING OPTION 
Starting /export/users/common/BioSimSpace/sire.app/bin/analyse_freenrg: number of threads equals 32
