# Analysing data contained in file(s) ['lambda_0.0000/simfile.dat', 'lambda_0.1000/simfile.dat', 'lambda_0.2000/simfile.dat', 'lambda_0.3000/simfile.dat', 'lambda_0.4000/simfile.dat', 'lambda_0.5000/simfile.dat', 'lambda_0.6000/simfile.dat', 'lambda_0.7000/simfile.dat', 'lambda_0.8000/simfile.dat', 'lambda_0.9000/simfile.dat', 'lambda_1.0000/simfile.dat']
#Overlap matrix
0.9289 0.0709 0.0002 0.0000 0.0000 0.0000 0.0000 0.0000 0.0000 0.0000 0.0000
0.0709 0.7730 0.1537 0.0025 0.0000 0.0000 0.0000 0.0000 0.0000 0.0000 0.0000
0.0002 0.1537 0.6665 0.1751 0.0045 0.0000 0.0000 0.0000 0.0000 0.0000 0.0000
0.0000 0.0025 0.1751 0.6267 0.1896 0.0061 0.0000 0.0000 0.0000 0.0000 0.0000
0.0000 0.0000 0.0045 0.1896 0.6000 0.1975 0.0083 0.0000 0.0000 0.0000 0.0000
0.0000 0.0000 0.0000 0.0061 0.1975 0.5815 0.2058 0.0090 0.0000 0.0000 0.0000
0.0000 0.0000 0.0000 0.0000 0.0083 0.2058 0.5809 0.1988 0.0062 0.0000 0.0000
0.0000 0.0000 0.0000 0.0000 0.0000 0.0090 0.1988 0.6168 0.1724 0.0029 0.0000
0.0000 0.0000 0.0000 0.0000 0.0000 0.0000 0.0062 0.1724 0.7032 0.1181 0.0001
0.0000 0.0000 0.0000 0.0000 0.0000 0.0000 0.0000 0.0029 0.1181 0.8611 0.0179
0.0000 0.0000 0.0000 0.0000 0.0000 0.0000 0.0000 0.0000 0.0001 0.0179 0.9820
#DG from neighbouring lambda in kcal/mol
0.0000 0.1000 8.8174 0.0300
0.1000 0.2000 5.1791 0.0181
0.2000 0.3000 2.7894 0.0162
0.3000 0.4000 0.6561 0.0150
0.4000 0.5000 -1.3769 0.0143
0.5000 0.6000 -3.2423 0.0137
0.6000 0.7000 -4.8379 0.0142
0.7000 0.8000 -5.8605 0.0162
0.8000 0.9000 -3.9215 0.0216
0.9000 1.0000 8.2234 0.0634
#PMF from MBAR in kcal/mol
0.0000 0.0000 0.0000
0.1000 8.8174 0.0300
0.2000 13.9965 0.0371
0.3000 16.7859 0.0422
0.4000 17.4420 0.0462
0.5000 16.0652 0.0497
0.6000 12.8229 0.0527
0.7000 7.9850 0.0557
0.8000 2.1245 0.0591
0.9000 -1.7971 0.0639
1.0000 6.4263 0.0908
#TI average gradients and standard deviation in kcal/mol
0.0000 109.9164 18.1585
0.1000 65.6926 16.1133
0.2000 39.0931 14.1866
0.3000 16.9768 13.3706
0.4000 -3.8323 12.9954
0.5000 -23.4652 12.4938
0.6000 -41.0155 12.5353
0.7000 -54.9228 13.3210
0.8000 -58.5176 14.7438
0.9000 -4.7252 21.4435
1.0000 210.9637 37.4063
#PMF from TI in kcal/mol
0.0000 0.0000
0.1000 8.7804
0.2000 14.0197
0.3000 16.8232
0.4000 17.4805
0.5000 16.1156
0.6000 12.8915
0.7000 8.0946
0.8000 2.4226
0.9000 -0.7395
1.0000 9.5724
#MBAR free energy difference in kcal/mol: 
6.426337, 0.090811  #WARNING SUBSAMPLING DISABLED, CONSIDER RERUN WITH SUBSAMPLING OPTION
#TI free energy difference in kcal/mol: 
9.572385  #WARNING SUBSAMPLING DISABLED, CONSIDER RERUN WITH SUBSAMPLING OPTION 
Starting /export/users/common/BioSimSpace/sire.app/bin/analyse_freenrg: number of threads equals 32
