# Analysing data contained in file(s) ['lambda_0.0000/simfile.dat', 'lambda_0.1000/simfile.dat', 'lambda_0.2000/simfile.dat', 'lambda_0.3000/simfile.dat', 'lambda_0.4000/simfile.dat', 'lambda_0.5000/simfile.dat', 'lambda_0.6000/simfile.dat', 'lambda_0.7000/simfile.dat', 'lambda_0.8000/simfile.dat', 'lambda_0.9000/simfile.dat', 'lambda_1.0000/simfile.dat']
#Overlap matrix
0.8956 0.1039 0.0005 0.0000 0.0000 0.0000 0.0000 0.0000 0.0000 0.0000 0.0000
0.1039 0.7522 0.1428 0.0012 0.0000 0.0000 0.0000 0.0000 0.0000 0.0000 0.0000
0.0005 0.1428 0.7044 0.1509 0.0014 0.0000 0.0000 0.0000 0.0000 0.0000 0.0000
0.0000 0.0012 0.1509 0.6937 0.1527 0.0015 0.0000 0.0000 0.0000 0.0000 0.0000
0.0000 0.0000 0.0014 0.1527 0.6943 0.1502 0.0013 0.0000 0.0000 0.0000 0.0000
0.0000 0.0000 0.0000 0.0015 0.1502 0.6943 0.1528 0.0011 0.0000 0.0000 0.0000
0.0000 0.0000 0.0000 0.0000 0.0013 0.1528 0.7043 0.1407 0.0009 0.0000 0.0000
0.0000 0.0000 0.0000 0.0000 0.0000 0.0011 0.1407 0.7198 0.1378 0.0006 0.0000
0.0000 0.0000 0.0000 0.0000 0.0000 0.0000 0.0009 0.1378 0.7330 0.1282 0.0002
0.0000 0.0000 0.0000 0.0000 0.0000 0.0000 0.0000 0.0006 0.1282 0.7913 0.0799
0.0000 0.0000 0.0000 0.0000 0.0000 0.0000 0.0000 0.0000 0.0002 0.0799 0.9199
#DG from neighbouring lambda in kcal/mol
0.0000 0.1000 -5.2421 0.0238
0.1000 0.2000 -1.5145 0.0192
0.2000 0.3000 -0.5160 0.0184
0.3000 0.4000 -0.2979 0.0182
0.4000 0.5000 -0.2718 0.0184
0.5000 0.6000 -0.3708 0.0182
0.6000 0.7000 -0.5787 0.0194
0.7000 0.8000 -0.9159 0.0197
0.8000 0.9000 -1.4314 0.0208
0.9000 1.0000 -2.6882 0.0280
#PMF from MBAR in kcal/mol
0.0000 0.0000 0.0000
0.1000 -5.2421 0.0238
0.2000 -6.7566 0.0329
0.3000 -7.2726 0.0395
0.4000 -7.5706 0.0451
0.5000 -7.8424 0.0501
0.6000 -8.2132 0.0546
0.7000 -8.7919 0.0592
0.8000 -9.7078 0.0635
0.9000 -11.1392 0.0679
1.0000 -13.8274 0.0744
#TI average gradients and standard deviation in kcal/mol
0.0000 -91.6499 20.2354
0.1000 -26.3980 16.6242
0.2000 -8.0675 15.6601
0.3000 -3.2070 15.3268
0.4000 -2.4558 15.0570
0.5000 -3.2242 15.1413
0.6000 -4.2480 15.1891
0.7000 -7.4692 15.4779
0.8000 -11.3366 16.1798
0.9000 -17.6674 16.9167
1.0000 -38.6521 20.5947
#PMF from TI in kcal/mol
0.0000 0.0000
0.1000 -5.9024
0.2000 -7.6257
0.3000 -8.1894
0.4000 -8.4725
0.5000 -8.7565
0.6000 -9.1301
0.7000 -9.7160
0.8000 -10.6563
0.9000 -12.1065
1.0000 -14.9225
#MBAR free energy difference in kcal/mol: 
-13.827439, 0.074420  #WARNING SUBSAMPLING DISABLED, CONSIDER RERUN WITH SUBSAMPLING OPTION
#TI free energy difference in kcal/mol: 
-14.922470  #WARNING SUBSAMPLING DISABLED, CONSIDER RERUN WITH SUBSAMPLING OPTION 
Starting /export/users/common/BioSimSpace/sire.app/bin/analyse_freenrg: number of threads equals 32
