# Analysing data contained in file(s) ['lambda_0.0000/simfile.dat', 'lambda_0.1000/simfile.dat', 'lambda_0.2000/simfile.dat', 'lambda_0.3000/simfile.dat', 'lambda_0.4000/simfile.dat', 'lambda_0.5000/simfile.dat', 'lambda_0.6000/simfile.dat', 'lambda_0.7000/simfile.dat', 'lambda_0.8000/simfile.dat', 'lambda_0.9000/simfile.dat', 'lambda_1.0000/simfile.dat']
#Overlap matrix
1.0000 0.0000 0.0000 0.0000 0.0000 0.0000 0.0000 0.0000 0.0000 0.0000 0.0000
0.0000 0.9589 0.0410 0.0000 0.0000 0.0000 0.0000 0.0000 0.0000 0.0000 0.0000
0.0000 0.0410 0.8787 0.0802 0.0001 0.0000 0.0000 0.0000 0.0000 0.0000 0.0000
0.0000 0.0000 0.0802 0.8149 0.1048 0.0002 0.0000 0.0000 0.0000 0.0000 0.0000
0.0000 0.0000 0.0001 0.1048 0.7869 0.1080 0.0002 0.0000 0.0000 0.0000 0.0000
0.0000 0.0000 0.0000 0.0002 0.1080 0.7783 0.1133 0.0003 0.0000 0.0000 0.0000
0.0000 0.0000 0.0000 0.0000 0.0002 0.1133 0.7619 0.1242 0.0004 0.0000 0.0000
0.0000 0.0000 0.0000 0.0000 0.0000 0.0003 0.1242 0.7479 0.1271 0.0005 0.0000
0.0000 0.0000 0.0000 0.0000 0.0000 0.0000 0.0004 0.1271 0.7403 0.1316 0.0005
0.0000 0.0000 0.0000 0.0000 0.0000 0.0000 0.0000 0.0005 0.1316 0.7386 0.1292
0.0000 0.0000 0.0000 0.0000 0.0000 0.0000 0.0000 0.0000 0.0005 0.1292 0.8703
#DG from neighbouring lambda in kcal/mol
0.0000 0.1000 21.3336 0.0542
0.1000 0.2000 6.6097 0.0409
0.2000 0.3000 7.3865 0.0280
0.3000 0.4000 7.0322 0.0237
0.4000 0.5000 6.1931 0.0233
0.5000 0.6000 5.2743 0.0225
0.6000 0.7000 4.4987 0.0212
0.7000 0.8000 4.0464 0.0209
0.8000 0.9000 4.2435 0.0204
0.9000 1.0000 6.4287 0.0207
#PMF from MBAR in kcal/mol
0.0000 0.0000 0.0000
0.1000 21.3336 0.0542
0.2000 27.9433 0.0385
0.3000 35.3298 0.0304
0.4000 42.3620 0.0253
0.5000 48.5551 0.0224
0.6000 53.8294 0.0224
0.7000 58.3281 0.0249
0.8000 62.3745 0.0292
0.9000 66.6179 0.0345
1.0000 73.0466 0.0406
#TI average gradients and standard deviation in kcal/mol
0.0000 2333.6701 32197.8922
0.1000 59.6965 29.0146
0.2000 72.7203 20.6536
0.3000 72.9473 18.2821
0.4000 66.5289 17.9659
0.5000 57.1659 17.5241
0.6000 48.2692 17.3197
0.7000 42.2984 16.7743
0.8000 39.8848 16.2937
0.9000 47.7844 16.1590
1.0000 94.7655 17.0667
#PMF from TI in kcal/mol
0.0000 0.0000
0.1000 119.6683
0.2000 126.2892
0.3000 133.5725
0.4000 140.5464
0.5000 146.7311
0.6000 152.0029
0.7000 156.5312
0.8000 160.6404
0.9000 165.0238
1.0000 172.1513
#MBAR free energy difference in kcal/mol: 
73.046618, 0.040599  #WARNING SUBSAMPLING DISABLED, CONSIDER RERUN WITH SUBSAMPLING OPTION
#TI free energy difference in kcal/mol: 
172.151340  #WARNING SUBSAMPLING DISABLED, CONSIDER RERUN WITH SUBSAMPLING OPTION 
Starting /export/users/common/BioSimSpace/sire.app/bin/analyse_freenrg: number of threads equals 32
