# Analysing data contained in file(s) ['lambda_0.0000/simfile.dat', 'lambda_0.1000/simfile.dat', 'lambda_0.2000/simfile.dat', 'lambda_0.3000/simfile.dat', 'lambda_0.4000/simfile.dat', 'lambda_0.5000/simfile.dat', 'lambda_0.6000/simfile.dat', 'lambda_0.7000/simfile.dat', 'lambda_0.8000/simfile.dat', 'lambda_0.9000/simfile.dat', 'lambda_1.0000/simfile.dat']
#Overlap matrix
0.7205 0.2223 0.0467 0.0090 0.0014 0.0001 0.0000 0.0000 0.0000 0.0000 0.0000
0.2223 0.4167 0.2438 0.0902 0.0229 0.0037 0.0004 0.0000 0.0000 0.0000 0.0000
0.0467 0.2438 0.3365 0.2372 0.1034 0.0277 0.0043 0.0004 0.0000 0.0000 0.0000
0.0090 0.0902 0.2372 0.3024 0.2271 0.1028 0.0269 0.0040 0.0003 0.0000 0.0000
0.0014 0.0229 0.1034 0.2271 0.2925 0.2247 0.0995 0.0247 0.0035 0.0003 0.0000
0.0001 0.0037 0.0277 0.1028 0.2247 0.2941 0.2240 0.0961 0.0233 0.0033 0.0003
0.0000 0.0004 0.0043 0.0269 0.0995 0.2240 0.2978 0.2247 0.0956 0.0234 0.0033
0.0000 0.0000 0.0004 0.0040 0.0247 0.0961 0.2247 0.3006 0.2269 0.0980 0.0247
0.0000 0.0000 0.0000 0.0003 0.0035 0.0233 0.0956 0.2269 0.3049 0.2363 0.1092
0.0000 0.0000 0.0000 0.0000 0.0003 0.0033 0.0234 0.0980 0.2363 0.3379 0.3009
0.0000 0.0000 0.0000 0.0000 0.0000 0.0003 0.0033 0.0247 0.1092 0.3009 0.5617
#DG from neighbouring lambda in kcal/mol
0.0000 0.1000 0.7812 0.0112
0.1000 0.2000 1.8890 0.0071
0.2000 0.3000 2.2671 0.0055
0.3000 0.4000 2.3366 0.0052
0.4000 0.5000 2.2936 0.0053
0.5000 0.6000 2.2123 0.0055
0.6000 0.7000 2.1213 0.0056
0.7000 0.8000 2.0476 0.0056
0.8000 0.9000 2.0060 0.0056
0.9000 1.0000 1.9927 0.0061
#PMF from MBAR in kcal/mol
0.0000 0.0000 0.0000
0.1000 0.7812 0.0112
0.2000 2.6703 0.0157
0.3000 4.9373 0.0182
0.4000 7.2739 0.0202
0.5000 9.5675 0.0221
0.6000 11.7798 0.0239
0.7000 13.9011 0.0256
0.8000 15.9486 0.0272
0.9000 17.9547 0.0287
1.0000 19.9474 0.0303
#TI average gradients and standard deviation in kcal/mol
0.0000 -1.7450 12.4305
0.1000 14.8471 8.7106
0.2000 21.5919 6.9510
0.3000 23.3921 6.2370
0.4000 23.2014 6.1950
0.5000 22.4732 6.3766
0.6000 21.7155 6.5791
0.7000 20.9461 6.4530
0.8000 20.1147 6.5362
0.9000 19.9140 6.5221
1.0000 20.9069 6.6519
#PMF from TI in kcal/mol
0.0000 0.0000
0.1000 0.6551
0.2000 2.4771
0.3000 4.7263
0.4000 7.0559
0.5000 9.3397
0.6000 11.5491
0.7000 13.6822
0.8000 15.7352
0.9000 17.7367
1.0000 19.7777
#MBAR free energy difference in kcal/mol: 
19.947374, 0.030278  #WARNING SUBSAMPLING DISABLED, CONSIDER RERUN WITH SUBSAMPLING OPTION
#TI free energy difference in kcal/mol: 
19.777710  #WARNING SUBSAMPLING DISABLED, CONSIDER RERUN WITH SUBSAMPLING OPTION 
Starting /export/users/common/BioSimSpace/sire.app/bin/analyse_freenrg: number of threads equals 32
