# Analysing data contained in file(s) ['lambda_0.0000/simfile.dat', 'lambda_0.1000/simfile.dat', 'lambda_0.2000/simfile.dat', 'lambda_0.3000/simfile.dat', 'lambda_0.4000/simfile.dat', 'lambda_0.5000/simfile.dat', 'lambda_0.6000/simfile.dat', 'lambda_0.7000/simfile.dat', 'lambda_0.8000/simfile.dat', 'lambda_0.9000/simfile.dat', 'lambda_1.0000/simfile.dat']
#Overlap matrix
0.7605 0.2178 0.0210 0.0007 0.0000 0.0000 0.0000 0.0000 0.0000 0.0000 0.0000
0.2178 0.5109 0.2390 0.0312 0.0011 0.0000 0.0000 0.0000 0.0000 0.0000 0.0000
0.0210 0.2390 0.4691 0.2373 0.0326 0.0011 0.0000 0.0000 0.0000 0.0000 0.0000
0.0007 0.0312 0.2373 0.4618 0.2389 0.0293 0.0008 0.0000 0.0000 0.0000 0.0000
0.0000 0.0011 0.0326 0.2389 0.4694 0.2306 0.0266 0.0008 0.0000 0.0000 0.0000
0.0000 0.0000 0.0011 0.0293 0.2306 0.4782 0.2324 0.0277 0.0008 0.0000 0.0000
0.0000 0.0000 0.0000 0.0008 0.0266 0.2324 0.4779 0.2331 0.0282 0.0010 0.0000
0.0000 0.0000 0.0000 0.0000 0.0008 0.0277 0.2331 0.4692 0.2361 0.0320 0.0012
0.0000 0.0000 0.0000 0.0000 0.0000 0.0008 0.0282 0.2361 0.4647 0.2364 0.0337
0.0000 0.0000 0.0000 0.0000 0.0000 0.0000 0.0010 0.0320 0.2364 0.4648 0.2657
0.0000 0.0000 0.0000 0.0000 0.0000 0.0000 0.0000 0.0012 0.0337 0.2657 0.6994
#DG from neighbouring lambda in kcal/mol
0.0000 0.1000 -1.9230 0.0128
0.1000 0.2000 -1.1944 0.0105
0.2000 0.3000 -0.6394 0.0101
0.3000 0.4000 -0.1377 0.0101
0.4000 0.5000 0.3198 0.0107
0.5000 0.6000 0.7611 0.0107
0.6000 0.7000 1.2836 0.0106
0.7000 0.8000 1.8798 0.0103
0.8000 0.9000 2.6053 0.0101
0.9000 1.0000 3.4036 0.0101
#PMF from MBAR in kcal/mol
0.0000 0.0000 0.0000
0.1000 -1.9230 0.0128
0.2000 -3.1174 0.0194
0.3000 -3.7568 0.0240
0.4000 -3.8945 0.0279
0.5000 -3.5747 0.0315
0.6000 -2.8135 0.0347
0.7000 -1.5299 0.0377
0.8000 0.3500 0.0403
0.9000 2.9553 0.0427
1.0000 6.3588 0.0450
#TI average gradients and standard deviation in kcal/mol
0.0000 -23.9664 11.2587
0.1000 -15.5548 10.0581
0.2000 -9.0166 9.5980
0.3000 -4.0605 9.6142
0.4000 1.2293 9.8461
0.5000 5.1870 9.9122
0.6000 10.1475 10.0517
0.7000 15.5001 10.0902
0.8000 22.3459 9.7128
0.9000 29.8375 9.6025
1.0000 38.3350 9.5421
#PMF from TI in kcal/mol
0.0000 0.0000
0.1000 -1.9761
0.2000 -3.2046
0.3000 -3.8585
0.4000 -4.0000
0.5000 -3.6792
0.6000 -2.9125
0.7000 -1.6301
0.8000 0.2622
0.9000 2.8713
1.0000 6.2800
#MBAR free energy difference in kcal/mol: 
6.358837, 0.044955  #WARNING SUBSAMPLING DISABLED, CONSIDER RERUN WITH SUBSAMPLING OPTION
#TI free energy difference in kcal/mol: 
6.279972  #WARNING SUBSAMPLING DISABLED, CONSIDER RERUN WITH SUBSAMPLING OPTION 
Starting /export/users/common/BioSimSpace/sire.app/bin/analyse_freenrg: number of threads equals 32
