# Analysing data contained in file(s) ['lambda_0.0000/simfile.dat', 'lambda_0.1000/simfile.dat', 'lambda_0.2000/simfile.dat', 'lambda_0.3000/simfile.dat', 'lambda_0.4000/simfile.dat', 'lambda_0.5000/simfile.dat', 'lambda_0.6000/simfile.dat', 'lambda_0.7000/simfile.dat', 'lambda_0.8000/simfile.dat', 'lambda_0.9000/simfile.dat', 'lambda_1.0000/simfile.dat']
#Overlap matrix
0.9157 0.0838 0.0005 0.0000 0.0000 0.0000 0.0000 0.0000 0.0000 0.0000 0.0000
0.0838 0.7498 0.1640 0.0024 0.0000 0.0000 0.0000 0.0000 0.0000 0.0000 0.0000
0.0005 0.1640 0.6647 0.1682 0.0025 0.0000 0.0000 0.0000 0.0000 0.0000 0.0000
0.0000 0.0024 0.1682 0.6605 0.1662 0.0027 0.0000 0.0000 0.0000 0.0000 0.0000
0.0000 0.0000 0.0025 0.1662 0.6602 0.1683 0.0028 0.0000 0.0000 0.0000 0.0000
0.0000 0.0000 0.0000 0.0027 0.1683 0.6524 0.1735 0.0032 0.0000 0.0000 0.0000
0.0000 0.0000 0.0000 0.0000 0.0028 0.1735 0.6446 0.1753 0.0039 0.0000 0.0000
0.0000 0.0000 0.0000 0.0000 0.0000 0.0032 0.1753 0.6355 0.1822 0.0039 0.0000
0.0000 0.0000 0.0000 0.0000 0.0000 0.0000 0.0039 0.1822 0.6359 0.1761 0.0020
0.0000 0.0000 0.0000 0.0000 0.0000 0.0000 0.0000 0.0039 0.1761 0.6875 0.1326
0.0000 0.0000 0.0000 0.0000 0.0000 0.0000 0.0000 0.0000 0.0020 0.1326 0.8654
#DG from neighbouring lambda in kcal/mol
0.0000 0.1000 7.6008 0.0272
0.1000 0.2000 7.2765 0.0173
0.2000 0.3000 7.6891 0.0168
0.3000 0.4000 8.0756 0.0169
0.4000 0.5000 8.4978 0.0168
0.5000 0.6000 8.9576 0.0164
0.6000 0.7000 9.5373 0.0162
0.7000 0.8000 10.4111 0.0156
0.8000 0.9000 11.9502 0.0162
0.9000 1.0000 15.6823 0.0202
#PMF from MBAR in kcal/mol
0.0000 0.0000 0.0000
0.1000 7.6008 0.0272
0.2000 14.8772 0.0344
0.3000 22.5664 0.0400
0.4000 30.6420 0.0450
0.5000 39.1397 0.0494
0.6000 48.0973 0.0534
0.7000 57.6346 0.0569
0.8000 68.0457 0.0602
0.9000 79.9960 0.0634
1.0000 95.6783 0.0675
#TI average gradients and standard deviation in kcal/mol
0.0000 87.9825 22.9224
0.1000 71.2075 15.5568
0.2000 74.7409 14.2548
0.3000 78.9327 14.3606
0.4000 82.7519 14.1813
0.5000 87.0942 14.1631
0.6000 92.3405 14.0133
0.7000 99.0085 13.3539
0.8000 110.0539 13.4451
0.9000 131.9427 14.4291
1.0000 191.3708 19.6963
#PMF from TI in kcal/mol
0.0000 0.0000
0.1000 7.9595
0.2000 15.2569
0.3000 22.9406
0.4000 31.0248
0.5000 39.5171
0.6000 48.4889
0.7000 58.0563
0.8000 68.5094
0.9000 80.6093
1.0000 96.7750
#MBAR free energy difference in kcal/mol: 
95.678286, 0.067523  #WARNING SUBSAMPLING DISABLED, CONSIDER RERUN WITH SUBSAMPLING OPTION
#TI free energy difference in kcal/mol: 
96.774960  #WARNING SUBSAMPLING DISABLED, CONSIDER RERUN WITH SUBSAMPLING OPTION 
Starting /export/users/common/BioSimSpace/sire.app/bin/analyse_freenrg: number of threads equals 32
