# Analysing data contained in file(s) ['lambda_0.0000/simfile.dat', 'lambda_0.1000/simfile.dat', 'lambda_0.2000/simfile.dat', 'lambda_0.3000/simfile.dat', 'lambda_0.4000/simfile.dat', 'lambda_0.5000/simfile.dat', 'lambda_0.6000/simfile.dat', 'lambda_0.7000/simfile.dat', 'lambda_0.8000/simfile.dat', 'lambda_0.9000/simfile.dat', 'lambda_1.0000/simfile.dat']
#Overlap matrix
0.9849 0.0151 0.0000 0.0000 0.0000 0.0000 0.0000 0.0000 0.0000 0.0000 0.0000
0.0151 0.9658 0.0192 0.0000 0.0000 0.0000 0.0000 0.0000 0.0000 0.0000 0.0000
0.0000 0.0192 0.9586 0.0222 0.0000 0.0000 0.0000 0.0000 0.0000 0.0000 0.0000
0.0000 0.0000 0.0222 0.9523 0.0255 0.0000 0.0000 0.0000 0.0000 0.0000 0.0000
0.0000 0.0000 0.0000 0.0255 0.9432 0.0313 0.0000 0.0000 0.0000 0.0000 0.0000
0.0000 0.0000 0.0000 0.0000 0.0313 0.9320 0.0367 0.0000 0.0000 0.0000 0.0000
0.0000 0.0000 0.0000 0.0000 0.0000 0.0367 0.9202 0.0431 0.0000 0.0000 0.0000
0.0000 0.0000 0.0000 0.0000 0.0000 0.0000 0.0431 0.9045 0.0525 0.0000 0.0000
0.0000 0.0000 0.0000 0.0000 0.0000 0.0000 0.0000 0.0525 0.8857 0.0618 0.0000
0.0000 0.0000 0.0000 0.0000 0.0000 0.0000 0.0000 0.0000 0.0618 0.8690 0.0692
0.0000 0.0000 0.0000 0.0000 0.0000 0.0000 0.0000 0.0000 0.0000 0.0692 0.9308
#DG from neighbouring lambda in kcal/mol
0.0000 0.1000 1.1199 0.0694
0.1000 0.2000 1.7854 0.0613
0.2000 0.3000 2.2562 0.0568
0.3000 0.4000 2.4409 0.0528
0.4000 0.5000 2.4557 0.0474
0.5000 0.6000 2.5526 0.0434
0.6000 0.7000 2.4858 0.0398
0.7000 0.8000 2.5844 0.0357
0.8000 0.9000 2.5396 0.0326
0.9000 1.0000 2.5349 0.0305
#PMF from MBAR in kcal/mol
0.0000 0.0000 0.0000
0.1000 1.1199 0.0694
0.2000 2.9053 0.0934
0.3000 5.1615 0.1100
0.4000 7.6025 0.1226
0.5000 10.0582 0.1320
0.6000 12.6108 0.1395
0.7000 15.0965 0.1456
0.8000 17.6809 0.1504
0.9000 20.2205 0.1544
1.0000 22.7554 0.1578
#TI average gradients and standard deviation in kcal/mol
0.0000 5.6706 28.0168
0.1000 15.2678 27.0988
0.2000 21.0874 25.5846
0.3000 23.4282 24.6141
0.4000 24.0299 24.1422
0.5000 25.1337 23.0529
0.6000 25.6559 22.3921
0.7000 25.2399 20.9920
0.8000 25.6901 20.6371
0.9000 25.5638 19.3870
1.0000 28.7418 18.6743
#PMF from TI in kcal/mol
0.0000 0.0000
0.1000 1.0469
0.2000 2.8647
0.3000 5.0905
0.4000 7.4634
0.5000 9.9215
0.6000 12.4610
0.7000 15.0058
0.8000 17.5523
0.9000 20.1150
1.0000 22.8303
#MBAR free energy difference in kcal/mol: 
22.755366, 0.157831  #WARNING SUBSAMPLING DISABLED, CONSIDER RERUN WITH SUBSAMPLING OPTION
#TI free energy difference in kcal/mol: 
22.830293  #WARNING SUBSAMPLING DISABLED, CONSIDER RERUN WITH SUBSAMPLING OPTION 
Starting /export/users/common/BioSimSpace/sire.app/bin/analyse_freenrg: number of threads equals 32
