# Analysing data contained in file(s) ['lambda_0.0000/simfile.dat', 'lambda_0.1000/simfile.dat', 'lambda_0.2000/simfile.dat', 'lambda_0.3000/simfile.dat', 'lambda_0.4000/simfile.dat', 'lambda_0.5000/simfile.dat', 'lambda_0.6000/simfile.dat', 'lambda_0.7000/simfile.dat', 'lambda_0.8000/simfile.dat', 'lambda_0.9000/simfile.dat', 'lambda_1.0000/simfile.dat']
#Overlap matrix
0.9675 0.0325 0.0000 0.0000 0.0000 0.0000 0.0000 0.0000 0.0000 0.0000 0.0000
0.0325 0.9086 0.0589 0.0000 0.0000 0.0000 0.0000 0.0000 0.0000 0.0000 0.0000
0.0000 0.0589 0.8660 0.0751 0.0000 0.0000 0.0000 0.0000 0.0000 0.0000 0.0000
0.0000 0.0000 0.0751 0.8411 0.0838 0.0001 0.0000 0.0000 0.0000 0.0000 0.0000
0.0000 0.0000 0.0000 0.0838 0.8178 0.0983 0.0002 0.0000 0.0000 0.0000 0.0000
0.0000 0.0000 0.0000 0.0001 0.0983 0.7930 0.1084 0.0003 0.0000 0.0000 0.0000
0.0000 0.0000 0.0000 0.0000 0.0002 0.1084 0.7708 0.1201 0.0005 0.0000 0.0000
0.0000 0.0000 0.0000 0.0000 0.0000 0.0003 0.1201 0.7488 0.1300 0.0009 0.0000
0.0000 0.0000 0.0000 0.0000 0.0000 0.0000 0.0005 0.1300 0.7242 0.1441 0.0012
0.0000 0.0000 0.0000 0.0000 0.0000 0.0000 0.0000 0.0009 0.1441 0.7152 0.1398
0.0000 0.0000 0.0000 0.0000 0.0000 0.0000 0.0000 0.0000 0.0012 0.1398 0.8590
#DG from neighbouring lambda in kcal/mol
0.0000 0.1000 -10.8796 0.0464
0.1000 0.2000 -1.4550 0.0335
0.2000 0.3000 0.0807 0.0291
0.3000 0.4000 0.0643 0.0272
0.4000 0.5000 -0.1053 0.0247
0.5000 0.6000 -0.1615 0.0232
0.6000 0.7000 -0.3182 0.0217
0.7000 0.8000 -0.4755 0.0205
0.8000 0.9000 -0.6369 0.0190
0.9000 1.0000 -0.9735 0.0195
#PMF from MBAR in kcal/mol
0.0000 0.0000 0.0000
0.1000 -10.8796 0.0464
0.2000 -12.3347 0.0585
0.3000 -12.2539 0.0665
0.4000 -12.1896 0.0729
0.5000 -12.2949 0.0779
0.6000 -12.4564 0.0822
0.7000 -12.7746 0.0858
0.8000 -13.2502 0.0891
0.9000 -13.8870 0.0919
1.0000 -14.8605 0.0947
#TI average gradients and standard deviation in kcal/mol
0.0000 -229.0993 27.8407
0.1000 -36.8973 21.9477
0.2000 -2.3373 19.3836
0.3000 1.9438 18.6609
0.4000 -0.2951 17.6888
0.5000 -1.1084 16.7010
0.6000 -2.5384 16.5882
0.7000 -3.6804 15.9356
0.8000 -5.4936 15.0311
0.9000 -7.0872 14.4856
1.0000 -10.5813 15.1448
#PMF from TI in kcal/mol
0.0000 0.0000
0.1000 -13.2998
0.2000 -15.2616
0.3000 -15.2812
0.4000 -15.1988
0.5000 -15.2690
0.6000 -15.4513
0.7000 -15.7623
0.8000 -16.2210
0.9000 -16.8500
1.0000 -17.7334
#MBAR free energy difference in kcal/mol: 
-14.860494, 0.094663  #WARNING SUBSAMPLING DISABLED, CONSIDER RERUN WITH SUBSAMPLING OPTION
#TI free energy difference in kcal/mol: 
-17.733427  #WARNING SUBSAMPLING DISABLED, CONSIDER RERUN WITH SUBSAMPLING OPTION 
Starting /export/users/common/BioSimSpace/sire.app/bin/analyse_freenrg: number of threads equals 32
