# Analysing data contained in file(s) ['lambda_0.0000/simfile.dat', 'lambda_0.1000/simfile.dat', 'lambda_0.2000/simfile.dat', 'lambda_0.3000/simfile.dat', 'lambda_0.4000/simfile.dat', 'lambda_0.5000/simfile.dat', 'lambda_0.6000/simfile.dat', 'lambda_0.7000/simfile.dat', 'lambda_0.8000/simfile.dat', 'lambda_0.9000/simfile.dat', 'lambda_1.0000/simfile.dat']
#Overlap matrix
0.8604 0.1385 0.0011 0.0000 0.0000 0.0000 0.0000 0.0000 0.0000 0.0000 0.0000
0.1385 0.7141 0.1460 0.0014 0.0000 0.0000 0.0000 0.0000 0.0000 0.0000 0.0000
0.0011 0.1460 0.6918 0.1591 0.0020 0.0000 0.0000 0.0000 0.0000 0.0000 0.0000
0.0000 0.0014 0.1591 0.6754 0.1613 0.0028 0.0000 0.0000 0.0000 0.0000 0.0000
0.0000 0.0000 0.0020 0.1613 0.6544 0.1789 0.0033 0.0000 0.0000 0.0000 0.0000
0.0000 0.0000 0.0000 0.0028 0.1789 0.6483 0.1658 0.0042 0.0000 0.0000 0.0000
0.0000 0.0000 0.0000 0.0000 0.0033 0.1658 0.6342 0.1905 0.0062 0.0000 0.0000
0.0000 0.0000 0.0000 0.0000 0.0000 0.0042 0.1905 0.6021 0.1953 0.0078 0.0000
0.0000 0.0000 0.0000 0.0000 0.0000 0.0000 0.0062 0.1953 0.5998 0.1931 0.0056
0.0000 0.0000 0.0000 0.0000 0.0000 0.0000 0.0000 0.0078 0.1931 0.6421 0.1570
0.0000 0.0000 0.0000 0.0000 0.0000 0.0000 0.0000 0.0000 0.0056 0.1570 0.8374
#DG from neighbouring lambda in kcal/mol
0.0000 0.1000 -0.4269 0.0197
0.1000 0.2000 -0.2405 0.0188
0.2000 0.3000 -0.2067 0.0176
0.3000 0.4000 -0.1753 0.0173
0.4000 0.5000 -0.1370 0.0160
0.5000 0.6000 -0.1929 0.0168
0.6000 0.7000 -0.2834 0.0149
0.7000 0.8000 -0.1891 0.0144
0.8000 0.9000 0.3140 0.0146
0.9000 1.0000 1.5697 0.0176
#PMF from MBAR in kcal/mol
0.0000 0.0000 0.0000
0.1000 -0.4269 0.0197
0.2000 -0.6674 0.0297
0.3000 -0.8741 0.0365
0.4000 -1.0494 0.0421
0.5000 -1.1864 0.0465
0.6000 -1.3793 0.0508
0.7000 -1.6626 0.0542
0.8000 -1.8517 0.0572
0.9000 -1.5377 0.0601
1.0000 0.0320 0.0636
#TI average gradients and standard deviation in kcal/mol
0.0000 -5.6002 15.5349
0.1000 -2.9842 14.6077
0.2000 -2.4926 14.5907
0.3000 -1.5015 14.0229
0.4000 -1.9259 13.4384
0.5000 -0.5161 13.2256
0.6000 -3.2576 12.5279
0.7000 -2.5145 12.5717
0.8000 -0.3091 12.0804
0.9000 7.9478 12.6998
1.0000 24.6489 15.7564
#PMF from TI in kcal/mol
0.0000 0.0000
0.1000 -0.4292
0.2000 -0.7031
0.3000 -0.9028
0.4000 -1.0741
0.5000 -1.1962
0.6000 -1.3849
0.7000 -1.6735
0.8000 -1.8147
0.9000 -1.4328
1.0000 0.1971
#MBAR free energy difference in kcal/mol: 
0.032000, 0.063610  #WARNING SUBSAMPLING DISABLED, CONSIDER RERUN WITH SUBSAMPLING OPTION
#TI free energy difference in kcal/mol: 
0.197066  #WARNING SUBSAMPLING DISABLED, CONSIDER RERUN WITH SUBSAMPLING OPTION 
Starting /export/users/common/BioSimSpace/sire.app/bin/analyse_freenrg: number of threads equals 32
