# Analysing data contained in file(s) ['lambda_0.0000/simfile.dat', 'lambda_0.1000/simfile.dat', 'lambda_0.2000/simfile.dat', 'lambda_0.3000/simfile.dat', 'lambda_0.4000/simfile.dat', 'lambda_0.5000/simfile.dat', 'lambda_0.6000/simfile.dat', 'lambda_0.7000/simfile.dat', 'lambda_0.8000/simfile.dat', 'lambda_0.9000/simfile.dat', 'lambda_1.0000/simfile.dat']
#Overlap matrix
0.8134 0.1815 0.0051 0.0000 0.0000 0.0000 0.0000 0.0000 0.0000 0.0000 0.0000
0.1815 0.6173 0.1942 0.0070 0.0000 0.0000 0.0000 0.0000 0.0000 0.0000 0.0000
0.0051 0.1942 0.5955 0.1978 0.0074 0.0000 0.0000 0.0000 0.0000 0.0000 0.0000
0.0000 0.0070 0.1978 0.5869 0.1996 0.0086 0.0000 0.0000 0.0000 0.0000 0.0000
0.0000 0.0000 0.0074 0.1996 0.5827 0.2015 0.0087 0.0001 0.0000 0.0000 0.0000
0.0000 0.0000 0.0000 0.0086 0.2015 0.5784 0.2033 0.0081 0.0000 0.0000 0.0000
0.0000 0.0000 0.0000 0.0000 0.0087 0.2033 0.5974 0.1855 0.0051 0.0000 0.0000
0.0000 0.0000 0.0000 0.0000 0.0001 0.0081 0.1855 0.6418 0.1617 0.0028 0.0000
0.0000 0.0000 0.0000 0.0000 0.0000 0.0000 0.0051 0.1617 0.7064 0.1257 0.0011
0.0000 0.0000 0.0000 0.0000 0.0000 0.0000 0.0000 0.0028 0.1257 0.7684 0.1030
0.0000 0.0000 0.0000 0.0000 0.0000 0.0000 0.0000 0.0000 0.0011 0.1030 0.8959
#DG from neighbouring lambda in kcal/mol
0.0000 0.1000 -0.0202 0.0159
0.1000 0.2000 -0.6468 0.0146
0.2000 0.3000 -1.1247 0.0143
0.3000 0.4000 -1.6274 0.0141
0.4000 0.5000 -2.0759 0.0139
0.5000 0.6000 -2.4447 0.0138
0.6000 0.7000 -2.5645 0.0151
0.7000 0.8000 -2.2896 0.0171
0.8000 0.9000 -1.0656 0.0207
0.9000 1.0000 3.7708 0.0239
#PMF from MBAR in kcal/mol
0.0000 0.0000 0.0000
0.1000 -0.0202 0.0159
0.2000 -0.6670 0.0244
0.3000 -1.7918 0.0304
0.4000 -3.4192 0.0353
0.5000 -5.4951 0.0396
0.6000 -7.9398 0.0433
0.7000 -10.5043 0.0472
0.8000 -12.7939 0.0515
0.9000 -13.8595 0.0566
1.0000 -10.0886 0.0626
#TI average gradients and standard deviation in kcal/mol
0.0000 2.2954 14.5888
0.1000 -3.8141 12.9892
0.2000 -9.0699 12.7381
0.3000 -13.5948 12.6854
0.4000 -18.6496 12.2623
0.5000 -23.0323 12.6849
0.6000 -25.1225 12.4277
0.7000 -25.4860 13.6812
0.8000 -18.9510 15.5938
0.9000 2.0423 17.2049
1.0000 95.3255 19.5674
#PMF from TI in kcal/mol
0.0000 0.0000
0.1000 -0.0759
0.2000 -0.7201
0.3000 -1.8534
0.4000 -3.4656
0.5000 -5.5497
0.6000 -7.9574
0.7000 -10.4878
0.8000 -12.7097
0.9000 -13.5551
1.0000 -8.6867
#MBAR free energy difference in kcal/mol: 
-10.088642, 0.062551  #WARNING SUBSAMPLING DISABLED, CONSIDER RERUN WITH SUBSAMPLING OPTION
#TI free energy difference in kcal/mol: 
-8.686728  #WARNING SUBSAMPLING DISABLED, CONSIDER RERUN WITH SUBSAMPLING OPTION 
Starting /export/users/common/BioSimSpace/sire.app/bin/analyse_freenrg: number of threads equals 32
