# Analysing data contained in file(s) ['lambda_0.0000/simfile.dat', 'lambda_0.1000/simfile.dat', 'lambda_0.2000/simfile.dat', 'lambda_0.3000/simfile.dat', 'lambda_0.4000/simfile.dat', 'lambda_0.5000/simfile.dat', 'lambda_0.6000/simfile.dat', 'lambda_0.7000/simfile.dat', 'lambda_0.8000/simfile.dat', 'lambda_0.9000/simfile.dat', 'lambda_1.0000/simfile.dat']
#Overlap matrix
0.4634 0.2669 0.1394 0.0689 0.0332 0.0158 0.0075 0.0033 0.0012 0.0004 0.0001
0.2669 0.2508 0.1896 0.1256 0.0770 0.0450 0.0251 0.0125 0.0053 0.0018 0.0004
0.1394 0.1896 0.1925 0.1627 0.1226 0.0855 0.0552 0.0312 0.0147 0.0054 0.0012
0.0689 0.1256 0.1627 0.1692 0.1527 0.1249 0.0923 0.0585 0.0305 0.0120 0.0026
0.0332 0.0770 0.1226 0.1527 0.1621 0.1533 0.1287 0.0908 0.0523 0.0223 0.0050
0.0158 0.0450 0.0855 0.1249 0.1533 0.1662 0.1583 0.1252 0.0799 0.0369 0.0087
0.0075 0.0251 0.0552 0.0923 0.1287 0.1583 0.1750 0.1632 0.1190 0.0604 0.0153
0.0033 0.0125 0.0312 0.0585 0.0908 0.1252 0.1632 0.1963 0.1810 0.1074 0.0307
0.0012 0.0053 0.0147 0.0305 0.0523 0.0799 0.1190 0.1810 0.2390 0.2017 0.0754
0.0004 0.0018 0.0054 0.0120 0.0223 0.0369 0.0604 0.1074 0.2017 0.3193 0.2324
0.0001 0.0004 0.0012 0.0026 0.0050 0.0087 0.0153 0.0307 0.0754 0.2324 0.6282
#DG from neighbouring lambda in kcal/mol
0.0000 0.1000 0.7419 0.0046
0.1000 0.2000 1.1260 0.0032
0.2000 0.3000 1.6052 0.0025
0.3000 0.4000 2.1501 0.0020
0.4000 0.5000 2.7469 0.0018
0.5000 0.6000 3.4119 0.0018
0.6000 0.7000 4.1723 0.0024
0.7000 0.8000 5.0689 0.0032
0.8000 0.9000 6.3306 0.0049
0.9000 1.0000 8.4321 0.0084
#PMF from MBAR in kcal/mol
0.0000 0.0000 0.0000
0.1000 0.7419 0.0046
0.2000 1.8679 0.0072
0.3000 3.4730 0.0089
0.4000 5.6231 0.0101
0.5000 8.3700 0.0110
0.6000 11.7819 0.0118
0.7000 15.9542 0.0126
0.8000 21.0231 0.0137
0.9000 27.3537 0.0154
1.0000 35.7858 0.0189
#TI average gradients and standard deviation in kcal/mol
0.0000 5.3157 5.3726
0.1000 9.0704 4.4720
0.2000 13.5008 3.7855
0.3000 18.6717 3.4043
0.4000 24.3916 3.0040
0.5000 30.6773 2.7169
0.6000 37.4361 3.0113
0.7000 44.6321 3.2082
0.8000 58.2777 7.3685
0.9000 71.6099 7.7143
1.0000 99.1227 11.2961
#PMF from TI in kcal/mol
0.0000 0.0000
0.1000 0.7193
0.2000 1.8479
0.3000 3.4565
0.4000 5.6097
0.5000 8.3631
0.6000 11.7688
0.7000 15.8722
0.8000 21.0177
0.9000 27.5121
1.0000 36.0487
#MBAR free energy difference in kcal/mol: 
35.785772, 0.018927  #WARNING SUBSAMPLING DISABLED, CONSIDER RERUN WITH SUBSAMPLING OPTION
#TI free energy difference in kcal/mol: 
36.048682  #WARNING SUBSAMPLING DISABLED, CONSIDER RERUN WITH SUBSAMPLING OPTION 
Starting /export/users/common/BioSimSpace/sire.app/bin/analyse_freenrg: number of threads equals 32
