# Analysing data contained in file(s) ['lambda_0.0000/simfile.dat', 'lambda_0.1000/simfile.dat', 'lambda_0.2000/simfile.dat', 'lambda_0.3000/simfile.dat', 'lambda_0.4000/simfile.dat', 'lambda_0.5000/simfile.dat', 'lambda_0.6000/simfile.dat', 'lambda_0.7000/simfile.dat', 'lambda_0.8000/simfile.dat', 'lambda_0.9000/simfile.dat', 'lambda_1.0000/simfile.dat']
#Overlap matrix
0.8093 0.1841 0.0065 0.0000 0.0000 0.0000 0.0000 0.0000 0.0000 0.0000 0.0000
0.1841 0.5989 0.2075 0.0094 0.0000 0.0000 0.0000 0.0000 0.0000 0.0000 0.0000
0.0065 0.2075 0.5721 0.2052 0.0087 0.0000 0.0000 0.0000 0.0000 0.0000 0.0000
0.0000 0.0094 0.2052 0.5769 0.2010 0.0075 0.0000 0.0000 0.0000 0.0000 0.0000
0.0000 0.0000 0.0087 0.2010 0.5927 0.1938 0.0038 0.0000 0.0000 0.0000 0.0000
0.0000 0.0000 0.0000 0.0075 0.1938 0.6350 0.1629 0.0008 0.0000 0.0000 0.0000
0.0000 0.0000 0.0000 0.0000 0.0038 0.1629 0.7173 0.1158 0.0002 0.0000 0.0000
0.0000 0.0000 0.0000 0.0000 0.0000 0.0008 0.1158 0.7843 0.0989 0.0002 0.0000
0.0000 0.0000 0.0000 0.0000 0.0000 0.0000 0.0002 0.0989 0.7727 0.1275 0.0006
0.0000 0.0000 0.0000 0.0000 0.0000 0.0000 0.0000 0.0002 0.1275 0.7434 0.1289
0.0000 0.0000 0.0000 0.0000 0.0000 0.0000 0.0000 0.0000 0.0006 0.1289 0.8705
#DG from neighbouring lambda in kcal/mol
0.0000 0.1000 -8.6999 0.0156
0.1000 0.2000 3.0064 0.0136
0.2000 0.3000 5.2190 0.0137
0.3000 0.4000 6.0584 0.0140
0.4000 0.5000 6.7937 0.0147
0.5000 0.6000 7.2497 0.0172
0.6000 0.7000 6.8655 0.0222
0.7000 0.8000 5.6283 0.0246
0.8000 0.9000 4.5398 0.0208
0.9000 1.0000 4.3260 0.0207
#PMF from MBAR in kcal/mol
0.0000 0.0000 0.0000
0.1000 -8.6999 0.0156
0.2000 -5.6935 0.0236
0.3000 -0.4745 0.0294
0.4000 5.5839 0.0344
0.5000 12.3777 0.0390
0.6000 19.6274 0.0442
0.7000 26.4928 0.0509
0.8000 32.1211 0.0578
0.9000 36.6610 0.0626
1.0000 40.9870 0.0670
#TI average gradients and standard deviation in kcal/mol
0.0000 -246.4560 15.3338
0.1000 2.9023 12.7189
0.2000 45.9745 12.1595
0.3000 56.7721 12.3476
0.4000 64.4438 12.5936
0.5000 70.9343 13.7663
0.6000 72.6036 15.9376
0.7000 63.3259 17.4182
0.8000 48.8054 17.8976
0.9000 44.1905 15.7680
1.0000 40.8465 17.8350
#PMF from TI in kcal/mol
0.0000 0.0000
0.1000 -12.1777
0.2000 -9.7338
0.3000 -4.5965
0.4000 1.4643
0.5000 8.2332
0.6000 15.4101
0.7000 22.2066
0.8000 27.8131
0.9000 32.4629
1.0000 36.7148
#MBAR free energy difference in kcal/mol: 
40.987012, 0.067038  #WARNING SUBSAMPLING DISABLED, CONSIDER RERUN WITH SUBSAMPLING OPTION
#TI free energy difference in kcal/mol: 
36.714765  #WARNING SUBSAMPLING DISABLED, CONSIDER RERUN WITH SUBSAMPLING OPTION 
Starting /export/users/common/BioSimSpace/sire.app/bin/analyse_freenrg: number of threads equals 32
