# Analysing data contained in file(s) ['lambda_0.0000/simfile.dat', 'lambda_0.1000/simfile.dat', 'lambda_0.2000/simfile.dat', 'lambda_0.3000/simfile.dat', 'lambda_0.4000/simfile.dat', 'lambda_0.5000/simfile.dat', 'lambda_0.6000/simfile.dat', 'lambda_0.7000/simfile.dat', 'lambda_0.8000/simfile.dat', 'lambda_0.9000/simfile.dat', 'lambda_1.0000/simfile.dat']
#Overlap matrix
0.8586 0.1380 0.0033 0.0000 0.0000 0.0000 0.0000 0.0000 0.0000 0.0000 0.0000
0.1380 0.6693 0.1839 0.0088 0.0001 0.0000 0.0000 0.0000 0.0000 0.0000 0.0000
0.0033 0.1839 0.5975 0.2039 0.0113 0.0001 0.0000 0.0000 0.0000 0.0000 0.0000
0.0000 0.0088 0.2039 0.5630 0.2129 0.0113 0.0001 0.0000 0.0000 0.0000 0.0000
0.0000 0.0001 0.0113 0.2129 0.5617 0.2049 0.0090 0.0000 0.0000 0.0000 0.0000
0.0000 0.0000 0.0001 0.0113 0.2049 0.5742 0.2019 0.0076 0.0000 0.0000 0.0000
0.0000 0.0000 0.0000 0.0001 0.0090 0.2019 0.5872 0.1953 0.0065 0.0000 0.0000
0.0000 0.0000 0.0000 0.0000 0.0000 0.0076 0.1953 0.6002 0.1919 0.0050 0.0000
0.0000 0.0000 0.0000 0.0000 0.0000 0.0000 0.0065 0.1919 0.6204 0.1796 0.0015
0.0000 0.0000 0.0000 0.0000 0.0000 0.0000 0.0000 0.0050 0.1796 0.6913 0.1241
0.0000 0.0000 0.0000 0.0000 0.0000 0.0000 0.0000 0.0000 0.0015 0.1241 0.8744
#DG from neighbouring lambda in kcal/mol
0.0000 0.1000 -4.9776 0.0195
0.1000 0.2000 -1.4910 0.0153
0.2000 0.3000 -0.4649 0.0136
0.3000 0.4000 -0.3098 0.0130
0.4000 0.5000 -0.4362 0.0136
0.5000 0.6000 -0.7122 0.0139
0.6000 0.7000 -1.0427 0.0144
0.7000 0.8000 -1.3981 0.0148
0.8000 0.9000 -1.8409 0.0159
0.9000 1.0000 -2.9187 0.0211
#PMF from MBAR in kcal/mol
0.0000 0.0000 0.0000
0.1000 -4.9776 0.0195
0.2000 -6.4686 0.0273
0.3000 -6.9335 0.0324
0.4000 -7.2433 0.0366
0.5000 -7.6795 0.0405
0.6000 -8.3917 0.0442
0.7000 -9.4344 0.0479
0.8000 -10.8325 0.0513
0.9000 -12.6734 0.0549
1.0000 -15.5921 0.0600
#TI average gradients and standard deviation in kcal/mol
0.0000 -85.3403 17.3744
0.1000 -25.1950 14.5944
0.2000 -7.3115 12.6034
0.3000 -3.3136 11.9910
0.4000 -3.1470 11.8959
0.5000 -5.7539 12.2770
0.6000 -8.7331 12.5512
0.7000 -12.0374 12.8720
0.8000 -16.0972 13.3702
0.9000 -21.5758 14.6247
1.0000 -37.4660 18.0602
#PMF from TI in kcal/mol
0.0000 0.0000
0.1000 -5.5268
0.2000 -7.1521
0.3000 -7.6833
0.4000 -8.0064
0.5000 -8.4514
0.6000 -9.1758
0.7000 -10.2143
0.8000 -11.6210
0.9000 -13.5047
1.0000 -16.4568
#MBAR free energy difference in kcal/mol: 
-15.592115, 0.060039  #WARNING SUBSAMPLING DISABLED, CONSIDER RERUN WITH SUBSAMPLING OPTION
#TI free energy difference in kcal/mol: 
-16.456757  #WARNING SUBSAMPLING DISABLED, CONSIDER RERUN WITH SUBSAMPLING OPTION 
Starting /export/users/common/BioSimSpace/sire.app/bin/analyse_freenrg: number of threads equals 32
