# Analysing data contained in file(s) ['lambda_0.0000/simfile.dat', 'lambda_0.1000/simfile.dat', 'lambda_0.2000/simfile.dat', 'lambda_0.3000/simfile.dat', 'lambda_0.4000/simfile.dat', 'lambda_0.5000/simfile.dat', 'lambda_0.6000/simfile.dat', 'lambda_0.7000/simfile.dat', 'lambda_0.8000/simfile.dat', 'lambda_0.9000/simfile.dat', 'lambda_1.0000/simfile.dat']
#Overlap matrix
0.9974 0.0026 0.0000 0.0000 0.0000 0.0000 0.0000 0.0000 0.0000 0.0000 0.0000
0.0026 0.9974 0.0000 0.0000 0.0000 0.0000 0.0000 0.0000 0.0000 0.0000 0.0000
0.0000 0.0000 1.0000 0.0000 0.0000 0.0000 0.0000 0.0000 0.0000 0.0000 0.0000
0.0000 0.0000 0.0000 0.8615 0.0712 0.0673 0.0000 0.0000 0.0000 0.0000 0.0000
0.0000 0.0000 0.0000 0.0712 0.8286 0.1002 0.0000 0.0000 0.0000 0.0000 0.0000
0.0000 0.0000 0.0000 0.0673 0.1002 0.8307 0.0018 0.0000 0.0000 0.0000 0.0000
0.0000 0.0000 0.0000 0.0000 0.0000 0.0018 0.9321 0.0661 0.0000 0.0000 0.0000
0.0000 0.0000 0.0000 0.0000 0.0000 0.0000 0.0661 0.8729 0.0609 0.0000 0.0000
0.0000 0.0000 0.0000 0.0000 0.0000 0.0000 0.0000 0.0609 0.8950 0.0440 0.0000
0.0000 0.0000 0.0000 0.0000 0.0000 0.0000 0.0000 0.0000 0.0440 0.8975 0.0584
0.0000 0.0000 0.0000 0.0000 0.0000 0.0000 0.0000 0.0000 0.0000 0.0584 0.9416
#DG from neighbouring lambda in kcal/mol
0.0000 0.1000 16.3319 0.1696
0.1000 0.2000 8.6340 437.0909
0.2000 0.3000 -5.2315 6.1882
0.3000 0.4000 7.4943 0.0228
0.4000 0.5000 28.1140 0.0201
0.5000 0.6000 24.3193 0.2045
0.6000 0.7000 19.6057 0.0313
0.7000 0.8000 17.7449 0.0328
0.8000 0.9000 14.8805 0.0394
0.9000 1.0000 12.8100 0.0336
#PMF from MBAR in kcal/mol
0.0000 0.0000 0.0000
0.1000 16.3319 0.1696
0.2000 24.9659 437.0909
0.3000 19.7343 437.1347
0.4000 27.2286 437.1347
0.5000 55.3427 437.1347
0.6000 79.6620 437.1348
0.7000 99.2677 437.1348
0.8000 117.0126 437.1348
0.9000 131.8931 437.1348
1.0000 144.7032 437.1348
#TI average gradients and standard deviation in kcal/mol
0.0000 150.9279 32.4162
0.1000 182.1882 32.4150
0.2000 -7.9910 39.4449
0.3000 -41.1638 53.8782
0.4000 269.4122 18.6534
0.5000 327.9427 20.3929
0.6000 204.3469 18.6696
0.7000 187.2996 18.9870
0.8000 165.5899 20.9896
0.9000 136.5604 18.7879
1.0000 112.7581 31.4139
#PMF from TI in kcal/mol
0.0000 0.0000
0.1000 16.6558
0.2000 25.3657
0.3000 22.9079
0.4000 34.3204
0.5000 64.1881
0.6000 90.8026
0.7000 110.3849
0.8000 128.0294
0.9000 143.1369
1.0000 155.6028
#MBAR free energy difference in kcal/mol: 
144.703187, 437.134795  #WARNING SUBSAMPLING DISABLED, CONSIDER RERUN WITH SUBSAMPLING OPTION
#TI free energy difference in kcal/mol: 
155.602825  #WARNING SUBSAMPLING DISABLED, CONSIDER RERUN WITH SUBSAMPLING OPTION 
Starting /export/users/common/BioSimSpace/sire.app/bin/analyse_freenrg: number of threads equals 32
