# Analysing data contained in file(s) ['lambda_0.0000/simfile.dat', 'lambda_0.1000/simfile.dat', 'lambda_0.2000/simfile.dat', 'lambda_0.3000/simfile.dat', 'lambda_0.4000/simfile.dat', 'lambda_0.5000/simfile.dat', 'lambda_0.6000/simfile.dat', 'lambda_0.7000/simfile.dat', 'lambda_0.8000/simfile.dat', 'lambda_0.9000/simfile.dat', 'lambda_1.0000/simfile.dat']
#Overlap matrix
0.9325 0.0675 0.0000 0.0000 0.0000 0.0000 0.0000 0.0000 0.0000 0.0000 0.0000
0.0675 0.8604 0.0721 0.0000 0.0000 0.0000 0.0000 0.0000 0.0000 0.0000 0.0000
0.0000 0.0721 0.8472 0.0807 0.0000 0.0000 0.0000 0.0000 0.0000 0.0000 0.0000
0.0000 0.0000 0.0807 0.8294 0.0899 0.0001 0.0000 0.0000 0.0000 0.0000 0.0000
0.0000 0.0000 0.0000 0.0899 0.8146 0.0953 0.0001 0.0000 0.0000 0.0000 0.0000
0.0000 0.0000 0.0000 0.0001 0.0953 0.7942 0.1101 0.0003 0.0000 0.0000 0.0000
0.0000 0.0000 0.0000 0.0000 0.0001 0.1101 0.7692 0.1200 0.0005 0.0000 0.0000
0.0000 0.0000 0.0000 0.0000 0.0000 0.0003 0.1200 0.7473 0.1315 0.0009 0.0000
0.0000 0.0000 0.0000 0.0000 0.0000 0.0000 0.0005 0.1315 0.7208 0.1455 0.0016
0.0000 0.0000 0.0000 0.0000 0.0000 0.0000 0.0000 0.0009 0.1455 0.6863 0.1673
0.0000 0.0000 0.0000 0.0000 0.0000 0.0000 0.0000 0.0000 0.0016 0.1673 0.8311
#DG from neighbouring lambda in kcal/mol
0.0000 0.1000 -0.2112 0.0310
0.1000 0.2000 -0.2300 0.0298
0.2000 0.3000 -0.2801 0.0279
0.3000 0.4000 -0.2596 0.0261
0.4000 0.5000 -0.2438 0.0252
0.5000 0.6000 -0.2682 0.0230
0.6000 0.7000 -0.2785 0.0217
0.7000 0.8000 -0.2530 0.0203
0.8000 0.9000 -0.2492 0.0189
0.9000 1.0000 -0.2493 0.0171
#PMF from MBAR in kcal/mol
0.0000 0.0000 0.0000
0.1000 -0.2112 0.0310
0.2000 -0.4412 0.0447
0.3000 -0.7214 0.0540
0.4000 -0.9809 0.0613
0.5000 -1.2247 0.0673
0.6000 -1.4930 0.0722
0.7000 -1.7715 0.0763
0.8000 -2.0245 0.0799
0.9000 -2.2737 0.0829
1.0000 -2.5231 0.0855
#TI average gradients and standard deviation in kcal/mol
0.0000 -1.4173 20.4794
0.1000 -2.0005 19.6267
0.2000 -2.5116 19.1234
0.3000 -2.7337 18.3006
0.4000 -2.0412 17.4211
0.5000 -2.8258 16.9866
0.6000 -2.4267 16.2861
0.7000 -2.5630 15.2039
0.8000 -2.5288 14.7305
0.9000 -2.5743 14.0636
1.0000 -2.3484 13.2148
#PMF from TI in kcal/mol
0.0000 0.0000
0.1000 -0.1709
0.2000 -0.3965
0.3000 -0.6588
0.4000 -0.8975
0.5000 -1.1409
0.6000 -1.4035
0.7000 -1.6530
0.8000 -1.9076
0.9000 -2.1627
1.0000 -2.4089
#MBAR free energy difference in kcal/mol: 
-2.523051, 0.085521  #WARNING SUBSAMPLING DISABLED, CONSIDER RERUN WITH SUBSAMPLING OPTION
#TI free energy difference in kcal/mol: 
-2.408854  #WARNING SUBSAMPLING DISABLED, CONSIDER RERUN WITH SUBSAMPLING OPTION 
Starting /export/users/common/BioSimSpace/sire.app/bin/analyse_freenrg: number of threads equals 32
