# Analysing data contained in file(s) ['lambda_0.0000/simfile.dat', 'lambda_0.1000/simfile.dat', 'lambda_0.2000/simfile.dat', 'lambda_0.3000/simfile.dat', 'lambda_0.4000/simfile.dat', 'lambda_0.5000/simfile.dat', 'lambda_0.6000/simfile.dat', 'lambda_0.7000/simfile.dat', 'lambda_0.8000/simfile.dat', 'lambda_0.9000/simfile.dat', 'lambda_1.0000/simfile.dat']
#Overlap matrix
0.8615 0.1376 0.0009 0.0000 0.0000 0.0000 0.0000 0.0000 0.0000 0.0000 0.0000
0.1376 0.7170 0.1443 0.0010 0.0000 0.0000 0.0000 0.0000 0.0000 0.0000 0.0000
0.0009 0.1443 0.7066 0.1462 0.0020 0.0000 0.0000 0.0000 0.0000 0.0000 0.0000
0.0000 0.0010 0.1462 0.6758 0.1725 0.0044 0.0000 0.0000 0.0000 0.0000 0.0000
0.0000 0.0000 0.0020 0.1725 0.6277 0.1907 0.0071 0.0000 0.0000 0.0000 0.0000
0.0000 0.0000 0.0000 0.0044 0.1907 0.5948 0.2010 0.0090 0.0001 0.0000 0.0000
0.0000 0.0000 0.0000 0.0000 0.0071 0.2010 0.5734 0.2076 0.0107 0.0001 0.0000
0.0000 0.0000 0.0000 0.0000 0.0000 0.0090 0.2076 0.5623 0.2098 0.0112 0.0001
0.0000 0.0000 0.0000 0.0000 0.0000 0.0001 0.0107 0.2098 0.5613 0.2093 0.0088
0.0000 0.0000 0.0000 0.0000 0.0000 0.0000 0.0001 0.0112 0.2093 0.5797 0.1997
0.0000 0.0000 0.0000 0.0000 0.0000 0.0000 0.0000 0.0001 0.0088 0.1997 0.7914
#DG from neighbouring lambda in kcal/mol
0.0000 0.1000 -0.7194 0.0198
0.1000 0.2000 -1.9830 0.0190
0.2000 0.3000 -3.2208 0.0188
0.3000 0.4000 -4.0840 0.0164
0.4000 0.5000 -4.4511 0.0149
0.5000 0.6000 -4.5088 0.0140
0.6000 0.7000 -4.4014 0.0134
0.7000 0.8000 -4.0555 0.0132
0.8000 0.9000 -3.1984 0.0133
0.9000 1.0000 -0.6959 0.0145
#PMF from MBAR in kcal/mol
0.0000 0.0000 0.0000
0.1000 -0.7194 0.0198
0.2000 -2.7025 0.0299
0.3000 -5.9232 0.0373
0.4000 -10.0072 0.0424
0.5000 -14.4583 0.0464
0.6000 -18.9671 0.0497
0.7000 -23.3685 0.0527
0.8000 -27.4240 0.0554
0.9000 -30.6223 0.0580
1.0000 -31.3182 0.0608
#TI average gradients and standard deviation in kcal/mol
0.0000 -1.6256 16.0121
0.1000 -13.7579 15.3552
0.2000 -26.0620 15.5052
0.3000 -37.4579 14.4881
0.4000 -43.4719 13.2357
0.5000 -45.2956 12.8659
0.6000 -44.9562 12.6932
0.7000 -42.6134 12.1785
0.8000 -37.5289 11.9514
0.9000 -24.2447 12.2063
1.0000 18.5375 13.9757
#PMF from TI in kcal/mol
0.0000 0.0000
0.1000 -0.7692
0.2000 -2.7602
0.3000 -5.9362
0.4000 -9.9826
0.5000 -14.4210
0.6000 -18.9336
0.7000 -23.3121
0.8000 -27.3192
0.9000 -30.4079
1.0000 -30.6933
#MBAR free energy difference in kcal/mol: 
-31.318200, 0.060815  #WARNING SUBSAMPLING DISABLED, CONSIDER RERUN WITH SUBSAMPLING OPTION
#TI free energy difference in kcal/mol: 
-30.693251  #WARNING SUBSAMPLING DISABLED, CONSIDER RERUN WITH SUBSAMPLING OPTION 
Starting /export/users/common/BioSimSpace/sire.app/bin/analyse_freenrg: number of threads equals 32
