# Analysing data contained in file(s) ['lambda_0.0000/simfile.dat', 'lambda_0.1000/simfile.dat', 'lambda_0.2000/simfile.dat', 'lambda_0.3000/simfile.dat', 'lambda_0.4000/simfile.dat', 'lambda_0.5000/simfile.dat', 'lambda_0.6000/simfile.dat', 'lambda_0.7000/simfile.dat', 'lambda_0.8000/simfile.dat', 'lambda_0.9000/simfile.dat', 'lambda_1.0000/simfile.dat']
#Overlap matrix
0.7005 0.2536 0.0429 0.0029 0.0001 0.0000 0.0000 0.0000 0.0000 0.0000 0.0000
0.2536 0.4468 0.2480 0.0483 0.0031 0.0001 0.0000 0.0000 0.0000 0.0000 0.0000
0.0429 0.2480 0.4197 0.2406 0.0460 0.0028 0.0001 0.0000 0.0000 0.0000 0.0000
0.0029 0.0483 0.2406 0.4203 0.2410 0.0443 0.0025 0.0000 0.0000 0.0000 0.0000
0.0001 0.0031 0.0460 0.2410 0.4247 0.2410 0.0421 0.0020 0.0000 0.0000 0.0000
0.0000 0.0001 0.0028 0.0443 0.2410 0.4316 0.2414 0.0375 0.0014 0.0000 0.0000
0.0000 0.0000 0.0001 0.0025 0.0421 0.2414 0.4437 0.2371 0.0323 0.0008 0.0000
0.0000 0.0000 0.0000 0.0000 0.0020 0.0375 0.2371 0.4624 0.2374 0.0233 0.0002
0.0000 0.0000 0.0000 0.0000 0.0000 0.0014 0.0323 0.2374 0.4964 0.2245 0.0079
0.0000 0.0000 0.0000 0.0000 0.0000 0.0000 0.0008 0.0233 0.2245 0.5874 0.1640
0.0000 0.0000 0.0000 0.0000 0.0000 0.0000 0.0000 0.0002 0.0079 0.1640 0.8280
#DG from neighbouring lambda in kcal/mol
0.0000 0.1000 -2.4585 0.0103
0.1000 0.2000 0.0359 0.0088
0.2000 0.3000 1.7410 0.0089
0.3000 0.4000 3.1685 0.0090
0.4000 0.5000 4.5244 0.0091
0.5000 0.6000 5.8291 0.0094
0.6000 0.7000 7.1444 0.0099
0.7000 0.8000 8.4132 0.0104
0.8000 0.9000 9.5755 0.0120
0.9000 1.0000 10.2484 0.0169
#PMF from MBAR in kcal/mol
0.0000 0.0000 0.0000
0.1000 -2.4585 0.0103
0.2000 -2.4227 0.0162
0.3000 -0.6816 0.0206
0.4000 2.4868 0.0243
0.5000 7.0112 0.0276
0.6000 12.8403 0.0307
0.7000 19.9847 0.0336
0.8000 28.3979 0.0365
0.9000 37.9734 0.0398
1.0000 48.2218 0.0447
#TI average gradients and standard deviation in kcal/mol
0.0000 -42.4913 10.9477
0.1000 -10.3240 8.9455
0.2000 9.9388 8.5510
0.3000 24.6100 8.5280
0.4000 38.3749 8.9040
0.5000 51.7480 8.9982
0.6000 65.0413 9.4295
0.7000 77.7274 9.6866
0.8000 90.1774 10.4871
0.9000 100.7992 12.2028
1.0000 104.1387 15.1044
#PMF from TI in kcal/mol
0.0000 0.0000
0.1000 -2.6408
0.2000 -2.6600
0.3000 -0.9326
0.4000 2.2167
0.5000 6.7228
0.6000 12.5623
0.7000 19.7007
0.8000 28.0959
0.9000 37.6448
1.0000 47.8917
#MBAR free energy difference in kcal/mol: 
48.221819, 0.044652  #WARNING SUBSAMPLING DISABLED, CONSIDER RERUN WITH SUBSAMPLING OPTION
#TI free energy difference in kcal/mol: 
47.891661  #WARNING SUBSAMPLING DISABLED, CONSIDER RERUN WITH SUBSAMPLING OPTION 
Starting /export/users/common/BioSimSpace/sire.app/bin/analyse_freenrg: number of threads equals 32
