# Analysing data contained in file(s) ['lambda_0.0000/simfile.dat', 'lambda_0.1000/simfile.dat', 'lambda_0.2000/simfile.dat', 'lambda_0.3000/simfile.dat', 'lambda_0.4000/simfile.dat', 'lambda_0.5000/simfile.dat', 'lambda_0.6000/simfile.dat', 'lambda_0.7000/simfile.dat', 'lambda_0.8000/simfile.dat', 'lambda_0.9000/simfile.dat', 'lambda_1.0000/simfile.dat']
#Overlap matrix
0.8282 0.1653 0.0064 0.0001 0.0000 0.0000 0.0000 0.0000 0.0000 0.0000 0.0000
0.1653 0.5945 0.2191 0.0206 0.0006 0.0000 0.0000 0.0000 0.0000 0.0000 0.0000
0.0064 0.2191 0.5197 0.2312 0.0230 0.0006 0.0000 0.0000 0.0000 0.0000 0.0000
0.0001 0.0206 0.2312 0.5171 0.2226 0.0084 0.0001 0.0000 0.0000 0.0000 0.0000
0.0000 0.0006 0.0230 0.2226 0.6434 0.1095 0.0010 0.0000 0.0000 0.0000 0.0000
0.0000 0.0000 0.0006 0.0084 0.1095 0.8024 0.0784 0.0007 0.0000 0.0000 0.0000
0.0000 0.0000 0.0000 0.0001 0.0010 0.0784 0.8207 0.0991 0.0007 0.0000 0.0000
0.0000 0.0000 0.0000 0.0000 0.0000 0.0007 0.0991 0.7942 0.1059 0.0002 0.0000
0.0000 0.0000 0.0000 0.0000 0.0000 0.0000 0.0007 0.1059 0.8572 0.0363 0.0000
0.0000 0.0000 0.0000 0.0000 0.0000 0.0000 0.0000 0.0002 0.0363 0.9508 0.0128
0.0000 0.0000 0.0000 0.0000 0.0000 0.0000 0.0000 0.0000 0.0000 0.0128 0.9872
#DG from neighbouring lambda in kcal/mol
0.0000 0.1000 -0.1363 0.0169
0.1000 0.2000 -0.5197 0.0125
0.2000 0.3000 -0.2065 0.0112
0.3000 0.4000 0.8284 0.0121
0.4000 0.5000 2.8536 0.0219
0.5000 0.6000 3.6188 0.0280
0.6000 0.7000 3.6192 0.0244
0.7000 0.8000 4.2324 0.0235
0.8000 0.9000 7.9782 0.0436
0.9000 1.0000 18.2312 0.0754
#PMF from MBAR in kcal/mol
0.0000 0.0000 0.0000
0.1000 -0.1363 0.0169
0.2000 -0.6560 0.0238
0.3000 -0.8625 0.0282
0.4000 -0.0342 0.0323
0.5000 2.8195 0.0404
0.6000 6.4383 0.0505
0.7000 10.0574 0.0573
0.8000 14.2898 0.0630
0.9000 22.2680 0.0776
1.0000 40.4992 0.1089
#TI average gradients and standard deviation in kcal/mol
0.0000 -11.6876 14.1673
0.1000 -4.7131 12.4819
0.2000 -4.4567 10.4770
0.3000 1.1472 10.7212
0.4000 18.2349 13.3303
0.5000 34.4996 19.5769
0.6000 35.8730 19.2846
0.7000 35.7325 17.9168
0.8000 54.8825 19.8456
0.9000 109.1568 31.7133
1.0000 320.6371 31.0181
#PMF from TI in kcal/mol
0.0000 0.0000
0.1000 -0.8200
0.2000 -1.2785
0.3000 -1.4440
0.4000 -0.4749
0.5000 2.1618
0.6000 5.6805
0.7000 9.2607
0.8000 13.7915
0.9000 21.9935
1.0000 43.4832
#MBAR free energy difference in kcal/mol: 
40.499216, 0.108892  #WARNING SUBSAMPLING DISABLED, CONSIDER RERUN WITH SUBSAMPLING OPTION
#TI free energy difference in kcal/mol: 
43.483159  #WARNING SUBSAMPLING DISABLED, CONSIDER RERUN WITH SUBSAMPLING OPTION 
Starting /export/users/common/BioSimSpace/sire.app/bin/analyse_freenrg: number of threads equals 32
