# Analysing data contained in file(s) ['lambda_0.0000/simfile.dat', 'lambda_0.1000/simfile.dat', 'lambda_0.2000/simfile.dat', 'lambda_0.3000/simfile.dat', 'lambda_0.4000/simfile.dat', 'lambda_0.5000/simfile.dat', 'lambda_0.6000/simfile.dat', 'lambda_0.7000/simfile.dat', 'lambda_0.8000/simfile.dat', 'lambda_0.9000/simfile.dat', 'lambda_1.0000/simfile.dat']
#Overlap matrix
0.8920 0.1076 0.0004 0.0000 0.0000 0.0000 0.0000 0.0000 0.0000 0.0000 0.0000
0.1076 0.7549 0.1367 0.0007 0.0000 0.0000 0.0000 0.0000 0.0000 0.0000 0.0000
0.0004 0.1367 0.7217 0.1402 0.0009 0.0000 0.0000 0.0000 0.0000 0.0000 0.0000
0.0000 0.0007 0.1402 0.7157 0.1425 0.0009 0.0000 0.0000 0.0000 0.0000 0.0000
0.0000 0.0000 0.0009 0.1425 0.7162 0.1394 0.0009 0.0000 0.0000 0.0000 0.0000
0.0000 0.0000 0.0000 0.0009 0.1394 0.7135 0.1452 0.0010 0.0000 0.0000 0.0000
0.0000 0.0000 0.0000 0.0000 0.0009 0.1452 0.7086 0.1440 0.0012 0.0000 0.0000
0.0000 0.0000 0.0000 0.0000 0.0000 0.0010 0.1440 0.7018 0.1517 0.0015 0.0000
0.0000 0.0000 0.0000 0.0000 0.0000 0.0000 0.0012 0.1517 0.6908 0.1548 0.0015
0.0000 0.0000 0.0000 0.0000 0.0000 0.0000 0.0000 0.0015 0.1548 0.6942 0.1495
0.0000 0.0000 0.0000 0.0000 0.0000 0.0000 0.0000 0.0000 0.0015 0.1495 0.8490
#DG from neighbouring lambda in kcal/mol
0.0000 0.1000 22.5671 0.0233
0.1000 0.2000 20.1442 0.0198
0.2000 0.3000 18.0004 0.0194
0.3000 0.4000 16.0008 0.0192
0.4000 0.5000 13.9687 0.0195
0.5000 0.6000 12.0200 0.0189
0.6000 0.7000 10.1308 0.0190
0.7000 0.8000 8.4499 0.0183
0.8000 0.9000 7.5461 0.0180
0.9000 1.0000 10.0952 0.0186
#PMF from MBAR in kcal/mol
0.0000 0.0000 0.0000
0.1000 22.5671 0.0233
0.2000 42.7113 0.0329
0.3000 60.7117 0.0400
0.4000 76.7125 0.0460
0.5000 90.6812 0.0514
0.6000 102.7012 0.0560
0.7000 112.8321 0.0604
0.8000 121.2819 0.0642
0.9000 128.8281 0.0677
1.0000 138.9233 0.0712
#TI average gradients and standard deviation in kcal/mol
0.0000 240.1639 19.8253
0.1000 212.4533 16.2144
0.2000 190.5156 15.8323
0.3000 169.8175 15.4688
0.4000 149.8706 15.6930
0.5000 129.6163 15.6624
0.6000 110.7690 15.5259
0.7000 92.2232 15.2056
0.8000 77.8218 14.8892
0.9000 77.5656 14.7589
1.0000 147.1239 15.8439
#PMF from TI in kcal/mol
0.0000 0.0000
0.1000 22.6309
0.2000 42.7793
0.3000 60.7960
0.4000 76.7804
0.5000 90.7547
0.6000 102.7740
0.7000 112.9236
0.8000 121.4258
0.9000 129.1952
1.0000 140.4297
#MBAR free energy difference in kcal/mol: 
138.923263, 0.071231  #WARNING SUBSAMPLING DISABLED, CONSIDER RERUN WITH SUBSAMPLING OPTION
#TI free energy difference in kcal/mol: 
140.429681  #WARNING SUBSAMPLING DISABLED, CONSIDER RERUN WITH SUBSAMPLING OPTION 
Starting /export/users/common/BioSimSpace/sire.app/bin/analyse_freenrg: number of threads equals 32
