# Analysing data contained in file(s) ['lambda_0.0000/simfile.dat', 'lambda_0.1000/simfile.dat', 'lambda_0.2000/simfile.dat', 'lambda_0.3000/simfile.dat', 'lambda_0.4000/simfile.dat', 'lambda_0.5000/simfile.dat', 'lambda_0.6000/simfile.dat', 'lambda_0.7000/simfile.dat', 'lambda_0.8000/simfile.dat', 'lambda_0.9000/simfile.dat', 'lambda_1.0000/simfile.dat']
#Overlap matrix
0.7281 0.2483 0.0231 0.0005 0.0000 0.0000 0.0000 0.0000 0.0000 0.0000 0.0000
0.2483 0.5030 0.2262 0.0221 0.0004 0.0000 0.0000 0.0000 0.0000 0.0000 0.0000
0.0231 0.2262 0.4995 0.2299 0.0210 0.0003 0.0000 0.0000 0.0000 0.0000 0.0000
0.0005 0.0221 0.2299 0.5032 0.2258 0.0184 0.0001 0.0000 0.0000 0.0000 0.0000
0.0000 0.0004 0.0210 0.2258 0.5192 0.2243 0.0093 0.0001 0.0000 0.0000 0.0000
0.0000 0.0000 0.0003 0.0184 0.2243 0.5661 0.1811 0.0096 0.0002 0.0000 0.0000
0.0000 0.0000 0.0000 0.0001 0.0093 0.1811 0.5627 0.2253 0.0212 0.0003 0.0000
0.0000 0.0000 0.0000 0.0000 0.0001 0.0096 0.2253 0.5158 0.2312 0.0177 0.0003
0.0000 0.0000 0.0000 0.0000 0.0000 0.0002 0.0212 0.2312 0.5153 0.2151 0.0171
0.0000 0.0000 0.0000 0.0000 0.0000 0.0000 0.0003 0.0177 0.2151 0.5284 0.2385
0.0000 0.0000 0.0000 0.0000 0.0000 0.0000 0.0000 0.0003 0.0171 0.2385 0.7441
#DG from neighbouring lambda in kcal/mol
0.0000 0.1000 -2.2245 0.0113
0.1000 0.2000 0.7231 0.0114
0.2000 0.3000 1.1654 0.0113
0.3000 0.4000 1.0778 0.0116
0.4000 0.5000 0.7724 0.0122
0.5000 0.6000 -0.0486 0.0150
0.6000 0.7000 -0.8155 0.0120
0.7000 0.8000 -0.9716 0.0114
0.8000 0.9000 -1.2877 0.0123
0.9000 1.0000 -1.4891 0.0120
#PMF from MBAR in kcal/mol
0.0000 0.0000 0.0000
0.1000 -2.2245 0.0113
0.2000 -1.5014 0.0189
0.3000 -0.3360 0.0243
0.4000 0.7417 0.0289
0.5000 1.5141 0.0330
0.6000 1.4655 0.0379
0.7000 0.6499 0.0413
0.8000 -0.3216 0.0440
0.9000 -1.6093 0.0469
1.0000 -3.0984 0.0496
#TI average gradients and standard deviation in kcal/mol
0.0000 -62.7387 10.7922
0.1000 0.5652 10.7346
0.2000 10.8112 10.5940
0.3000 11.7361 10.7953
0.4000 9.5296 10.9055
0.5000 5.6853 11.6528
0.6000 -6.4876 11.4378
0.7000 -10.4788 11.2870
0.8000 -10.5426 11.0665
0.9000 -15.5395 11.1086
1.0000 -11.4857 12.2426
#PMF from TI in kcal/mol
0.0000 0.0000
0.1000 -3.1087
0.2000 -2.5399
0.3000 -1.4125
0.4000 -0.3492
0.5000 0.4115
0.6000 0.3714
0.7000 -0.4769
0.8000 -1.5280
0.9000 -2.8321
1.0000 -4.1833
#MBAR free energy difference in kcal/mol: 
-3.098433, 0.049577  #WARNING SUBSAMPLING DISABLED, CONSIDER RERUN WITH SUBSAMPLING OPTION
#TI free energy difference in kcal/mol: 
-4.183335  #WARNING SUBSAMPLING DISABLED, CONSIDER RERUN WITH SUBSAMPLING OPTION 
Starting /export/users/common/BioSimSpace/sire.app/bin/analyse_freenrg: number of threads equals 32
