# Analysing data contained in file(s) ['lambda_0.0000/simfile.dat', 'lambda_0.1000/simfile.dat', 'lambda_0.2000/simfile.dat', 'lambda_0.3000/simfile.dat', 'lambda_0.4000/simfile.dat', 'lambda_0.5000/simfile.dat', 'lambda_0.6000/simfile.dat', 'lambda_0.7000/simfile.dat', 'lambda_0.8000/simfile.dat', 'lambda_0.9000/simfile.dat', 'lambda_1.0000/simfile.dat']
#Overlap matrix
1.0000 0.0000 0.0000 0.0000 0.0000 0.0000 0.0000 0.0000 0.0000 0.0000 0.0000
0.0000 0.9587 0.0413 0.0000 0.0000 0.0000 0.0000 0.0000 0.0000 0.0000 0.0000
0.0000 0.0413 0.8889 0.0698 0.0000 0.0000 0.0000 0.0000 0.0000 0.0000 0.0000
0.0000 0.0000 0.0698 0.8876 0.0425 0.0000 0.0000 0.0000 0.0000 0.0000 0.0000
0.0000 0.0000 0.0000 0.0425 0.8841 0.0733 0.0000 0.0000 0.0000 0.0000 0.0000
0.0000 0.0000 0.0000 0.0000 0.0733 0.8603 0.0664 0.0000 0.0000 0.0000 0.0000
0.0000 0.0000 0.0000 0.0000 0.0000 0.0664 0.8951 0.0384 0.0000 0.0000 0.0000
0.0000 0.0000 0.0000 0.0000 0.0000 0.0000 0.0384 0.9488 0.0127 0.0000 0.0000
0.0000 0.0000 0.0000 0.0000 0.0000 0.0000 0.0000 0.0127 0.9769 0.0104 0.0000
0.0000 0.0000 0.0000 0.0000 0.0000 0.0000 0.0000 0.0000 0.0104 0.9761 0.0136
0.0000 0.0000 0.0000 0.0000 0.0000 0.0000 0.0000 0.0000 0.0000 0.0136 0.9864
#DG from neighbouring lambda in kcal/mol
0.0000 0.1000 30.6550 174.7389
0.1000 0.2000 13.0871 0.0408
0.2000 0.3000 11.3323 0.0304
0.3000 0.4000 9.6198 0.0401
0.4000 0.5000 7.3570 0.0295
0.5000 0.6000 5.7607 0.0313
0.6000 0.7000 2.7251 0.0424
0.7000 0.8000 -3.6130 0.0757
0.8000 0.9000 -13.4653 0.0840
0.9000 1.0000 -22.7343 0.0733
#PMF from MBAR in kcal/mol
0.0000 0.0000 0.0000
0.1000 30.6550 174.7389
0.2000 43.7421 174.7389
0.3000 55.0744 174.7389
0.4000 64.6943 174.7389
0.5000 72.0512 174.7389
0.6000 77.8119 174.7389
0.7000 80.5371 174.7389
0.8000 76.9240 174.7389
0.9000 63.4587 174.7389
1.0000 40.7244 174.7389
#TI average gradients and standard deviation in kcal/mol
0.0000 2896.5194 1439.5548
0.1000 149.1336 26.8803
0.2000 118.7838 20.9958
0.3000 108.0267 19.8673
0.4000 80.7978 21.5265
0.5000 66.8894 20.2046
0.6000 46.2600 21.5143
0.7000 2.7394 24.8903
0.8000 -82.9321 29.4077
0.9000 -182.6639 27.6198
1.0000 -272.0653 28.2618
#PMF from TI in kcal/mol
0.0000 0.0000
0.1000 152.2826
0.2000 165.6785
0.3000 177.0190
0.4000 186.4603
0.5000 193.8446
0.6000 199.5021
0.7000 201.9521
0.8000 197.9424
0.9000 184.6626
1.0000 161.9262
#MBAR free energy difference in kcal/mol: 
40.724434, 174.738930  #WARNING SUBSAMPLING DISABLED, CONSIDER RERUN WITH SUBSAMPLING OPTION
#TI free energy difference in kcal/mol: 
161.926179  #WARNING SUBSAMPLING DISABLED, CONSIDER RERUN WITH SUBSAMPLING OPTION 
Starting /export/users/common/BioSimSpace/sire.app/bin/analyse_freenrg: number of threads equals 32
