# Analysing data contained in file(s) ['lambda_0.0000/simfile.dat', 'lambda_0.1000/simfile.dat', 'lambda_0.2000/simfile.dat', 'lambda_0.3000/simfile.dat', 'lambda_0.4000/simfile.dat', 'lambda_0.5000/simfile.dat', 'lambda_0.6000/simfile.dat', 'lambda_0.7000/simfile.dat', 'lambda_0.8000/simfile.dat', 'lambda_0.9000/simfile.dat', 'lambda_1.0000/simfile.dat']
#Overlap matrix
0.8121 0.1808 0.0070 0.0001 0.0000 0.0000 0.0000 0.0000 0.0000 0.0000 0.0000
0.1808 0.6145 0.1965 0.0082 0.0000 0.0000 0.0000 0.0000 0.0000 0.0000 0.0000
0.0070 0.1965 0.5843 0.2026 0.0095 0.0001 0.0000 0.0000 0.0000 0.0000 0.0000
0.0001 0.0082 0.2026 0.5705 0.2088 0.0099 0.0001 0.0000 0.0000 0.0000 0.0000
0.0000 0.0000 0.0095 0.2088 0.5680 0.2043 0.0092 0.0001 0.0000 0.0000 0.0000
0.0000 0.0000 0.0001 0.0099 0.2043 0.5730 0.2040 0.0087 0.0000 0.0000 0.0000
0.0000 0.0000 0.0000 0.0001 0.0092 0.2040 0.5778 0.2016 0.0072 0.0000 0.0000
0.0000 0.0000 0.0000 0.0000 0.0001 0.0087 0.2016 0.5903 0.1944 0.0049 0.0000
0.0000 0.0000 0.0000 0.0000 0.0000 0.0000 0.0072 0.1944 0.6261 0.1708 0.0015
0.0000 0.0000 0.0000 0.0000 0.0000 0.0000 0.0000 0.0049 0.1708 0.7070 0.1173
0.0000 0.0000 0.0000 0.0000 0.0000 0.0000 0.0000 0.0000 0.0015 0.1173 0.8812
#DG from neighbouring lambda in kcal/mol
0.0000 0.1000 1.2976 0.0158
0.1000 0.2000 0.8297 0.0143
0.2000 0.3000 0.2745 0.0138
0.3000 0.4000 -0.3643 0.0134
0.4000 0.5000 -1.0379 0.0136
0.5000 0.6000 -1.7433 0.0137
0.6000 0.7000 -2.4367 0.0140
0.7000 0.8000 -3.0696 0.0146
0.8000 0.9000 -3.4464 0.0165
0.9000 1.0000 -3.4802 0.0219
#PMF from MBAR in kcal/mol
0.0000 0.0000 0.0000
0.1000 1.2976 0.0158
0.2000 2.1273 0.0240
0.3000 2.4019 0.0299
0.4000 2.0376 0.0345
0.5000 0.9997 0.0387
0.6000 -0.7436 0.0426
0.7000 -3.1803 0.0461
0.8000 -6.2499 0.0497
0.9000 -9.6962 0.0536
1.0000 -13.1765 0.0591
#TI average gradients and standard deviation in kcal/mol
0.0000 239600117477.9427 11754795019688.5547
0.1000 10.5691 12.8316
0.2000 5.6777 12.0864
0.3000 -0.6404 12.0105
0.4000 -6.9123 12.0108
0.5000 -13.9195 12.3849
0.6000 -20.9272 12.2670
0.7000 -27.7069 12.6991
0.8000 -33.1270 12.9747
0.9000 -35.3470 14.9351
1.0000 -32.9346 18.7141
#PMF from TI in kcal/mol
0.0000 0.0000
0.1000 11980005874.4256
0.2000 11980005875.2379
0.3000 11980005875.4898
0.4000 11980005875.1122
0.5000 11980005874.0706
0.6000 11980005872.3282
0.7000 11980005869.8965
0.8000 11980005866.8548
0.9000 11980005863.4311
1.0000 11980005860.0171
#MBAR free energy difference in kcal/mol: 
-13.176493, 0.059085  #WARNING SUBSAMPLING DISABLED, CONSIDER RERUN WITH SUBSAMPLING OPTION
#TI free energy difference in kcal/mol: 
11980005860.017061  #WARNING SUBSAMPLING DISABLED, CONSIDER RERUN WITH SUBSAMPLING OPTION 
Starting /export/users/common/BioSimSpace/sire.app/bin/analyse_freenrg: number of threads equals 32
