# Analysing data contained in file(s) ['lambda_0.0000/simfile.dat', 'lambda_0.1000/simfile.dat', 'lambda_0.2000/simfile.dat', 'lambda_0.3000/simfile.dat', 'lambda_0.4000/simfile.dat', 'lambda_0.5000/simfile.dat', 'lambda_0.6000/simfile.dat', 'lambda_0.7000/simfile.dat', 'lambda_0.8000/simfile.dat', 'lambda_0.9000/simfile.dat', 'lambda_1.0000/simfile.dat']
#Overlap matrix
0.8270 0.1706 0.0024 0.0000 0.0000 0.0000 0.0000 0.0000 0.0000 0.0000 0.0000
0.1706 0.6742 0.1540 0.0012 0.0000 0.0000 0.0000 0.0000 0.0000 0.0000 0.0000
0.0024 0.1540 0.7067 0.1364 0.0006 0.0000 0.0000 0.0000 0.0000 0.0000 0.0000
0.0000 0.0012 0.1364 0.7412 0.1210 0.0003 0.0000 0.0000 0.0000 0.0000 0.0000
0.0000 0.0000 0.0006 0.1210 0.7712 0.1071 0.0001 0.0000 0.0000 0.0000 0.0000
0.0000 0.0000 0.0000 0.0003 0.1071 0.7969 0.0957 0.0001 0.0000 0.0000 0.0000
0.0000 0.0000 0.0000 0.0000 0.0001 0.0957 0.8290 0.0751 0.0000 0.0000 0.0000
0.0000 0.0000 0.0000 0.0000 0.0000 0.0001 0.0751 0.8658 0.0590 0.0000 0.0000
0.0000 0.0000 0.0000 0.0000 0.0000 0.0000 0.0000 0.0590 0.8954 0.0455 0.0000
0.0000 0.0000 0.0000 0.0000 0.0000 0.0000 0.0000 0.0000 0.0455 0.9311 0.0233
0.0000 0.0000 0.0000 0.0000 0.0000 0.0000 0.0000 0.0000 0.0000 0.0233 0.9767
#DG from neighbouring lambda in kcal/mol
0.0000 0.1000 -5.5472 0.0168
0.1000 0.2000 -17.0350 0.0180
0.2000 0.3000 -28.7089 0.0198
0.3000 0.4000 -40.6147 0.0216
0.4000 0.5000 -52.7801 0.0234
0.5000 0.6000 -65.2018 0.0251
0.6000 0.7000 -77.8713 0.0291
0.7000 0.8000 -90.7511 0.0334
0.8000 0.9000 -102.8632 0.0386
0.9000 1.0000 -105.9934 0.0553
#PMF from MBAR in kcal/mol
0.0000 0.0000 0.0000
0.1000 -5.5472 0.0168
0.2000 -22.5822 0.0273
0.3000 -51.2911 0.0358
0.4000 -91.9059 0.0435
0.5000 -144.6860 0.0508
0.6000 -209.8878 0.0580
0.7000 -287.7592 0.0660
0.8000 -378.5102 0.0750
0.9000 -481.3735 0.0852
1.0000 -587.3668 0.1023
#TI average gradients and standard deviation in kcal/mol
0.0000 0.3133 13.4062
0.1000 -112.7793 13.9336
0.2000 -228.3759 15.0479
0.3000 -346.2766 15.6958
0.4000 -466.4724 16.6479
0.5000 -589.7076 17.2859
0.6000 -714.5647 18.2719
0.7000 -843.2062 19.8928
0.8000 -971.8297 21.8387
0.9000 -1073.5572 23.0517
1.0000 -990.9189 32.2158
#PMF from TI in kcal/mol
0.0000 0.0000
0.1000 -5.6233
0.2000 -22.6811
0.3000 -51.4137
0.4000 -92.0511
0.5000 -144.8601
0.6000 -210.0737
0.7000 -287.9623
0.8000 -378.7141
0.9000 -480.9834
1.0000 -584.2072
#MBAR free energy difference in kcal/mol: 
-587.366845, 0.102312  #WARNING SUBSAMPLING DISABLED, CONSIDER RERUN WITH SUBSAMPLING OPTION
#TI free energy difference in kcal/mol: 
-584.207234  #WARNING SUBSAMPLING DISABLED, CONSIDER RERUN WITH SUBSAMPLING OPTION 
Starting /export/users/common/BioSimSpace/sire.app/bin/analyse_freenrg: number of threads equals 32
