# Analysing data contained in file(s) ['lambda_0.0000/simfile.dat', 'lambda_0.1000/simfile.dat', 'lambda_0.2000/simfile.dat', 'lambda_0.3000/simfile.dat', 'lambda_0.4000/simfile.dat', 'lambda_0.5000/simfile.dat', 'lambda_0.6000/simfile.dat', 'lambda_0.7000/simfile.dat', 'lambda_0.8000/simfile.dat', 'lambda_0.9000/simfile.dat', 'lambda_1.0000/simfile.dat']
#Overlap matrix
0.8662 0.1320 0.0019 0.0000 0.0000 0.0000 0.0000 0.0000 0.0000 0.0000 0.0000
0.1320 0.6902 0.1734 0.0044 0.0000 0.0000 0.0000 0.0000 0.0000 0.0000 0.0000
0.0019 0.1734 0.6317 0.1876 0.0054 0.0000 0.0000 0.0000 0.0000 0.0000 0.0000
0.0000 0.0044 0.1876 0.6107 0.1912 0.0061 0.0000 0.0000 0.0000 0.0000 0.0000
0.0000 0.0000 0.0054 0.1912 0.6042 0.1929 0.0062 0.0000 0.0000 0.0000 0.0000
0.0000 0.0000 0.0000 0.0061 0.1929 0.6031 0.1922 0.0057 0.0000 0.0000 0.0000
0.0000 0.0000 0.0000 0.0000 0.0062 0.1922 0.6088 0.1880 0.0048 0.0000 0.0000
0.0000 0.0000 0.0000 0.0000 0.0000 0.0057 0.1880 0.6219 0.1814 0.0031 0.0000
0.0000 0.0000 0.0000 0.0000 0.0000 0.0000 0.0048 0.1814 0.6541 0.1590 0.0007
0.0000 0.0000 0.0000 0.0000 0.0000 0.0000 0.0000 0.0031 0.1590 0.7287 0.1092
0.0000 0.0000 0.0000 0.0000 0.0000 0.0000 0.0000 0.0000 0.0007 0.1092 0.8901
#DG from neighbouring lambda in kcal/mol
0.0000 0.1000 1.7281 0.0202
0.1000 0.2000 2.3721 0.0163
0.2000 0.3000 2.0714 0.0152
0.3000 0.4000 1.3117 0.0148
0.4000 0.5000 0.3745 0.0147
0.5000 0.6000 -0.6674 0.0148
0.6000 0.7000 -1.8178 0.0151
0.7000 0.8000 -3.0511 0.0157
0.8000 0.9000 -4.3888 0.0176
0.9000 1.0000 -6.1023 0.0230
#PMF from MBAR in kcal/mol
0.0000 0.0000 0.0000
0.1000 1.7281 0.0202
0.2000 4.1002 0.0285
0.3000 6.1716 0.0343
0.4000 7.4833 0.0391
0.5000 7.8578 0.0432
0.6000 7.1904 0.0471
0.7000 5.3725 0.0507
0.8000 2.3215 0.0543
0.9000 -2.0673 0.0582
1.0000 -8.1696 0.0638
#TI average gradients and standard deviation in kcal/mol
0.0000 8.8025 18.4454
0.1000 22.5796 14.7382
0.2000 23.4097 13.3493
0.3000 17.2293 13.3408
0.4000 8.6846 13.1673
0.5000 -1.2810 13.0174
0.6000 -12.3005 13.1910
0.7000 -24.1530 13.4118
0.8000 -36.7805 13.7833
0.9000 -51.5082 15.2968
1.0000 -79.5334 182.1096
#PMF from TI in kcal/mol
0.0000 0.0000
0.1000 1.5691
0.2000 3.8686
0.3000 5.9005
0.4000 7.1962
0.5000 7.5664
0.6000 6.8873
0.7000 5.0647
0.8000 2.0180
0.9000 -2.3965
1.0000 -8.9485
#MBAR free energy difference in kcal/mol: 
-8.169609, 0.063777  #WARNING SUBSAMPLING DISABLED, CONSIDER RERUN WITH SUBSAMPLING OPTION
#TI free energy difference in kcal/mol: 
-8.948535  #WARNING SUBSAMPLING DISABLED, CONSIDER RERUN WITH SUBSAMPLING OPTION 
Starting /export/users/common/BioSimSpace/sire.app/bin/analyse_freenrg: number of threads equals 32
