# Analysing data contained in file(s) ['lambda_0.0000/simfile.dat', 'lambda_0.1000/simfile.dat', 'lambda_0.2000/simfile.dat', 'lambda_0.3000/simfile.dat', 'lambda_0.4000/simfile.dat', 'lambda_0.5000/simfile.dat', 'lambda_0.6000/simfile.dat', 'lambda_0.7000/simfile.dat', 'lambda_0.8000/simfile.dat', 'lambda_0.9000/simfile.dat', 'lambda_1.0000/simfile.dat']
#Overlap matrix
0.9995 0.0005 0.0000 0.0000 0.0000 0.0000 0.0000 0.0000 0.0000 0.0000 0.0000
0.0005 0.9812 0.0184 0.0000 0.0000 0.0000 0.0000 0.0000 0.0000 0.0000 0.0000
0.0000 0.0184 0.9596 0.0221 0.0000 0.0000 0.0000 0.0000 0.0000 0.0000 0.0000
0.0000 0.0000 0.0221 0.8991 0.0788 0.0000 0.0000 0.0000 0.0000 0.0000 0.0000
0.0000 0.0000 0.0000 0.0788 0.8294 0.0917 0.0000 0.0000 0.0000 0.0000 0.0000
0.0000 0.0000 0.0000 0.0000 0.0917 0.8280 0.0802 0.0000 0.0000 0.0000 0.0000
0.0000 0.0000 0.0000 0.0000 0.0000 0.0802 0.8895 0.0302 0.0000 0.0000 0.0000
0.0000 0.0000 0.0000 0.0000 0.0000 0.0000 0.0302 0.9545 0.0153 0.0000 0.0000
0.0000 0.0000 0.0000 0.0000 0.0000 0.0000 0.0000 0.0153 0.9567 0.0280 0.0000
0.0000 0.0000 0.0000 0.0000 0.0000 0.0000 0.0000 0.0000 0.0280 0.9463 0.0258
0.0000 0.0000 0.0000 0.0000 0.0000 0.0000 0.0000 0.0000 0.0000 0.0258 0.9742
#DG from neighbouring lambda in kcal/mol
0.0000 0.1000 24.3316 0.3955
0.1000 0.2000 10.3333 0.0627
0.2000 0.3000 3.7419 0.0569
0.3000 0.4000 -0.0955 0.0283
0.4000 0.5000 -1.8625 0.0258
0.5000 0.6000 -3.5461 0.0280
0.6000 0.7000 -7.0358 0.0483
0.7000 0.8000 -16.1708 0.0687
0.8000 0.9000 -22.8304 0.0503
0.9000 1.0000 -29.1958 0.0525
#PMF from MBAR in kcal/mol
0.0000 0.0000 0.0000
0.1000 24.3316 0.3955
0.2000 34.6649 0.4006
0.3000 38.4068 0.4048
0.4000 38.3113 0.4060
0.5000 36.4488 0.4070
0.6000 32.9026 0.4081
0.7000 25.8668 0.4111
0.8000 9.6960 0.4170
0.9000 -13.1344 0.4202
1.0000 -42.3302 0.4237
#TI average gradients and standard deviation in kcal/mol
0.0000 393.9406 54.1784
0.1000 147.6114 31.6221
0.2000 70.0880 23.7416
0.3000 10.1138 20.1393
0.4000 -10.7788 18.7465
0.5000 -26.2630 18.6413
0.6000 -46.5187 20.5380
0.7000 -109.1641 31.6204
0.8000 -199.0117 24.3983
0.9000 -260.3942 25.8165
1.0000 -327.1875 28.8584
#PMF from TI in kcal/mol
0.0000 0.0000
0.1000 27.0776
0.2000 37.9626
0.3000 41.9727
0.4000 41.9394
0.5000 40.0873
0.6000 36.4482
0.7000 28.6641
0.8000 13.2553
0.9000 -9.7150
1.0000 -39.0941
#MBAR free energy difference in kcal/mol: 
-42.330203, 0.423660  #WARNING SUBSAMPLING DISABLED, CONSIDER RERUN WITH SUBSAMPLING OPTION
#TI free energy difference in kcal/mol: 
-39.094076  #WARNING SUBSAMPLING DISABLED, CONSIDER RERUN WITH SUBSAMPLING OPTION 
Starting /export/users/common/BioSimSpace/sire.app/bin/analyse_freenrg: number of threads equals 32
