# Analysing data contained in file(s) ['lambda_0.0000/simfile.dat', 'lambda_0.1000/simfile.dat', 'lambda_0.2000/simfile.dat', 'lambda_0.3000/simfile.dat', 'lambda_0.4000/simfile.dat', 'lambda_0.5000/simfile.dat', 'lambda_0.6000/simfile.dat', 'lambda_0.7000/simfile.dat', 'lambda_0.8000/simfile.dat', 'lambda_0.9000/simfile.dat', 'lambda_1.0000/simfile.dat']
#Overlap matrix
1.0000 0.0000 0.0000 0.0000 0.0000 0.0000 0.0000 0.0000 0.0000 0.0000 0.0000
0.0000 0.9489 0.0511 0.0000 0.0000 0.0000 0.0000 0.0000 0.0000 0.0000 0.0000
0.0000 0.0511 0.8380 0.1105 0.0004 0.0000 0.0000 0.0000 0.0000 0.0000 0.0000
0.0000 0.0000 0.1105 0.7515 0.1370 0.0009 0.0000 0.0000 0.0000 0.0000 0.0000
0.0000 0.0000 0.0004 0.1370 0.7203 0.1419 0.0004 0.0000 0.0000 0.0000 0.0000
0.0000 0.0000 0.0000 0.0009 0.1419 0.7490 0.1080 0.0002 0.0000 0.0000 0.0000
0.0000 0.0000 0.0000 0.0000 0.0004 0.1080 0.7771 0.1144 0.0001 0.0000 0.0000
0.0000 0.0000 0.0000 0.0000 0.0000 0.0002 0.1144 0.8083 0.0771 0.0000 0.0000
0.0000 0.0000 0.0000 0.0000 0.0000 0.0000 0.0001 0.0771 0.8930 0.0299 0.0000
0.0000 0.0000 0.0000 0.0000 0.0000 0.0000 0.0000 0.0000 0.0299 0.9673 0.0028
0.0000 0.0000 0.0000 0.0000 0.0000 0.0000 0.0000 0.0000 0.0000 0.0028 0.9972
#DG from neighbouring lambda in kcal/mol
0.0000 0.1000 36.7890 0.0522
0.1000 0.2000 9.8728 0.0363
0.2000 0.3000 5.9776 0.0229
0.3000 0.4000 3.6732 0.0198
0.4000 0.5000 1.6974 0.0193
0.5000 0.6000 -0.9379 0.0232
0.6000 0.7000 -3.9646 0.0224
0.7000 0.8000 -7.6438 0.0286
0.8000 0.9000 -13.8206 0.0485
0.9000 1.0000 -26.0006 0.1634
#PMF from MBAR in kcal/mol
0.0000 0.0000 0.0000
0.1000 36.7890 0.0522
0.2000 46.6619 0.0395
0.3000 52.6395 0.0340
0.4000 56.3126 0.0307
0.5000 58.0101 0.0289
0.6000 57.0722 0.0289
0.7000 53.1076 0.0311
0.8000 45.4638 0.0368
0.9000 31.6432 0.0535
1.0000 5.6426 0.1560
#TI average gradients and standard deviation in kcal/mol
0.0000 1878.8424 517.6968
0.1000 131.7920 26.2756
0.2000 74.5292 18.5558
0.3000 47.0448 16.1818
0.4000 26.7144 15.3779
0.5000 5.7342 16.8136
0.6000 -24.7048 16.9496
0.7000 -55.5654 17.7717
0.8000 -101.6740 21.4542
0.9000 -183.3619 27.4872
1.0000 -352.1251 39.0834
#PMF from TI in kcal/mol
0.0000 0.0000
0.1000 100.5317
0.2000 110.8478
0.3000 116.9265
0.4000 120.6144
0.5000 122.2369
0.6000 121.2883
0.7000 117.2748
0.8000 109.4128
0.9000 95.1610
1.0000 68.3867
#MBAR free energy difference in kcal/mol: 
5.642593, 0.156006  #WARNING SUBSAMPLING DISABLED, CONSIDER RERUN WITH SUBSAMPLING OPTION
#TI free energy difference in kcal/mol: 
68.386698  #WARNING SUBSAMPLING DISABLED, CONSIDER RERUN WITH SUBSAMPLING OPTION 
Starting /export/users/common/BioSimSpace/sire.app/bin/analyse_freenrg: number of threads equals 32
