# Analysing data contained in file(s) ['lambda_0.0000/simfile.dat', 'lambda_0.1000/simfile.dat', 'lambda_0.2000/simfile.dat', 'lambda_0.3000/simfile.dat', 'lambda_0.4000/simfile.dat', 'lambda_0.5000/simfile.dat', 'lambda_0.6000/simfile.dat', 'lambda_0.7000/simfile.dat', 'lambda_0.8000/simfile.dat', 'lambda_0.9000/simfile.dat', 'lambda_1.0000/simfile.dat']
#Overlap matrix
0.8634 0.1296 0.0067 0.0003 0.0000 0.0000 0.0000 0.0000 0.0000 0.0000 0.0000
0.1296 0.6545 0.1949 0.0199 0.0010 0.0000 0.0000 0.0000 0.0000 0.0000 0.0000
0.0067 0.1949 0.5452 0.2202 0.0311 0.0018 0.0000 0.0000 0.0000 0.0000 0.0000
0.0003 0.0199 0.2202 0.4892 0.2318 0.0367 0.0019 0.0000 0.0000 0.0000 0.0000
0.0000 0.0010 0.0311 0.2318 0.4634 0.2339 0.0367 0.0020 0.0000 0.0000 0.0000
0.0000 0.0000 0.0018 0.0367 0.2339 0.4476 0.2373 0.0405 0.0022 0.0000 0.0000
0.0000 0.0000 0.0000 0.0019 0.0367 0.2373 0.4421 0.2396 0.0401 0.0022 0.0000
0.0000 0.0000 0.0000 0.0000 0.0020 0.0405 0.2396 0.4339 0.2399 0.0420 0.0021
0.0000 0.0000 0.0000 0.0000 0.0000 0.0022 0.0401 0.2399 0.4355 0.2429 0.0395
0.0000 0.0000 0.0000 0.0000 0.0000 0.0000 0.0022 0.0420 0.2429 0.4466 0.2662
0.0000 0.0000 0.0000 0.0000 0.0000 0.0000 0.0000 0.0021 0.0395 0.2662 0.6922
#DG from neighbouring lambda in kcal/mol
0.0000 0.1000 -6.5956 0.0200
0.1000 0.2000 -0.7373 0.0138
0.2000 0.3000 0.1944 0.0114
0.3000 0.4000 0.2956 0.0102
0.4000 0.5000 0.2926 0.0099
0.5000 0.6000 0.2573 0.0096
0.6000 0.7000 0.2911 0.0094
0.7000 0.8000 0.3176 0.0093
0.8000 0.9000 0.3725 0.0093
0.9000 1.0000 0.4011 0.0099
#PMF from MBAR in kcal/mol
0.0000 0.0000 0.0000
0.1000 -6.5956 0.0200
0.2000 -7.3329 0.0265
0.3000 -7.1385 0.0305
0.4000 -6.8429 0.0335
0.5000 -6.5503 0.0362
0.6000 -6.2930 0.0387
0.7000 -6.0019 0.0409
0.8000 -5.6843 0.0430
0.9000 -5.3118 0.0450
1.0000 -4.9106 0.0470
#TI average gradients and standard deviation in kcal/mol
0.0000 -142.6693 19.2450
0.1000 -20.8914 14.2470
0.2000 0.3933 11.4136
0.3000 2.7533 10.6482
0.4000 3.2256 10.1219
0.5000 2.7367 9.5689
0.6000 2.5553 9.4968
0.7000 3.0925 9.3608
0.8000 3.3207 9.2575
0.9000 4.0466 9.3919
1.0000 7.4153 9.7359
#PMF from TI in kcal/mol
0.0000 0.0000
0.1000 -8.1780
0.2000 -9.2029
0.3000 -9.0456
0.4000 -8.7467
0.5000 -8.4486
0.6000 -8.1840
0.7000 -7.9016
0.8000 -7.5809
0.9000 -7.2125
1.0000 -6.6394
#MBAR free energy difference in kcal/mol: 
-4.910646, 0.047038  #WARNING SUBSAMPLING DISABLED, CONSIDER RERUN WITH SUBSAMPLING OPTION
#TI free energy difference in kcal/mol: 
-6.639446  #WARNING SUBSAMPLING DISABLED, CONSIDER RERUN WITH SUBSAMPLING OPTION 
Starting /export/users/common/BioSimSpace/sire.app/bin/analyse_freenrg: number of threads equals 32
