# Analysing data contained in file(s) ['lambda_0.0000/simfile.dat', 'lambda_0.1000/simfile.dat', 'lambda_0.2000/simfile.dat', 'lambda_0.3000/simfile.dat', 'lambda_0.4000/simfile.dat', 'lambda_0.5000/simfile.dat', 'lambda_0.6000/simfile.dat', 'lambda_0.7000/simfile.dat', 'lambda_0.8000/simfile.dat', 'lambda_0.9000/simfile.dat', 'lambda_1.0000/simfile.dat']
#Overlap matrix
0.7119 0.2500 0.0362 0.0019 0.0000 0.0000 0.0000 0.0000 0.0000 0.0000 0.0000
0.2500 0.4573 0.2454 0.0446 0.0026 0.0000 0.0000 0.0000 0.0000 0.0000 0.0000
0.0362 0.2454 0.4269 0.2446 0.0446 0.0024 0.0000 0.0000 0.0000 0.0000 0.0000
0.0019 0.0446 0.2446 0.4264 0.2394 0.0411 0.0021 0.0000 0.0000 0.0000 0.0000
0.0000 0.0026 0.0446 0.2394 0.4317 0.2411 0.0390 0.0016 0.0000 0.0000 0.0000
0.0000 0.0000 0.0024 0.0411 0.2411 0.4412 0.2383 0.0347 0.0012 0.0000 0.0000
0.0000 0.0000 0.0000 0.0021 0.0390 0.2383 0.4527 0.2378 0.0295 0.0007 0.0000
0.0000 0.0000 0.0000 0.0000 0.0016 0.0347 0.2378 0.4697 0.2334 0.0226 0.0001
0.0000 0.0000 0.0000 0.0000 0.0000 0.0012 0.0295 0.2334 0.4988 0.2292 0.0079
0.0000 0.0000 0.0000 0.0000 0.0000 0.0000 0.0007 0.0226 0.2292 0.5913 0.1562
0.0000 0.0000 0.0000 0.0000 0.0000 0.0000 0.0000 0.0001 0.0079 0.1562 0.8358
#DG from neighbouring lambda in kcal/mol
0.0000 0.1000 2.2885 0.0107
0.1000 0.2000 3.1346 0.0092
0.2000 0.3000 2.4223 0.0089
0.3000 0.4000 1.3431 0.0092
0.4000 0.5000 0.1484 0.0094
0.5000 0.6000 -1.0743 0.0097
0.6000 0.7000 -2.3665 0.0101
0.7000 0.8000 -3.7599 0.0107
0.8000 0.9000 -5.3275 0.0118
0.9000 1.0000 -7.5904 0.0175
#PMF from MBAR in kcal/mol
0.0000 0.0000 0.0000
0.1000 2.2885 0.0107
0.2000 5.4231 0.0169
0.3000 7.8453 0.0213
0.4000 9.1885 0.0250
0.5000 9.3369 0.0283
0.6000 8.2626 0.0314
0.7000 5.8961 0.0344
0.8000 2.1362 0.0374
0.9000 -3.1914 0.0406
1.0000 -10.7817 0.0455
#TI average gradients and standard deviation in kcal/mol
0.0000 4.4755 11.3131
0.1000 31.7099 9.5145
0.2000 28.8307 9.1952
0.3000 19.1360 9.1796
0.4000 7.6135 9.3539
0.5000 -4.5735 9.4860
0.6000 -17.0949 9.7125
0.7000 -30.4465 10.1556
0.8000 -45.0046 10.7193
0.9000 -62.1529 11.8571
1.0000 -93.8602 17.7139
#PMF from TI in kcal/mol
0.0000 0.0000
0.1000 1.8093
0.2000 4.8363
0.3000 7.2346
0.4000 8.5721
0.5000 8.7241
0.6000 7.6407
0.7000 5.2636
0.8000 1.4911
0.9000 -3.8668
1.0000 -11.6674
#MBAR free energy difference in kcal/mol: 
-10.781707, 0.045549  #WARNING SUBSAMPLING DISABLED, CONSIDER RERUN WITH SUBSAMPLING OPTION
#TI free energy difference in kcal/mol: 
-11.667449  #WARNING SUBSAMPLING DISABLED, CONSIDER RERUN WITH SUBSAMPLING OPTION 
Starting /export/users/common/BioSimSpace/sire.app/bin/analyse_freenrg: number of threads equals 32
