# Analysing data contained in file(s) ['lambda_0.0000/simfile.dat', 'lambda_0.1000/simfile.dat', 'lambda_0.2000/simfile.dat', 'lambda_0.3000/simfile.dat', 'lambda_0.4000/simfile.dat', 'lambda_0.5000/simfile.dat', 'lambda_0.6000/simfile.dat', 'lambda_0.7000/simfile.dat', 'lambda_0.8000/simfile.dat', 'lambda_0.9000/simfile.dat', 'lambda_1.0000/simfile.dat']
#Overlap matrix
0.9400 0.0599 0.0001 0.0000 0.0000 0.0000 0.0000 0.0000 0.0000 0.0000 0.0000
0.0599 0.8316 0.1080 0.0005 0.0000 0.0000 0.0000 0.0000 0.0000 0.0000 0.0000
0.0001 0.1080 0.7530 0.1382 0.0008 0.0000 0.0000 0.0000 0.0000 0.0000 0.0000
0.0000 0.0005 0.1382 0.7245 0.1360 0.0008 0.0000 0.0000 0.0000 0.0000 0.0000
0.0000 0.0000 0.0008 0.1360 0.7243 0.1383 0.0007 0.0000 0.0000 0.0000 0.0000
0.0000 0.0000 0.0000 0.0008 0.1383 0.7256 0.1346 0.0007 0.0000 0.0000 0.0000
0.0000 0.0000 0.0000 0.0000 0.0007 0.1346 0.7290 0.1351 0.0006 0.0000 0.0000
0.0000 0.0000 0.0000 0.0000 0.0000 0.0007 0.1351 0.7333 0.1305 0.0004 0.0000
0.0000 0.0000 0.0000 0.0000 0.0000 0.0000 0.0006 0.1305 0.7500 0.1187 0.0001
0.0000 0.0000 0.0000 0.0000 0.0000 0.0000 0.0000 0.0004 0.1187 0.8124 0.0686
0.0000 0.0000 0.0000 0.0000 0.0000 0.0000 0.0000 0.0000 0.0001 0.0686 0.9313
#DG from neighbouring lambda in kcal/mol
0.0000 0.1000 -8.4473 0.0331
0.1000 0.2000 -5.4711 0.0232
0.2000 0.3000 -5.0197 0.0197
0.3000 0.4000 -5.5072 0.0199
0.4000 0.5000 -6.3632 0.0196
0.5000 0.6000 -7.4680 0.0200
0.6000 0.7000 -8.5801 0.0200
0.7000 0.8000 -9.6582 0.0205
0.8000 0.9000 -10.6442 0.0219
0.9000 1.0000 -11.2594 0.0307
#PMF from MBAR in kcal/mol
0.0000 0.0000 0.0000
0.1000 -8.4473 0.0331
0.2000 -13.9184 0.0422
0.3000 -18.9381 0.0481
0.4000 -24.4453 0.0534
0.5000 -30.8085 0.0582
0.6000 -38.2765 0.0627
0.7000 -46.8566 0.0669
0.8000 -56.5149 0.0710
0.9000 -67.1590 0.0752
1.0000 -78.4184 0.0821
#TI average gradients and standard deviation in kcal/mol
0.0000 -119.2585 24.4065
0.1000 -62.9625 19.0572
0.2000 -50.3392 16.7205
0.3000 -51.2993 15.6882
0.4000 -59.2394 15.6383
0.5000 -68.7887 16.1800
0.6000 -80.2575 15.7929
0.7000 -91.2383 15.8994
0.8000 -101.9425 16.4049
0.9000 -109.9306 17.5233
1.0000 -115.2888 25.2098
#PMF from TI in kcal/mol
0.0000 0.0000
0.1000 -9.1111
0.2000 -14.7761
0.3000 -19.8581
0.4000 -25.3850
0.5000 -31.7864
0.6000 -39.2387
0.7000 -47.8135
0.8000 -57.4725
0.9000 -68.0662
1.0000 -79.3272
#MBAR free energy difference in kcal/mol: 
-78.418386, 0.082141  #WARNING SUBSAMPLING DISABLED, CONSIDER RERUN WITH SUBSAMPLING OPTION
#TI free energy difference in kcal/mol: 
-79.327166  #WARNING SUBSAMPLING DISABLED, CONSIDER RERUN WITH SUBSAMPLING OPTION 
Starting /export/users/common/BioSimSpace/sire.app/bin/analyse_freenrg: number of threads equals 32
