# Analysing data contained in file(s) ['lambda_0.0000/simfile.dat', 'lambda_0.1000/simfile.dat', 'lambda_0.2000/simfile.dat', 'lambda_0.3000/simfile.dat', 'lambda_0.4000/simfile.dat', 'lambda_0.5000/simfile.dat', 'lambda_0.6000/simfile.dat', 'lambda_0.7000/simfile.dat', 'lambda_0.8000/simfile.dat', 'lambda_0.9000/simfile.dat', 'lambda_1.0000/simfile.dat']
#Overlap matrix
0.9457 0.0543 0.0000 0.0000 0.0000 0.0000 0.0000 0.0000 0.0000 0.0000 0.0000
0.0543 0.8764 0.0693 0.0000 0.0000 0.0000 0.0000 0.0000 0.0000 0.0000 0.0000
0.0000 0.0693 0.8514 0.0793 0.0001 0.0000 0.0000 0.0000 0.0000 0.0000 0.0000
0.0000 0.0000 0.0793 0.8305 0.0901 0.0001 0.0000 0.0000 0.0000 0.0000 0.0000
0.0000 0.0000 0.0001 0.0901 0.8113 0.0984 0.0001 0.0000 0.0000 0.0000 0.0000
0.0000 0.0000 0.0000 0.0001 0.0984 0.8136 0.0878 0.0002 0.0000 0.0000 0.0000
0.0000 0.0000 0.0000 0.0000 0.0001 0.0878 0.7932 0.1187 0.0003 0.0000 0.0000
0.0000 0.0000 0.0000 0.0000 0.0000 0.0002 0.1187 0.7678 0.1130 0.0003 0.0000
0.0000 0.0000 0.0000 0.0000 0.0000 0.0000 0.0003 0.1130 0.7633 0.1231 0.0003
0.0000 0.0000 0.0000 0.0000 0.0000 0.0000 0.0000 0.0003 0.1231 0.7732 0.1034
0.0000 0.0000 0.0000 0.0000 0.0000 0.0000 0.0000 0.0000 0.0003 0.1034 0.8962
#DG from neighbouring lambda in kcal/mol
0.0000 0.1000 3.9935 0.0351
0.1000 0.2000 4.7313 0.0305
0.2000 0.3000 4.1828 0.0282
0.3000 0.4000 3.3862 0.0261
0.4000 0.5000 2.5232 0.0247
0.5000 0.6000 1.5234 0.0265
0.6000 0.7000 0.8513 0.0219
0.7000 0.8000 0.2240 0.0226
0.8000 0.9000 -0.2376 0.0213
0.9000 1.0000 -0.5290 0.0239
#PMF from MBAR in kcal/mol
0.0000 0.0000 0.0000
0.1000 3.9935 0.0351
0.2000 8.7248 0.0480
0.3000 12.9076 0.0570
0.4000 16.2938 0.0639
0.5000 18.8170 0.0695
0.6000 20.3404 0.0754
0.7000 21.1917 0.0794
0.8000 21.4156 0.0835
0.9000 21.1781 0.0870
1.0000 20.6491 0.0910
#TI average gradients and standard deviation in kcal/mol
0.0000 25.0299 22.9687
0.1000 47.9533 20.3208
0.2000 45.3817 19.7594
0.3000 38.0559 18.7339
0.4000 29.6086 18.4131
0.5000 21.5294 17.4659
0.6000 9.8574 17.5321
0.7000 6.0758 17.1302
0.8000 -0.5289 16.7483
0.9000 -3.5440 16.4895
1.0000 -914797697.1726 44387926432.9469
#PMF from TI in kcal/mol
0.0000 0.0000
0.1000 3.6492
0.2000 8.3159
0.3000 12.4878
0.4000 15.8710
0.5000 18.4279
0.6000 19.9972
0.7000 20.7939
0.8000 21.0712
0.9000 20.8676
1.0000 -45739864.1682
#MBAR free energy difference in kcal/mol: 
20.649109, 0.091012  #WARNING SUBSAMPLING DISABLED, CONSIDER RERUN WITH SUBSAMPLING OPTION
#TI free energy difference in kcal/mol: 
-45739864.168227  #WARNING SUBSAMPLING DISABLED, CONSIDER RERUN WITH SUBSAMPLING OPTION 
Starting /export/users/common/BioSimSpace/sire.app/bin/analyse_freenrg: number of threads equals 32
