# Analysing data contained in file(s) ['lambda_0.0000/simfile.dat', 'lambda_0.1000/simfile.dat', 'lambda_0.2000/simfile.dat', 'lambda_0.3000/simfile.dat', 'lambda_0.4000/simfile.dat', 'lambda_0.5000/simfile.dat', 'lambda_0.6000/simfile.dat', 'lambda_0.7000/simfile.dat', 'lambda_0.8000/simfile.dat', 'lambda_0.9000/simfile.dat', 'lambda_1.0000/simfile.dat']
#Overlap matrix
0.9854 0.0146 0.0000 0.0000 0.0000 0.0000 0.0000 0.0000 0.0000 0.0000 0.0000
0.0146 0.9572 0.0282 0.0000 0.0000 0.0000 0.0000 0.0000 0.0000 0.0000 0.0000
0.0000 0.0282 0.9292 0.0426 0.0000 0.0000 0.0000 0.0000 0.0000 0.0000 0.0000
0.0000 0.0000 0.0426 0.9098 0.0476 0.0000 0.0000 0.0000 0.0000 0.0000 0.0000
0.0000 0.0000 0.0000 0.0476 0.9024 0.0501 0.0000 0.0000 0.0000 0.0000 0.0000
0.0000 0.0000 0.0000 0.0000 0.0501 0.8948 0.0551 0.0000 0.0000 0.0000 0.0000
0.0000 0.0000 0.0000 0.0000 0.0000 0.0551 0.8850 0.0599 0.0000 0.0000 0.0000
0.0000 0.0000 0.0000 0.0000 0.0000 0.0000 0.0599 0.8762 0.0639 0.0000 0.0000
0.0000 0.0000 0.0000 0.0000 0.0000 0.0000 0.0000 0.0639 0.8681 0.0680 0.0000
0.0000 0.0000 0.0000 0.0000 0.0000 0.0000 0.0000 0.0000 0.0680 0.8611 0.0709
0.0000 0.0000 0.0000 0.0000 0.0000 0.0000 0.0000 0.0000 0.0000 0.0709 0.9291
#DG from neighbouring lambda in kcal/mol
0.0000 0.1000 -4.3629 0.0704
0.1000 0.2000 -2.0125 0.0500
0.2000 0.3000 -0.9639 0.0401
0.3000 0.4000 -0.4966 0.0377
0.4000 0.5000 -0.4129 0.0367
0.5000 0.6000 -0.5616 0.0348
0.6000 0.7000 -0.4196 0.0331
0.7000 0.8000 -0.3686 0.0320
0.8000 0.9000 -0.3244 0.0308
0.9000 1.0000 -0.2209 0.0301
#PMF from MBAR in kcal/mol
0.0000 0.0000 0.0000
0.1000 -4.3629 0.0704
0.2000 -6.3753 0.0873
0.3000 -7.3393 0.0968
0.4000 -7.8359 0.1046
0.5000 -8.2488 0.1115
0.6000 -8.8104 0.1174
0.7000 -9.2299 0.1226
0.8000 -9.5986 0.1273
0.9000 -9.9230 0.1316
1.0000 -10.1438 0.1355
#TI average gradients and standard deviation in kcal/mol
0.0000 -57.1518 31.1053
0.1000 -28.7098 26.2029
0.2000 -13.9658 24.4127
0.3000 -5.9007 22.9717
0.4000 -4.0006 22.0204
0.5000 -4.9747 22.2129
0.6000 -4.4478 20.9546
0.7000 -4.2478 21.2378
0.8000 -3.3962 21.0761
0.9000 -2.8447 20.3432
1.0000 1.5143 20.2909
#PMF from TI in kcal/mol
0.0000 0.0000
0.1000 -4.2931
0.2000 -6.4269
0.3000 -7.4202
0.4000 -7.9153
0.5000 -8.3640
0.6000 -8.8351
0.7000 -9.2699
0.8000 -9.6521
0.9000 -9.9642
1.0000 -10.0307
#MBAR free energy difference in kcal/mol: 
-10.143834, 0.135528  #WARNING SUBSAMPLING DISABLED, CONSIDER RERUN WITH SUBSAMPLING OPTION
#TI free energy difference in kcal/mol: 
-10.030684  #WARNING SUBSAMPLING DISABLED, CONSIDER RERUN WITH SUBSAMPLING OPTION 
Starting /export/users/common/BioSimSpace/sire.app/bin/analyse_freenrg: number of threads equals 32
