# Analysing data contained in file(s) ['lambda_0.0000/simfile.dat', 'lambda_0.1000/simfile.dat', 'lambda_0.2000/simfile.dat', 'lambda_0.3000/simfile.dat', 'lambda_0.4000/simfile.dat', 'lambda_0.5000/simfile.dat', 'lambda_0.6000/simfile.dat', 'lambda_0.7000/simfile.dat', 'lambda_0.8000/simfile.dat', 'lambda_0.9000/simfile.dat', 'lambda_1.0000/simfile.dat']
#Overlap matrix
0.6590 0.2773 0.0584 0.0052 0.0002 0.0000 0.0000 0.0000 0.0000 0.0000 0.0000
0.2773 0.4161 0.2456 0.0561 0.0047 0.0001 0.0000 0.0000 0.0000 0.0000 0.0000
0.0584 0.2456 0.3958 0.2422 0.0539 0.0041 0.0001 0.0000 0.0000 0.0000 0.0000
0.0052 0.0561 0.2422 0.4006 0.2424 0.0501 0.0033 0.0001 0.0000 0.0000 0.0000
0.0002 0.0047 0.0539 0.2424 0.4081 0.2416 0.0464 0.0027 0.0000 0.0000 0.0000
0.0000 0.0001 0.0041 0.0501 0.2416 0.4195 0.2403 0.0423 0.0020 0.0000 0.0000
0.0000 0.0000 0.0001 0.0033 0.0464 0.2403 0.4297 0.2415 0.0373 0.0012 0.0000
0.0000 0.0000 0.0000 0.0001 0.0027 0.0423 0.2415 0.4458 0.2379 0.0294 0.0003
0.0000 0.0000 0.0000 0.0000 0.0000 0.0020 0.0373 0.2379 0.4723 0.2383 0.0121
0.0000 0.0000 0.0000 0.0000 0.0000 0.0000 0.0012 0.0294 0.2383 0.5571 0.1740
0.0000 0.0000 0.0000 0.0000 0.0000 0.0000 0.0000 0.0003 0.0121 0.1740 0.8136
#DG from neighbouring lambda in kcal/mol
0.0000 0.1000 1.9633 0.0088
0.1000 0.2000 3.8749 0.0081
0.2000 0.3000 4.5508 0.0082
0.3000 0.4000 4.8802 0.0084
0.4000 0.5000 5.0961 0.0087
0.5000 0.6000 5.2334 0.0091
0.6000 0.7000 5.3576 0.0094
0.7000 0.8000 5.4204 0.0100
0.8000 0.9000 5.3544 0.0110
0.9000 1.0000 4.7585 0.0159
#PMF from MBAR in kcal/mol
0.0000 0.0000 0.0000
0.1000 1.9633 0.0088
0.2000 5.8382 0.0146
0.3000 10.3890 0.0190
0.4000 15.2692 0.0226
0.5000 20.3653 0.0259
0.6000 25.5987 0.0290
0.7000 30.9563 0.0319
0.8000 36.3766 0.0348
0.9000 41.7310 0.0378
1.0000 46.4895 0.0424
#TI average gradients and standard deviation in kcal/mol
0.0000 0.4409 9.4421
0.1000 32.6462 8.4722
0.2000 43.1023 8.3754
0.3000 47.4860 8.4958
0.4000 50.0015 8.6756
0.5000 51.6932 8.9471
0.6000 52.9744 9.0920
0.7000 54.1674 9.4045
0.8000 54.2462 9.8677
0.9000 52.3789 10.8827
1.0000 40.4199 15.6025
#PMF from TI in kcal/mol
0.0000 0.0000
0.1000 1.6544
0.2000 5.4418
0.3000 9.9712
0.4000 14.8456
0.5000 19.9303
0.6000 25.1637
0.7000 30.5208
0.8000 35.9415
0.9000 41.2727
1.0000 45.9127
#MBAR free energy difference in kcal/mol: 
46.489479, 0.042395  #WARNING SUBSAMPLING DISABLED, CONSIDER RERUN WITH SUBSAMPLING OPTION
#TI free energy difference in kcal/mol: 
45.912669  #WARNING SUBSAMPLING DISABLED, CONSIDER RERUN WITH SUBSAMPLING OPTION 
Starting /export/users/common/BioSimSpace/sire.app/bin/analyse_freenrg: number of threads equals 32
