# Analysing data contained in file(s) ['lambda_0.0000/simfile.dat', 'lambda_0.1000/simfile.dat', 'lambda_0.2000/simfile.dat', 'lambda_0.3000/simfile.dat', 'lambda_0.4000/simfile.dat', 'lambda_0.5000/simfile.dat', 'lambda_0.6000/simfile.dat', 'lambda_0.7000/simfile.dat', 'lambda_0.8000/simfile.dat', 'lambda_0.9000/simfile.dat', 'lambda_1.0000/simfile.dat']
#Overlap matrix
0.9465 0.0535 0.0000 0.0000 0.0000 0.0000 0.0000 0.0000 0.0000 0.0000 0.0000
0.0535 0.8196 0.1261 0.0008 0.0000 0.0000 0.0000 0.0000 0.0000 0.0000 0.0000
0.0000 0.1261 0.7244 0.1480 0.0015 0.0000 0.0000 0.0000 0.0000 0.0000 0.0000
0.0000 0.0008 0.1480 0.6882 0.1606 0.0024 0.0000 0.0000 0.0000 0.0000 0.0000
0.0000 0.0000 0.0015 0.1606 0.6634 0.1711 0.0034 0.0000 0.0000 0.0000 0.0000
0.0000 0.0000 0.0000 0.0024 0.1711 0.6446 0.1777 0.0042 0.0000 0.0000 0.0000
0.0000 0.0000 0.0000 0.0000 0.0034 0.1777 0.6279 0.1859 0.0051 0.0000 0.0000
0.0000 0.0000 0.0000 0.0000 0.0000 0.0042 0.1859 0.6153 0.1889 0.0056 0.0000
0.0000 0.0000 0.0000 0.0000 0.0000 0.0000 0.0051 0.1889 0.6100 0.1908 0.0052
0.0000 0.0000 0.0000 0.0000 0.0000 0.0000 0.0000 0.0056 0.1908 0.6169 0.1866
0.0000 0.0000 0.0000 0.0000 0.0000 0.0000 0.0000 0.0000 0.0052 0.1866 0.8082
#DG from neighbouring lambda in kcal/mol
0.0000 0.1000 13.7657 0.0353
0.1000 0.2000 10.1982 0.0210
0.2000 0.3000 8.2995 0.0187
0.3000 0.4000 6.7513 0.0175
0.4000 0.5000 5.4565 0.0165
0.5000 0.6000 4.3538 0.0160
0.6000 0.7000 3.3818 0.0153
0.7000 0.8000 2.5801 0.0150
0.8000 0.9000 2.0497 0.0149
0.9000 1.0000 2.1413 0.0155
#PMF from MBAR in kcal/mol
0.0000 0.0000 0.0000
0.1000 13.7657 0.0353
0.2000 23.9638 0.0429
0.3000 32.2633 0.0483
0.4000 39.0147 0.0527
0.5000 44.4711 0.0564
0.6000 48.8250 0.0598
0.7000 52.2067 0.0628
0.8000 54.7868 0.0655
0.9000 56.8365 0.0682
1.0000 58.9777 0.0708
#TI average gradients and standard deviation in kcal/mol
0.0000 166.4253 22.3729
0.1000 114.4939 17.7542
0.2000 91.4845 15.4103
0.3000 74.8693 14.7960
0.4000 60.7095 13.9498
0.5000 48.7702 13.6431
0.6000 38.3615 13.3232
0.7000 29.5096 13.0675
0.8000 22.5683 12.9171
0.9000 19.4498 12.7912
1.0000 25.8432 13.6852
#PMF from TI in kcal/mol
0.0000 0.0000
0.1000 14.0460
0.2000 24.3449
0.3000 32.6626
0.4000 39.4415
0.5000 44.9155
0.6000 49.2721
0.7000 52.6656
0.8000 55.2695
0.9000 57.3704
1.0000 59.6351
#MBAR free energy difference in kcal/mol: 
58.977742, 0.070836  #WARNING SUBSAMPLING DISABLED, CONSIDER RERUN WITH SUBSAMPLING OPTION
#TI free energy difference in kcal/mol: 
59.635081  #WARNING SUBSAMPLING DISABLED, CONSIDER RERUN WITH SUBSAMPLING OPTION 
Starting /export/users/common/BioSimSpace/sire.app/bin/analyse_freenrg: number of threads equals 32
