# Analysing data contained in file(s) ['lambda_0.0000/simfile.dat', 'lambda_0.1000/simfile.dat', 'lambda_0.2000/simfile.dat', 'lambda_0.3000/simfile.dat', 'lambda_0.4000/simfile.dat', 'lambda_0.5000/simfile.dat', 'lambda_0.6000/simfile.dat', 'lambda_0.7000/simfile.dat', 'lambda_0.8000/simfile.dat', 'lambda_0.9000/simfile.dat', 'lambda_1.0000/simfile.dat']
#Overlap matrix
0.6893 0.2496 0.0520 0.0080 0.0010 0.0001 0.0000 0.0000 0.0000 0.0000 0.0000
0.2496 0.4039 0.2372 0.0836 0.0212 0.0039 0.0005 0.0001 0.0000 0.0000 0.0000
0.0520 0.2372 0.3319 0.2336 0.1051 0.0323 0.0069 0.0010 0.0001 0.0000 0.0000
0.0080 0.0836 0.2336 0.2949 0.2232 0.1110 0.0368 0.0078 0.0010 0.0001 0.0000
0.0010 0.0212 0.1051 0.2232 0.2753 0.2179 0.1124 0.0364 0.0068 0.0006 0.0000
0.0001 0.0039 0.0323 0.1110 0.2179 0.2706 0.2175 0.1100 0.0322 0.0044 0.0001
0.0000 0.0005 0.0069 0.0368 0.1124 0.2175 0.2748 0.2216 0.1050 0.0234 0.0011
0.0000 0.0001 0.0010 0.0078 0.0364 0.1100 0.2216 0.2916 0.2325 0.0912 0.0079
0.0000 0.0000 0.0001 0.0010 0.0068 0.0322 0.1050 0.2325 0.3284 0.2471 0.0469
0.0000 0.0000 0.0000 0.0001 0.0006 0.0044 0.0234 0.0912 0.2471 0.4116 0.2217
0.0000 0.0000 0.0000 0.0000 0.0000 0.0001 0.0011 0.0079 0.0469 0.2217 0.7223
#DG from neighbouring lambda in kcal/mol
0.0000 0.1000 -4.4729 0.0099
0.1000 0.2000 -1.4106 0.0073
0.2000 0.3000 0.0221 0.0056
0.3000 0.4000 1.1137 0.0049
0.4000 0.5000 2.1310 0.0046
0.5000 0.6000 3.1301 0.0047
0.6000 0.7000 4.0964 0.0049
0.7000 0.8000 4.9913 0.0055
0.8000 0.9000 5.7122 0.0069
0.9000 1.0000 5.8640 0.0113
#PMF from MBAR in kcal/mol
0.0000 0.0000 0.0000
0.1000 -4.4729 0.0099
0.2000 -5.8835 0.0150
0.3000 -5.8614 0.0178
0.4000 -4.7477 0.0197
0.5000 -2.6167 0.0213
0.6000 0.5133 0.0228
0.7000 4.6098 0.0243
0.8000 9.6011 0.0258
0.9000 15.3133 0.0278
1.0000 21.1772 0.0314
#TI average gradients and standard deviation in kcal/mol
0.0000 -74.5686 11.4911
0.1000 -24.3198 8.6798
0.2000 -5.5736 6.8470
0.3000 5.6681 5.9137
0.4000 16.2498 5.6685
0.5000 26.3870 5.5911
0.6000 36.2255 5.7465
0.7000 45.7173 5.9175
0.8000 53.8218 6.6565
0.9000 59.5448 8.3492
1.0000 54.5007 14.9948
#PMF from TI in kcal/mol
0.0000 0.0000
0.1000 -4.9444
0.2000 -6.4391
0.3000 -6.4344
0.4000 -5.3385
0.5000 -3.2066
0.6000 -0.0760
0.7000 4.0211
0.8000 8.9981
0.9000 14.6664
1.0000 20.3687
#MBAR free energy difference in kcal/mol: 
21.177233, 0.031375  #WARNING SUBSAMPLING DISABLED, CONSIDER RERUN WITH SUBSAMPLING OPTION
#TI free energy difference in kcal/mol: 
20.368700  #WARNING SUBSAMPLING DISABLED, CONSIDER RERUN WITH SUBSAMPLING OPTION 
Starting /export/users/common/BioSimSpace/sire.app/bin/analyse_freenrg: number of threads equals 32
