# Analysing data contained in file(s) ['lambda_0.0000/simfile.dat', 'lambda_0.1000/simfile.dat', 'lambda_0.2000/simfile.dat', 'lambda_0.3000/simfile.dat', 'lambda_0.4000/simfile.dat', 'lambda_0.5000/simfile.dat', 'lambda_0.6000/simfile.dat', 'lambda_0.7000/simfile.dat', 'lambda_0.8000/simfile.dat', 'lambda_0.9000/simfile.dat', 'lambda_1.0000/simfile.dat']
#Overlap matrix
0.8248 0.1716 0.0035 0.0000 0.0000 0.0000 0.0000 0.0000 0.0000 0.0000 0.0000
0.1716 0.6430 0.1810 0.0043 0.0000 0.0000 0.0000 0.0000 0.0000 0.0000 0.0000
0.0035 0.1810 0.6279 0.1831 0.0044 0.0000 0.0000 0.0000 0.0000 0.0000 0.0000
0.0000 0.0043 0.1831 0.6265 0.1819 0.0041 0.0000 0.0000 0.0000 0.0000 0.0000
0.0000 0.0000 0.0044 0.1819 0.6319 0.1786 0.0032 0.0000 0.0000 0.0000 0.0000
0.0000 0.0000 0.0000 0.0041 0.1786 0.6417 0.1727 0.0029 0.0000 0.0000 0.0000
0.0000 0.0000 0.0000 0.0000 0.0032 0.1727 0.6533 0.1686 0.0023 0.0000 0.0000
0.0000 0.0000 0.0000 0.0000 0.0000 0.0029 0.1686 0.6682 0.1590 0.0012 0.0000
0.0000 0.0000 0.0000 0.0000 0.0000 0.0000 0.0023 0.1590 0.7035 0.1349 0.0002
0.0000 0.0000 0.0000 0.0000 0.0000 0.0000 0.0000 0.0012 0.1349 0.7738 0.0900
0.0000 0.0000 0.0000 0.0000 0.0000 0.0000 0.0000 0.0000 0.0002 0.0900 0.9098
#DG from neighbouring lambda in kcal/mol
0.0000 0.1000 0.6490 0.0167
0.1000 0.2000 0.6287 0.0157
0.2000 0.3000 0.0065 0.0155
0.3000 0.4000 -0.8473 0.0156
0.4000 0.5000 -1.8380 0.0159
0.5000 0.6000 -2.9961 0.0164
0.6000 0.7000 -4.2273 0.0168
0.7000 0.8000 -5.5967 0.0176
0.8000 0.9000 -7.2946 0.0200
0.9000 1.0000 -9.8210 0.0261
#PMF from MBAR in kcal/mol
0.0000 0.0000 0.0000
0.1000 0.6490 0.0167
0.2000 1.2777 0.0257
0.3000 1.2842 0.0321
0.4000 0.4369 0.0375
0.5000 -1.4010 0.0423
0.6000 -4.3971 0.0469
0.7000 -8.6244 0.0511
0.8000 -14.2211 0.0553
0.9000 -21.5157 0.0600
1.0000 -31.3367 0.0665
#TI average gradients and standard deviation in kcal/mol
0.0000 1.9333 14.8263
0.1000 7.9790 13.7466
0.2000 3.8521 13.2294
0.3000 -3.9909 13.2391
0.4000 -13.2836 13.3656
0.5000 -23.8219 13.9173
0.6000 -36.0106 13.8766
0.7000 -48.6702 14.0716
0.8000 -63.7088 14.8041
0.9000 -83.7639 16.9902
1.0000 -114.0085 20.5114
#PMF from TI in kcal/mol
0.0000 0.0000
0.1000 0.4956
0.2000 1.0872
0.3000 1.0802
0.4000 0.2165
0.5000 -1.6388
0.6000 -4.6304
0.7000 -8.8644
0.8000 -14.4834
0.9000 -21.8570
1.0000 -31.7456
#MBAR free energy difference in kcal/mol: 
-31.336722, 0.066549  #WARNING SUBSAMPLING DISABLED, CONSIDER RERUN WITH SUBSAMPLING OPTION
#TI free energy difference in kcal/mol: 
-31.745641  #WARNING SUBSAMPLING DISABLED, CONSIDER RERUN WITH SUBSAMPLING OPTION 
Starting /export/users/common/BioSimSpace/sire.app/bin/analyse_freenrg: number of threads equals 32
