# Analysing data contained in file(s) ['lambda_0.0000/simfile.dat', 'lambda_0.1000/simfile.dat', 'lambda_0.2000/simfile.dat', 'lambda_0.3000/simfile.dat', 'lambda_0.4000/simfile.dat', 'lambda_0.5000/simfile.dat', 'lambda_0.6000/simfile.dat', 'lambda_0.7000/simfile.dat', 'lambda_0.8000/simfile.dat', 'lambda_0.9000/simfile.dat', 'lambda_1.0000/simfile.dat']
#Overlap matrix
0.8342 0.1655 0.0003 0.0000 0.0000 0.0000 0.0000 0.0000 0.0000 0.0000 0.0000
0.1655 0.6816 0.1447 0.0073 0.0008 0.0001 0.0000 0.0000 0.0000 0.0000 0.0000
0.0003 0.1447 0.6319 0.2169 0.0062 0.0000 0.0000 0.0000 0.0000 0.0000 0.0000
0.0000 0.0073 0.2169 0.7044 0.0714 0.0000 0.0000 0.0000 0.0000 0.0000 0.0000
0.0000 0.0008 0.0062 0.0714 0.8920 0.0289 0.0007 0.0000 0.0000 0.0000 0.0000
0.0000 0.0001 0.0000 0.0000 0.0289 0.7772 0.1816 0.0118 0.0003 0.0000 0.0000
0.0000 0.0000 0.0000 0.0000 0.0007 0.1816 0.6184 0.1840 0.0148 0.0004 0.0000
0.0000 0.0000 0.0000 0.0000 0.0000 0.0118 0.1840 0.5634 0.2194 0.0207 0.0006
0.0000 0.0000 0.0000 0.0000 0.0000 0.0003 0.0148 0.2194 0.5360 0.2144 0.0151
0.0000 0.0000 0.0000 0.0000 0.0000 0.0000 0.0004 0.0207 0.2144 0.6004 0.1640
0.0000 0.0000 0.0000 0.0000 0.0000 0.0000 0.0000 0.0006 0.0151 0.1640 0.8203
#DG from neighbouring lambda in kcal/mol
0.0000 0.1000 0.0540 0.0174
0.1000 0.2000 -1.9718 0.0184
0.2000 0.3000 -0.3880 0.0132
0.3000 0.4000 5.6539 0.0284
0.4000 0.5000 5.2288 0.0486
0.5000 0.6000 4.1175 0.0154
0.6000 0.7000 4.3625 0.0144
0.7000 0.8000 4.4540 0.0121
0.8000 0.9000 5.1756 0.0123
0.9000 1.0000 7.8290 0.0164
#PMF from MBAR in kcal/mol
0.0000 0.0000 0.0000
0.1000 0.0540 0.0174
0.2000 -1.9178 0.0281
0.3000 -2.3058 0.0329
0.4000 3.3481 0.0444
0.5000 8.5769 0.0669
0.6000 12.6943 0.0696
0.7000 17.0569 0.0718
0.8000 21.5108 0.0735
0.9000 26.6864 0.0752
1.0000 34.5154 0.0776
#TI average gradients and standard deviation in kcal/mol
0.0000 -1.2632 12.9206
0.1000 -9.7757 19.9017
0.2000 -18.9251 11.7022
0.3000 17.5807 13.3498
0.4000 76.6025 36.6456
0.5000 39.5978 16.0938
0.6000 44.0750 14.4859
0.7000 43.3546 12.1225
0.8000 46.7592 11.5592
0.9000 59.8079 12.2864
1.0000 103.5111 17.7625
#PMF from TI in kcal/mol
0.0000 0.0000
0.1000 -0.5519
0.2000 -1.9870
0.3000 -2.0542
0.4000 2.6550
0.5000 8.4650
0.6000 12.6486
0.7000 17.0201
0.8000 21.5258
0.9000 26.8541
1.0000 35.0201
#MBAR free energy difference in kcal/mol: 
34.515420, 0.077633  #WARNING SUBSAMPLING DISABLED, CONSIDER RERUN WITH SUBSAMPLING OPTION
#TI free energy difference in kcal/mol: 
35.020083  #WARNING SUBSAMPLING DISABLED, CONSIDER RERUN WITH SUBSAMPLING OPTION 
Starting /export/users/common/BioSimSpace/sire.app/bin/analyse_freenrg: number of threads equals 32
