# Analysing data contained in file(s) ['lambda_0.0000/simfile.dat', 'lambda_0.1000/simfile.dat', 'lambda_0.2000/simfile.dat', 'lambda_0.3000/simfile.dat', 'lambda_0.4000/simfile.dat', 'lambda_0.5000/simfile.dat', 'lambda_0.6000/simfile.dat', 'lambda_0.7000/simfile.dat', 'lambda_0.8000/simfile.dat', 'lambda_0.9000/simfile.dat', 'lambda_1.0000/simfile.dat']
#Overlap matrix
0.7120 0.2514 0.0349 0.0017 0.0000 0.0000 0.0000 0.0000 0.0000 0.0000 0.0000
0.2514 0.4618 0.2444 0.0405 0.0019 0.0000 0.0000 0.0000 0.0000 0.0000 0.0000
0.0349 0.2444 0.4396 0.2415 0.0380 0.0016 0.0000 0.0000 0.0000 0.0000 0.0000
0.0017 0.0405 0.2415 0.4399 0.2391 0.0360 0.0013 0.0000 0.0000 0.0000 0.0000
0.0000 0.0019 0.0380 0.2391 0.4497 0.2380 0.0323 0.0010 0.0000 0.0000 0.0000
0.0000 0.0000 0.0016 0.0360 0.2380 0.4585 0.2360 0.0291 0.0008 0.0000 0.0000
0.0000 0.0000 0.0000 0.0013 0.0323 0.2360 0.4711 0.2327 0.0261 0.0005 0.0000
0.0000 0.0000 0.0000 0.0000 0.0010 0.0291 0.2327 0.4851 0.2324 0.0196 0.0001
0.0000 0.0000 0.0000 0.0000 0.0000 0.0008 0.0261 0.2324 0.5098 0.2249 0.0061
0.0000 0.0000 0.0000 0.0000 0.0000 0.0000 0.0005 0.0196 0.2249 0.6116 0.1434
0.0000 0.0000 0.0000 0.0000 0.0000 0.0000 0.0000 0.0001 0.0061 0.1434 0.8504
#DG from neighbouring lambda in kcal/mol
0.0000 0.1000 -5.6071 0.0107
0.1000 0.2000 -2.3717 0.0095
0.2000 0.3000 -0.6128 0.0094
0.3000 0.4000 0.7407 0.0097
0.4000 0.5000 1.9601 0.0099
0.5000 0.6000 3.0739 0.0103
0.6000 0.7000 4.1110 0.0107
0.7000 0.8000 5.0641 0.0111
0.8000 0.9000 5.8222 0.0123
0.9000 1.0000 5.8022 0.0187
#PMF from MBAR in kcal/mol
0.0000 0.0000 0.0000
0.1000 -5.6071 0.0107
0.2000 -7.9788 0.0171
0.3000 -8.5916 0.0217
0.4000 -7.8509 0.0256
0.5000 -5.8907 0.0291
0.6000 -2.8168 0.0324
0.7000 1.2942 0.0356
0.8000 6.3583 0.0386
0.9000 12.1806 0.0418
1.0000 17.9827 0.0472
#TI average gradients and standard deviation in kcal/mol
0.0000 -85.2477 11.4310
0.1000 -35.5505 9.6300
0.2000 -13.7446 9.2067
0.3000 0.8528 9.4198
0.4000 13.6317 9.7255
0.5000 25.4175 9.9462
0.6000 36.0707 9.9826
0.7000 46.1428 10.2341
0.8000 54.8361 10.6705
0.9000 61.0318 11.8853
1.0000 50.7067 17.3951
#PMF from TI in kcal/mol
0.0000 0.0000
0.1000 -6.0399
0.2000 -8.5047
0.3000 -9.1493
0.4000 -8.4250
0.5000 -6.4726
0.6000 -3.3982
0.7000 0.7125
0.8000 5.7615
0.9000 11.5549
1.0000 17.1418
#MBAR free energy difference in kcal/mol: 
17.982718, 0.047164  #WARNING SUBSAMPLING DISABLED, CONSIDER RERUN WITH SUBSAMPLING OPTION
#TI free energy difference in kcal/mol: 
17.141785  #WARNING SUBSAMPLING DISABLED, CONSIDER RERUN WITH SUBSAMPLING OPTION 
Starting /export/users/common/BioSimSpace/sire.app/bin/analyse_freenrg: number of threads equals 32
