# Analysing data contained in file(s) ['lambda_0.0000/simfile.dat', 'lambda_0.1000/simfile.dat', 'lambda_0.2000/simfile.dat', 'lambda_0.3000/simfile.dat', 'lambda_0.4000/simfile.dat', 'lambda_0.5000/simfile.dat', 'lambda_0.6000/simfile.dat', 'lambda_0.7000/simfile.dat', 'lambda_0.8000/simfile.dat', 'lambda_0.9000/simfile.dat', 'lambda_1.0000/simfile.dat']
#Overlap matrix
0.7805 0.1972 0.0209 0.0013 0.0001 0.0000 0.0000 0.0000 0.0000 0.0000 0.0000
0.1972 0.4988 0.2457 0.0520 0.0059 0.0004 0.0000 0.0000 0.0000 0.0000 0.0000
0.0209 0.2457 0.4090 0.2444 0.0688 0.0103 0.0009 0.0000 0.0000 0.0000 0.0000
0.0013 0.0520 0.2444 0.3688 0.2401 0.0781 0.0139 0.0014 0.0001 0.0000 0.0000
0.0001 0.0059 0.0688 0.2401 0.3450 0.2369 0.0851 0.0162 0.0017 0.0002 0.0000
0.0000 0.0004 0.0103 0.0781 0.2369 0.3321 0.2350 0.0856 0.0172 0.0038 0.0006
0.0000 0.0000 0.0009 0.0139 0.0851 0.2350 0.3213 0.2254 0.0864 0.0291 0.0028
0.0000 0.0000 0.0000 0.0014 0.0162 0.0856 0.2254 0.3139 0.2410 0.1111 0.0053
0.0000 0.0000 0.0000 0.0001 0.0017 0.0172 0.0864 0.2410 0.3953 0.2528 0.0054
0.0000 0.0000 0.0000 0.0000 0.0002 0.0038 0.0291 0.1111 0.2528 0.5732 0.0297
0.0000 0.0000 0.0000 0.0000 0.0000 0.0006 0.0028 0.0053 0.0054 0.0297 0.9562
#DG from neighbouring lambda in kcal/mol
0.0000 0.1000 3.9560 0.0139
0.1000 0.2000 1.6452 0.0094
0.2000 0.3000 -0.1494 0.0078
0.3000 0.4000 -1.8247 0.0070
0.4000 0.5000 -3.5019 0.0065
0.5000 0.6000 -5.2677 0.0062
0.6000 0.7000 -7.2216 0.0062
0.7000 0.8000 -9.0786 0.0059
0.8000 0.9000 -7.6682 0.0076
0.9000 1.0000 8.3494 0.0397
#PMF from MBAR in kcal/mol
0.0000 0.0000 0.0000
0.1000 3.9560 0.0139
0.2000 5.6012 0.0196
0.3000 5.4518 0.0229
0.4000 3.6272 0.0253
0.5000 0.1253 0.0274
0.6000 -5.1424 0.0291
0.7000 -12.3641 0.0308
0.8000 -21.4427 0.0322
0.9000 -29.1108 0.0335
1.0000 -20.7615 0.0521
#TI average gradients and standard deviation in kcal/mol
0.0000 53.8280 14.0406
0.1000 26.4923 10.3262
0.2000 7.1680 8.5109
0.3000 -9.8842 7.7544
0.4000 -26.9440 7.1790
0.5000 -43.5388 7.1405
0.6000 -62.0972 7.1349
0.7000 -82.6383 7.1504
0.8000 -94.9966 6.6813
0.9000 -36.1773 14.6906
1.0000 264.0792 38.0613
#PMF from TI in kcal/mol
0.0000 0.0000
0.1000 4.0160
0.2000 5.6990
0.3000 5.5632
0.4000 3.7218
0.5000 0.1977
0.6000 -5.0841
0.7000 -12.3209
0.8000 -21.2027
0.9000 -27.7613
1.0000 -16.3662
#MBAR free energy difference in kcal/mol: 
-20.761457, 0.052072  #WARNING SUBSAMPLING DISABLED, CONSIDER RERUN WITH SUBSAMPLING OPTION
#TI free energy difference in kcal/mol: 
-16.366248  #WARNING SUBSAMPLING DISABLED, CONSIDER RERUN WITH SUBSAMPLING OPTION 
Starting /export/users/common/BioSimSpace/sire.app/bin/analyse_freenrg: number of threads equals 32
