# Analysing data contained in file(s) ['lambda_0.0000/simfile.dat', 'lambda_0.1000/simfile.dat', 'lambda_0.2000/simfile.dat', 'lambda_0.3000/simfile.dat', 'lambda_0.4000/simfile.dat', 'lambda_0.5000/simfile.dat', 'lambda_0.6000/simfile.dat', 'lambda_0.7000/simfile.dat', 'lambda_0.8000/simfile.dat', 'lambda_0.9000/simfile.dat', 'lambda_1.0000/simfile.dat']
#Overlap matrix
0.9479 0.0499 0.0018 0.0002 0.0001 0.0000 0.0000 0.0000 0.0000 0.0000 0.0000
0.0499 0.7372 0.1734 0.0245 0.0067 0.0038 0.0024 0.0013 0.0005 0.0002 0.0000
0.0018 0.1734 0.5468 0.1804 0.0487 0.0246 0.0141 0.0069 0.0025 0.0007 0.0001
0.0002 0.0245 0.1804 0.4204 0.1949 0.0917 0.0505 0.0249 0.0095 0.0026 0.0004
0.0001 0.0067 0.0487 0.1949 0.3241 0.2033 0.1189 0.0649 0.0280 0.0087 0.0016
0.0000 0.0038 0.0246 0.0917 0.2033 0.2568 0.1956 0.1266 0.0664 0.0253 0.0059
0.0000 0.0024 0.0141 0.0505 0.1189 0.1956 0.2228 0.1885 0.1266 0.0619 0.0187
0.0000 0.0013 0.0069 0.0249 0.0649 0.1266 0.1885 0.2163 0.1928 0.1258 0.0520
0.0000 0.0005 0.0025 0.0095 0.0280 0.0664 0.1266 0.1928 0.2332 0.2121 0.1284
0.0000 0.0002 0.0007 0.0026 0.0087 0.0253 0.0619 0.1258 0.2121 0.2841 0.2787
0.0000 0.0000 0.0001 0.0004 0.0016 0.0059 0.0187 0.0520 0.1284 0.2787 0.5142
#DG from neighbouring lambda in kcal/mol
0.0000 0.1000 -13.6264 0.0359
0.1000 0.2000 -4.4344 0.0144
0.2000 0.3000 -1.9674 0.0106
0.3000 0.4000 -0.7001 0.0070
0.4000 0.5000 0.5878 0.0046
0.5000 0.6000 1.6987 0.0034
0.6000 0.7000 2.7598 0.0031
0.7000 0.8000 3.8111 0.0033
0.8000 0.9000 4.8457 0.0039
0.9000 1.0000 5.7906 0.0054
#PMF from MBAR in kcal/mol
0.0000 0.0000 0.0000
0.1000 -13.6264 0.0359
0.2000 -18.0608 0.0402
0.3000 -20.0282 0.0423
0.4000 -20.7283 0.0432
0.5000 -20.1404 0.0436
0.6000 -18.4417 0.0439
0.7000 -15.6820 0.0443
0.8000 -11.8709 0.0447
0.9000 -7.0252 0.0452
1.0000 -1.2345 0.0460
#TI average gradients and standard deviation in kcal/mol
0.0000 -232.0239 28.5276
0.1000 -72.2471 17.5730
0.2000 -26.9903 13.4253
0.3000 -13.0480 10.9517
0.4000 0.0528 7.8859
0.5000 11.4572 5.9045
0.6000 22.5240 4.3100
0.7000 32.7773 4.4252
0.8000 43.4871 4.6270
0.9000 53.1823 5.3976
1.0000 64.2817 6.3606
#PMF from TI in kcal/mol
0.0000 0.0000
0.1000 -15.2135
0.2000 -20.1754
0.3000 -22.1773
0.4000 -22.8271
0.5000 -22.2516
0.6000 -20.5525
0.7000 -17.7875
0.8000 -13.9743
0.9000 -9.1408
1.0000 -3.2676
#MBAR free energy difference in kcal/mol: 
-1.234534, 0.046029  #WARNING SUBSAMPLING DISABLED, CONSIDER RERUN WITH SUBSAMPLING OPTION
#TI free energy difference in kcal/mol: 
-3.267593  #WARNING SUBSAMPLING DISABLED, CONSIDER RERUN WITH SUBSAMPLING OPTION 
Starting /export/users/common/BioSimSpace/sire.app/bin/analyse_freenrg: number of threads equals 32
