# Analysing data contained in file(s) ['lambda_0.0000/simfile.dat', 'lambda_0.1000/simfile.dat', 'lambda_0.2000/simfile.dat', 'lambda_0.3000/simfile.dat', 'lambda_0.4000/simfile.dat', 'lambda_0.5000/simfile.dat', 'lambda_0.6000/simfile.dat', 'lambda_0.7000/simfile.dat', 'lambda_0.8000/simfile.dat', 'lambda_0.9000/simfile.dat', 'lambda_1.0000/simfile.dat']
#Overlap matrix
0.8407 0.1528 0.0064 0.0001 0.0000 0.0000 0.0000 0.0000 0.0000 0.0000 0.0000
0.1528 0.6451 0.1926 0.0094 0.0001 0.0000 0.0000 0.0000 0.0000 0.0000 0.0000
0.0064 0.1926 0.5854 0.2036 0.0118 0.0001 0.0000 0.0000 0.0000 0.0000 0.0000
0.0001 0.0094 0.2036 0.5583 0.2143 0.0141 0.0002 0.0000 0.0000 0.0000 0.0000
0.0000 0.0001 0.0118 0.2143 0.5424 0.2146 0.0165 0.0003 0.0000 0.0000 0.0000
0.0000 0.0000 0.0001 0.0141 0.2146 0.5264 0.2247 0.0196 0.0004 0.0000 0.0000
0.0000 0.0000 0.0000 0.0002 0.0165 0.2247 0.5085 0.2283 0.0214 0.0005 0.0000
0.0000 0.0000 0.0000 0.0000 0.0003 0.0196 0.2283 0.5027 0.2266 0.0220 0.0005
0.0000 0.0000 0.0000 0.0000 0.0000 0.0004 0.0214 0.2266 0.4993 0.2279 0.0244
0.0000 0.0000 0.0000 0.0000 0.0000 0.0000 0.0005 0.0220 0.2279 0.4948 0.2549
0.0000 0.0000 0.0000 0.0000 0.0000 0.0000 0.0000 0.0005 0.0244 0.2549 0.7202
#DG from neighbouring lambda in kcal/mol
0.0000 0.1000 -6.4713 0.0179
0.1000 0.2000 -0.4801 0.0145
0.2000 0.3000 0.5289 0.0136
0.3000 0.4000 0.4826 0.0128
0.4000 0.5000 0.2128 0.0125
0.5000 0.6000 -0.0857 0.0118
0.6000 0.7000 -0.3623 0.0114
0.7000 0.8000 -0.6760 0.0114
0.8000 0.9000 -1.0535 0.0112
0.9000 1.0000 -1.4670 0.0110
#PMF from MBAR in kcal/mol
0.0000 0.0000 0.0000
0.1000 -6.4713 0.0179
0.2000 -6.9514 0.0255
0.3000 -6.4226 0.0309
0.4000 -5.9400 0.0352
0.5000 -5.7271 0.0388
0.6000 -5.8128 0.0419
0.7000 -6.1752 0.0447
0.8000 -6.8512 0.0473
0.9000 -7.9047 0.0496
1.0000 -9.3717 0.0518
#TI average gradients and standard deviation in kcal/mol
0.0000 -139.6592 17.9667
0.1000 -19.5250 13.0605
0.2000 3.6996 12.4263
0.3000 5.6742 11.5676
0.4000 3.8337 11.1404
0.5000 0.4868 10.7571
0.6000 -2.1126 10.3127
0.7000 -4.8671 10.0408
0.8000 -8.4770 9.9017
0.9000 -12.7206 9.8699
1.0000 -13.9411 10.3011
#PMF from TI in kcal/mol
0.0000 0.0000
0.1000 -7.9592
0.2000 -8.7505
0.3000 -8.2818
0.4000 -7.8064
0.5000 -7.5904
0.6000 -7.6717
0.7000 -8.0207
0.8000 -8.6879
0.9000 -9.7477
1.0000 -11.0808
#MBAR free energy difference in kcal/mol: 
-9.371708, 0.051848  #WARNING SUBSAMPLING DISABLED, CONSIDER RERUN WITH SUBSAMPLING OPTION
#TI free energy difference in kcal/mol: 
-11.080833  #WARNING SUBSAMPLING DISABLED, CONSIDER RERUN WITH SUBSAMPLING OPTION 
Starting /export/users/common/BioSimSpace/sire.app/bin/analyse_freenrg: number of threads equals 32
