# Analysing data contained in file(s) ['lambda_0.0000/simfile.dat', 'lambda_0.1000/simfile.dat', 'lambda_0.2000/simfile.dat', 'lambda_0.3000/simfile.dat', 'lambda_0.4000/simfile.dat', 'lambda_0.5000/simfile.dat', 'lambda_0.6000/simfile.dat', 'lambda_0.7000/simfile.dat', 'lambda_0.8000/simfile.dat', 'lambda_0.9000/simfile.dat', 'lambda_1.0000/simfile.dat']
#Overlap matrix
0.9098 0.0896 0.0006 0.0000 0.0000 0.0000 0.0000 0.0000 0.0000 0.0000 0.0000
0.0896 0.7372 0.1695 0.0037 0.0000 0.0000 0.0000 0.0000 0.0000 0.0000 0.0000
0.0006 0.1695 0.6374 0.1866 0.0058 0.0000 0.0000 0.0000 0.0000 0.0000 0.0000
0.0000 0.0037 0.1866 0.6081 0.1947 0.0068 0.0000 0.0000 0.0000 0.0000 0.0000
0.0000 0.0000 0.0058 0.1947 0.5973 0.1953 0.0068 0.0000 0.0000 0.0000 0.0000
0.0000 0.0000 0.0000 0.0068 0.1953 0.5981 0.1933 0.0065 0.0000 0.0000 0.0000
0.0000 0.0000 0.0000 0.0000 0.0068 0.1933 0.5989 0.1944 0.0065 0.0000 0.0000
0.0000 0.0000 0.0000 0.0000 0.0000 0.0065 0.1944 0.6004 0.1909 0.0078 0.0000
0.0000 0.0000 0.0000 0.0000 0.0000 0.0000 0.0065 0.1909 0.6309 0.1711 0.0007
0.0000 0.0000 0.0000 0.0000 0.0000 0.0000 0.0000 0.0078 0.1711 0.7997 0.0215
0.0000 0.0000 0.0000 0.0000 0.0000 0.0000 0.0000 0.0000 0.0007 0.0215 0.9779
#DG from neighbouring lambda in kcal/mol
0.0000 0.1000 7.1501 0.0261
0.1000 0.2000 4.1797 0.0168
0.2000 0.3000 2.3166 0.0152
0.3000 0.4000 0.7419 0.0146
0.4000 0.5000 -0.7272 0.0145
0.5000 0.6000 -2.2234 0.0146
0.6000 0.7000 -3.8516 0.0146
0.7000 0.8000 -5.2832 0.0147
0.8000 0.9000 -3.4779 0.0164
0.9000 1.0000 12.6368 0.0568
#PMF from MBAR in kcal/mol
0.0000 0.0000 0.0000
0.1000 7.1501 0.0261
0.2000 11.3298 0.0332
0.3000 13.6465 0.0383
0.4000 14.3883 0.0426
0.5000 13.6611 0.0463
0.6000 11.4377 0.0499
0.7000 7.5861 0.0532
0.8000 2.3029 0.0563
0.9000 -1.1751 0.0596
1.0000 11.4617 0.0831
#TI average gradients and standard deviation in kcal/mol
0.0000 94.7057 20.3833
0.1000 52.8236 15.2146
0.2000 31.8748 13.5786
0.3000 14.8800 12.8724
0.4000 -0.0379 12.9927
0.5000 -14.7198 13.1094
0.6000 -29.9484 13.0727
0.7000 -46.7881 12.9866
0.8000 -55.0190 12.8580
0.9000 7.1330 18.6107
1.0000 304.9372 40.3945
#PMF from TI in kcal/mol
0.0000 0.0000
0.1000 7.3765
0.2000 11.6114
0.3000 13.9491
0.4000 14.6912
0.5000 13.9533
0.6000 11.7199
0.7000 7.8831
0.8000 2.7928
0.9000 0.3985
1.0000 16.0020
#MBAR free energy difference in kcal/mol: 
11.461728, 0.083115  #WARNING SUBSAMPLING DISABLED, CONSIDER RERUN WITH SUBSAMPLING OPTION
#TI free energy difference in kcal/mol: 
16.001964  #WARNING SUBSAMPLING DISABLED, CONSIDER RERUN WITH SUBSAMPLING OPTION 
Starting /export/users/common/BioSimSpace/sire.app/bin/analyse_freenrg: number of threads equals 32
