# Analysing data contained in file(s) ['lambda_0.0000/simfile.dat', 'lambda_0.1000/simfile.dat', 'lambda_0.2000/simfile.dat', 'lambda_0.3000/simfile.dat', 'lambda_0.4000/simfile.dat', 'lambda_0.5000/simfile.dat', 'lambda_0.6000/simfile.dat', 'lambda_0.7000/simfile.dat', 'lambda_0.8000/simfile.dat', 'lambda_0.9000/simfile.dat', 'lambda_1.0000/simfile.dat']
#Overlap matrix
0.6682 0.2758 0.0517 0.0043 0.0002 0.0000 0.0000 0.0000 0.0000 0.0000 0.0000
0.2758 0.4195 0.2429 0.0563 0.0053 0.0002 0.0000 0.0000 0.0000 0.0000 0.0000
0.0517 0.2429 0.3967 0.2438 0.0588 0.0060 0.0003 0.0000 0.0000 0.0000 0.0000
0.0043 0.0563 0.2438 0.3860 0.2409 0.0616 0.0068 0.0003 0.0000 0.0000 0.0000
0.0002 0.0053 0.0588 0.2409 0.3813 0.2408 0.0649 0.0075 0.0003 0.0000 0.0000
0.0000 0.0002 0.0060 0.0616 0.2408 0.3750 0.2430 0.0661 0.0071 0.0002 0.0000
0.0000 0.0000 0.0003 0.0068 0.0649 0.2430 0.3732 0.2428 0.0636 0.0053 0.0001
0.0000 0.0000 0.0000 0.0003 0.0075 0.0661 0.2428 0.3805 0.2465 0.0543 0.0020
0.0000 0.0000 0.0000 0.0000 0.0003 0.0071 0.0636 0.2465 0.4074 0.2475 0.0275
0.0000 0.0000 0.0000 0.0000 0.0000 0.0002 0.0053 0.0543 0.2475 0.4802 0.2125
0.0000 0.0000 0.0000 0.0000 0.0000 0.0000 0.0001 0.0020 0.0275 0.2125 0.7579
#DG from neighbouring lambda in kcal/mol
0.0000 0.1000 -1.8854 0.0091
0.1000 0.2000 -1.2175 0.0084
0.2000 0.3000 -0.5082 0.0080
0.3000 0.4000 0.1975 0.0079
0.4000 0.5000 0.8972 0.0077
0.5000 0.6000 1.6079 0.0075
0.6000 0.7000 2.3382 0.0076
0.7000 0.8000 3.1605 0.0079
0.8000 0.9000 4.2863 0.0090
0.9000 1.0000 6.0344 0.0128
#PMF from MBAR in kcal/mol
0.0000 0.0000 0.0000
0.1000 -1.8854 0.0091
0.2000 -3.1029 0.0151
0.3000 -3.6111 0.0193
0.4000 -3.4137 0.0226
0.5000 -2.5165 0.0254
0.6000 -0.9086 0.0279
0.7000 1.4296 0.0301
0.8000 4.5901 0.0323
0.9000 8.8764 0.0347
1.0000 14.9108 0.0383
#TI average gradients and standard deviation in kcal/mol
0.0000 -22.7350 8.8004
0.1000 -15.6926 8.6253
0.2000 -8.7004 8.4631
0.3000 -1.4508 8.3057
0.4000 5.4050 8.1041
0.5000 12.5455 7.8402
0.6000 19.6509 7.8981
0.7000 27.3118 7.9050
0.8000 36.5213 8.0540
0.9000 50.0576 9.6602
1.0000 71.2673 13.5934
#PMF from TI in kcal/mol
0.0000 0.0000
0.1000 -1.9214
0.2000 -3.1410
0.3000 -3.6486
0.4000 -3.4509
0.5000 -2.5534
0.6000 -0.9435
0.7000 1.4046
0.8000 4.5963
0.9000 8.9252
1.0000 14.9914
#MBAR free energy difference in kcal/mol: 
14.910842, 0.038307  #WARNING SUBSAMPLING DISABLED, CONSIDER RERUN WITH SUBSAMPLING OPTION
#TI free energy difference in kcal/mol: 
14.991444  #WARNING SUBSAMPLING DISABLED, CONSIDER RERUN WITH SUBSAMPLING OPTION 
Starting /export/users/common/BioSimSpace/sire.app/bin/analyse_freenrg: number of threads equals 32
