# Analysing data contained in file(s) ['lambda_0.0000/simfile.dat', 'lambda_0.1000/simfile.dat', 'lambda_0.2000/simfile.dat', 'lambda_0.3000/simfile.dat', 'lambda_0.4000/simfile.dat', 'lambda_0.5000/simfile.dat', 'lambda_0.6000/simfile.dat', 'lambda_0.7000/simfile.dat', 'lambda_0.8000/simfile.dat', 'lambda_0.9000/simfile.dat', 'lambda_1.0000/simfile.dat']
#Overlap matrix
0.9429 0.0571 0.0000 0.0000 0.0000 0.0000 0.0000 0.0000 0.0000 0.0000 0.0000
0.0571 0.8583 0.0845 0.0001 0.0000 0.0000 0.0000 0.0000 0.0000 0.0000 0.0000
0.0000 0.0845 0.8089 0.1064 0.0002 0.0000 0.0000 0.0000 0.0000 0.0000 0.0000
0.0000 0.0001 0.1064 0.7800 0.1132 0.0003 0.0000 0.0000 0.0000 0.0000 0.0000
0.0000 0.0000 0.0002 0.1132 0.7702 0.1161 0.0002 0.0000 0.0000 0.0000 0.0000
0.0000 0.0000 0.0000 0.0003 0.1161 0.7687 0.1147 0.0003 0.0000 0.0000 0.0000
0.0000 0.0000 0.0000 0.0000 0.0002 0.1147 0.7711 0.1138 0.0002 0.0000 0.0000
0.0000 0.0000 0.0000 0.0000 0.0000 0.0003 0.1138 0.7765 0.1092 0.0002 0.0000
0.0000 0.0000 0.0000 0.0000 0.0000 0.0000 0.0002 0.1092 0.7906 0.0999 0.0001
0.0000 0.0000 0.0000 0.0000 0.0000 0.0000 0.0000 0.0002 0.0999 0.8159 0.0841
0.0000 0.0000 0.0000 0.0000 0.0000 0.0000 0.0000 0.0000 0.0001 0.0841 0.9158
#DG from neighbouring lambda in kcal/mol
0.0000 0.1000 11.1114 0.0341
0.1000 0.2000 9.0176 0.0271
0.2000 0.3000 5.9675 0.0235
0.3000 0.4000 2.5883 0.0225
0.4000 0.5000 -0.7794 0.0222
0.5000 0.6000 -4.1687 0.0224
0.6000 0.7000 -7.2672 0.0225
0.7000 0.8000 -10.2673 0.0231
0.8000 0.9000 -13.0243 0.0244
0.9000 1.0000 -15.3992 0.0272
#PMF from MBAR in kcal/mol
0.0000 0.0000 0.0000
0.1000 11.1114 0.0341
0.2000 20.1291 0.0452
0.3000 26.0966 0.0524
0.4000 28.6849 0.0583
0.5000 27.9055 0.0635
0.6000 23.7368 0.0684
0.7000 16.4695 0.0730
0.8000 6.2023 0.0775
0.9000 -6.8220 0.0822
1.0000 -22.2212 0.0874
#TI average gradients and standard deviation in kcal/mol
0.0000 8966855.5674 523297210.3852
0.1000 103.7187 19.0519
0.2000 75.4111 17.5428
0.3000 42.8266 16.9602
0.4000 8.9034 17.0675
0.5000 -24.9245 17.2471
0.6000 -57.4130 16.6813
0.7000 -87.7146 17.1658
0.8000 -116.7207 17.0695
0.9000 -142.6345 17.5038
1.0000 -65862.5725 4524937.2295
#PMF from TI in kcal/mol
0.0000 0.0000
0.1000 448347.9643
0.2000 448356.9208
0.3000 448362.8327
0.4000 448365.4192
0.5000 448364.6181
0.6000 448360.5012
0.7000 448353.2449
0.8000 448343.0231
0.9000 448330.0553
1.0000 445029.7950
#MBAR free energy difference in kcal/mol: 
-22.221250, 0.087442  #WARNING SUBSAMPLING DISABLED, CONSIDER RERUN WITH SUBSAMPLING OPTION
#TI free energy difference in kcal/mol: 
445029.794987  #WARNING SUBSAMPLING DISABLED, CONSIDER RERUN WITH SUBSAMPLING OPTION 
Starting /export/users/common/BioSimSpace/sire.app/bin/analyse_freenrg: number of threads equals 32
