# Analysing data contained in file(s) ['lambda_0.0000/simfile.dat', 'lambda_0.1000/simfile.dat', 'lambda_0.2000/simfile.dat', 'lambda_0.3000/simfile.dat', 'lambda_0.4000/simfile.dat', 'lambda_0.5000/simfile.dat', 'lambda_0.6000/simfile.dat', 'lambda_0.7000/simfile.dat', 'lambda_0.8000/simfile.dat', 'lambda_0.9000/simfile.dat', 'lambda_1.0000/simfile.dat']
#Overlap matrix
0.7804 0.1947 0.0232 0.0016 0.0001 0.0000 0.0000 0.0000 0.0000 0.0000 0.0000
0.1947 0.5218 0.2379 0.0419 0.0036 0.0001 0.0000 0.0000 0.0000 0.0000 0.0000
0.0232 0.2379 0.4417 0.2407 0.0517 0.0047 0.0002 0.0000 0.0000 0.0000 0.0000
0.0016 0.0419 0.2407 0.4136 0.2421 0.0552 0.0047 0.0001 0.0000 0.0000 0.0000
0.0001 0.0036 0.0517 0.2421 0.4001 0.2440 0.0544 0.0039 0.0001 0.0000 0.0000
0.0000 0.0001 0.0047 0.0552 0.2440 0.4028 0.2411 0.0488 0.0033 0.0001 0.0000
0.0000 0.0000 0.0002 0.0047 0.0544 0.2411 0.4075 0.2420 0.0474 0.0027 0.0000
0.0000 0.0000 0.0000 0.0001 0.0039 0.0488 0.2420 0.4194 0.2409 0.0425 0.0022
0.0000 0.0000 0.0000 0.0000 0.0001 0.0033 0.0474 0.2409 0.4270 0.2405 0.0408
0.0000 0.0000 0.0000 0.0000 0.0000 0.0001 0.0027 0.0425 0.2405 0.4465 0.2676
0.0000 0.0000 0.0000 0.0000 0.0000 0.0000 0.0000 0.0022 0.0408 0.2676 0.6894
#DG from neighbouring lambda in kcal/mol
0.0000 0.1000 -2.8850 0.0139
0.1000 0.2000 -0.3125 0.0100
0.2000 0.3000 0.1235 0.0089
0.3000 0.4000 0.1557 0.0084
0.4000 0.5000 0.1088 0.0082
0.5000 0.6000 0.0388 0.0085
0.6000 0.7000 -0.0616 0.0087
0.7000 0.8000 -0.1342 0.0090
0.8000 0.9000 -0.2163 0.0093
0.9000 1.0000 -0.2851 0.0098
#PMF from MBAR in kcal/mol
0.0000 0.0000 0.0000
0.1000 -2.8850 0.0139
0.2000 -3.1975 0.0197
0.3000 -3.0740 0.0235
0.4000 -2.9182 0.0265
0.5000 -2.8094 0.0291
0.6000 -2.7706 0.0316
0.7000 -2.8322 0.0341
0.8000 -2.9664 0.0364
0.9000 -3.1827 0.0387
1.0000 -3.4678 0.0411
#TI average gradients and standard deviation in kcal/mol
0.0000 -59.5564 16.1708
0.1000 -9.3059 10.3977
0.2000 0.3839 9.1889
0.3000 1.5445 8.5076
0.4000 1.3867 8.4663
0.5000 0.7975 8.3151
0.6000 -0.2637 8.8672
0.7000 -0.9548 8.8840
0.8000 -1.6733 9.2512
0.9000 -2.5803 9.3542
1.0000 -2.2015 9.3790
#PMF from TI in kcal/mol
0.0000 0.0000
0.1000 -3.4431
0.2000 -3.8892
0.3000 -3.7928
0.4000 -3.6462
0.5000 -3.5370
0.6000 -3.5103
0.7000 -3.5712
0.8000 -3.7026
0.9000 -3.9153
1.0000 -4.1544
#MBAR free energy difference in kcal/mol: 
-3.467762, 0.041076  #WARNING SUBSAMPLING DISABLED, CONSIDER RERUN WITH SUBSAMPLING OPTION
#TI free energy difference in kcal/mol: 
-4.154423  #WARNING SUBSAMPLING DISABLED, CONSIDER RERUN WITH SUBSAMPLING OPTION 
Starting /export/users/common/BioSimSpace/sire.app/bin/analyse_freenrg: number of threads equals 32
