# Analysing data contained in file(s) ['lambda_0.0000/simfile.dat', 'lambda_0.1000/simfile.dat', 'lambda_0.2000/simfile.dat', 'lambda_0.3000/simfile.dat', 'lambda_0.4000/simfile.dat', 'lambda_0.5000/simfile.dat', 'lambda_0.6000/simfile.dat', 'lambda_0.7000/simfile.dat', 'lambda_0.8000/simfile.dat', 'lambda_0.9000/simfile.dat', 'lambda_1.0000/simfile.dat']
#Overlap matrix
0.7919 0.1974 0.0106 0.0001 0.0000 0.0000 0.0000 0.0000 0.0000 0.0000 0.0000
0.1974 0.5759 0.2139 0.0126 0.0001 0.0000 0.0000 0.0000 0.0000 0.0000 0.0000
0.0106 0.2139 0.5447 0.2171 0.0135 0.0001 0.0000 0.0000 0.0000 0.0000 0.0000
0.0001 0.0126 0.2171 0.5424 0.2147 0.0129 0.0001 0.0000 0.0000 0.0000 0.0000
0.0000 0.0001 0.0135 0.2147 0.5472 0.2128 0.0115 0.0001 0.0000 0.0000 0.0000
0.0000 0.0000 0.0001 0.0129 0.2128 0.5540 0.2104 0.0098 0.0000 0.0000 0.0000
0.0000 0.0000 0.0000 0.0001 0.0115 0.2104 0.5710 0.2033 0.0036 0.0000 0.0000
0.0000 0.0000 0.0000 0.0000 0.0001 0.0098 0.2033 0.6425 0.1415 0.0028 0.0000
0.0000 0.0000 0.0000 0.0000 0.0000 0.0000 0.0036 0.1415 0.6550 0.1951 0.0048
0.0000 0.0000 0.0000 0.0000 0.0000 0.0000 0.0000 0.0028 0.1951 0.6390 0.1630
0.0000 0.0000 0.0000 0.0000 0.0000 0.0000 0.0000 0.0000 0.0048 0.1630 0.8322
#DG from neighbouring lambda in kcal/mol
0.0000 0.1000 0.0660 0.0145
0.1000 0.2000 2.0534 0.0129
0.2000 0.3000 1.7594 0.0126
0.3000 0.4000 0.9504 0.0127
0.4000 0.5000 -0.0410 0.0129
0.5000 0.6000 -1.1493 0.0132
0.6000 0.7000 -2.3557 0.0140
0.7000 0.8000 -4.1333 0.0189
0.8000 0.9000 -5.8200 0.0148
0.9000 1.0000 -6.1056 0.0172
#PMF from MBAR in kcal/mol
0.0000 0.0000 0.0000
0.1000 0.0660 0.0145
0.2000 2.1194 0.0222
0.3000 3.8788 0.0278
0.4000 4.8292 0.0324
0.5000 4.7882 0.0365
0.6000 3.6389 0.0403
0.7000 1.2832 0.0441
0.8000 -2.8502 0.0493
0.9000 -8.6702 0.0528
1.0000 -14.7758 0.0567
#TI average gradients and standard deviation in kcal/mol
0.0000 -28.6849 14.8202
0.1000 17.1652 11.7419
0.2000 20.6168 11.5601
0.3000 13.9239 11.6753
0.4000 4.7812 11.6123
0.5000 -5.6572 11.6474
0.6000 -17.2914 11.7484
0.7000 -29.6387 12.4239
0.8000 -53.1901 12.5944
0.9000 -61.8474 13.3686
1.0000 -56.8008 17.1185
#PMF from TI in kcal/mol
0.0000 0.0000
0.1000 -0.5760
0.2000 1.3131
0.3000 3.0401
0.4000 3.9754
0.5000 3.9316
0.6000 2.7842
0.7000 0.4377
0.8000 -3.7038
0.9000 -9.4557
1.0000 -15.3881
#MBAR free energy difference in kcal/mol: 
-14.775796, 0.056704  #WARNING SUBSAMPLING DISABLED, CONSIDER RERUN WITH SUBSAMPLING OPTION
#TI free energy difference in kcal/mol: 
-15.388067  #WARNING SUBSAMPLING DISABLED, CONSIDER RERUN WITH SUBSAMPLING OPTION 
Starting /export/users/common/BioSimSpace/sire.app/bin/analyse_freenrg: number of threads equals 32
