# Analysing data contained in file(s) ['lambda_0.0000/simfile.dat', 'lambda_0.1000/simfile.dat', 'lambda_0.2000/simfile.dat', 'lambda_0.3000/simfile.dat', 'lambda_0.4000/simfile.dat', 'lambda_0.5000/simfile.dat', 'lambda_0.6000/simfile.dat', 'lambda_0.7000/simfile.dat', 'lambda_0.8000/simfile.dat', 'lambda_0.9000/simfile.dat', 'lambda_1.0000/simfile.dat']
#Overlap matrix
0.9705 0.0294 0.0000 0.0000 0.0000 0.0000 0.0000 0.0000 0.0000 0.0000 0.0000
0.0294 0.8602 0.1091 0.0013 0.0000 0.0000 0.0000 0.0000 0.0000 0.0000 0.0000
0.0000 0.1091 0.7303 0.1574 0.0032 0.0000 0.0000 0.0000 0.0000 0.0000 0.0000
0.0000 0.0013 0.1574 0.6648 0.1734 0.0030 0.0000 0.0000 0.0000 0.0000 0.0000
0.0000 0.0000 0.0032 0.1734 0.6625 0.1587 0.0021 0.0000 0.0000 0.0000 0.0000
0.0000 0.0000 0.0000 0.0030 0.1587 0.6798 0.1567 0.0018 0.0000 0.0000 0.0000
0.0000 0.0000 0.0000 0.0000 0.0021 0.1567 0.6844 0.1552 0.0017 0.0000 0.0000
0.0000 0.0000 0.0000 0.0000 0.0000 0.0018 0.1552 0.6814 0.1607 0.0010 0.0000
0.0000 0.0000 0.0000 0.0000 0.0000 0.0000 0.0017 0.1607 0.7198 0.1173 0.0006
0.0000 0.0000 0.0000 0.0000 0.0000 0.0000 0.0000 0.0010 0.1173 0.7258 0.1560
0.0000 0.0000 0.0000 0.0000 0.0000 0.0000 0.0000 0.0000 0.0006 0.1560 0.8434
#DG from neighbouring lambda in kcal/mol
0.0000 0.1000 -5.1044 0.0489
0.1000 0.2000 -0.9972 0.0230
0.2000 0.3000 -0.7419 0.0177
0.3000 0.4000 -1.7043 0.0163
0.4000 0.5000 -3.0508 0.0175
0.5000 0.6000 -4.5920 0.0178
0.6000 0.7000 -6.0779 0.0180
0.7000 0.8000 -7.3244 0.0176
0.8000 0.9000 -8.6558 0.0219
0.9000 1.0000 -10.1337 0.0181
#PMF from MBAR in kcal/mol
0.0000 0.0000 0.0000
0.1000 -5.1044 0.0489
0.2000 -6.1016 0.0554
0.3000 -6.8435 0.0593
0.4000 -8.5478 0.0626
0.5000 -11.5986 0.0660
0.6000 -16.1907 0.0694
0.7000 -22.2686 0.0726
0.8000 -29.5930 0.0757
0.9000 -38.2487 0.0797
1.0000 -48.3824 0.0826
#TI average gradients and standard deviation in kcal/mol
0.0000 -94.0100 28.6246
0.1000 -20.7735 19.7998
0.2000 -5.1052 15.4079
0.3000 -11.2453 14.0134
0.4000 -22.9206 13.7123
0.5000 -38.5550 14.3232
0.6000 -53.7546 15.0055
0.7000 -67.6414 16.0499
0.8000 -77.3130 15.7792
0.9000 -97.1999 17.0468
1.0000 -100.1004 17.0844
#PMF from TI in kcal/mol
0.0000 0.0000
0.1000 -5.7392
0.2000 -7.0331
0.3000 -7.8506
0.4000 -9.5589
0.5000 -12.6327
0.6000 -17.2482
0.7000 -23.3180
0.8000 -30.5657
0.9000 -39.2913
1.0000 -49.1564
#MBAR free energy difference in kcal/mol: 
-48.382427, 0.082577  #WARNING SUBSAMPLING DISABLED, CONSIDER RERUN WITH SUBSAMPLING OPTION
#TI free energy difference in kcal/mol: 
-49.156363  #WARNING SUBSAMPLING DISABLED, CONSIDER RERUN WITH SUBSAMPLING OPTION 
Starting /export/users/common/BioSimSpace/sire.app/bin/analyse_freenrg: number of threads equals 32
