# Analysing data contained in file(s) ['lambda_0.0000/simfile.dat', 'lambda_0.1000/simfile.dat', 'lambda_0.2000/simfile.dat', 'lambda_0.3000/simfile.dat', 'lambda_0.4000/simfile.dat', 'lambda_0.5000/simfile.dat', 'lambda_0.6000/simfile.dat', 'lambda_0.7000/simfile.dat', 'lambda_0.8000/simfile.dat', 'lambda_0.9000/simfile.dat', 'lambda_1.0000/simfile.dat']
#Overlap matrix
0.9436 0.0563 0.0001 0.0000 0.0000 0.0000 0.0000 0.0000 0.0000 0.0000 0.0000
0.0563 0.8127 0.1301 0.0009 0.0000 0.0000 0.0000 0.0000 0.0000 0.0000 0.0000
0.0001 0.1301 0.7164 0.1517 0.0018 0.0000 0.0000 0.0000 0.0000 0.0000 0.0000
0.0000 0.0009 0.1517 0.6775 0.1671 0.0029 0.0000 0.0000 0.0000 0.0000 0.0000
0.0000 0.0000 0.0018 0.1671 0.6523 0.1751 0.0037 0.0000 0.0000 0.0000 0.0000
0.0000 0.0000 0.0000 0.0029 0.1751 0.6398 0.1781 0.0041 0.0000 0.0000 0.0000
0.0000 0.0000 0.0000 0.0000 0.0037 0.1781 0.6243 0.1880 0.0058 0.0000 0.0000
0.0000 0.0000 0.0000 0.0000 0.0000 0.0041 0.1880 0.6110 0.1917 0.0053 0.0000
0.0000 0.0000 0.0000 0.0000 0.0000 0.0000 0.0058 0.1917 0.6073 0.1899 0.0053
0.0000 0.0000 0.0000 0.0000 0.0000 0.0000 0.0000 0.0053 0.1899 0.6203 0.1845
0.0000 0.0000 0.0000 0.0000 0.0000 0.0000 0.0000 0.0000 0.0053 0.1845 0.8102
#DG from neighbouring lambda in kcal/mol
0.0000 0.1000 11.9307 0.0343
0.1000 0.2000 9.0763 0.0205
0.2000 0.3000 7.6641 0.0183
0.3000 0.4000 6.6267 0.0169
0.4000 0.5000 5.8523 0.0162
0.5000 0.6000 5.2194 0.0159
0.6000 0.7000 4.6318 0.0151
0.7000 0.8000 4.3078 0.0148
0.8000 0.9000 4.1948 0.0150
0.9000 1.0000 5.2949 0.0156
#PMF from MBAR in kcal/mol
0.0000 0.0000 0.0000
0.1000 11.9307 0.0343
0.2000 21.0070 0.0418
0.3000 28.6711 0.0472
0.4000 35.2977 0.0515
0.5000 41.1501 0.0552
0.6000 46.3694 0.0586
0.7000 51.0012 0.0616
0.8000 55.3090 0.0644
0.9000 59.5038 0.0671
1.0000 64.7987 0.0698
#TI average gradients and standard deviation in kcal/mol
0.0000 145.9691 23.2055
0.1000 100.0916 17.1229
0.2000 82.8381 15.2787
0.3000 70.5906 14.6857
0.4000 62.2348 14.2103
0.5000 55.2198 13.5379
0.6000 49.0193 13.6849
0.7000 44.2477 12.6963
0.8000 41.8095 13.3064
0.9000 44.1880 12.8030
1.0000 67.7816 14.4169
#PMF from TI in kcal/mol
0.0000 0.0000
0.1000 12.3030
0.2000 21.4495
0.3000 29.1210
0.4000 35.7622
0.5000 41.6350
0.6000 46.8469
0.7000 51.5103
0.8000 55.8131
0.9000 60.1130
1.0000 65.7115
#MBAR free energy difference in kcal/mol: 
64.798684, 0.069816  #WARNING SUBSAMPLING DISABLED, CONSIDER RERUN WITH SUBSAMPLING OPTION
#TI free energy difference in kcal/mol: 
65.711470  #WARNING SUBSAMPLING DISABLED, CONSIDER RERUN WITH SUBSAMPLING OPTION 
Starting /export/users/common/BioSimSpace/sire.app/bin/analyse_freenrg: number of threads equals 32
