# Analysing data contained in file(s) ['lambda_0.0000/simfile.dat', 'lambda_0.1000/simfile.dat', 'lambda_0.2000/simfile.dat', 'lambda_0.3000/simfile.dat', 'lambda_0.4000/simfile.dat', 'lambda_0.5000/simfile.dat', 'lambda_0.6000/simfile.dat', 'lambda_0.7000/simfile.dat', 'lambda_0.8000/simfile.dat', 'lambda_0.9000/simfile.dat', 'lambda_1.0000/simfile.dat']
#Overlap matrix
0.8503 0.1472 0.0025 0.0000 0.0000 0.0000 0.0000 0.0000 0.0000 0.0000 0.0000
0.1472 0.6762 0.1725 0.0041 0.0000 0.0000 0.0000 0.0000 0.0000 0.0000 0.0000
0.0025 0.1725 0.6415 0.1797 0.0039 0.0000 0.0000 0.0000 0.0000 0.0000 0.0000
0.0000 0.0041 0.1797 0.6353 0.1770 0.0040 0.0000 0.0000 0.0000 0.0000 0.0000
0.0000 0.0000 0.0039 0.1770 0.6363 0.1790 0.0038 0.0000 0.0000 0.0000 0.0000
0.0000 0.0000 0.0000 0.0040 0.1790 0.6328 0.1803 0.0039 0.0000 0.0000 0.0000
0.0000 0.0000 0.0000 0.0000 0.0038 0.1803 0.6375 0.1751 0.0033 0.0000 0.0000
0.0000 0.0000 0.0000 0.0000 0.0000 0.0039 0.1751 0.6428 0.1754 0.0028 0.0000
0.0000 0.0000 0.0000 0.0000 0.0000 0.0000 0.0033 0.1754 0.6589 0.1607 0.0016
0.0000 0.0000 0.0000 0.0000 0.0000 0.0000 0.0000 0.0028 0.1607 0.6937 0.1428
0.0000 0.0000 0.0000 0.0000 0.0000 0.0000 0.0000 0.0000 0.0016 0.1428 0.8556
#DG from neighbouring lambda in kcal/mol
0.0000 0.1000 2.8095 0.0187
0.1000 0.2000 3.3441 0.0164
0.2000 0.3000 3.4699 0.0158
0.3000 0.4000 3.3138 0.0160
0.4000 0.5000 3.1092 0.0158
0.5000 0.6000 2.8884 0.0158
0.6000 0.7000 2.7487 0.0162
0.7000 0.8000 2.6935 0.0162
0.8000 0.9000 2.8909 0.0174
0.9000 1.0000 3.4342 0.0192
#PMF from MBAR in kcal/mol
0.0000 0.0000 0.0000
0.1000 2.8095 0.0187
0.2000 6.1536 0.0275
0.3000 9.6234 0.0337
0.4000 12.9372 0.0390
0.5000 16.0464 0.0437
0.6000 18.9348 0.0479
0.7000 21.6835 0.0518
0.8000 24.3770 0.0555
0.9000 27.2679 0.0593
1.0000 30.7020 0.0635
#TI average gradients and standard deviation in kcal/mol
0.0000 20.7071 16.3229
0.1000 31.8915 14.3481
0.2000 34.5302 13.4616
0.3000 34.3843 13.7586
0.4000 32.1246 13.4010
0.5000 29.7458 13.8186
0.6000 28.1939 13.7915
0.7000 26.8975 13.9307
0.8000 27.4553 14.1268
0.9000 30.5782 15.2914
1.0000 -473473.1817 30678105.3893
#PMF from TI in kcal/mol
0.0000 0.0000
0.1000 2.6299
0.2000 5.9510
0.3000 9.3967
0.4000 12.7222
0.5000 15.8157
0.6000 18.7127
0.7000 21.4673
0.8000 24.1849
0.9000 27.0866
1.0000 -23645.0436
#MBAR free energy difference in kcal/mol: 
30.702041, 0.063483  #WARNING SUBSAMPLING DISABLED, CONSIDER RERUN WITH SUBSAMPLING OPTION
#TI free energy difference in kcal/mol: 
-23645.043600  #WARNING SUBSAMPLING DISABLED, CONSIDER RERUN WITH SUBSAMPLING OPTION 
Starting /export/users/common/BioSimSpace/sire.app/bin/analyse_freenrg: number of threads equals 32
