# Analysing data contained in file(s) ['lambda_0.0000/simfile.dat', 'lambda_0.1000/simfile.dat', 'lambda_0.2000/simfile.dat', 'lambda_0.3000/simfile.dat', 'lambda_0.4000/simfile.dat', 'lambda_0.5000/simfile.dat', 'lambda_0.6000/simfile.dat', 'lambda_0.7000/simfile.dat', 'lambda_0.8000/simfile.dat', 'lambda_0.9000/simfile.dat', 'lambda_1.0000/simfile.dat']
#Overlap matrix
1.0000 0.0000 0.0000 0.0000 0.0000 0.0000 0.0000 0.0000 0.0000 0.0000 0.0000
0.0000 1.0000 0.0000 0.0000 0.0000 0.0000 0.0000 0.0000 0.0000 0.0000 0.0000
0.0000 0.0000 0.9983 0.0017 0.0000 0.0000 0.0000 0.0000 0.0000 0.0000 0.0000
0.0000 0.0000 0.0017 0.8605 0.1367 0.0011 0.0000 0.0000 0.0000 0.0000 0.0000
0.0000 0.0000 0.0000 0.1367 0.7104 0.1511 0.0018 0.0000 0.0000 0.0000 0.0000
0.0000 0.0000 0.0000 0.0011 0.1511 0.6859 0.1605 0.0014 0.0000 0.0000 0.0000
0.0000 0.0000 0.0000 0.0000 0.0018 0.1605 0.7093 0.1276 0.0007 0.0000 0.0000
0.0000 0.0000 0.0000 0.0000 0.0000 0.0014 0.1276 0.7526 0.1183 0.0001 0.0000
0.0000 0.0000 0.0000 0.0000 0.0000 0.0000 0.0007 0.1183 0.8335 0.0475 0.0000
0.0000 0.0000 0.0000 0.0000 0.0000 0.0000 0.0000 0.0001 0.0475 0.9524 0.0000
0.0000 0.0000 0.0000 0.0000 0.0000 0.0000 0.0000 0.0000 0.0000 0.0000 1.0000
#DG from neighbouring lambda in kcal/mol
0.0000 0.1000 98.4746 0.0000
0.1000 0.2000 35.0204 0.1836
0.2000 0.3000 -3.1830 0.2073
0.3000 0.4000 -9.1778 0.0198
0.4000 0.5000 -10.5717 0.0183
0.5000 0.6000 -11.5509 0.0175
0.6000 0.7000 -12.4613 0.0207
0.7000 0.8000 -13.8020 0.0219
0.8000 0.9000 -16.3505 0.0377
0.9000 1.0000 -181.2742 0.0510
#PMF from MBAR in kcal/mol
0.0000 0.0000 0.0000
0.1000 98.4746 0.0000
0.2000 133.4950 0.1836
0.3000 130.3120 0.0368
0.4000 121.1342 0.0330
0.5000 110.5625 0.0311
0.6000 99.0117 0.0311
0.7000 86.5503 0.0333
0.8000 72.7483 0.0377
0.9000 56.3978 0.0510
1.0000 -124.8764 0.0000
#TI average gradients and standard deviation in kcal/mol
0.0000 7214.6704 196.3028
0.1000 30.3972 32.2654
0.2000 717.2585 53.4656
0.3000 -82.5909 16.5878
0.4000 -99.5738 15.2331
0.5000 -111.4285 14.7242
0.6000 -118.6079 15.5020
0.7000 -131.9484 15.5451
0.8000 -146.0580 18.5793
0.9000 -192.5373 27.7642
1.0000 -5399.5397 199.5320
#PMF from TI in kcal/mol
0.0000 0.0000
0.1000 362.2534
0.2000 399.6362
0.3000 431.3695
0.4000 422.2613
0.5000 411.7112
0.6000 400.2094
0.7000 387.6816
0.8000 373.7812
0.9000 356.8515
1.0000 77.2476
#MBAR free energy difference in kcal/mol: 
-124.876350, 0.000000  #WARNING SUBSAMPLING DISABLED, CONSIDER RERUN WITH SUBSAMPLING OPTION
#TI free energy difference in kcal/mol: 
77.247618  #WARNING SUBSAMPLING DISABLED, CONSIDER RERUN WITH SUBSAMPLING OPTION 
Starting /export/users/common/BioSimSpace/sire.app/bin/analyse_freenrg: number of threads equals 32
