# Analysing data contained in file(s) ['lambda_0.0000/simfile.dat', 'lambda_0.1000/simfile.dat', 'lambda_0.2000/simfile.dat', 'lambda_0.3000/simfile.dat', 'lambda_0.4000/simfile.dat', 'lambda_0.5000/simfile.dat', 'lambda_0.6000/simfile.dat', 'lambda_0.7000/simfile.dat', 'lambda_0.8000/simfile.dat', 'lambda_0.9000/simfile.dat', 'lambda_1.0000/simfile.dat']
#Overlap matrix
0.9136 0.0817 0.0047 0.0000 0.0000 0.0000 0.0000 0.0000 0.0000 0.0000 0.0000
0.0817 0.8839 0.0341 0.0004 0.0000 0.0000 0.0000 0.0000 0.0000 0.0000 0.0000
0.0047 0.0341 0.7431 0.2085 0.0085 0.0011 0.0000 0.0000 0.0000 0.0000 0.0000
0.0000 0.0004 0.2085 0.5834 0.1546 0.0530 0.0000 0.0000 0.0000 0.0000 0.0000
0.0000 0.0000 0.0085 0.1546 0.6454 0.1913 0.0002 0.0000 0.0000 0.0000 0.0000
0.0000 0.0000 0.0011 0.0530 0.1913 0.7376 0.0170 0.0000 0.0000 0.0000 0.0000
0.0000 0.0000 0.0000 0.0000 0.0002 0.0170 0.8293 0.1529 0.0005 0.0000 0.0000
0.0000 0.0000 0.0000 0.0000 0.0000 0.0000 0.1529 0.7473 0.0998 0.0000 0.0000
0.0000 0.0000 0.0000 0.0000 0.0000 0.0000 0.0005 0.0998 0.8868 0.0130 0.0000
0.0000 0.0000 0.0000 0.0000 0.0000 0.0000 0.0000 0.0000 0.0130 0.9870 0.0000
0.0000 0.0000 0.0000 0.0000 0.0000 0.0000 0.0000 0.0000 0.0000 0.0000 1.0000
#DG from neighbouring lambda in kcal/mol
0.0000 0.1000 7.3892 0.0269
0.1000 0.2000 9.5624 0.0421
0.2000 0.3000 7.2429 0.0139
0.3000 0.4000 6.6596 0.0147
0.4000 0.5000 8.1998 0.0131
0.5000 0.6000 5.4749 0.0646
0.6000 0.7000 1.4456 0.0184
0.7000 0.8000 -0.8941 0.0244
0.8000 0.9000 -6.9473 0.0749
0.9000 1.0000 -91.8263 0.0842
#PMF from MBAR in kcal/mol
0.0000 0.0000 0.0000
0.1000 7.3892 0.0269
0.2000 16.9516 0.0494
0.3000 24.1946 0.0527
0.4000 30.8542 0.0557
0.5000 39.0540 0.0572
0.6000 44.5290 0.0871
0.7000 45.9746 0.0899
0.8000 45.0805 0.0939
0.9000 38.1332 0.1207
1.0000 -53.6931 0.0535
#TI average gradients and standard deviation in kcal/mol
0.0000 72.3278 15.8430
0.1000 103.7076 21.0010
0.2000 75.2073 12.6875
0.3000 69.7571 11.9405
0.4000 65.0427 12.1028
0.5000 159.8741 26.8499
0.6000 22.6971 14.3991
0.7000 5.1686 15.9337
0.8000 -27.6046 20.6400
0.9000 -141.7576 40.1907
1.0000 -4095.2104 1246.1247
#PMF from TI in kcal/mol
0.0000 0.0000
0.1000 8.8018
0.2000 17.7475
0.3000 24.9957
0.4000 31.7357
0.5000 42.9816
0.6000 52.1101
0.7000 53.5034
0.8000 52.3816
0.9000 43.9135
1.0000 -167.9349
#MBAR free energy difference in kcal/mol: 
-53.693082, 0.053453  #WARNING SUBSAMPLING DISABLED, CONSIDER RERUN WITH SUBSAMPLING OPTION
#TI free energy difference in kcal/mol: 
-167.934904  #WARNING SUBSAMPLING DISABLED, CONSIDER RERUN WITH SUBSAMPLING OPTION 
Starting /export/users/common/BioSimSpace/sire.app/bin/analyse_freenrg: number of threads equals 32
