# Analysing data contained in file(s) ['lambda_0.0000/simfile.dat', 'lambda_0.1000/simfile.dat', 'lambda_0.2000/simfile.dat', 'lambda_0.3000/simfile.dat', 'lambda_0.4000/simfile.dat', 'lambda_0.5000/simfile.dat', 'lambda_0.6000/simfile.dat', 'lambda_0.7000/simfile.dat', 'lambda_0.8000/simfile.dat', 'lambda_0.9000/simfile.dat', 'lambda_1.0000/simfile.dat']
#Overlap matrix
0.9367 0.0633 0.0000 0.0000 0.0000 0.0000 0.0000 0.0000 0.0000 0.0000 0.0000
0.0633 0.8717 0.0651 0.0000 0.0000 0.0000 0.0000 0.0000 0.0000 0.0000 0.0000
0.0000 0.0651 0.8712 0.0637 0.0000 0.0000 0.0000 0.0000 0.0000 0.0000 0.0000
0.0000 0.0000 0.0637 0.8717 0.0646 0.0000 0.0000 0.0000 0.0000 0.0000 0.0000
0.0000 0.0000 0.0000 0.0646 0.8747 0.0608 0.0000 0.0000 0.0000 0.0000 0.0000
0.0000 0.0000 0.0000 0.0000 0.0608 0.8761 0.0631 0.0000 0.0000 0.0000 0.0000
0.0000 0.0000 0.0000 0.0000 0.0000 0.0631 0.8744 0.0625 0.0000 0.0000 0.0000
0.0000 0.0000 0.0000 0.0000 0.0000 0.0000 0.0625 0.8750 0.0625 0.0000 0.0000
0.0000 0.0000 0.0000 0.0000 0.0000 0.0000 0.0000 0.0625 0.8787 0.0588 0.0000
0.0000 0.0000 0.0000 0.0000 0.0000 0.0000 0.0000 0.0000 0.0588 0.8837 0.0575
0.0000 0.0000 0.0000 0.0000 0.0000 0.0000 0.0000 0.0000 0.0000 0.0575 0.9425
#DG from neighbouring lambda in kcal/mol
0.0000 0.1000 28.7792 0.0321
0.1000 0.2000 24.6450 0.0316
0.2000 0.3000 20.4560 0.0320
0.3000 0.4000 16.1881 0.0318
0.4000 0.5000 11.8885 0.0329
0.5000 0.6000 7.4558 0.0322
0.6000 0.7000 2.9983 0.0324
0.7000 0.8000 -1.5627 0.0324
0.8000 0.9000 -6.3114 0.0335
0.9000 1.0000 -11.1625 0.0339
#PMF from MBAR in kcal/mol
0.0000 0.0000 0.0000
0.1000 28.7792 0.0321
0.2000 53.4242 0.0467
0.3000 73.8802 0.0579
0.4000 90.0683 0.0672
0.5000 101.9568 0.0758
0.6000 109.4127 0.0832
0.7000 112.4110 0.0902
0.8000 110.8483 0.0966
0.9000 104.5369 0.1029
1.0000 93.3744 0.1091
#TI average gradients and standard deviation in kcal/mol
0.0000 308.1222 20.3579
0.1000 267.4873 20.0807
0.2000 225.9546 19.6473
0.3000 183.0939 19.6511
0.4000 140.7410 19.3818
0.5000 96.2093 19.9110
0.6000 52.3543 20.0450
0.7000 7.1097 19.9175
0.8000 -39.1453 20.4062
0.9000 -86.8649 20.4632
1.0000 -135.3530 20.2805
#PMF from TI in kcal/mol
0.0000 0.0000
0.1000 28.7805
0.2000 53.4526
0.3000 73.9050
0.4000 90.0967
0.5000 101.9443
0.6000 109.3724
0.7000 112.3456
0.8000 110.7439
0.9000 104.4434
1.0000 93.3325
#MBAR free energy difference in kcal/mol: 
93.374427, 0.109071  #WARNING SUBSAMPLING DISABLED, CONSIDER RERUN WITH SUBSAMPLING OPTION
#TI free energy difference in kcal/mol: 
93.332456  #WARNING SUBSAMPLING DISABLED, CONSIDER RERUN WITH SUBSAMPLING OPTION 
Starting /export/users/common/BioSimSpace/sire.app/bin/analyse_freenrg: number of threads equals 32
