# Analysing data contained in file(s) ['lambda_0.0000/simfile.dat', 'lambda_0.1000/simfile.dat', 'lambda_0.2000/simfile.dat', 'lambda_0.3000/simfile.dat', 'lambda_0.4000/simfile.dat', 'lambda_0.5000/simfile.dat', 'lambda_0.6000/simfile.dat', 'lambda_0.7000/simfile.dat', 'lambda_0.8000/simfile.dat', 'lambda_0.9000/simfile.dat', 'lambda_1.0000/simfile.dat']
#Overlap matrix
0.8736 0.1239 0.0025 0.0000 0.0000 0.0000 0.0000 0.0000 0.0000 0.0000 0.0000
0.1239 0.6927 0.1777 0.0056 0.0000 0.0000 0.0000 0.0000 0.0000 0.0000 0.0000
0.0025 0.1777 0.6226 0.1911 0.0060 0.0000 0.0000 0.0000 0.0000 0.0000 0.0000
0.0000 0.0056 0.1911 0.6094 0.1888 0.0051 0.0000 0.0000 0.0000 0.0000 0.0000
0.0000 0.0000 0.0060 0.1888 0.6135 0.1866 0.0050 0.0000 0.0000 0.0000 0.0000
0.0000 0.0000 0.0000 0.0051 0.1866 0.6179 0.1853 0.0050 0.0000 0.0000 0.0000
0.0000 0.0000 0.0000 0.0000 0.0050 0.1853 0.6185 0.1866 0.0047 0.0000 0.0000
0.0000 0.0000 0.0000 0.0000 0.0000 0.0050 0.1866 0.6181 0.1853 0.0050 0.0000
0.0000 0.0000 0.0000 0.0000 0.0000 0.0000 0.0047 0.1853 0.6178 0.1872 0.0051
0.0000 0.0000 0.0000 0.0000 0.0000 0.0000 0.0000 0.0050 0.1872 0.6169 0.1909
0.0000 0.0000 0.0000 0.0000 0.0000 0.0000 0.0000 0.0000 0.0051 0.1909 0.8040
#DG from neighbouring lambda in kcal/mol
0.0000 0.1000 -6.4756 0.0210
0.1000 0.2000 -2.3264 0.0159
0.2000 0.3000 -0.9139 0.0148
0.3000 0.4000 -0.3698 0.0150
0.4000 0.5000 -0.1023 0.0152
0.5000 0.6000 0.1565 0.0153
0.6000 0.7000 0.4556 0.0152
0.7000 0.8000 0.7336 0.0153
0.8000 0.9000 1.0639 0.0152
0.9000 1.0000 1.4224 0.0152
#PMF from MBAR in kcal/mol
0.0000 0.0000 0.0000
0.1000 -6.4756 0.0210
0.2000 -8.8020 0.0288
0.3000 -9.7159 0.0343
0.4000 -10.0857 0.0391
0.5000 -10.1880 0.0435
0.6000 -10.0315 0.0475
0.7000 -9.5759 0.0512
0.8000 -8.8423 0.0546
0.9000 -7.7783 0.0578
1.0000 -6.3560 0.0609
#TI average gradients and standard deviation in kcal/mol
0.0000 -105.1758 19.1624
0.1000 -36.5638 14.4936
0.2000 -13.7876 12.8996
0.3000 -5.6471 12.4669
0.4000 -2.3779 13.0220
0.5000 0.3470 13.0060
0.6000 2.8172 12.9732
0.7000 6.0593 13.2478
0.8000 8.7884 13.0371
0.9000 12.4731 13.0656
1.0000 16.1071 13.3061
#PMF from TI in kcal/mol
0.0000 0.0000
0.1000 -7.0870
0.2000 -9.6046
0.3000 -10.5763
0.4000 -10.9775
0.5000 -11.0791
0.6000 -10.9209
0.7000 -10.4770
0.8000 -9.7346
0.9000 -8.6716
1.0000 -7.2426
#MBAR free energy difference in kcal/mol: 
-6.355955, 0.060896  #WARNING SUBSAMPLING DISABLED, CONSIDER RERUN WITH SUBSAMPLING OPTION
#TI free energy difference in kcal/mol: 
-7.242559  #WARNING SUBSAMPLING DISABLED, CONSIDER RERUN WITH SUBSAMPLING OPTION 
Starting /export/users/common/BioSimSpace/sire.app/bin/analyse_freenrg: number of threads equals 32
