# Analysing data contained in file(s) ['lambda_0.0000/simfile.dat', 'lambda_0.1000/simfile.dat', 'lambda_0.2000/simfile.dat', 'lambda_0.3000/simfile.dat', 'lambda_0.4000/simfile.dat', 'lambda_0.5000/simfile.dat', 'lambda_0.6000/simfile.dat', 'lambda_0.7000/simfile.dat', 'lambda_0.8000/simfile.dat', 'lambda_0.9000/simfile.dat', 'lambda_1.0000/simfile.dat']
#Overlap matrix
0.9736 0.0264 0.0000 0.0000 0.0000 0.0000 0.0000 0.0000 0.0000 0.0000 0.0000
0.0264 0.9273 0.0462 0.0000 0.0000 0.0000 0.0000 0.0000 0.0000 0.0000 0.0000
0.0000 0.0462 0.8908 0.0630 0.0000 0.0000 0.0000 0.0000 0.0000 0.0000 0.0000
0.0000 0.0000 0.0630 0.8666 0.0704 0.0000 0.0000 0.0000 0.0000 0.0000 0.0000
0.0000 0.0000 0.0000 0.0704 0.8506 0.0789 0.0001 0.0000 0.0000 0.0000 0.0000
0.0000 0.0000 0.0000 0.0000 0.0789 0.8308 0.0902 0.0001 0.0000 0.0000 0.0000
0.0000 0.0000 0.0000 0.0000 0.0001 0.0902 0.8065 0.1030 0.0003 0.0000 0.0000
0.0000 0.0000 0.0000 0.0000 0.0000 0.0001 0.1030 0.7777 0.1186 0.0006 0.0000
0.0000 0.0000 0.0000 0.0000 0.0000 0.0000 0.0003 0.1186 0.7423 0.1377 0.0011
0.0000 0.0000 0.0000 0.0000 0.0000 0.0000 0.0000 0.0006 0.1377 0.7060 0.1557
0.0000 0.0000 0.0000 0.0000 0.0000 0.0000 0.0000 0.0000 0.0011 0.1557 0.8431
#DG from neighbouring lambda in kcal/mol
0.0000 0.1000 -5.4370 0.0518
0.1000 0.2000 0.4269 0.0383
0.2000 0.3000 1.1372 0.0322
0.3000 0.4000 0.7661 0.0302
0.4000 0.5000 0.3077 0.0282
0.5000 0.6000 -0.1226 0.0261
0.6000 0.7000 -0.4092 0.0240
0.7000 0.8000 -0.6566 0.0218
0.8000 0.9000 -0.8853 0.0197
0.9000 1.0000 -1.1425 0.0181
#PMF from MBAR in kcal/mol
0.0000 0.0000 0.0000
0.1000 -5.4370 0.0518
0.2000 -5.0101 0.0656
0.3000 -3.8730 0.0741
0.4000 -3.1069 0.0809
0.5000 -2.7992 0.0866
0.6000 -2.9218 0.0912
0.7000 -3.3310 0.0951
0.8000 -3.9876 0.0983
0.9000 -4.8729 0.1010
1.0000 -6.0153 0.1033
#TI average gradients and standard deviation in kcal/mol
0.0000 -128.6074 28.1945
0.1000 -9.0279 22.5515
0.2000 10.7889 20.6272
0.3000 10.3675 19.8844
0.4000 5.2453 18.7082
0.5000 0.7643 18.0991
0.6000 -2.6454 17.2535
0.7000 -5.3751 16.5142
0.8000 -7.8246 15.5522
0.9000 -10.1303 14.9152
1.0000 -8.0206 14.0866
#PMF from TI in kcal/mol
0.0000 0.0000
0.1000 -6.8818
0.2000 -6.7937
0.3000 -5.7359
0.4000 -4.9553
0.5000 -4.6548
0.6000 -4.7488
0.7000 -5.1499
0.8000 -5.8099
0.9000 -6.7076
1.0000 -7.6151
#MBAR free energy difference in kcal/mol: 
-6.015342, 0.103279  #WARNING SUBSAMPLING DISABLED, CONSIDER RERUN WITH SUBSAMPLING OPTION
#TI free energy difference in kcal/mol: 
-7.615139  #WARNING SUBSAMPLING DISABLED, CONSIDER RERUN WITH SUBSAMPLING OPTION 
Starting /export/users/common/BioSimSpace/sire.app/bin/analyse_freenrg: number of threads equals 32
