# Analysing data contained in file(s) ['lambda_0.0000/simfile.dat', 'lambda_0.1000/simfile.dat', 'lambda_0.2000/simfile.dat', 'lambda_0.3000/simfile.dat', 'lambda_0.4000/simfile.dat', 'lambda_0.5000/simfile.dat', 'lambda_0.6000/simfile.dat', 'lambda_0.7000/simfile.dat', 'lambda_0.8000/simfile.dat', 'lambda_0.9000/simfile.dat', 'lambda_1.0000/simfile.dat']
#Overlap matrix
0.7864 0.2046 0.0089 0.0001 0.0000 0.0000 0.0000 0.0000 0.0000 0.0000 0.0000
0.2046 0.5803 0.2059 0.0092 0.0000 0.0000 0.0000 0.0000 0.0000 0.0000 0.0000
0.0089 0.2059 0.5739 0.2030 0.0083 0.0000 0.0000 0.0000 0.0000 0.0000 0.0000
0.0001 0.0092 0.2030 0.5810 0.1998 0.0070 0.0000 0.0000 0.0000 0.0000 0.0000
0.0000 0.0000 0.0083 0.1998 0.5930 0.1928 0.0060 0.0000 0.0000 0.0000 0.0000
0.0000 0.0000 0.0000 0.0070 0.1928 0.6075 0.1880 0.0046 0.0000 0.0000 0.0000
0.0000 0.0000 0.0000 0.0000 0.0060 0.1880 0.6205 0.1819 0.0036 0.0000 0.0000
0.0000 0.0000 0.0000 0.0000 0.0000 0.0046 0.1819 0.6357 0.1746 0.0031 0.0000
0.0000 0.0000 0.0000 0.0000 0.0000 0.0000 0.0036 0.1746 0.6514 0.1681 0.0023
0.0000 0.0000 0.0000 0.0000 0.0000 0.0000 0.0000 0.0031 0.1681 0.6646 0.1642
0.0000 0.0000 0.0000 0.0000 0.0000 0.0000 0.0000 0.0000 0.0023 0.1642 0.8335
#DG from neighbouring lambda in kcal/mol
0.0000 0.1000 1.3378 0.0142
0.1000 0.2000 1.9748 0.0136
0.2000 0.3000 2.3248 0.0138
0.3000 0.4000 2.6105 0.0141
0.4000 0.5000 2.8982 0.0146
0.5000 0.6000 3.2312 0.0151
0.6000 0.7000 3.5682 0.0156
0.7000 0.8000 3.9137 0.0162
0.8000 0.9000 4.3281 0.0168
0.9000 1.0000 4.7223 0.0173
#PMF from MBAR in kcal/mol
0.0000 0.0000 0.0000
0.1000 1.3378 0.0142
0.2000 3.3126 0.0225
0.3000 5.6373 0.0287
0.4000 8.2478 0.0338
0.5000 11.1460 0.0385
0.6000 14.3772 0.0429
0.7000 17.9454 0.0471
0.8000 21.8590 0.0511
0.9000 26.1871 0.0551
1.0000 30.9095 0.0589
#TI average gradients and standard deviation in kcal/mol
0.0000 8.6633 12.5522
0.1000 17.2389 11.9169
0.2000 21.7476 11.9218
0.3000 24.5694 12.1066
0.4000 27.6247 12.5282
0.5000 30.4086 12.8269
0.6000 33.8934 13.4181
0.7000 37.4876 13.7639
0.8000 41.2442 13.7111
0.9000 45.1158 14.2523
1.0000 50.0309 14.5505
#PMF from TI in kcal/mol
0.0000 0.0000
0.1000 1.2951
0.2000 3.2444
0.3000 5.5603
0.4000 8.1700
0.5000 11.0717
0.6000 14.2868
0.7000 17.8558
0.8000 21.7924
0.9000 26.1104
1.0000 30.8677
#MBAR free energy difference in kcal/mol: 
30.909463, 0.058895  #WARNING SUBSAMPLING DISABLED, CONSIDER RERUN WITH SUBSAMPLING OPTION
#TI free energy difference in kcal/mol: 
30.867730  #WARNING SUBSAMPLING DISABLED, CONSIDER RERUN WITH SUBSAMPLING OPTION 
Starting /export/users/common/BioSimSpace/sire.app/bin/analyse_freenrg: number of threads equals 32
