# Analysing data contained in file(s) ['lambda_0.0000/simfile.dat', 'lambda_0.1000/simfile.dat', 'lambda_0.2000/simfile.dat', 'lambda_0.3000/simfile.dat', 'lambda_0.4000/simfile.dat', 'lambda_0.5000/simfile.dat', 'lambda_0.6000/simfile.dat', 'lambda_0.7000/simfile.dat', 'lambda_0.8000/simfile.dat', 'lambda_0.9000/simfile.dat', 'lambda_1.0000/simfile.dat']
#Overlap matrix
0.8356 0.1565 0.0077 0.0001 0.0000 0.0000 0.0000 0.0000 0.0000 0.0000 0.0000
0.1565 0.6211 0.2068 0.0153 0.0004 0.0000 0.0000 0.0000 0.0000 0.0000 0.0000
0.0077 0.2068 0.5525 0.2131 0.0194 0.0005 0.0000 0.0000 0.0000 0.0000 0.0000
0.0001 0.0153 0.2131 0.5298 0.2197 0.0214 0.0006 0.0000 0.0000 0.0000 0.0000
0.0000 0.0004 0.0194 0.2197 0.5138 0.2241 0.0221 0.0006 0.0000 0.0000 0.0000
0.0000 0.0000 0.0005 0.0214 0.2241 0.5071 0.2230 0.0233 0.0006 0.0000 0.0000
0.0000 0.0000 0.0000 0.0006 0.0221 0.2230 0.4964 0.2335 0.0240 0.0005 0.0000
0.0000 0.0000 0.0000 0.0000 0.0006 0.0233 0.2335 0.4940 0.2270 0.0212 0.0004
0.0000 0.0000 0.0000 0.0000 0.0000 0.0006 0.0240 0.2270 0.5022 0.2262 0.0201
0.0000 0.0000 0.0000 0.0000 0.0000 0.0000 0.0005 0.0212 0.2262 0.5114 0.2407
0.0000 0.0000 0.0000 0.0000 0.0000 0.0000 0.0000 0.0004 0.0201 0.2407 0.7388
#DG from neighbouring lambda in kcal/mol
0.0000 0.1000 -3.1249 0.0175
0.1000 0.2000 -0.4486 0.0133
0.2000 0.3000 0.0230 0.0124
0.3000 0.4000 0.0798 0.0118
0.4000 0.5000 0.0453 0.0115
0.5000 0.6000 0.0010 0.0115
0.6000 0.7000 -0.0071 0.0109
0.7000 0.8000 -0.0073 0.0113
0.8000 0.9000 -0.0778 0.0115
0.9000 1.0000 -0.1312 0.0118
#PMF from MBAR in kcal/mol
0.0000 0.0000 0.0000
0.1000 -3.1249 0.0175
0.2000 -3.5735 0.0245
0.3000 -3.5505 0.0294
0.4000 -3.4706 0.0333
0.5000 -3.4253 0.0367
0.6000 -3.4244 0.0398
0.7000 -3.4315 0.0425
0.8000 -3.4388 0.0451
0.9000 -3.5166 0.0477
1.0000 -3.6478 0.0502
#TI average gradients and standard deviation in kcal/mol
0.0000 -62.6422 18.1156
0.1000 -11.4167 13.0537
0.2000 -0.4002 11.5253
0.3000 0.6390 11.4212
0.4000 0.5721 11.1301
0.5000 0.3643 11.0672
0.6000 -0.2500 10.7929
0.7000 0.2170 10.5316
0.8000 -0.5004 10.6969
0.9000 -1.1502 11.0637
1.0000 1.4269 11.1309
#PMF from TI in kcal/mol
0.0000 0.0000
0.1000 -3.7029
0.2000 -4.2938
0.3000 -4.2819
0.4000 -4.2213
0.5000 -4.1745
0.6000 -4.1688
0.7000 -4.1704
0.8000 -4.1846
0.9000 -4.2671
1.0000 -4.2533
#MBAR free energy difference in kcal/mol: 
-3.647824, 0.050229  #WARNING SUBSAMPLING DISABLED, CONSIDER RERUN WITH SUBSAMPLING OPTION
#TI free energy difference in kcal/mol: 
-4.253276  #WARNING SUBSAMPLING DISABLED, CONSIDER RERUN WITH SUBSAMPLING OPTION 
Starting /export/users/common/BioSimSpace/sire.app/bin/analyse_freenrg: number of threads equals 32
