# Analysing data contained in file(s) ['lambda_0.0000/simfile.dat', 'lambda_0.1000/simfile.dat', 'lambda_0.2000/simfile.dat', 'lambda_0.3000/simfile.dat', 'lambda_0.4000/simfile.dat', 'lambda_0.5000/simfile.dat', 'lambda_0.6000/simfile.dat', 'lambda_0.7000/simfile.dat', 'lambda_0.8000/simfile.dat', 'lambda_0.9000/simfile.dat', 'lambda_1.0000/simfile.dat']
#Overlap matrix
0.3728 0.1457 0.0783 0.0618 0.0584 0.0570 0.0551 0.0521 0.0476 0.0407 0.0306
0.1457 0.1499 0.1127 0.0942 0.0883 0.0849 0.0809 0.0755 0.0680 0.0574 0.0426
0.0783 0.1127 0.1159 0.1087 0.1039 0.0997 0.0948 0.0884 0.0797 0.0676 0.0503
0.0618 0.0942 0.1087 0.1111 0.1087 0.1051 0.1005 0.0944 0.0859 0.0737 0.0558
0.0584 0.0883 0.1039 0.1087 0.1080 0.1054 0.1018 0.0968 0.0895 0.0783 0.0608
0.0570 0.0849 0.0997 0.1051 0.1054 0.1041 0.1018 0.0984 0.0929 0.0835 0.0672
0.0551 0.0809 0.0948 0.1005 0.1018 0.1018 0.1013 0.1000 0.0970 0.0903 0.0764
0.0521 0.0755 0.0884 0.0944 0.0968 0.0984 0.1000 0.1014 0.1020 0.1000 0.0910
0.0476 0.0680 0.0797 0.0859 0.0895 0.0929 0.0970 0.1020 0.1079 0.1138 0.1156
0.0407 0.0574 0.0676 0.0737 0.0783 0.0835 0.0903 0.1000 0.1138 0.1340 0.1607
0.0306 0.0426 0.0503 0.0558 0.0608 0.0672 0.0764 0.0910 0.1156 0.1607 0.2491
#DG from neighbouring lambda in kcal/mol
0.0000 0.1000 -5.8623 0.0049
0.1000 0.2000 -0.1430 0.0020
0.2000 0.3000 0.7056 0.0009
0.3000 0.4000 0.7936 0.0004
0.4000 0.5000 0.8075 0.0003
0.5000 0.6000 0.8584 0.0004
0.6000 0.7000 0.9384 0.0005
0.7000 0.8000 1.0256 0.0007
0.8000 0.9000 1.0996 0.0012
0.9000 1.0000 1.1343 0.0024
#PMF from MBAR in kcal/mol
0.0000 0.0000 0.0000
0.1000 -5.8623 0.0049
0.2000 -6.0052 0.0060
0.3000 -5.2997 0.0063
0.4000 -4.5060 0.0064
0.5000 -3.6986 0.0064
0.6000 -2.8401 0.0064
0.7000 -1.9017 0.0065
0.8000 -0.8761 0.0067
0.9000 0.2236 0.0071
1.0000 1.3579 0.0081
#TI average gradients and standard deviation in kcal/mol
0.0000 -137.8743 12.3876
0.1000 -14.0780 6.6890
0.2000 5.2571 3.6376
0.3000 7.8178 1.2827
0.4000 7.9574 0.7522
0.5000 8.2776 0.8266
0.6000 8.9679 0.9756
0.7000 9.8870 1.2423
0.8000 10.6521 1.7083
0.9000 11.2841 2.3037
1.0000 11.7248 3.2158
#PMF from TI in kcal/mol
0.0000 0.0000
0.1000 -7.5976
0.2000 -8.0387
0.3000 -7.3849
0.4000 -6.5962
0.5000 -5.7844
0.6000 -4.9221
0.7000 -3.9794
0.8000 -2.9524
0.9000 -1.8556
1.0000 -0.7052
#MBAR free energy difference in kcal/mol: 
1.357879, 0.008071  #WARNING SUBSAMPLING DISABLED, CONSIDER RERUN WITH SUBSAMPLING OPTION
#TI free energy difference in kcal/mol: 
-0.705182  #WARNING SUBSAMPLING DISABLED, CONSIDER RERUN WITH SUBSAMPLING OPTION 
Starting /export/users/common/BioSimSpace/sire.app/bin/analyse_freenrg: number of threads equals 32
