# Analysing data contained in file(s) ['lambda_0.0000/simfile.dat', 'lambda_0.1000/simfile.dat', 'lambda_0.2000/simfile.dat', 'lambda_0.3000/simfile.dat', 'lambda_0.4000/simfile.dat', 'lambda_0.5000/simfile.dat', 'lambda_0.6000/simfile.dat', 'lambda_0.7000/simfile.dat', 'lambda_0.8000/simfile.dat', 'lambda_0.9000/simfile.dat', 'lambda_1.0000/simfile.dat']
#Overlap matrix
0.9155 0.0838 0.0007 0.0000 0.0000 0.0000 0.0000 0.0000 0.0000 0.0000 0.0000
0.0838 0.7497 0.1620 0.0045 0.0000 0.0000 0.0000 0.0000 0.0000 0.0000 0.0000
0.0007 0.1620 0.6366 0.1909 0.0097 0.0001 0.0000 0.0000 0.0000 0.0000 0.0000
0.0000 0.0045 0.1909 0.5856 0.2067 0.0121 0.0001 0.0000 0.0000 0.0000 0.0000
0.0000 0.0000 0.0097 0.2067 0.5630 0.2075 0.0129 0.0002 0.0000 0.0000 0.0000
0.0000 0.0000 0.0001 0.0121 0.2075 0.5544 0.2116 0.0141 0.0002 0.0000 0.0000
0.0000 0.0000 0.0000 0.0001 0.0129 0.2116 0.5429 0.2178 0.0145 0.0002 0.0000
0.0000 0.0000 0.0000 0.0000 0.0002 0.0141 0.2178 0.5352 0.2179 0.0147 0.0002
0.0000 0.0000 0.0000 0.0000 0.0000 0.0002 0.0145 0.2179 0.5372 0.2167 0.0136
0.0000 0.0000 0.0000 0.0000 0.0000 0.0000 0.0002 0.0147 0.2167 0.5429 0.2256
0.0000 0.0000 0.0000 0.0000 0.0000 0.0000 0.0000 0.0002 0.0136 0.2256 0.7607
#DG from neighbouring lambda in kcal/mol
0.0000 0.1000 -5.2871 0.0271
0.1000 0.2000 -2.9743 0.0173
0.2000 0.3000 -2.3278 0.0147
0.3000 0.4000 -2.0800 0.0134
0.4000 0.5000 -1.9426 0.0132
0.5000 0.6000 -1.8034 0.0129
0.6000 0.7000 -1.5906 0.0125
0.7000 0.8000 -1.3809 0.0124
0.8000 0.9000 -1.1448 0.0126
0.9000 1.0000 -0.8998 0.0128
#PMF from MBAR in kcal/mol
0.0000 0.0000 0.0000
0.1000 -5.2871 0.0271
0.2000 -8.2614 0.0343
0.3000 -10.5892 0.0390
0.4000 -12.6691 0.0427
0.5000 -14.6118 0.0459
0.6000 -16.4152 0.0489
0.7000 -18.0058 0.0516
0.8000 -19.3868 0.0541
0.9000 -20.5316 0.0566
1.0000 -21.4314 0.0590
#TI average gradients and standard deviation in kcal/mol
0.0000 -74.8662 22.1116
0.1000 -37.0609 15.7977
0.2000 -24.8157 13.0184
0.3000 -22.0191 12.0345
0.4000 -19.9614 11.9185
0.5000 -18.7732 11.5175
0.6000 -17.1580 11.4173
0.7000 -14.7186 11.4300
0.8000 -12.6471 11.1573
0.9000 -10.3839 11.4744
1.0000 -4.8991 11.5810
#PMF from TI in kcal/mol
0.0000 0.0000
0.1000 -5.5964
0.2000 -8.6902
0.3000 -11.0319
0.4000 -13.1310
0.5000 -15.0677
0.6000 -16.8642
0.7000 -18.4581
0.8000 -19.8264
0.9000 -20.9779
1.0000 -21.7421
#MBAR free energy difference in kcal/mol: 
-21.431409, 0.059000  #WARNING SUBSAMPLING DISABLED, CONSIDER RERUN WITH SUBSAMPLING OPTION
#TI free energy difference in kcal/mol: 
-21.742058  #WARNING SUBSAMPLING DISABLED, CONSIDER RERUN WITH SUBSAMPLING OPTION 
Starting /export/users/common/BioSimSpace/sire.app/bin/analyse_freenrg: number of threads equals 32
