# Analysing data contained in file(s) ['lambda_0.0000/simfile.dat', 'lambda_0.1000/simfile.dat', 'lambda_0.2000/simfile.dat', 'lambda_0.3000/simfile.dat', 'lambda_0.4000/simfile.dat', 'lambda_0.5000/simfile.dat', 'lambda_0.6000/simfile.dat', 'lambda_0.7000/simfile.dat', 'lambda_0.8000/simfile.dat', 'lambda_0.9000/simfile.dat', 'lambda_1.0000/simfile.dat']
#Overlap matrix
0.8509 0.1477 0.0015 0.0000 0.0000 0.0000 0.0000 0.0000 0.0000 0.0000 0.0000
0.1477 0.6880 0.1621 0.0022 0.0000 0.0000 0.0000 0.0000 0.0000 0.0000 0.0000
0.0015 0.1621 0.6679 0.1665 0.0021 0.0000 0.0000 0.0000 0.0000 0.0000 0.0000
0.0000 0.0022 0.1665 0.6693 0.1602 0.0018 0.0000 0.0000 0.0000 0.0000 0.0000
0.0000 0.0000 0.0021 0.1602 0.6816 0.1545 0.0017 0.0000 0.0000 0.0000 0.0000
0.0000 0.0000 0.0000 0.0018 0.1545 0.6876 0.1547 0.0014 0.0000 0.0000 0.0000
0.0000 0.0000 0.0000 0.0000 0.0017 0.1547 0.6913 0.1513 0.0011 0.0000 0.0000
0.0000 0.0000 0.0000 0.0000 0.0000 0.0014 0.1513 0.7032 0.1434 0.0007 0.0000
0.0000 0.0000 0.0000 0.0000 0.0000 0.0000 0.0011 0.1434 0.7330 0.1225 0.0000
0.0000 0.0000 0.0000 0.0000 0.0000 0.0000 0.0000 0.0007 0.1225 0.8714 0.0054
0.0000 0.0000 0.0000 0.0000 0.0000 0.0000 0.0000 0.0000 0.0000 0.0054 0.9946
#DG from neighbouring lambda in kcal/mol
0.0000 0.1000 -2.8561 0.0188
0.1000 0.2000 -0.8008 0.0174
0.2000 0.3000 0.3509 0.0170
0.3000 0.4000 1.1133 0.0175
0.4000 0.5000 1.7034 0.0180
0.5000 0.6000 2.2457 0.0180
0.6000 0.7000 2.7131 0.0184
0.7000 0.8000 3.0823 0.0191
0.8000 0.9000 3.3736 0.0214
0.9000 1.0000 0.3969 0.1169
#PMF from MBAR in kcal/mol
0.0000 0.0000 0.0000
0.1000 -2.8561 0.0188
0.2000 -3.6569 0.0282
0.3000 -3.3060 0.0349
0.4000 -2.1927 0.0408
0.5000 -0.4893 0.0462
0.6000 1.7564 0.0509
0.7000 4.4695 0.0554
0.8000 7.5518 0.0598
0.9000 10.9254 0.0647
1.0000 11.3223 0.1342
#TI average gradients and standard deviation in kcal/mol
0.0000 -46.4189 16.5852
0.1000 -15.7202 14.9376
0.2000 -1.4675 14.2497
0.3000 7.7207 14.5522
0.4000 14.4671 14.6811
0.5000 19.5316 14.7259
0.6000 24.8957 15.2230
0.7000 29.0873 15.5948
0.8000 32.7377 16.0126
0.9000 33.9581 18.0114
1.0000 -565.1469 436.1031
#PMF from TI in kcal/mol
0.0000 0.0000
0.1000 -3.1070
0.2000 -3.9663
0.3000 -3.6537
0.4000 -2.5443
0.5000 -0.8444
0.6000 1.3770
0.7000 4.0762
0.8000 7.1674
0.9000 10.5022
1.0000 -16.0572
#MBAR free energy difference in kcal/mol: 
11.322275, 0.134192  #WARNING SUBSAMPLING DISABLED, CONSIDER RERUN WITH SUBSAMPLING OPTION
#TI free energy difference in kcal/mol: 
-16.057244  #WARNING SUBSAMPLING DISABLED, CONSIDER RERUN WITH SUBSAMPLING OPTION 
Starting /export/users/common/BioSimSpace/sire.app/bin/analyse_freenrg: number of threads equals 32
