# Analysing data contained in file(s) ['lambda_0.0000/simfile.dat', 'lambda_0.1000/simfile.dat', 'lambda_0.2000/simfile.dat', 'lambda_0.3000/simfile.dat', 'lambda_0.4000/simfile.dat', 'lambda_0.5000/simfile.dat', 'lambda_0.6000/simfile.dat', 'lambda_0.7000/simfile.dat', 'lambda_0.8000/simfile.dat', 'lambda_0.9000/simfile.dat', 'lambda_1.0000/simfile.dat']
#Overlap matrix
0.7642 0.2197 0.0159 0.0002 0.0000 0.0000 0.0000 0.0000 0.0000 0.0000 0.0000
0.2197 0.5327 0.2269 0.0203 0.0004 0.0000 0.0000 0.0000 0.0000 0.0000 0.0000
0.0159 0.2269 0.5062 0.2295 0.0211 0.0004 0.0000 0.0000 0.0000 0.0000 0.0000
0.0002 0.0203 0.2295 0.5011 0.2286 0.0200 0.0003 0.0000 0.0000 0.0000 0.0000
0.0000 0.0004 0.0211 0.2286 0.5089 0.2231 0.0177 0.0002 0.0000 0.0000 0.0000
0.0000 0.0000 0.0004 0.0200 0.2231 0.5183 0.2219 0.0162 0.0002 0.0000 0.0000
0.0000 0.0000 0.0000 0.0003 0.0177 0.2219 0.5286 0.2186 0.0128 0.0001 0.0000
0.0000 0.0000 0.0000 0.0000 0.0002 0.0162 0.2186 0.5453 0.2103 0.0094 0.0000
0.0000 0.0000 0.0000 0.0000 0.0000 0.0002 0.0128 0.2103 0.5760 0.1982 0.0025
0.0000 0.0000 0.0000 0.0000 0.0000 0.0000 0.0001 0.0094 0.1982 0.6594 0.1329
0.0000 0.0000 0.0000 0.0000 0.0000 0.0000 0.0000 0.0000 0.0025 0.1329 0.8645
#DG from neighbouring lambda in kcal/mol
0.0000 0.1000 -4.7156 0.0130
0.1000 0.2000 -3.0827 0.0117
0.2000 0.3000 -2.6068 0.0114
0.3000 0.4000 -2.3978 0.0114
0.4000 0.5000 -2.2522 0.0118
0.5000 0.6000 -2.1434 0.0120
0.6000 0.7000 -2.0316 0.0124
0.7000 0.8000 -2.0035 0.0132
0.8000 0.9000 -2.1251 0.0144
0.9000 1.0000 -3.0366 0.0201
#PMF from MBAR in kcal/mol
0.0000 0.0000 0.0000
0.1000 -4.7156 0.0130
0.2000 -7.7983 0.0204
0.3000 -10.4051 0.0256
0.4000 -12.8029 0.0298
0.5000 -15.0551 0.0337
0.6000 -17.1985 0.0373
0.7000 -19.2301 0.0407
0.8000 -21.2336 0.0442
0.9000 -23.3587 0.0477
1.0000 -26.3954 0.0531
#TI average gradients and standard deviation in kcal/mol
0.0000 -64.4936 12.4188
0.1000 -35.6610 10.7637
0.2000 -27.6566 10.5898
0.3000 -24.8075 10.4345
0.4000 -23.2267 10.6122
0.5000 -21.8786 10.7519
0.6000 -20.8671 10.8113
0.7000 -20.0991 11.4764
0.8000 -20.0785 11.8283
0.9000 -23.5114 13.5687
1.0000 -41.5056 18.9800
#PMF from TI in kcal/mol
0.0000 0.0000
0.1000 -5.0077
0.2000 -8.1736
0.3000 -10.7968
0.4000 -13.1985
0.5000 -15.4538
0.6000 -17.5911
0.7000 -19.6394
0.8000 -21.6483
0.9000 -23.8278
1.0000 -27.0786
#MBAR free energy difference in kcal/mol: 
-26.395357, 0.053095  #WARNING SUBSAMPLING DISABLED, CONSIDER RERUN WITH SUBSAMPLING OPTION
#TI free energy difference in kcal/mol: 
-27.078606  #WARNING SUBSAMPLING DISABLED, CONSIDER RERUN WITH SUBSAMPLING OPTION 
Starting /export/users/common/BioSimSpace/sire.app/bin/analyse_freenrg: number of threads equals 32
