# Analysing data contained in file(s) ['lambda_0.0000/simfile.dat', 'lambda_0.1000/simfile.dat', 'lambda_0.2000/simfile.dat', 'lambda_0.3000/simfile.dat', 'lambda_0.4000/simfile.dat', 'lambda_0.5000/simfile.dat', 'lambda_0.6000/simfile.dat', 'lambda_0.7000/simfile.dat', 'lambda_0.8000/simfile.dat', 'lambda_0.9000/simfile.dat', 'lambda_1.0000/simfile.dat']
#Overlap matrix
0.9584 0.0415 0.0001 0.0000 0.0000 0.0000 0.0000 0.0000 0.0000 0.0000 0.0000
0.0415 0.8496 0.1070 0.0019 0.0000 0.0000 0.0000 0.0000 0.0000 0.0000 0.0000
0.0001 0.1070 0.7142 0.1700 0.0086 0.0001 0.0000 0.0000 0.0000 0.0000 0.0000
0.0000 0.0019 0.1700 0.6021 0.2116 0.0143 0.0001 0.0000 0.0000 0.0000 0.0000
0.0000 0.0000 0.0086 0.2116 0.5473 0.2190 0.0133 0.0001 0.0000 0.0000 0.0000
0.0000 0.0000 0.0001 0.0143 0.2190 0.5434 0.2113 0.0118 0.0001 0.0000 0.0000
0.0000 0.0000 0.0000 0.0001 0.0133 0.2113 0.5558 0.2098 0.0097 0.0000 0.0000
0.0000 0.0000 0.0000 0.0000 0.0001 0.0118 0.2098 0.5693 0.2026 0.0064 0.0000
0.0000 0.0000 0.0000 0.0000 0.0000 0.0001 0.0097 0.2026 0.6070 0.1798 0.0008
0.0000 0.0000 0.0000 0.0000 0.0000 0.0000 0.0000 0.0064 0.1798 0.7199 0.0938
0.0000 0.0000 0.0000 0.0000 0.0000 0.0000 0.0000 0.0000 0.0008 0.0938 0.9054
#DG from neighbouring lambda in kcal/mol
0.0000 0.1000 -18.0824 0.0406
0.1000 0.2000 -6.1153 0.0232
0.2000 0.3000 -3.1123 0.0163
0.3000 0.4000 -1.9091 0.0131
0.4000 0.5000 -1.3944 0.0125
0.5000 0.6000 -1.2500 0.0130
0.6000 0.7000 -1.1807 0.0132
0.7000 0.8000 -1.1662 0.0139
0.8000 0.9000 -1.3489 0.0158
0.9000 1.0000 -2.7773 0.0253
#PMF from MBAR in kcal/mol
0.0000 0.0000 0.0000
0.1000 -18.0824 0.0406
0.2000 -24.1977 0.0483
0.3000 -27.3100 0.0523
0.4000 -29.2191 0.0550
0.5000 -30.6136 0.0574
0.6000 -31.8636 0.0598
0.7000 -33.0443 0.0622
0.8000 -34.2105 0.0647
0.9000 -35.5593 0.0676
1.0000 -38.3366 0.0731
#TI average gradients and standard deviation in kcal/mol
0.0000 -326.2067 30.0198
0.1000 -92.1012 20.4220
0.2000 -40.6857 15.5546
0.3000 -23.5389 12.7451
0.4000 -15.6647 11.4968
0.5000 -12.9310 11.9484
0.6000 -12.0559 11.8829
0.7000 -11.6123 12.3394
0.8000 -11.7774 12.6609
0.9000 -16.8343 15.1033
1.0000 -42.1728 20.3061
#PMF from TI in kcal/mol
0.0000 0.0000
0.1000 -20.9154
0.2000 -27.5547
0.3000 -30.7660
0.4000 -32.7261
0.5000 -34.1559
0.6000 -35.4053
0.7000 -36.5887
0.8000 -37.7582
0.9000 -39.1888
1.0000 -42.1391
#MBAR free energy difference in kcal/mol: 
-38.336630, 0.073136  #WARNING SUBSAMPLING DISABLED, CONSIDER RERUN WITH SUBSAMPLING OPTION
#TI free energy difference in kcal/mol: 
-42.139117  #WARNING SUBSAMPLING DISABLED, CONSIDER RERUN WITH SUBSAMPLING OPTION 
Starting /export/users/common/BioSimSpace/sire.app/bin/analyse_freenrg: number of threads equals 32
