# Analysing data contained in file(s) ['lambda_0.0000/simfile.dat', 'lambda_0.1000/simfile.dat', 'lambda_0.2000/simfile.dat', 'lambda_0.3000/simfile.dat', 'lambda_0.4000/simfile.dat', 'lambda_0.5000/simfile.dat', 'lambda_0.6000/simfile.dat', 'lambda_0.7000/simfile.dat', 'lambda_0.8000/simfile.dat', 'lambda_0.9000/simfile.dat', 'lambda_1.0000/simfile.dat']
#Overlap matrix
0.7949 0.1918 0.0130 0.0003 0.0000 0.0000 0.0000 0.0000 0.0000 0.0000 0.0000
0.1918 0.5493 0.2333 0.0248 0.0008 0.0000 0.0000 0.0000 0.0000 0.0000 0.0000
0.0130 0.2333 0.4883 0.2342 0.0301 0.0011 0.0000 0.0000 0.0000 0.0000 0.0000
0.0003 0.0248 0.2342 0.4707 0.2366 0.0322 0.0013 0.0000 0.0000 0.0000 0.0000
0.0000 0.0008 0.0301 0.2366 0.4598 0.2372 0.0342 0.0014 0.0000 0.0000 0.0000
0.0000 0.0000 0.0011 0.0322 0.2372 0.4542 0.2390 0.0350 0.0013 0.0000 0.0000
0.0000 0.0000 0.0000 0.0013 0.0342 0.2390 0.4536 0.2380 0.0327 0.0011 0.0000
0.0000 0.0000 0.0000 0.0000 0.0014 0.0350 0.2380 0.4552 0.2386 0.0312 0.0006
0.0000 0.0000 0.0000 0.0000 0.0000 0.0013 0.0327 0.2386 0.4690 0.2377 0.0206
0.0000 0.0000 0.0000 0.0000 0.0000 0.0000 0.0011 0.0312 0.2377 0.5048 0.2252
0.0000 0.0000 0.0000 0.0000 0.0000 0.0000 0.0000 0.0006 0.0206 0.2252 0.7536
#DG from neighbouring lambda in kcal/mol
0.0000 0.1000 1.1800 0.0147
0.1000 0.2000 -0.2324 0.0113
0.2000 0.3000 -1.2159 0.0106
0.3000 0.4000 -2.0850 0.0102
0.4000 0.5000 -2.9222 0.0100
0.5000 0.6000 -3.7343 0.0099
0.6000 0.7000 -4.5281 0.0099
0.7000 0.8000 -5.2757 0.0101
0.8000 0.9000 -5.6654 0.0106
0.9000 1.0000 -4.7386 0.0125
#PMF from MBAR in kcal/mol
0.0000 0.0000 0.0000
0.1000 1.1800 0.0147
0.2000 0.9477 0.0214
0.3000 -0.2683 0.0260
0.4000 -2.3532 0.0296
0.5000 -5.2754 0.0327
0.6000 -9.0097 0.0356
0.7000 -13.5378 0.0382
0.8000 -18.8135 0.0407
0.9000 -24.4789 0.0432
1.0000 -29.2175 0.0461
#TI average gradients and standard deviation in kcal/mol
0.0000 23.3151 16.7793
0.1000 3.0553 11.2043
0.2000 -7.4397 10.3892
0.3000 -16.6067 10.1052
0.4000 -25.1010 9.9661
0.5000 -33.2273 9.6311
0.6000 -41.3467 9.5132
0.7000 -49.2535 9.8625
0.8000 -55.6963 9.8776
0.9000 -55.9645 10.5303
1.0000 -31.5916 12.7569
#PMF from TI in kcal/mol
0.0000 0.0000
0.1000 1.3185
0.2000 1.0993
0.3000 -0.1030
0.4000 -2.1884
0.5000 -5.1048
0.6000 -8.8335
0.7000 -13.3635
0.8000 -18.6110
0.9000 -24.1941
1.0000 -28.5719
#MBAR free energy difference in kcal/mol: 
-29.217476, 0.046134  #WARNING SUBSAMPLING DISABLED, CONSIDER RERUN WITH SUBSAMPLING OPTION
#TI free energy difference in kcal/mol: 
-28.571868  #WARNING SUBSAMPLING DISABLED, CONSIDER RERUN WITH SUBSAMPLING OPTION 
Starting /export/users/common/BioSimSpace/sire.app/bin/analyse_freenrg: number of threads equals 32
