# Analysing data contained in file(s) ['lambda_0.0000/simfile.dat', 'lambda_0.1000/simfile.dat', 'lambda_0.2000/simfile.dat', 'lambda_0.3000/simfile.dat', 'lambda_0.4000/simfile.dat', 'lambda_0.5000/simfile.dat', 'lambda_0.6000/simfile.dat', 'lambda_0.7000/simfile.dat', 'lambda_0.8000/simfile.dat', 'lambda_0.9000/simfile.dat', 'lambda_1.0000/simfile.dat']
#Overlap matrix
0.8357 0.1553 0.0087 0.0003 0.0000 0.0000 0.0000 0.0000 0.0000 0.0000 0.0000
0.1553 0.5859 0.2230 0.0333 0.0025 0.0001 0.0000 0.0000 0.0000 0.0000 0.0000
0.0087 0.2230 0.4638 0.2476 0.0523 0.0045 0.0002 0.0000 0.0000 0.0000 0.0000
0.0003 0.0333 0.2476 0.4151 0.2435 0.0549 0.0051 0.0002 0.0000 0.0000 0.0000
0.0000 0.0025 0.0523 0.2435 0.3964 0.2423 0.0578 0.0050 0.0001 0.0000 0.0000
0.0000 0.0001 0.0045 0.0549 0.2423 0.3953 0.2446 0.0543 0.0039 0.0001 0.0000
0.0000 0.0000 0.0002 0.0051 0.0578 0.2446 0.3999 0.2415 0.0485 0.0026 0.0000
0.0000 0.0000 0.0000 0.0002 0.0050 0.0543 0.2415 0.4153 0.2435 0.0395 0.0009
0.0000 0.0000 0.0000 0.0000 0.0001 0.0039 0.0485 0.2435 0.4425 0.2416 0.0199
0.0000 0.0000 0.0000 0.0000 0.0000 0.0001 0.0026 0.0395 0.2416 0.5129 0.2034
0.0000 0.0000 0.0000 0.0000 0.0000 0.0000 0.0000 0.0009 0.0199 0.2034 0.7758
#DG from neighbouring lambda in kcal/mol
0.0000 0.1000 -5.3472 0.0175
0.1000 0.2000 1.8845 0.0116
0.2000 0.3000 7.1509 0.0089
0.3000 0.4000 11.8348 0.0083
0.4000 0.5000 16.3194 0.0082
0.5000 0.6000 20.7784 0.0081
0.6000 0.7000 25.1823 0.0085
0.7000 0.8000 29.4902 0.0090
0.8000 0.9000 33.6249 0.0101
0.9000 1.0000 37.2466 0.0136
#PMF from MBAR in kcal/mol
0.0000 0.0000 0.0000
0.1000 -5.3472 0.0175
0.2000 -3.4627 0.0237
0.3000 3.6882 0.0270
0.4000 15.5229 0.0296
0.5000 31.8423 0.0320
0.6000 52.6207 0.0342
0.7000 77.8030 0.0363
0.8000 107.2932 0.0385
0.9000 140.9182 0.0410
1.0000 178.1648 0.0444
#TI average gradients and standard deviation in kcal/mol
0.0000 -102.8630 16.2864
0.1000 -11.9067 12.1796
0.2000 46.2438 9.2494
0.3000 95.7571 8.5784
0.4000 140.8483 8.4133
0.5000 185.4149 8.2046
0.6000 230.0014 8.3948
0.7000 273.5197 8.6959
0.8000 315.9557 9.2374
0.9000 355.9587 10.3968
1.0000 386.6614 15.2355
#PMF from TI in kcal/mol
0.0000 0.0000
0.1000 -5.7385
0.2000 -4.0216
0.3000 3.0784
0.4000 14.9087
0.5000 31.2218
0.6000 51.9927
0.7000 77.1687
0.8000 106.6425
0.9000 140.2382
1.0000 177.3692
#MBAR free energy difference in kcal/mol: 
178.164795, 0.044411  #WARNING SUBSAMPLING DISABLED, CONSIDER RERUN WITH SUBSAMPLING OPTION
#TI free energy difference in kcal/mol: 
177.369221  #WARNING SUBSAMPLING DISABLED, CONSIDER RERUN WITH SUBSAMPLING OPTION 
Starting /export/users/common/BioSimSpace/sire.app/bin/analyse_freenrg: number of threads equals 32
