# Analysing data contained in file(s) ['lambda_0.0000/simfile.dat', 'lambda_0.1000/simfile.dat', 'lambda_0.2000/simfile.dat', 'lambda_0.3000/simfile.dat', 'lambda_0.4000/simfile.dat', 'lambda_0.5000/simfile.dat', 'lambda_0.6000/simfile.dat', 'lambda_0.7000/simfile.dat', 'lambda_0.8000/simfile.dat', 'lambda_0.9000/simfile.dat', 'lambda_1.0000/simfile.dat']
#Overlap matrix
1.0000 0.0000 0.0000 0.0000 0.0000 0.0000 0.0000 0.0000 0.0000 0.0000 0.0000
0.0000 0.9836 0.0164 0.0000 0.0000 0.0000 0.0000 0.0000 0.0000 0.0000 0.0000
0.0000 0.0164 0.8943 0.0890 0.0002 0.0000 0.0000 0.0000 0.0000 0.0000 0.0000
0.0000 0.0000 0.0890 0.7741 0.1356 0.0012 0.0000 0.0000 0.0000 0.0000 0.0000
0.0000 0.0000 0.0002 0.1356 0.7018 0.1609 0.0014 0.0000 0.0000 0.0000 0.0000
0.0000 0.0000 0.0000 0.0012 0.1609 0.6927 0.1441 0.0011 0.0000 0.0000 0.0000
0.0000 0.0000 0.0000 0.0000 0.0014 0.1441 0.7088 0.1452 0.0004 0.0000 0.0000
0.0000 0.0000 0.0000 0.0000 0.0000 0.0011 0.1452 0.7482 0.1055 0.0000 0.0000
0.0000 0.0000 0.0000 0.0000 0.0000 0.0000 0.0004 0.1055 0.8577 0.0363 0.0000
0.0000 0.0000 0.0000 0.0000 0.0000 0.0000 0.0000 0.0000 0.0363 0.9636 0.0000
0.0000 0.0000 0.0000 0.0000 0.0000 0.0000 0.0000 0.0000 0.0000 0.0000 1.0000
#DG from neighbouring lambda in kcal/mol
0.0000 0.1000 46.0762 0.0680
0.1000 0.2000 11.1291 0.0663
0.2000 0.3000 5.0438 0.0262
0.3000 0.4000 2.4700 0.0199
0.4000 0.5000 0.8618 0.0175
0.5000 0.6000 -0.7061 0.0190
0.6000 0.7000 -2.4853 0.0190
0.7000 0.8000 -4.8680 0.0236
0.8000 0.9000 -9.5709 0.0437
0.9000 1.0000 -135.8466 0.0511
#PMF from MBAR in kcal/mol
0.0000 0.0000 0.0000
0.1000 46.0762 0.0680
0.2000 57.2053 0.0330
0.3000 62.2491 0.0250
0.4000 64.7191 0.0212
0.5000 65.5809 0.0200
0.6000 64.8749 0.0213
0.7000 62.3896 0.0249
0.8000 57.5216 0.0318
0.9000 47.9507 0.0511
1.0000 -87.8959 0.0000
#TI average gradients and standard deviation in kcal/mol
0.0000 2244.8380 91.9340
0.1000 175.7594 36.8178
0.2000 70.5007 20.9824
0.3000 35.1108 16.3488
0.4000 15.5788 14.9059
0.5000 1.8226 14.4727
0.6000 -16.2079 14.7175
0.7000 -34.6074 15.9058
0.8000 -65.7149 19.0759
0.9000 -140.8822 31.1285
1.0000 -1780.9765 78.6867
#PMF from TI in kcal/mol
0.0000 0.0000
0.1000 121.0299
0.2000 133.3429
0.3000 138.6235
0.4000 141.1579
0.5000 142.0280
0.6000 141.3087
0.7000 138.7680
0.8000 133.7519
0.9000 123.4220
1.0000 27.3291
#MBAR free energy difference in kcal/mol: 
-87.895912, 0.000000  #WARNING SUBSAMPLING DISABLED, CONSIDER RERUN WITH SUBSAMPLING OPTION
#TI free energy difference in kcal/mol: 
27.329060  #WARNING SUBSAMPLING DISABLED, CONSIDER RERUN WITH SUBSAMPLING OPTION 
Starting /export/users/common/BioSimSpace/sire.app/bin/analyse_freenrg: number of threads equals 32
