# Analysing data contained in file(s) ['lambda_0.0000/simfile.dat', 'lambda_0.1000/simfile.dat', 'lambda_0.2000/simfile.dat', 'lambda_0.3000/simfile.dat', 'lambda_0.4000/simfile.dat', 'lambda_0.5000/simfile.dat', 'lambda_0.6000/simfile.dat', 'lambda_0.7000/simfile.dat', 'lambda_0.8000/simfile.dat', 'lambda_0.9000/simfile.dat', 'lambda_1.0000/simfile.dat']
#Overlap matrix
0.8746 0.1234 0.0021 0.0000 0.0000 0.0000 0.0000 0.0000 0.0000 0.0000 0.0000
0.1234 0.6776 0.1914 0.0076 0.0000 0.0000 0.0000 0.0000 0.0000 0.0000 0.0000
0.0021 0.1914 0.5915 0.2058 0.0091 0.0000 0.0000 0.0000 0.0000 0.0000 0.0000
0.0000 0.0076 0.2058 0.5777 0.2041 0.0047 0.0000 0.0000 0.0000 0.0000 0.0000
0.0000 0.0000 0.0091 0.2041 0.6218 0.1621 0.0028 0.0000 0.0000 0.0000 0.0000
0.0000 0.0000 0.0000 0.0047 0.1621 0.6443 0.1835 0.0054 0.0000 0.0000 0.0000
0.0000 0.0000 0.0000 0.0000 0.0028 0.1835 0.6205 0.1908 0.0024 0.0000 0.0000
0.0000 0.0000 0.0000 0.0000 0.0000 0.0054 0.1908 0.6782 0.1256 0.0000 0.0000
0.0000 0.0000 0.0000 0.0000 0.0000 0.0000 0.0024 0.1256 0.8532 0.0187 0.0000
0.0000 0.0000 0.0000 0.0000 0.0000 0.0000 0.0000 0.0000 0.0187 0.9813 0.0000
0.0000 0.0000 0.0000 0.0000 0.0000 0.0000 0.0000 0.0000 0.0000 0.0000 1.0000
#DG from neighbouring lambda in kcal/mol
0.0000 0.1000 15.7967 0.0211
0.1000 0.2000 11.1260 0.0149
0.2000 0.3000 7.2134 0.0137
0.3000 0.4000 3.3786 0.0139
0.4000 0.5000 -0.9248 0.0171
0.5000 0.6000 -5.5526 0.0155
0.6000 0.7000 -9.5906 0.0151
0.7000 0.8000 -13.2463 0.0208
0.8000 0.9000 -18.2121 0.0620
0.9000 1.0000 -52.1394 0.0637
#PMF from MBAR in kcal/mol
0.0000 0.0000 0.0000
0.1000 15.7967 0.0211
0.2000 26.9226 0.0284
0.3000 34.1360 0.0335
0.4000 37.5146 0.0379
0.5000 36.5898 0.0431
0.6000 31.0371 0.0473
0.7000 21.4466 0.0509
0.8000 8.2002 0.0562
0.9000 -10.0119 0.0846
1.0000 -62.1513 0.0342
#TI average gradients and standard deviation in kcal/mol
0.0000 185.9996 19.2316
0.1000 132.0388 13.9650
0.2000 91.2621 12.5223
0.3000 53.1545 12.2870
0.4000 13.8915 13.0065
0.5000 -33.4285 14.1912
0.6000 -76.5970 12.9727
0.7000 -114.6437 14.3333
0.8000 -151.2082 20.1141
0.9000 -233.2643 37.2238
1.0000 -7471.4434 336.5952
#PMF from TI in kcal/mol
0.0000 0.0000
0.1000 15.9019
0.2000 27.0670
0.3000 34.2878
0.4000 37.6401
0.5000 36.6632
0.6000 31.1620
0.7000 21.5999
0.8000 8.3073
0.9000 -10.9163
1.0000 -396.1517
#MBAR free energy difference in kcal/mol: 
-62.151316, 0.034169  #WARNING SUBSAMPLING DISABLED, CONSIDER RERUN WITH SUBSAMPLING OPTION
#TI free energy difference in kcal/mol: 
-396.151665  #WARNING SUBSAMPLING DISABLED, CONSIDER RERUN WITH SUBSAMPLING OPTION 
Starting /export/users/common/BioSimSpace/sire.app/bin/analyse_freenrg: number of threads equals 32
