# Analysing data contained in file(s) ['lambda_0.0000/simfile.dat', 'lambda_0.1000/simfile.dat', 'lambda_0.2000/simfile.dat', 'lambda_0.3000/simfile.dat', 'lambda_0.4000/simfile.dat', 'lambda_0.5000/simfile.dat', 'lambda_0.6000/simfile.dat', 'lambda_0.7000/simfile.dat', 'lambda_0.8000/simfile.dat', 'lambda_0.9000/simfile.dat', 'lambda_1.0000/simfile.dat']
#Overlap matrix
0.8591 0.1399 0.0010 0.0000 0.0000 0.0000 0.0000 0.0000 0.0000 0.0000 0.0000
0.1399 0.7107 0.1481 0.0013 0.0000 0.0000 0.0000 0.0000 0.0000 0.0000 0.0000
0.0010 0.1481 0.6947 0.1543 0.0019 0.0000 0.0000 0.0000 0.0000 0.0000 0.0000
0.0000 0.0013 0.1543 0.6797 0.1622 0.0025 0.0000 0.0000 0.0000 0.0000 0.0000
0.0000 0.0000 0.0019 0.1622 0.6616 0.1709 0.0034 0.0000 0.0000 0.0000 0.0000
0.0000 0.0000 0.0000 0.0025 0.1709 0.6461 0.1764 0.0042 0.0000 0.0000 0.0000
0.0000 0.0000 0.0000 0.0000 0.0034 0.1764 0.6292 0.1849 0.0060 0.0000 0.0000
0.0000 0.0000 0.0000 0.0000 0.0000 0.0042 0.1849 0.6072 0.1961 0.0075 0.0000
0.0000 0.0000 0.0000 0.0000 0.0000 0.0000 0.0060 0.1961 0.5884 0.1997 0.0098
0.0000 0.0000 0.0000 0.0000 0.0000 0.0000 0.0000 0.0075 0.1997 0.5720 0.2207
0.0000 0.0000 0.0000 0.0000 0.0000 0.0000 0.0000 0.0000 0.0098 0.2207 0.7695
#DG from neighbouring lambda in kcal/mol
0.0000 0.1000 4.0845 0.0195
0.1000 0.2000 3.5153 0.0187
0.2000 0.3000 2.9617 0.0180
0.3000 0.4000 2.4633 0.0173
0.4000 0.5000 1.9537 0.0166
0.5000 0.6000 1.4596 0.0160
0.6000 0.7000 0.9164 0.0153
0.7000 0.8000 0.4286 0.0144
0.8000 0.9000 -0.1023 0.0140
0.9000 1.0000 -0.6536 0.0132
#PMF from MBAR in kcal/mol
0.0000 0.0000 0.0000
0.1000 4.0845 0.0195
0.2000 7.5998 0.0295
0.3000 10.5615 0.0366
0.4000 13.0248 0.0422
0.5000 14.9785 0.0468
0.6000 16.4381 0.0508
0.7000 17.3545 0.0543
0.8000 17.7831 0.0573
0.9000 17.6809 0.0600
1.0000 17.0272 0.0625
#TI average gradients and standard deviation in kcal/mol
0.0000 44.2752 15.4697
0.1000 37.8512 14.9373
0.2000 32.4142 14.7671
0.3000 27.0838 14.2243
0.4000 22.1505 13.8010
0.5000 17.1733 13.2753
0.6000 11.8896 12.9798
0.7000 6.7478 12.5248
0.8000 1.7766 12.1041
0.9000 -3.9610 11.9753
1.0000 -8.9824 11.3248
#PMF from TI in kcal/mol
0.0000 0.0000
0.1000 4.1063
0.2000 7.6196
0.3000 10.5945
0.4000 13.0562
0.5000 15.0224
0.6000 16.4755
0.7000 17.4074
0.8000 17.8336
0.9000 17.7244
1.0000 17.0772
#MBAR free energy difference in kcal/mol: 
17.027209, 0.062453  #WARNING SUBSAMPLING DISABLED, CONSIDER RERUN WITH SUBSAMPLING OPTION
#TI free energy difference in kcal/mol: 
17.077238  #WARNING SUBSAMPLING DISABLED, CONSIDER RERUN WITH SUBSAMPLING OPTION 
Starting /export/users/common/BioSimSpace/sire.app/bin/analyse_freenrg: number of threads equals 32
