# Analysing data contained in file(s) ['lambda_0.0000/simfile.dat', 'lambda_0.1000/simfile.dat', 'lambda_0.2000/simfile.dat', 'lambda_0.3000/simfile.dat', 'lambda_0.4000/simfile.dat', 'lambda_0.5000/simfile.dat', 'lambda_0.6000/simfile.dat', 'lambda_0.7000/simfile.dat', 'lambda_0.8000/simfile.dat', 'lambda_0.9000/simfile.dat', 'lambda_1.0000/simfile.dat']
#Overlap matrix
0.7791 0.2090 0.0118 0.0001 0.0000 0.0000 0.0000 0.0000 0.0000 0.0000 0.0000
0.2090 0.5679 0.2109 0.0121 0.0001 0.0000 0.0000 0.0000 0.0000 0.0000 0.0000
0.0118 0.2109 0.5550 0.2108 0.0114 0.0001 0.0000 0.0000 0.0000 0.0000 0.0000
0.0001 0.0121 0.2108 0.5633 0.2034 0.0102 0.0001 0.0000 0.0000 0.0000 0.0000
0.0000 0.0001 0.0114 0.2034 0.5850 0.1929 0.0072 0.0000 0.0000 0.0000 0.0000
0.0000 0.0000 0.0001 0.0102 0.1929 0.6230 0.1690 0.0049 0.0000 0.0000 0.0000
0.0000 0.0000 0.0000 0.0001 0.0072 0.1690 0.6561 0.1633 0.0043 0.0000 0.0000
0.0000 0.0000 0.0000 0.0000 0.0000 0.0049 0.1633 0.6694 0.1601 0.0024 0.0000
0.0000 0.0000 0.0000 0.0000 0.0000 0.0000 0.0043 0.1601 0.7070 0.1278 0.0007
0.0000 0.0000 0.0000 0.0000 0.0000 0.0000 0.0000 0.0024 0.1278 0.7769 0.0928
0.0000 0.0000 0.0000 0.0000 0.0000 0.0000 0.0000 0.0000 0.0007 0.0928 0.9064
#DG from neighbouring lambda in kcal/mol
0.0000 0.1000 0.1306 0.0138
0.1000 0.2000 -0.5154 0.0131
0.2000 0.3000 -1.3712 0.0131
0.3000 0.4000 -2.2600 0.0136
0.4000 0.5000 -3.0130 0.0144
0.5000 0.6000 -3.6928 0.0163
0.6000 0.7000 -4.4463 0.0169
0.7000 0.8000 -4.8546 0.0173
0.8000 0.9000 -4.3949 0.0205
0.9000 1.0000 -0.3125 0.0255
#PMF from MBAR in kcal/mol
0.0000 0.0000 0.0000
0.1000 0.1306 0.0138
0.2000 -0.3848 0.0218
0.3000 -1.7559 0.0276
0.4000 -4.0159 0.0326
0.5000 -7.0289 0.0373
0.6000 -10.7218 0.0422
0.7000 -15.1681 0.0468
0.8000 -20.0226 0.0511
0.9000 -24.4175 0.0563
1.0000 -24.7300 0.0629
#TI average gradients and standard deviation in kcal/mol
0.0000 47411127.8990 1474450995.1003
0.1000 -1.3709 11.9070
0.2000 -9.1066 11.6977
0.3000 -18.2203 11.7265
0.4000 -26.6966 12.7033
0.5000 -33.1216 13.6773
0.6000 -41.4179 14.1703
0.7000 -48.1571 14.2907
0.8000 -47.8197 15.8026
0.9000 -34.7862 18.0455
1.0000 52.0733 20.6684
#PMF from TI in kcal/mol
0.0000 0.0000
0.1000 2370556.3264
0.2000 2370555.8025
0.3000 2370554.4362
0.4000 2370552.1903
0.5000 2370549.1994
0.6000 2370545.4725
0.7000 2370540.9937
0.8000 2370536.1949
0.9000 2370532.0646
1.0000 2370532.9289
#MBAR free energy difference in kcal/mol: 
-24.730023, 0.062942  #WARNING SUBSAMPLING DISABLED, CONSIDER RERUN WITH SUBSAMPLING OPTION
#TI free energy difference in kcal/mol: 
2370532.928939  #WARNING SUBSAMPLING DISABLED, CONSIDER RERUN WITH SUBSAMPLING OPTION 
Starting /export/users/common/BioSimSpace/sire.app/bin/analyse_freenrg: number of threads equals 32
