# Analysing data contained in file(s) ['lambda_0.0000/simfile.dat', 'lambda_0.1000/simfile.dat', 'lambda_0.2000/simfile.dat', 'lambda_0.3000/simfile.dat', 'lambda_0.4000/simfile.dat', 'lambda_0.5000/simfile.dat', 'lambda_0.6000/simfile.dat', 'lambda_0.7000/simfile.dat', 'lambda_0.8000/simfile.dat', 'lambda_0.9000/simfile.dat', 'lambda_1.0000/simfile.dat']
#Overlap matrix
0.9499 0.0501 0.0000 0.0000 0.0000 0.0000 0.0000 0.0000 0.0000 0.0000 0.0000
0.0501 0.8799 0.0700 0.0000 0.0000 0.0000 0.0000 0.0000 0.0000 0.0000 0.0000
0.0000 0.0700 0.8432 0.0867 0.0001 0.0000 0.0000 0.0000 0.0000 0.0000 0.0000
0.0000 0.0000 0.0867 0.8240 0.0892 0.0001 0.0000 0.0000 0.0000 0.0000 0.0000
0.0000 0.0000 0.0001 0.0892 0.8177 0.0929 0.0001 0.0000 0.0000 0.0000 0.0000
0.0000 0.0000 0.0000 0.0001 0.0929 0.8070 0.0999 0.0001 0.0000 0.0000 0.0000
0.0000 0.0000 0.0000 0.0000 0.0001 0.0999 0.7976 0.1024 0.0001 0.0000 0.0000
0.0000 0.0000 0.0000 0.0000 0.0000 0.0001 0.1024 0.8135 0.0840 0.0000 0.0000
0.0000 0.0000 0.0000 0.0000 0.0000 0.0000 0.0001 0.0840 0.8518 0.0641 0.0000
0.0000 0.0000 0.0000 0.0000 0.0000 0.0000 0.0000 0.0000 0.0641 0.9025 0.0334
0.0000 0.0000 0.0000 0.0000 0.0000 0.0000 0.0000 0.0000 0.0000 0.0334 0.9666
#DG from neighbouring lambda in kcal/mol
0.0000 0.1000 -1.5238 0.0367
0.1000 0.2000 0.3013 0.0303
0.2000 0.3000 0.4245 0.0267
0.3000 0.4000 -0.0435 0.0262
0.4000 0.5000 -0.7109 0.0256
0.5000 0.6000 -1.1679 0.0244
0.6000 0.7000 -1.4854 0.0241
0.7000 0.8000 -1.6056 0.0272
0.8000 0.9000 -1.1012 0.0319
0.9000 1.0000 0.0269 0.0457
#PMF from MBAR in kcal/mol
0.0000 0.0000 0.0000
0.1000 -1.5238 0.0367
0.2000 -1.2226 0.0491
0.3000 -0.7981 0.0572
0.4000 -0.8416 0.0641
0.5000 -1.5525 0.0701
0.6000 -2.7204 0.0752
0.7000 -4.2058 0.0799
0.8000 -5.8115 0.0853
0.9000 -6.9127 0.0919
1.0000 -6.8858 0.1033
#TI average gradients and standard deviation in kcal/mol
0.0000 -43.4870 24.3861
0.1000 -0.9251 21.3376
0.2000 4.6496 19.5952
0.3000 2.7221 18.9986
0.4000 -3.5279 18.6610
0.5000 -9.8619 17.8730
0.6000 -13.9304 17.9554
0.7000 -15.5841 18.9097
0.8000 -14.9458 19.7423
0.9000 -7.1468 21.6482
1.0000 -7166992950604.7129 473653248646899.3750
#PMF from TI in kcal/mol
0.0000 0.0000
0.1000 -2.2206
0.2000 -2.0344
0.3000 -1.6658
0.4000 -1.7061
0.5000 -2.3756
0.6000 -3.5652
0.7000 -5.0409
0.8000 -6.5674
0.9000 -7.6720
1.0000 -358349647538.2649
#MBAR free energy difference in kcal/mol: 
-6.885771, 0.103341  #WARNING SUBSAMPLING DISABLED, CONSIDER RERUN WITH SUBSAMPLING OPTION
#TI free energy difference in kcal/mol: 
-358349647538.264893  #WARNING SUBSAMPLING DISABLED, CONSIDER RERUN WITH SUBSAMPLING OPTION 
Starting /export/users/common/BioSimSpace/sire.app/bin/analyse_freenrg: number of threads equals 32
