# Analysing data contained in file(s) ['lambda_0.0000/simfile.dat', 'lambda_0.1000/simfile.dat', 'lambda_0.2000/simfile.dat', 'lambda_0.3000/simfile.dat', 'lambda_0.4000/simfile.dat', 'lambda_0.5000/simfile.dat', 'lambda_0.6000/simfile.dat', 'lambda_0.7000/simfile.dat', 'lambda_0.8000/simfile.dat', 'lambda_0.9000/simfile.dat', 'lambda_1.0000/simfile.dat']
#Overlap matrix
0.9543 0.0457 0.0000 0.0000 0.0000 0.0000 0.0000 0.0000 0.0000 0.0000 0.0000
0.0457 0.9014 0.0529 0.0000 0.0000 0.0000 0.0000 0.0000 0.0000 0.0000 0.0000
0.0000 0.0529 0.8907 0.0563 0.0000 0.0000 0.0000 0.0000 0.0000 0.0000 0.0000
0.0000 0.0000 0.0563 0.8820 0.0617 0.0000 0.0000 0.0000 0.0000 0.0000 0.0000
0.0000 0.0000 0.0000 0.0617 0.8681 0.0702 0.0000 0.0000 0.0000 0.0000 0.0000
0.0000 0.0000 0.0000 0.0000 0.0702 0.8506 0.0792 0.0000 0.0000 0.0000 0.0000
0.0000 0.0000 0.0000 0.0000 0.0000 0.0792 0.8295 0.0912 0.0001 0.0000 0.0000
0.0000 0.0000 0.0000 0.0000 0.0000 0.0000 0.0912 0.8063 0.1023 0.0002 0.0000
0.0000 0.0000 0.0000 0.0000 0.0000 0.0000 0.0001 0.1023 0.7834 0.1139 0.0004
0.0000 0.0000 0.0000 0.0000 0.0000 0.0000 0.0000 0.0002 0.1139 0.7685 0.1174
0.0000 0.0000 0.0000 0.0000 0.0000 0.0000 0.0000 0.0000 0.0004 0.1174 0.8822
#DG from neighbouring lambda in kcal/mol
0.0000 0.1000 -13.3803 0.0386
0.1000 0.2000 -9.8079 0.0355
0.2000 0.3000 -8.3366 0.0343
0.3000 0.4000 -7.3581 0.0326
0.4000 0.5000 -6.5246 0.0303
0.5000 0.6000 -5.7400 0.0282
0.6000 0.7000 -4.9674 0.0259
0.7000 0.8000 -4.1656 0.0241
0.8000 0.9000 -3.4292 0.0225
0.9000 1.0000 -2.8088 0.0220
#PMF from MBAR in kcal/mol
0.0000 0.0000 0.0000
0.1000 -13.3803 0.0386
0.2000 -23.1882 0.0539
0.3000 -31.5249 0.0650
0.4000 -38.8830 0.0738
0.5000 -45.4075 0.0807
0.6000 -51.1476 0.0863
0.7000 -56.1149 0.0909
0.8000 -60.2805 0.0948
0.9000 -63.7097 0.0982
1.0000 -66.5185 0.1014
#TI average gradients and standard deviation in kcal/mol
0.0000 -167.2489 23.1300
0.1000 -110.1360 21.8487
0.2000 -89.2070 21.6278
0.3000 -77.9647 20.5344
0.4000 -69.3319 19.7532
0.5000 -61.2848 19.1846
0.6000 -53.6314 18.5028
0.7000 -45.6989 17.6670
0.8000 -37.7264 16.9718
0.9000 -30.3154 15.4963
1.0000 -24.9800 15.3408
#PMF from TI in kcal/mol
0.0000 0.0000
0.1000 -13.8692
0.2000 -23.8364
0.3000 -32.1950
0.4000 -39.5598
0.5000 -46.0907
0.6000 -51.8365
0.7000 -56.8030
0.8000 -60.9742
0.9000 -64.3763
1.0000 -67.1411
#MBAR free energy difference in kcal/mol: 
-66.518519, 0.101382  #WARNING SUBSAMPLING DISABLED, CONSIDER RERUN WITH SUBSAMPLING OPTION
#TI free energy difference in kcal/mol: 
-67.141094  #WARNING SUBSAMPLING DISABLED, CONSIDER RERUN WITH SUBSAMPLING OPTION 
Starting /export/users/common/BioSimSpace/sire.app/bin/analyse_freenrg: number of threads equals 32
