# Analysing data contained in file(s) ['lambda_0.0000/simfile.dat', 'lambda_0.1000/simfile.dat', 'lambda_0.2000/simfile.dat', 'lambda_0.3000/simfile.dat', 'lambda_0.4000/simfile.dat', 'lambda_0.5000/simfile.dat', 'lambda_0.6000/simfile.dat', 'lambda_0.7000/simfile.dat', 'lambda_0.8000/simfile.dat', 'lambda_0.9000/simfile.dat', 'lambda_1.0000/simfile.dat']
#Overlap matrix
0.8309 0.1530 0.0147 0.0013 0.0001 0.0000 0.0000 0.0000 0.0000 0.0000 0.0000
0.1530 0.5842 0.2199 0.0388 0.0040 0.0002 0.0000 0.0000 0.0000 0.0000 0.0000
0.0147 0.2199 0.4740 0.2362 0.0501 0.0050 0.0002 0.0000 0.0000 0.0000 0.0000
0.0013 0.0388 0.2362 0.4337 0.2343 0.0505 0.0049 0.0002 0.0000 0.0000 0.0000
0.0001 0.0040 0.0501 0.2343 0.4266 0.2331 0.0472 0.0045 0.0002 0.0000 0.0000
0.0000 0.0002 0.0050 0.0505 0.2331 0.4355 0.2266 0.0448 0.0042 0.0002 0.0000
0.0000 0.0000 0.0002 0.0049 0.0472 0.2266 0.4383 0.2304 0.0483 0.0042 0.0001
0.0000 0.0000 0.0000 0.0002 0.0045 0.0448 0.2304 0.4223 0.2436 0.0512 0.0031
0.0000 0.0000 0.0000 0.0000 0.0002 0.0042 0.0483 0.2436 0.4175 0.2439 0.0425
0.0000 0.0000 0.0000 0.0000 0.0000 0.0002 0.0042 0.0512 0.2439 0.4378 0.2628
0.0000 0.0000 0.0000 0.0000 0.0000 0.0000 0.0001 0.0031 0.0425 0.2628 0.6915
#DG from neighbouring lambda in kcal/mol
0.0000 0.1000 1.0958 0.0172
0.1000 0.2000 3.3373 0.0112
0.2000 0.3000 4.1001 0.0092
0.3000 0.4000 4.1970 0.0088
0.4000 0.5000 4.0939 0.0090
0.5000 0.6000 3.9646 0.0094
0.6000 0.7000 3.9020 0.0092
0.7000 0.8000 3.9003 0.0086
0.8000 0.9000 3.8650 0.0088
0.9000 1.0000 3.6606 0.0099
#PMF from MBAR in kcal/mol
0.0000 0.0000 0.0000
0.1000 1.0958 0.0172
0.2000 4.4331 0.0228
0.3000 8.5332 0.0261
0.4000 12.7302 0.0289
0.5000 16.8241 0.0315
0.6000 20.7887 0.0340
0.7000 24.6908 0.0364
0.8000 28.5911 0.0384
0.9000 32.4561 0.0404
1.0000 36.1167 0.0427
#TI average gradients and standard deviation in kcal/mol
0.0000 -6.7842 16.4842
0.1000 25.2125 12.8828
0.2000 38.9474 9.8003
0.3000 42.4003 9.1867
0.4000 41.4835 9.3407
0.5000 40.2723 9.5656
0.6000 39.7730 9.0797
0.7000 38.6830 8.9024
0.8000 39.3022 8.6702
0.9000 37.9378 9.2473
1.0000 37.4761 9.8569
#PMF from TI in kcal/mol
0.0000 0.0000
0.1000 0.9214
0.2000 4.1294
0.3000 8.1968
0.4000 12.3910
0.5000 16.4788
0.6000 20.4810
0.7000 24.4038
0.8000 28.3031
0.9000 32.1651
1.0000 35.9358
#MBAR free energy difference in kcal/mol: 
36.116696, 0.042678  #WARNING SUBSAMPLING DISABLED, CONSIDER RERUN WITH SUBSAMPLING OPTION
#TI free energy difference in kcal/mol: 
35.935810  #WARNING SUBSAMPLING DISABLED, CONSIDER RERUN WITH SUBSAMPLING OPTION 
Starting /export/users/common/BioSimSpace/sire.app/bin/analyse_freenrg: number of threads equals 32
