# Analysing data contained in file(s) ['lambda_0.0000/simfile.dat', 'lambda_0.1000/simfile.dat', 'lambda_0.2000/simfile.dat', 'lambda_0.3000/simfile.dat', 'lambda_0.4000/simfile.dat', 'lambda_0.5000/simfile.dat', 'lambda_0.6000/simfile.dat', 'lambda_0.7000/simfile.dat', 'lambda_0.8000/simfile.dat', 'lambda_0.9000/simfile.dat', 'lambda_1.0000/simfile.dat']
#Overlap matrix
0.9379 0.0619 0.0002 0.0000 0.0000 0.0000 0.0000 0.0000 0.0000 0.0000 0.0000
0.0619 0.7826 0.1534 0.0022 0.0000 0.0000 0.0000 0.0000 0.0000 0.0000 0.0000
0.0002 0.1534 0.6899 0.1547 0.0019 0.0000 0.0000 0.0000 0.0000 0.0000 0.0000
0.0000 0.0022 0.1547 0.6817 0.1593 0.0021 0.0000 0.0000 0.0000 0.0000 0.0000
0.0000 0.0000 0.0019 0.1593 0.6748 0.1617 0.0022 0.0000 0.0000 0.0000 0.0000
0.0000 0.0000 0.0000 0.0021 0.1617 0.6759 0.1582 0.0021 0.0000 0.0000 0.0000
0.0000 0.0000 0.0000 0.0000 0.0022 0.1582 0.6852 0.1530 0.0014 0.0000 0.0000
0.0000 0.0000 0.0000 0.0000 0.0000 0.0021 0.1530 0.7061 0.1379 0.0010 0.0000
0.0000 0.0000 0.0000 0.0000 0.0000 0.0000 0.0014 0.1379 0.7377 0.1227 0.0003
0.0000 0.0000 0.0000 0.0000 0.0000 0.0000 0.0000 0.0010 0.1227 0.8026 0.0737
0.0000 0.0000 0.0000 0.0000 0.0000 0.0000 0.0000 0.0000 0.0003 0.0737 0.9260
#DG from neighbouring lambda in kcal/mol
0.0000 0.1000 -0.9110 0.0325
0.1000 0.2000 -1.5743 0.0182
0.2000 0.3000 -1.0865 0.0179
0.3000 0.4000 -1.1191 0.0176
0.4000 0.5000 -1.1651 0.0174
0.5000 0.6000 -1.1031 0.0176
0.6000 0.7000 -0.9905 0.0181
0.7000 0.8000 -0.7899 0.0196
0.8000 0.9000 0.0518 0.0213
0.9000 1.0000 2.7797 0.0294
#PMF from MBAR in kcal/mol
0.0000 0.0000 0.0000
0.1000 -0.9110 0.0325
0.2000 -2.4854 0.0392
0.3000 -3.5719 0.0446
0.4000 -4.6909 0.0494
0.5000 -5.8560 0.0537
0.6000 -6.9592 0.0577
0.7000 -7.9496 0.0616
0.8000 -8.7396 0.0657
0.9000 -8.6877 0.0701
1.0000 -5.9080 0.0769
#TI average gradients and standard deviation in kcal/mol
0.0000 73878046193.2623 4458792623231.9834
0.1000 -18.7307 21.9964
0.2000 -10.9616 15.1029
0.3000 -11.0632 14.7269
0.4000 -11.5343 14.8066
0.5000 -11.4595 14.7509
0.6000 -10.6626 14.9250
0.7000 -9.0526 15.6700
0.8000 -5.9770 16.1177
0.9000 9.1539 18.7843
1.0000 55.8792 24.9453
#PMF from TI in kcal/mol
0.0000 0.0000
0.1000 3693902308.7266
0.2000 3693902307.2420
0.3000 3693902306.1407
0.4000 3693902305.0108
0.5000 3693902303.8612
0.6000 3693902302.7550
0.7000 3693902301.7693
0.8000 3693902301.0178
0.9000 3693902301.1767
1.0000 3693902304.4283
#MBAR free energy difference in kcal/mol: 
-5.908015, 0.076933  #WARNING SUBSAMPLING DISABLED, CONSIDER RERUN WITH SUBSAMPLING OPTION
#TI free energy difference in kcal/mol: 
3693902304.428314  #WARNING SUBSAMPLING DISABLED, CONSIDER RERUN WITH SUBSAMPLING OPTION 
Starting /export/users/common/BioSimSpace/sire.app/bin/analyse_freenrg: number of threads equals 32
