# Analysing data contained in file(s) ['lambda_0.0000/simfile.dat', 'lambda_0.1000/simfile.dat', 'lambda_0.2000/simfile.dat', 'lambda_0.3000/simfile.dat', 'lambda_0.4000/simfile.dat', 'lambda_0.5000/simfile.dat', 'lambda_0.6000/simfile.dat', 'lambda_0.7000/simfile.dat', 'lambda_0.8000/simfile.dat', 'lambda_0.9000/simfile.dat', 'lambda_1.0000/simfile.dat']
#Overlap matrix
0.9299 0.0699 0.0002 0.0000 0.0000 0.0000 0.0000 0.0000 0.0000 0.0000 0.0000
0.0699 0.8164 0.1133 0.0005 0.0000 0.0000 0.0000 0.0000 0.0000 0.0000 0.0000
0.0002 0.1133 0.7601 0.1258 0.0006 0.0000 0.0000 0.0000 0.0000 0.0000 0.0000
0.0000 0.0005 0.1258 0.7458 0.1274 0.0005 0.0000 0.0000 0.0000 0.0000 0.0000
0.0000 0.0000 0.0006 0.1274 0.7440 0.1275 0.0005 0.0000 0.0000 0.0000 0.0000
0.0000 0.0000 0.0000 0.0005 0.1275 0.7500 0.1216 0.0003 0.0000 0.0000 0.0000
0.0000 0.0000 0.0000 0.0000 0.0005 0.1216 0.7584 0.1193 0.0003 0.0000 0.0000
0.0000 0.0000 0.0000 0.0000 0.0000 0.0003 0.1193 0.7695 0.1106 0.0002 0.0000
0.0000 0.0000 0.0000 0.0000 0.0000 0.0000 0.0003 0.1106 0.7842 0.1048 0.0001
0.0000 0.0000 0.0000 0.0000 0.0000 0.0000 0.0000 0.0002 0.1048 0.8029 0.0921
0.0000 0.0000 0.0000 0.0000 0.0000 0.0000 0.0000 0.0000 0.0001 0.0921 0.9078
#DG from neighbouring lambda in kcal/mol
0.0000 0.1000 -11.7728 0.0303
0.1000 0.2000 -7.4315 0.0225
0.2000 0.3000 -7.7200 0.0210
0.3000 0.4000 -8.8362 0.0208
0.4000 0.5000 -10.0100 0.0208
0.5000 0.6000 -11.1005 0.0215
0.6000 0.7000 -12.1771 0.0218
0.7000 0.8000 -13.2442 0.0229
0.8000 0.9000 -14.2872 0.0237
0.9000 1.0000 -15.3840 0.0257
#PMF from MBAR in kcal/mol
0.0000 0.0000 0.0000
0.1000 -11.7728 0.0303
0.2000 -19.2044 0.0396
0.3000 -26.9244 0.0464
0.4000 -35.7606 0.0523
0.5000 -45.7706 0.0575
0.6000 -56.8711 0.0626
0.7000 -69.0482 0.0674
0.8000 -82.2924 0.0722
0.9000 -96.5796 0.0769
1.0000 -111.9635 0.0820
#TI average gradients and standard deviation in kcal/mol
0.0000 -181.2321 23.9932
0.1000 -81.6498 17.9994
0.2000 -72.7412 16.7531
0.3000 -82.4063 16.0720
0.4000 -94.3282 16.2725
0.5000 -105.4760 16.0748
0.6000 -116.7114 16.5258
0.7000 -127.0001 16.8652
0.8000 -137.7576 17.3907
0.9000 -147.9059 17.7618
1.0000 -157.9286 18.8051
#PMF from TI in kcal/mol
0.0000 0.0000
0.1000 -13.1441
0.2000 -20.8636
0.3000 -28.6210
0.4000 -37.4577
0.5000 -47.4480
0.6000 -58.5573
0.7000 -70.7429
0.8000 -83.9808
0.9000 -98.2640
1.0000 -113.5557
#MBAR free energy difference in kcal/mol: 
-111.963525, 0.082017  #WARNING SUBSAMPLING DISABLED, CONSIDER RERUN WITH SUBSAMPLING OPTION
#TI free energy difference in kcal/mol: 
-113.555682  #WARNING SUBSAMPLING DISABLED, CONSIDER RERUN WITH SUBSAMPLING OPTION 
Starting /export/users/common/BioSimSpace/sire.app/bin/analyse_freenrg: number of threads equals 32
