# Analysing data contained in file(s) ['lambda_0.0000/simfile.dat', 'lambda_0.1000/simfile.dat', 'lambda_0.2000/simfile.dat', 'lambda_0.3000/simfile.dat', 'lambda_0.4000/simfile.dat', 'lambda_0.5000/simfile.dat', 'lambda_0.6000/simfile.dat', 'lambda_0.7000/simfile.dat', 'lambda_0.8000/simfile.dat', 'lambda_0.9000/simfile.dat', 'lambda_1.0000/simfile.dat']
#Overlap matrix
0.8935 0.1062 0.0003 0.0000 0.0000 0.0000 0.0000 0.0000 0.0000 0.0000 0.0000
0.1062 0.7730 0.1204 0.0004 0.0000 0.0000 0.0000 0.0000 0.0000 0.0000 0.0000
0.0003 0.1204 0.7518 0.1270 0.0006 0.0000 0.0000 0.0000 0.0000 0.0000 0.0000
0.0000 0.0004 0.1270 0.7474 0.1246 0.0005 0.0000 0.0000 0.0000 0.0000 0.0000
0.0000 0.0000 0.0006 0.1246 0.7477 0.1265 0.0006 0.0000 0.0000 0.0000 0.0000
0.0000 0.0000 0.0000 0.0005 0.1265 0.7396 0.1330 0.0004 0.0000 0.0000 0.0000
0.0000 0.0000 0.0000 0.0000 0.0006 0.1330 0.7573 0.1086 0.0004 0.0000 0.0000
0.0000 0.0000 0.0000 0.0000 0.0000 0.0004 0.1086 0.7667 0.1238 0.0004 0.0000
0.0000 0.0000 0.0000 0.0000 0.0000 0.0000 0.0004 0.1238 0.7665 0.1091 0.0002
0.0000 0.0000 0.0000 0.0000 0.0000 0.0000 0.0000 0.0004 0.1091 0.8141 0.0764
0.0000 0.0000 0.0000 0.0000 0.0000 0.0000 0.0000 0.0000 0.0002 0.0764 0.9235
#DG from neighbouring lambda in kcal/mol
0.0000 0.1000 33.2699 0.0235
0.1000 0.2000 28.0545 0.0216
0.2000 0.3000 22.9923 0.0209
0.3000 0.4000 18.0394 0.0211
0.4000 0.5000 12.9452 0.0209
0.5000 0.6000 7.8340 0.0202
0.6000 0.7000 2.4507 0.0231
0.7000 0.8000 -3.0580 0.0212
0.8000 0.9000 -8.0694 0.0231
0.9000 1.0000 -12.4993 0.0288
#PMF from MBAR in kcal/mol
0.0000 0.0000 0.0000
0.1000 33.2699 0.0235
0.2000 61.3245 0.0342
0.3000 84.3168 0.0418
0.4000 102.3562 0.0484
0.5000 115.3014 0.0540
0.6000 123.1354 0.0589
0.7000 125.5861 0.0644
0.8000 122.5281 0.0689
0.9000 114.4586 0.0737
1.0000 101.9594 0.0800
#TI average gradients and standard deviation in kcal/mol
0.0000 357.3811 64.8435
0.1000 306.0431 16.2265
0.2000 254.9819 16.0402
0.3000 205.2569 15.5379
0.4000 154.9186 15.9908
0.5000 103.6454 16.1204
0.6000 53.4472 17.1680
0.7000 -4.1688 16.0571
0.8000 -56.1233 16.4260
0.9000 -103.9522 17.6428
1.0000 -144.4452 21.0609
#PMF from TI in kcal/mol
0.0000 0.0000
0.1000 33.1712
0.2000 61.2225
0.3000 84.2344
0.4000 102.2432
0.5000 115.1714
0.6000 123.0260
0.7000 125.4899
0.8000 122.4753
0.9000 114.4716
1.0000 102.0517
#MBAR free energy difference in kcal/mol: 
101.959375, 0.079994  #WARNING SUBSAMPLING DISABLED, CONSIDER RERUN WITH SUBSAMPLING OPTION
#TI free energy difference in kcal/mol: 
102.051682  #WARNING SUBSAMPLING DISABLED, CONSIDER RERUN WITH SUBSAMPLING OPTION 
Starting /export/users/common/BioSimSpace/sire.app/bin/analyse_freenrg: number of threads equals 32
