# Analysing data contained in file(s) ['lambda_0.0000/simfile.dat', 'lambda_0.1000/simfile.dat', 'lambda_0.2000/simfile.dat', 'lambda_0.3000/simfile.dat', 'lambda_0.4000/simfile.dat', 'lambda_0.5000/simfile.dat', 'lambda_0.6000/simfile.dat', 'lambda_0.7000/simfile.dat', 'lambda_0.8000/simfile.dat', 'lambda_0.9000/simfile.dat', 'lambda_1.0000/simfile.dat']
#Overlap matrix
0.9382 0.0618 0.0001 0.0000 0.0000 0.0000 0.0000 0.0000 0.0000 0.0000 0.0000
0.0618 0.8881 0.0501 0.0000 0.0000 0.0000 0.0000 0.0000 0.0000 0.0000 0.0000
0.0001 0.0501 0.9130 0.0368 0.0000 0.0000 0.0000 0.0000 0.0000 0.0000 0.0000
0.0000 0.0000 0.0368 0.9423 0.0209 0.0000 0.0000 0.0000 0.0000 0.0000 0.0000
0.0000 0.0000 0.0000 0.0209 0.9607 0.0183 0.0001 0.0000 0.0000 0.0000 0.0000
0.0000 0.0000 0.0000 0.0000 0.0183 0.8811 0.0936 0.0066 0.0003 0.0000 0.0000
0.0000 0.0000 0.0000 0.0000 0.0001 0.0936 0.6678 0.2231 0.0154 0.0000 0.0000
0.0000 0.0000 0.0000 0.0000 0.0000 0.0066 0.2231 0.5516 0.2185 0.0001 0.0000
0.0000 0.0000 0.0000 0.0000 0.0000 0.0003 0.0154 0.2185 0.7436 0.0221 0.0001
0.0000 0.0000 0.0000 0.0000 0.0000 0.0000 0.0000 0.0001 0.0221 0.8228 0.1550
0.0000 0.0000 0.0000 0.0000 0.0000 0.0000 0.0000 0.0000 0.0001 0.1550 0.8449
#DG from neighbouring lambda in kcal/mol
0.0000 0.1000 -3.0026 0.0326
0.1000 0.2000 -0.5097 0.0366
0.2000 0.3000 -0.3598 0.0434
0.3000 0.4000 -0.7790 0.0586
0.4000 0.5000 -0.6279 0.0626
0.5000 0.6000 2.7365 0.0244
0.6000 0.7000 5.5247 0.0125
0.7000 0.8000 5.0950 0.0131
0.8000 0.9000 0.5752 0.0566
0.9000 1.0000 -3.6406 0.0182
#PMF from MBAR in kcal/mol
0.0000 0.0000 0.0000
0.1000 -3.0026 0.0326
0.2000 -3.5123 0.0505
0.3000 -3.8721 0.0677
0.4000 -4.6511 0.0903
0.5000 -5.2790 0.1105
0.6000 -2.5425 0.1138
0.7000 2.9822 0.1150
0.8000 8.0772 0.1162
0.9000 8.6524 0.1298
1.0000 5.0118 0.1316
#TI average gradients and standard deviation in kcal/mol
0.0000 -61.5564 18.8166
0.1000 -10.1324 20.1778
0.2000 -2.0080 21.9695
0.3000 -4.2715 24.4388
0.4000 -8.9898 27.3135
0.5000 5.4533 22.9804
0.6000 46.7355 12.4012
0.7000 57.1260 11.3733
0.8000 42.0934 13.2642
0.9000 -25.4319 12.6842
1.0000 -48.8525 16.4700
#PMF from TI in kcal/mol
0.0000 0.0000
0.1000 -3.5844
0.2000 -4.1915
0.3000 -4.5054
0.4000 -5.1685
0.5000 -5.3453
0.6000 -2.7359
0.7000 2.4572
0.8000 7.4182
0.9000 8.2512
1.0000 4.5370
#MBAR free energy difference in kcal/mol: 
5.011769, 0.131629  #WARNING SUBSAMPLING DISABLED, CONSIDER RERUN WITH SUBSAMPLING OPTION
#TI free energy difference in kcal/mol: 
4.537024  #WARNING SUBSAMPLING DISABLED, CONSIDER RERUN WITH SUBSAMPLING OPTION 
Starting /export/users/common/BioSimSpace/sire.app/bin/analyse_freenrg: number of threads equals 32
