# Analysing data contained in file(s) ['lambda_0.0000/simfile.dat', 'lambda_0.1000/simfile.dat', 'lambda_0.2000/simfile.dat', 'lambda_0.3000/simfile.dat', 'lambda_0.4000/simfile.dat', 'lambda_0.5000/simfile.dat', 'lambda_0.6000/simfile.dat', 'lambda_0.7000/simfile.dat', 'lambda_0.8000/simfile.dat', 'lambda_0.9000/simfile.dat', 'lambda_1.0000/simfile.dat']
#Overlap matrix
0.9620 0.0380 0.0000 0.0000 0.0000 0.0000 0.0000 0.0000 0.0000 0.0000 0.0000
0.0380 0.9182 0.0437 0.0000 0.0000 0.0000 0.0000 0.0000 0.0000 0.0000 0.0000
0.0000 0.0437 0.9082 0.0480 0.0000 0.0000 0.0000 0.0000 0.0000 0.0000 0.0000
0.0000 0.0000 0.0480 0.8948 0.0572 0.0000 0.0000 0.0000 0.0000 0.0000 0.0000
0.0000 0.0000 0.0000 0.0572 0.8744 0.0684 0.0000 0.0000 0.0000 0.0000 0.0000
0.0000 0.0000 0.0000 0.0000 0.0684 0.8591 0.0724 0.0000 0.0000 0.0000 0.0000
0.0000 0.0000 0.0000 0.0000 0.0000 0.0724 0.8432 0.0843 0.0001 0.0000 0.0000
0.0000 0.0000 0.0000 0.0000 0.0000 0.0000 0.0843 0.8204 0.0952 0.0001 0.0000
0.0000 0.0000 0.0000 0.0000 0.0000 0.0000 0.0001 0.0952 0.8099 0.0948 0.0001
0.0000 0.0000 0.0000 0.0000 0.0000 0.0000 0.0000 0.0001 0.0948 0.8252 0.0799
0.0000 0.0000 0.0000 0.0000 0.0000 0.0000 0.0000 0.0000 0.0001 0.0799 0.9200
#DG from neighbouring lambda in kcal/mol
0.0000 0.1000 4.2822 0.0426
0.1000 0.2000 3.0865 0.0395
0.2000 0.3000 1.8659 0.0375
0.3000 0.4000 0.8076 0.0340
0.4000 0.5000 -0.2446 0.0307
0.5000 0.6000 -1.2864 0.0297
0.6000 0.7000 -2.3576 0.0271
0.7000 0.8000 -3.2252 0.0252
0.8000 0.9000 -3.8419 0.0253
0.9000 1.0000 -3.6108 0.0280
#PMF from MBAR in kcal/mol
0.0000 0.0000 0.0000
0.1000 4.2822 0.0426
0.2000 7.3687 0.0594
0.3000 9.2347 0.0713
0.4000 10.0422 0.0800
0.5000 9.7976 0.0865
0.6000 8.5112 0.0923
0.7000 6.1536 0.0970
0.8000 2.9284 0.1009
0.9000 -0.9135 0.1048
1.0000 -4.5244 0.1091
#TI average gradients and standard deviation in kcal/mol
0.0000 48.8592 23.1444
0.1000 37.4490 22.5754
0.2000 24.6716 21.8960
0.3000 13.3877 20.6136
0.4000 2.3862 20.2784
0.5000 -7.2205 19.5346
0.6000 -18.4389 18.8580
0.7000 -28.1827 17.8387
0.8000 -35.9798 17.6293
0.9000 -39.1747 17.6136
1.0000 -30.7594 19.9731
#PMF from TI in kcal/mol
0.0000 0.0000
0.1000 4.3154
0.2000 7.4214
0.3000 9.3244
0.4000 10.1131
0.5000 9.8714
0.6000 8.5884
0.7000 6.2573
0.8000 3.0492
0.9000 -0.7085
1.0000 -4.2052
#MBAR free energy difference in kcal/mol: 
-4.524351, 0.109128  #WARNING SUBSAMPLING DISABLED, CONSIDER RERUN WITH SUBSAMPLING OPTION
#TI free energy difference in kcal/mol: 
-4.205235  #WARNING SUBSAMPLING DISABLED, CONSIDER RERUN WITH SUBSAMPLING OPTION 
Starting /export/users/common/BioSimSpace/sire.app/bin/analyse_freenrg: number of threads equals 32
