# Analysing data contained in file(s) ['lambda_0.0000/simfile.dat', 'lambda_0.1000/simfile.dat', 'lambda_0.2000/simfile.dat', 'lambda_0.3000/simfile.dat', 'lambda_0.4000/simfile.dat', 'lambda_0.5000/simfile.dat', 'lambda_0.6000/simfile.dat', 'lambda_0.7000/simfile.dat', 'lambda_0.8000/simfile.dat', 'lambda_0.9000/simfile.dat', 'lambda_1.0000/simfile.dat']
#Overlap matrix
0.9136 0.0863 0.0000 0.0000 0.0000 0.0000 0.0000 0.0000 0.0000 0.0000 0.0000
0.0863 0.8389 0.0748 0.0000 0.0000 0.0000 0.0000 0.0000 0.0000 0.0000 0.0000
0.0000 0.0748 0.8592 0.0659 0.0000 0.0000 0.0000 0.0000 0.0000 0.0000 0.0000
0.0000 0.0000 0.0659 0.8793 0.0548 0.0000 0.0000 0.0000 0.0000 0.0000 0.0000
0.0000 0.0000 0.0000 0.0548 0.8990 0.0462 0.0000 0.0000 0.0000 0.0000 0.0000
0.0000 0.0000 0.0000 0.0000 0.0462 0.9166 0.0371 0.0000 0.0000 0.0000 0.0000
0.0000 0.0000 0.0000 0.0000 0.0000 0.0371 0.9335 0.0294 0.0000 0.0000 0.0000
0.0000 0.0000 0.0000 0.0000 0.0000 0.0000 0.0294 0.9426 0.0280 0.0000 0.0000
0.0000 0.0000 0.0000 0.0000 0.0000 0.0000 0.0000 0.0280 0.9508 0.0212 0.0000
0.0000 0.0000 0.0000 0.0000 0.0000 0.0000 0.0000 0.0000 0.0212 0.9656 0.0132
0.0000 0.0000 0.0000 0.0000 0.0000 0.0000 0.0000 0.0000 0.0000 0.0132 0.9868
#DG from neighbouring lambda in kcal/mol
0.0000 0.1000 -0.8324 0.0268
0.1000 0.2000 -1.3358 0.0292
0.2000 0.3000 -1.9108 0.0314
0.3000 0.4000 -2.6269 0.0349
0.4000 0.5000 -3.5476 0.0383
0.5000 0.6000 -4.7481 0.0432
0.6000 0.7000 -6.3090 0.0490
0.7000 0.8000 -7.4648 0.0502
0.8000 0.9000 -7.5805 0.0581
0.9000 1.0000 -4.9259 0.0743
#PMF from MBAR in kcal/mol
0.0000 0.0000 0.0000
0.1000 -0.8324 0.0268
0.2000 -2.1682 0.0414
0.3000 -4.0789 0.0534
0.4000 -6.7058 0.0649
0.5000 -10.2535 0.0764
0.6000 -15.0015 0.0886
0.7000 -21.3106 0.1020
0.8000 -28.7753 0.1143
0.9000 -36.3558 0.1288
1.0000 -41.2817 0.1492
#TI average gradients and standard deviation in kcal/mol
0.0000 -9.9277 17.9362
0.1000 -10.5969 19.1313
0.2000 -16.3343 20.1670
0.3000 -22.1526 20.8285
0.4000 -30.4317 21.5930
0.5000 -41.3040 22.5494
0.6000 -54.7400 23.6135
0.7000 -70.1273 24.2399
0.8000 -77.7022 25.3429
0.9000 -70.3406 26.8989
1.0000 -17.3218 31.8348
#PMF from TI in kcal/mol
0.0000 0.0000
0.1000 -1.0262
0.2000 -2.3728
0.3000 -4.2971
0.4000 -6.9263
0.5000 -10.5131
0.6000 -15.3153
0.7000 -21.5587
0.8000 -28.9502
0.9000 -36.3523
1.0000 -40.7354
#MBAR free energy difference in kcal/mol: 
-41.281729, 0.149193  #WARNING SUBSAMPLING DISABLED, CONSIDER RERUN WITH SUBSAMPLING OPTION
#TI free energy difference in kcal/mol: 
-40.735436  #WARNING SUBSAMPLING DISABLED, CONSIDER RERUN WITH SUBSAMPLING OPTION 
Starting /export/users/common/BioSimSpace/sire.app/bin/analyse_freenrg: number of threads equals 32
