# Analysing data contained in file(s) ['lambda_0.0000/simfile.dat', 'lambda_0.1000/simfile.dat', 'lambda_0.2000/simfile.dat', 'lambda_0.3000/simfile.dat', 'lambda_0.4000/simfile.dat', 'lambda_0.5000/simfile.dat', 'lambda_0.6000/simfile.dat', 'lambda_0.7000/simfile.dat', 'lambda_0.8000/simfile.dat', 'lambda_0.9000/simfile.dat', 'lambda_1.0000/simfile.dat']
#Overlap matrix
0.9997 0.0003 0.0000 0.0000 0.0000 0.0000 0.0000 0.0000 0.0000 0.0000 0.0000
0.0003 0.8522 0.1461 0.0015 0.0000 0.0000 0.0000 0.0000 0.0000 0.0000 0.0000
0.0000 0.1461 0.6949 0.1584 0.0006 0.0000 0.0000 0.0000 0.0000 0.0000 0.0000
0.0000 0.0015 0.1584 0.7720 0.0681 0.0000 0.0000 0.0000 0.0000 0.0000 0.0000
0.0000 0.0000 0.0006 0.0681 0.8456 0.0857 0.0000 0.0000 0.0000 0.0000 0.0000
0.0000 0.0000 0.0000 0.0000 0.0857 0.8627 0.0516 0.0000 0.0000 0.0000 0.0000
0.0000 0.0000 0.0000 0.0000 0.0000 0.0516 0.8926 0.0558 0.0000 0.0000 0.0000
0.0000 0.0000 0.0000 0.0000 0.0000 0.0000 0.0558 0.9138 0.0305 0.0000 0.0000
0.0000 0.0000 0.0000 0.0000 0.0000 0.0000 0.0000 0.0305 0.9688 0.0007 0.0000
0.0000 0.0000 0.0000 0.0000 0.0000 0.0000 0.0000 0.0000 0.0007 0.9824 0.0169
0.0000 0.0000 0.0000 0.0000 0.0000 0.0000 0.0000 0.0000 0.0000 0.0169 0.9831
#DG from neighbouring lambda in kcal/mol
0.0000 0.1000 1.9682 0.5169
0.1000 0.2000 0.4118 0.0189
0.2000 0.3000 4.9854 0.0178
0.3000 0.4000 8.6755 0.0306
0.4000 0.5000 6.6111 0.0269
0.5000 0.6000 8.3148 0.0360
0.6000 0.7000 8.0512 0.0345
0.7000 0.8000 10.0191 0.0480
0.8000 0.9000 7.1181 0.3293
0.9000 1.0000 5.9468 0.0654
#PMF from MBAR in kcal/mol
0.0000 0.0000 0.0000
0.1000 1.9682 0.5169
0.2000 2.3800 0.5174
0.3000 7.3654 0.5178
0.4000 16.0409 0.5189
0.5000 22.6520 0.5197
0.6000 30.9668 0.5211
0.7000 39.0180 0.5224
0.8000 49.0371 0.5247
0.9000 56.1552 0.6196
1.0000 62.1019 0.6232
#TI average gradients and standard deviation in kcal/mol
0.0000 72.4839 25.5351
0.1000 -57.1630 23.1518
0.2000 68.2915 22.7677
0.3000 40.5669 57.2859
0.4000 112.2622 48.9189
0.5000 80.6584 21.6142
0.6000 76.8378 39.5394
0.7000 97.2459 23.5446
0.8000 104.2680 26.2954
0.9000 49.0148 26.2834
1.0000 65.6254 26.6961
#PMF from TI in kcal/mol
0.0000 0.0000
0.1000 0.7660
0.2000 1.3225
0.3000 6.7654
0.4000 14.4068
0.5000 24.0529
0.6000 31.9277
0.7000 40.6319
0.8000 50.7076
0.9000 58.3717
1.0000 64.1037
#MBAR free energy difference in kcal/mol: 
62.101950, 0.623197  #WARNING SUBSAMPLING DISABLED, CONSIDER RERUN WITH SUBSAMPLING OPTION
#TI free energy difference in kcal/mol: 
64.103724  #WARNING SUBSAMPLING DISABLED, CONSIDER RERUN WITH SUBSAMPLING OPTION 
Starting /export/users/common/BioSimSpace/sire.app/bin/analyse_freenrg: number of threads equals 32
