# Analysing data contained in file(s) ['lambda_0.0000/simfile.dat', 'lambda_0.1000/simfile.dat', 'lambda_0.2000/simfile.dat', 'lambda_0.3000/simfile.dat', 'lambda_0.4000/simfile.dat', 'lambda_0.5000/simfile.dat', 'lambda_0.6000/simfile.dat', 'lambda_0.7000/simfile.dat', 'lambda_0.8000/simfile.dat', 'lambda_0.9000/simfile.dat', 'lambda_1.0000/simfile.dat']
#Overlap matrix
0.7977 0.1875 0.0144 0.0005 0.0000 0.0000 0.0000 0.0000 0.0000 0.0000 0.0000
0.1875 0.5776 0.2138 0.0204 0.0007 0.0000 0.0000 0.0000 0.0000 0.0000 0.0000
0.0144 0.2138 0.5241 0.2219 0.0248 0.0009 0.0000 0.0000 0.0000 0.0000 0.0000
0.0005 0.0204 0.2219 0.4990 0.2275 0.0294 0.0013 0.0000 0.0000 0.0000 0.0000
0.0000 0.0007 0.0248 0.2275 0.4772 0.2329 0.0352 0.0017 0.0000 0.0000 0.0000
0.0000 0.0000 0.0009 0.0294 0.2329 0.4556 0.2404 0.0387 0.0020 0.0000 0.0000
0.0000 0.0000 0.0000 0.0013 0.0352 0.2404 0.4434 0.2387 0.0386 0.0024 0.0001
0.0000 0.0000 0.0000 0.0000 0.0017 0.0387 0.2387 0.4350 0.2367 0.0455 0.0036
0.0000 0.0000 0.0000 0.0000 0.0000 0.0020 0.0386 0.2367 0.4219 0.2451 0.0557
0.0000 0.0000 0.0000 0.0000 0.0000 0.0000 0.0024 0.0455 0.2451 0.4201 0.2868
0.0000 0.0000 0.0000 0.0000 0.0000 0.0000 0.0001 0.0036 0.0557 0.2868 0.6538
#DG from neighbouring lambda in kcal/mol
0.0000 0.1000 4.3795 0.0149
0.1000 0.2000 5.9958 0.0124
0.2000 0.3000 5.4961 0.0115
0.3000 0.4000 4.5557 0.0109
0.4000 0.5000 3.5420 0.0103
0.5000 0.6000 2.5451 0.0096
0.6000 0.7000 1.5426 0.0095
0.7000 0.8000 0.5164 0.0094
0.8000 0.9000 -0.3791 0.0086
0.9000 1.0000 -1.1732 0.0085
#PMF from MBAR in kcal/mol
0.0000 0.0000 0.0000
0.1000 4.3795 0.0149
0.2000 10.3753 0.0219
0.3000 15.8714 0.0268
0.4000 20.4271 0.0306
0.5000 23.9691 0.0337
0.6000 26.5141 0.0364
0.7000 28.0567 0.0388
0.8000 28.5731 0.0410
0.9000 28.1940 0.0429
1.0000 27.0208 0.0447
#TI average gradients and standard deviation in kcal/mol
0.0000 18.5278 14.0507
0.1000 57.8920 12.2815
0.2000 59.0433 11.1652
0.3000 50.6044 10.5305
0.4000 40.6663 9.8394
0.5000 30.3215 9.3023
0.6000 20.5564 8.9566
0.7000 10.9527 8.5297
0.8000 0.0640 8.4109
0.9000 -7.7378 8.3176
1.0000 -13.8869 8.0236
#PMF from TI in kcal/mol
0.0000 0.0000
0.1000 3.8210
0.2000 9.6678
0.3000 15.1501
0.4000 19.7137
0.5000 23.2631
0.6000 25.8069
0.7000 27.3824
0.8000 27.9332
0.9000 27.5495
1.0000 26.4683
#MBAR free energy difference in kcal/mol: 
27.020826, 0.044662  #WARNING SUBSAMPLING DISABLED, CONSIDER RERUN WITH SUBSAMPLING OPTION
#TI free energy difference in kcal/mol: 
26.468313  #WARNING SUBSAMPLING DISABLED, CONSIDER RERUN WITH SUBSAMPLING OPTION 
Starting /export/users/common/BioSimSpace/sire.app/bin/analyse_freenrg: number of threads equals 32
