# Analysing data contained in file(s) ['lambda_0.0000/simfile.dat', 'lambda_0.1000/simfile.dat', 'lambda_0.2000/simfile.dat', 'lambda_0.3000/simfile.dat', 'lambda_0.4000/simfile.dat', 'lambda_0.5000/simfile.dat', 'lambda_0.6000/simfile.dat', 'lambda_0.7000/simfile.dat', 'lambda_0.8000/simfile.dat', 'lambda_0.9000/simfile.dat', 'lambda_1.0000/simfile.dat']
#Overlap matrix
0.8701 0.1290 0.0009 0.0000 0.0000 0.0000 0.0000 0.0000 0.0000 0.0000 0.0000
0.1290 0.7210 0.1485 0.0015 0.0000 0.0000 0.0000 0.0000 0.0000 0.0000 0.0000
0.0009 0.1485 0.6970 0.1516 0.0020 0.0000 0.0000 0.0000 0.0000 0.0000 0.0000
0.0000 0.0015 0.1516 0.6775 0.1662 0.0032 0.0000 0.0000 0.0000 0.0000 0.0000
0.0000 0.0000 0.0020 0.1662 0.6505 0.1771 0.0042 0.0000 0.0000 0.0000 0.0000
0.0000 0.0000 0.0000 0.0032 0.1771 0.6295 0.1843 0.0060 0.0000 0.0000 0.0000
0.0000 0.0000 0.0000 0.0000 0.0042 0.1843 0.6068 0.1955 0.0091 0.0001 0.0000
0.0000 0.0000 0.0000 0.0000 0.0000 0.0060 0.1955 0.5782 0.2077 0.0124 0.0002
0.0000 0.0000 0.0000 0.0000 0.0000 0.0000 0.0091 0.2077 0.5490 0.2164 0.0178
0.0000 0.0000 0.0000 0.0000 0.0000 0.0000 0.0001 0.0124 0.2164 0.5266 0.2445
0.0000 0.0000 0.0000 0.0000 0.0000 0.0000 0.0000 0.0002 0.0178 0.2445 0.7376
#DG from neighbouring lambda in kcal/mol
0.0000 0.1000 -1.1538 0.0207
0.1000 0.2000 -0.3110 0.0186
0.2000 0.3000 -0.0428 0.0182
0.3000 0.4000 -0.0159 0.0169
0.4000 0.5000 0.0331 0.0160
0.5000 0.6000 0.0271 0.0153
0.6000 0.7000 0.0196 0.0144
0.7000 0.8000 0.0616 0.0133
0.8000 0.9000 0.0885 0.0125
0.9000 1.0000 0.1285 0.0117
#PMF from MBAR in kcal/mol
0.0000 0.0000 0.0000
0.1000 -1.1538 0.0207
0.2000 -1.4647 0.0303
0.3000 -1.5075 0.0373
0.4000 -1.5234 0.0426
0.5000 -1.4903 0.0470
0.6000 -1.4632 0.0507
0.7000 -1.4436 0.0539
0.8000 -1.3820 0.0566
0.9000 -1.2935 0.0590
1.0000 -1.1650 0.0610
#TI average gradients and standard deviation in kcal/mol
0.0000 -19.0853 16.2573
0.1000 -6.0055 15.4152
0.2000 -1.0351 14.4730
0.3000 -0.1915 13.9563
0.4000 -0.0106 13.4016
0.5000 0.4930 13.1191
0.6000 0.3626 12.2639
0.7000 0.2802 11.6301
0.8000 0.7654 11.2700
0.9000 1.1816 10.6693
1.0000 1.5957 10.1264
#PMF from TI in kcal/mol
0.0000 0.0000
0.1000 -1.2545
0.2000 -1.6066
0.3000 -1.6679
0.4000 -1.6780
0.5000 -1.6539
0.6000 -1.6111
0.7000 -1.5790
0.8000 -1.5267
0.9000 -1.4293
1.0000 -1.2905
#MBAR free energy difference in kcal/mol: 
-1.165016, 0.061049  #WARNING SUBSAMPLING DISABLED, CONSIDER RERUN WITH SUBSAMPLING OPTION
#TI free energy difference in kcal/mol: 
-1.290469  #WARNING SUBSAMPLING DISABLED, CONSIDER RERUN WITH SUBSAMPLING OPTION 
Starting /export/users/common/BioSimSpace/sire.app/bin/analyse_freenrg: number of threads equals 32
