# Analysing data contained in file(s) ['lambda_0.0000/simfile.dat', 'lambda_0.1000/simfile.dat', 'lambda_0.2000/simfile.dat', 'lambda_0.3000/simfile.dat', 'lambda_0.4000/simfile.dat', 'lambda_0.5000/simfile.dat', 'lambda_0.6000/simfile.dat', 'lambda_0.7000/simfile.dat', 'lambda_0.8000/simfile.dat', 'lambda_0.9000/simfile.dat', 'lambda_1.0000/simfile.dat']
#Overlap matrix
0.8087 0.1865 0.0048 0.0000 0.0000 0.0000 0.0000 0.0000 0.0000 0.0000 0.0000
0.1865 0.6177 0.1901 0.0057 0.0000 0.0000 0.0000 0.0000 0.0000 0.0000 0.0000
0.0048 0.1901 0.6098 0.1887 0.0066 0.0000 0.0000 0.0000 0.0000 0.0000 0.0000
0.0000 0.0057 0.1887 0.5966 0.2006 0.0083 0.0000 0.0000 0.0000 0.0000 0.0000
0.0000 0.0000 0.0066 0.2006 0.5808 0.2026 0.0092 0.0001 0.0000 0.0000 0.0000
0.0000 0.0000 0.0000 0.0083 0.2026 0.5741 0.2030 0.0118 0.0001 0.0000 0.0000
0.0000 0.0000 0.0000 0.0000 0.0092 0.2030 0.5531 0.2226 0.0119 0.0001 0.0000
0.0000 0.0000 0.0000 0.0000 0.0001 0.0118 0.2226 0.5637 0.1927 0.0090 0.0001
0.0000 0.0000 0.0000 0.0000 0.0000 0.0001 0.0119 0.1927 0.5727 0.2134 0.0091
0.0000 0.0000 0.0000 0.0000 0.0000 0.0000 0.0001 0.0090 0.2134 0.5814 0.1961
0.0000 0.0000 0.0000 0.0000 0.0000 0.0000 0.0000 0.0001 0.0091 0.1961 0.7947
#DG from neighbouring lambda in kcal/mol
0.0000 0.1000 1.5840 0.0155
0.1000 0.2000 1.2063 0.0150
0.2000 0.3000 0.8126 0.0149
0.3000 0.4000 0.4007 0.0141
0.4000 0.5000 0.0207 0.0138
0.5000 0.6000 -0.4147 0.0136
0.6000 0.7000 -0.7519 0.0125
0.7000 0.8000 -0.9365 0.0142
0.8000 0.9000 -1.2016 0.0132
0.9000 1.0000 0.0056 0.0147
#PMF from MBAR in kcal/mol
0.0000 0.0000 0.0000
0.1000 1.5840 0.0155
0.2000 2.7904 0.0244
0.3000 3.6030 0.0308
0.4000 4.0037 0.0357
0.5000 4.0244 0.0399
0.6000 3.6096 0.0436
0.7000 2.8577 0.0466
0.8000 1.9212 0.0499
0.9000 0.7196 0.0528
1.0000 0.7252 0.0559
#TI average gradients and standard deviation in kcal/mol
0.0000 16.2196 13.3866
0.1000 13.7698 13.3849
0.2000 10.4692 12.8388
0.3000 5.7154 12.7730
0.4000 2.2431 12.4252
0.5000 -1.6726 11.8693
0.6000 -6.8821 11.9571
0.7000 -7.0330 12.2890
0.8000 -12.6290 11.5496
0.9000 -9.9219 11.9755
1.0000 17.1040 14.4154
#PMF from TI in kcal/mol
0.0000 0.0000
0.1000 1.4995
0.2000 2.7114
0.3000 3.5206
0.4000 3.9186
0.5000 3.9471
0.6000 3.5194
0.7000 2.8236
0.8000 1.8405
0.9000 0.7130
1.0000 1.0721
#MBAR free energy difference in kcal/mol: 
0.725235, 0.055886  #WARNING SUBSAMPLING DISABLED, CONSIDER RERUN WITH SUBSAMPLING OPTION
#TI free energy difference in kcal/mol: 
1.072068  #WARNING SUBSAMPLING DISABLED, CONSIDER RERUN WITH SUBSAMPLING OPTION 
Starting /export/users/common/BioSimSpace/sire.app/bin/analyse_freenrg: number of threads equals 32
